time,carts_container-cpu-system-seconds-total,carts-db_container-cpu-system-seconds-total,catalogue_container-cpu-system-seconds-total,catalogue-db_container-cpu-system-seconds-total,front-end_container-cpu-system-seconds-total,orders_container-cpu-system-seconds-total,orders-db_container-cpu-system-seconds-total,payment_container-cpu-system-seconds-total,queue-master_container-cpu-system-seconds-total,rabbitmq_container-cpu-system-seconds-total,rabbitmq-exporter_container-cpu-system-seconds-total,session-db_container-cpu-system-seconds-total,shipping_container-cpu-system-seconds-total,user_container-cpu-system-seconds-total,user-db_container-cpu-system-seconds-total,carts_container-cpu-usage-seconds-total,carts-db_container-cpu-usage-seconds-total,catalogue_container-cpu-usage-seconds-total,catalogue-db_container-cpu-usage-seconds-total,front-end_container-cpu-usage-seconds-total,orders_container-cpu-usage-seconds-total,orders-db_container-cpu-usage-seconds-total,payment_container-cpu-usage-seconds-total,queue-master_container-cpu-usage-seconds-total,rabbitmq_container-cpu-usage-seconds-total,rabbitmq-exporter_container-cpu-usage-seconds-total,session-db_container-cpu-usage-seconds-total,shipping_container-cpu-usage-seconds-total,user_container-cpu-usage-seconds-total,user-db_container-cpu-usage-seconds-total,carts_container-cpu-user-seconds-total,carts-db_container-cpu-user-seconds-total,catalogue_container-cpu-user-seconds-total,catalogue-db_container-cpu-user-seconds-total,front-end_container-cpu-user-seconds-total,orders_container-cpu-user-seconds-total,orders-db_container-cpu-user-seconds-total,payment_container-cpu-user-seconds-total,queue-master_container-cpu-user-seconds-total,rabbitmq_container-cpu-user-seconds-total,rabbitmq-exporter_container-cpu-user-seconds-total,session-db_container-cpu-user-seconds-total,shipping_container-cpu-user-seconds-total,user_container-cpu-user-seconds-total,user-db_container-cpu-user-seconds-total,carts_container-spec-cpu-quota,carts-db_container-spec-cpu-quota,catalogue_container-spec-cpu-quota,front-end_container-spec-cpu-quota,orders_container-spec-cpu-quota,orders-db_container-spec-cpu-quota,payment_container-spec-cpu-quota,queue-master_container-spec-cpu-quota,shipping_container-spec-cpu-quota,user_container-spec-cpu-quota,user-db_container-spec-cpu-quota,carts_container-memory-cache,carts-db_container-memory-cache,catalogue_container-memory-cache,catalogue-db_container-memory-cache,front-end_container-memory-cache,orders_container-memory-cache,orders-db_container-memory-cache,payment_container-memory-cache,queue-master_container-memory-cache,rabbitmq_container-memory-cache,rabbitmq-exporter_container-memory-cache,session-db_container-memory-cache,shipping_container-memory-cache,user_container-memory-cache,user-db_container-memory-cache,carts_container-memory-failures-total,carts-db_container-memory-failures-total,catalogue_container-memory-failures-total,catalogue-db_container-memory-failures-total,front-end_container-memory-failures-total,orders_container-memory-failures-total,orders-db_container-memory-failures-total,payment_container-memory-failures-total,queue-master_container-memory-failures-total,rabbitmq_container-memory-failures-total,rabbitmq-exporter_container-memory-failures-total,session-db_container-memory-failures-total,shipping_container-memory-failures-total,user_container-memory-failures-total,user-db_container-memory-failures-total,carts_container-memory-mapped-file,carts-db_container-memory-mapped-file,catalogue_container-memory-mapped-file,catalogue-db_container-memory-mapped-file,front-end_container-memory-mapped-file,orders_container-memory-mapped-file,orders-db_container-memory-mapped-file,payment_container-memory-mapped-file,queue-master_container-memory-mapped-file,rabbitmq_container-memory-mapped-file,rabbitmq-exporter_container-memory-mapped-file,session-db_container-memory-mapped-file,shipping_container-memory-mapped-file,user_container-memory-mapped-file,user-db_container-memory-mapped-file,carts_container-memory-max-usage-bytes,carts-db_container-memory-max-usage-bytes,catalogue_container-memory-max-usage-bytes,catalogue-db_container-memory-max-usage-bytes,front-end_container-memory-max-usage-bytes,orders_container-memory-max-usage-bytes,orders-db_container-memory-max-usage-bytes,payment_container-memory-max-usage-bytes,queue-master_container-memory-max-usage-bytes,rabbitmq_container-memory-max-usage-bytes,rabbitmq-exporter_container-memory-max-usage-bytes,session-db_container-memory-max-usage-bytes,shipping_container-memory-max-usage-bytes,user_container-memory-max-usage-bytes,user-db_container-memory-max-usage-bytes,carts_container-memory-rss,carts-db_container-memory-rss,catalogue_container-memory-rss,catalogue-db_container-memory-rss,front-end_container-memory-rss,orders_container-memory-rss,orders-db_container-memory-rss,payment_container-memory-rss,queue-master_container-memory-rss,rabbitmq_container-memory-rss,rabbitmq-exporter_container-memory-rss,session-db_container-memory-rss,shipping_container-memory-rss,user_container-memory-rss,user-db_container-memory-rss,carts_container-memory-swap,carts-db_container-memory-swap,catalogue_container-memory-swap,catalogue-db_container-memory-swap,front-end_container-memory-swap,orders_container-memory-swap,orders-db_container-memory-swap,payment_container-memory-swap,queue-master_container-memory-swap,rabbitmq_container-memory-swap,rabbitmq-exporter_container-memory-swap,session-db_container-memory-swap,shipping_container-memory-swap,user_container-memory-swap,user-db_container-memory-swap,carts_container-memory-usage-bytes,carts-db_container-memory-usage-bytes,catalogue_container-memory-usage-bytes,catalogue-db_container-memory-usage-bytes,front-end_container-memory-usage-bytes,orders_container-memory-usage-bytes,orders-db_container-memory-usage-bytes,payment_container-memory-usage-bytes,queue-master_container-memory-usage-bytes,rabbitmq_container-memory-usage-bytes,rabbitmq-exporter_container-memory-usage-bytes,session-db_container-memory-usage-bytes,shipping_container-memory-usage-bytes,user_container-memory-usage-bytes,user-db_container-memory-usage-bytes,carts_container-memory-working-set-bytes,carts-db_container-memory-working-set-bytes,catalogue_container-memory-working-set-bytes,catalogue-db_container-memory-working-set-bytes,front-end_container-memory-working-set-bytes,orders_container-memory-working-set-bytes,orders-db_container-memory-working-set-bytes,payment_container-memory-working-set-bytes,queue-master_container-memory-working-set-bytes,rabbitmq_container-memory-working-set-bytes,rabbitmq-exporter_container-memory-working-set-bytes,session-db_container-memory-working-set-bytes,shipping_container-memory-working-set-bytes,user_container-memory-working-set-bytes,user-db_container-memory-working-set-bytes,carts_container-spec-memory-limit-bytes,carts-db_container-spec-memory-limit-bytes,catalogue_container-spec-memory-limit-bytes,catalogue-db_container-spec-memory-limit-bytes,front-end_container-spec-memory-limit-bytes,orders_container-spec-memory-limit-bytes,orders-db_container-spec-memory-limit-bytes,payment_container-spec-memory-limit-bytes,queue-master_container-spec-memory-limit-bytes,rabbitmq_container-spec-memory-limit-bytes,rabbitmq-exporter_container-spec-memory-limit-bytes,session-db_container-spec-memory-limit-bytes,shipping_container-spec-memory-limit-bytes,user_container-spec-memory-limit-bytes,user-db_container-spec-memory-limit-bytes,carts-db_container-fs-writes-total,catalogue-db_container-fs-writes-total,orders-db_container-fs-writes-total,rabbitmq_container-fs-writes-total,session-db_container-fs-writes-total,user-db_container-fs-writes-total,carts-db_container-fs-writes-bytes-total,catalogue-db_container-fs-writes-bytes-total,orders-db_container-fs-writes-bytes-total,rabbitmq_container-fs-writes-bytes-total,session-db_container-fs-writes-bytes-total,user-db_container-fs-writes-bytes-total,carts-db_container-fs-reads-total,catalogue-db_container-fs-reads-total,orders-db_container-fs-reads-total,rabbitmq_container-fs-reads-total,session-db_container-fs-reads-total,user-db_container-fs-reads-total,carts-db_container-fs-reads-bytes-total,catalogue-db_container-fs-reads-bytes-total,orders-db_container-fs-reads-bytes-total,rabbitmq_container-fs-reads-bytes-total,session-db_container-fs-reads-bytes-total,user-db_container-fs-reads-bytes-total,carts_container-network-transmit-packets-total,catalogue_container-network-transmit-packets-total,front_container-network-transmit-packets-total,orders_container-network-transmit-packets-total,payment_container-network-transmit-packets-total,queue_container-network-transmit-packets-total,rabbitmq_container-network-transmit-packets-total,session_container-network-transmit-packets-total,shipping_container-network-transmit-packets-total,user_container-network-transmit-packets-total,carts_container-network-transmit-packets-dropped-total,catalogue_container-network-transmit-packets-dropped-total,front_container-network-transmit-packets-dropped-total,orders_container-network-transmit-packets-dropped-total,payment_container-network-transmit-packets-dropped-total,queue_container-network-transmit-packets-dropped-total,rabbitmq_container-network-transmit-packets-dropped-total,session_container-network-transmit-packets-dropped-total,shipping_container-network-transmit-packets-dropped-total,user_container-network-transmit-packets-dropped-total,carts_container-network-transmit-bytes-total,catalogue_container-network-transmit-bytes-total,front_container-network-transmit-bytes-total,orders_container-network-transmit-bytes-total,payment_container-network-transmit-bytes-total,queue_container-network-transmit-bytes-total,rabbitmq_container-network-transmit-bytes-total,session_container-network-transmit-bytes-total,shipping_container-network-transmit-bytes-total,user_container-network-transmit-bytes-total,carts_container-network-transmit-errors-total,catalogue_container-network-transmit-errors-total,front_container-network-transmit-errors-total,orders_container-network-transmit-errors-total,payment_container-network-transmit-errors-total,queue_container-network-transmit-errors-total,rabbitmq_container-network-transmit-errors-total,session_container-network-transmit-errors-total,shipping_container-network-transmit-errors-total,user_container-network-transmit-errors-total,carts_container-network-receive-packets-total,catalogue_container-network-receive-packets-total,front_container-network-receive-packets-total,orders_container-network-receive-packets-total,payment_container-network-receive-packets-total,queue_container-network-receive-packets-total,rabbitmq_container-network-receive-packets-total,session_container-network-receive-packets-total,shipping_container-network-receive-packets-total,user_container-network-receive-packets-total,carts_container-network-receive-packets-dropped-total,catalogue_container-network-receive-packets-dropped-total,front_container-network-receive-packets-dropped-total,orders_container-network-receive-packets-dropped-total,payment_container-network-receive-packets-dropped-total,queue_container-network-receive-packets-dropped-total,rabbitmq_container-network-receive-packets-dropped-total,session_container-network-receive-packets-dropped-total,shipping_container-network-receive-packets-dropped-total,user_container-network-receive-packets-dropped-total,carts_container-network-receive-bytes-total,catalogue_container-network-receive-bytes-total,front_container-network-receive-bytes-total,orders_container-network-receive-bytes-total,payment_container-network-receive-bytes-total,queue_container-network-receive-bytes-total,rabbitmq_container-network-receive-bytes-total,session_container-network-receive-bytes-total,shipping_container-network-receive-bytes-total,user_container-network-receive-bytes-total,carts_container-network-receive-errors-total,catalogue_container-network-receive-errors-total,front_container-network-receive-errors-total,orders_container-network-receive-errors-total,payment_container-network-receive-errors-total,queue_container-network-receive-errors-total,rabbitmq_container-network-receive-errors-total,session_container-network-receive-errors-total,shipping_container-network-receive-errors-total,user_container-network-receive-errors-total,carts_istio-request-total,catalogue_istio-request-total,front-end_istio-request-total,orders_istio-request-total,payment_istio-request-total,queue-master_istio-request-total,shipping_istio-request-total,user_istio-request-total,carts_istio-error-total,orders_istio-error-total,queue-master_istio-error-total,shipping_istio-error-total,carts_istio-latency-50,catalogue_istio-latency-50,front-end_istio-latency-50,orders_istio-latency-50,payment_istio-latency-50,queue-master_istio-latency-50,shipping_istio-latency-50,user_istio-latency-50,carts_istio-latency-90,catalogue_istio-latency-90,front-end_istio-latency-90,orders_istio-latency-90,payment_istio-latency-90,queue-master_istio-latency-90,shipping_istio-latency-90,user_istio-latency-90,carts_istio-latency-95,catalogue_istio-latency-95,front-end_istio-latency-95,orders_istio-latency-95,payment_istio-latency-95,queue-master_istio-latency-95,shipping_istio-latency-95,user_istio-latency-95,carts_istio-latency-99,catalogue_istio-latency-99,front-end_istio-latency-99,orders_istio-latency-99,payment_istio-latency-99,queue-master_istio-latency-99,shipping_istio-latency-99,user_istio-latency-99,carts_istio-bytes-50,catalogue_istio-bytes-50,front-end_istio-bytes-50,orders_istio-bytes-50,payment_istio-bytes-50,queue-master_istio-bytes-50,shipping_istio-bytes-50,user_istio-bytes-50,carts_istio-bytes-90,catalogue_istio-bytes-90,front-end_istio-bytes-90,orders_istio-bytes-90,payment_istio-bytes-90,queue-master_istio-bytes-90,shipping_istio-bytes-90,user_istio-bytes-90,carts_istio-bytes-95,catalogue_istio-bytes-95,front-end_istio-bytes-95,orders_istio-bytes-95,payment_istio-bytes-95,queue-master_istio-bytes-95,shipping_istio-bytes-95,user_istio-bytes-95,carts_istio-bytes-99,catalogue_istio-bytes-99,front-end_istio-bytes-99,orders_istio-bytes-99,payment_istio-bytes-99,queue-master_istio-bytes-99,shipping_istio-bytes-99,user_istio-bytes-99,192-168-15-8-9100_node-cpu-seconds-total,192-168-27-60-9100_node-cpu-seconds-total,192-168-33-0-9100_node-cpu-seconds-total,192-168-37-154-9100_node-cpu-seconds-total,192-168-76-116-9100_node-cpu-seconds-total,192-168-15-8-9100_node-memory-active-bytes,192-168-27-60-9100_node-memory-active-bytes,192-168-33-0-9100_node-memory-active-bytes,192-168-37-154-9100_node-memory-active-bytes,192-168-76-116-9100_node-memory-active-bytes,192-168-15-8-9100_node-memory-inactive-bytes,192-168-27-60-9100_node-memory-inactive-bytes,192-168-33-0-9100_node-memory-inactive-bytes,192-168-37-154-9100_node-memory-inactive-bytes,192-168-76-116-9100_node-memory-inactive-bytes,192-168-15-8-9100_node-disk-reads-completed-total,192-168-27-60-9100_node-disk-reads-completed-total,192-168-33-0-9100_node-disk-reads-completed-total,192-168-37-154-9100_node-disk-reads-completed-total,192-168-76-116-9100_node-disk-reads-completed-total,192-168-15-8-9100_node-disk-writes-completed-total,192-168-27-60-9100_node-disk-writes-completed-total,192-168-33-0-9100_node-disk-writes-completed-total,192-168-37-154-9100_node-disk-writes-completed-total,192-168-76-116-9100_node-disk-writes-completed-total,192-168-15-8-9100_node-disk-read-bytes-total,192-168-27-60-9100_node-disk-read-bytes-total,192-168-33-0-9100_node-disk-read-bytes-total,192-168-37-154-9100_node-disk-read-bytes-total,192-168-76-116-9100_node-disk-read-bytes-total,192-168-15-8-9100_node-disk-written-bytes-total,192-168-27-60-9100_node-disk-written-bytes-total,192-168-33-0-9100_node-disk-written-bytes-total,192-168-37-154-9100_node-disk-written-bytes-total,192-168-76-116-9100_node-disk-written-bytes-total,192-168-15-8-9100_node-network-receive-packets-total,192-168-27-60-9100_node-network-receive-packets-total,192-168-33-0-9100_node-network-receive-packets-total,192-168-37-154-9100_node-network-receive-packets-total,192-168-76-116-9100_node-network-receive-packets-total,192-168-15-8-9100_node-network-transmit-packets-total,192-168-27-60-9100_node-network-transmit-packets-total,192-168-33-0-9100_node-network-transmit-packets-total,192-168-37-154-9100_node-network-transmit-packets-total,192-168-76-116-9100_node-network-transmit-packets-total,192-168-15-8-9100_node-network-receive-errs-total,192-168-27-60-9100_node-network-receive-errs-total,192-168-33-0-9100_node-network-receive-errs-total,192-168-37-154-9100_node-network-receive-errs-total,192-168-76-116-9100_node-network-receive-errs-total,192-168-15-8-9100_node-network-transmit-errs-total,192-168-27-60-9100_node-network-transmit-errs-total,192-168-33-0-9100_node-network-transmit-errs-total,192-168-37-154-9100_node-network-transmit-errs-total,192-168-76-116-9100_node-network-transmit-errs-total,192-168-15-8-9100_node-network-receive-drop-total,192-168-27-60-9100_node-network-receive-drop-total,192-168-33-0-9100_node-network-receive-drop-total,192-168-37-154-9100_node-network-receive-drop-total,192-168-76-116-9100_node-network-receive-drop-total,192-168-15-8-9100_node-network-transmit-drop-total,192-168-27-60-9100_node-network-transmit-drop-total,192-168-33-0-9100_node-network-transmit-drop-total,192-168-37-154-9100_node-network-transmit-drop-total,192-168-76-116-9100_node-network-transmit-drop-total
1693105917,0.8668142617352548,0.3682659932659932,0.16061999317365033,0.08231581835642757,1.76268973396442,0.7459864873380686,0.09722519299200817,0.15759376829213384,0.19649839853805212,0.07378621673471403,0,0.0812738837900512,0.26374090093891783,0.5670139627188319,0.1673247978436659,12.731222047554496,3.1901007821268235,0.8524396149135666,0.4428159171354102,9.923575847886413,9.41678515225662,0.3100267583176153,0.6349347111531365,3.2846410760252334,1.1049589453490094,0,0.23887261096410245,5.956355712627914,2.6881629078366056,0.8433605608756738,11.371777576574411,2.998737373737374,0.9235649607484893,0.2469474550692827,7.9647462053207105,8.205851360718759,0.42779084916483534,0.4277545139357919,3.163624216462635,0.7624575729253765,0,0.13545647298341876,5.35394028906003,1.3939093250171282,0.6135242587601077,50000,100000,50000,50000,50000,50000,10000,50000,50000,20000,50000,0,1351680,0,220594176,0,0,540672,0,0,2973696,0,0,0,0,811008,4095.945047916718,0,1.325114943682615,7.24379201536562,349.01256732495517,3131.6512738452116,1.2833725474945068,0,595.2722485311745,12.986374145309657,0,0,1077.4870766958538,17.152172372244664,3.681145552560647,0,0,0,0,0,0,0,0,0,0,0,0,0,0,0,224342016,71208960,8835072,439984128,111349760,349663232,37281792,8531968,310304768,93900800,4952064,3309568,305532928,14376960,134160384,206671872,66908160,7704576,199372800,103268352,326701056,34873344,7299072,291692544,81371136,4055040,2433024,294801408,13246464,33521664,0,0,0,0,0,0,0,0,0,0,0,0,0,0,0,208375808,70971392,8523776,424857600,107237376,329367552,37150720,8196096,296288256,90968064,4796416,2949120,297324544,14045184,35934208,189992960,69619712,8523776,211562496,107237376,329367552,36610048,8196096,296288256,87994368,4796416,2949120,297324544,14045184,35123200,1073741824,1073741824,314572800,0,1073741824,1073741824,1073741824,314572800,1073741824,0,0,0,1073741824,314572800,2147483648,10.627104377104377,0,4.8029245338052,0,,10.653012129380054,40107.74410774411,0,20290.042195733757,0,,31540.947493261454,10.627104377104377,0,4.8029245338052,0,,10.653012129380054,40107.74410774411,0,20290.042195733757,0,,31540.947493261454,62.75,49.72661870503597,478.2912589425212,21.156601530347835,32.838729529214675,38.96103896103896,17.579640426522424,57.29713880812178,58.296073688582666,95.21548410437299,0,0,0,0,0,0,0,0,0,0,76904.225,120356.43165467626,1581398.1374886935,98970.79535408347,334348.7298711067,546215.7666894508,3191.5360571061206,8545.874361668337,603101.3462337218,124144.16858861303,0,0,0,0,0,0,0,0,0,0,75.72500000000001,41.12230215827338,463.77764986432044,28.747370667317014,45.23231563472255,52.22146274777853,15.473630539360217,70.98003762797175,78.50179579271422,127.50418305973861,0,0,0,0,0,0,0,0,0,0,14859.725,6608.920863309352,141575.75446098184,5899.521385239155,12256.60706348935,6506.994759626338,2943.780620275333,9948.395924450851,19071.611815583085,23957.21973499751,0,0,0,0,0,0,0,0,0,0,38,16,50,12,10,2,12,68,0,0,0,0,0.008332648262259603,0.003072519083969465,0.030841006372498002,0.017581967213114755,0.0015994065281899111,0.003037037037037037,0.0034520255863539446,0.003209547123623011,0.022929616087751372,0.004730534351145037,0.0739413988657845,0.04936507936507937,0.004319881305637982,0.004666666666666666,0.007886904761904762,0.004977184822521419,0.04144021739130414,0.004937786259541985,0.0883884688090737,0.0770754716981132,0.00465994065281899,0.00487037037037037,0.009598214285714286,0.007408928571428563,0.08824999999999994,0.00857105263157893,0.09994612476370508,0.09994339622641507,0.004931988130563798,0.0095,0.07125,0.00955797619047619,0.45982142857142855,0.375,0.38526548672566374,0.4586776859504132,0.8616803278688525,0.375,0.45303672316384175,0.48577008928571436,2.1824324324324325,2.1627329192546587,0.4934778761061947,2.125925925925926,2.1075342465753426,0.475,2.10972850678733,2.1894724770642204,2.341216216216216,2.331366459627329,0.6705818965517237,2.312962962962963,2.303767123287671,0.4875,2.304864253393665,2.3447362385321098,2.4682432432432435,2.4662732919254657,0.9341163793103447,2.4625925925925927,2.460753424657534,0.4975,2.460972850678733,2.468947247706422,395.84873949580407,397.39495798320263,396.8907563025337,392.537815126038,397.0756302521008,116154092.63865545,9656784.672268907,0,0,18025773.17647059,3385609104.134454,2550470088.067227,625767122.8235294,4690191093.243697,4378059646.92437,0,0,0,0,0,15.310924369747898,2.100840336134454,3.1260504201680672,1.0084033613445378,15.865546218487394,0,0,0,0,0,58763.83193277311,17425.210084033613,540517.1092436975,40374.85714285714,65122.95798319327,1576.235294117647,263.79831932773106,2785.142857142857,1716.90756302521,461.2436974789916,1777.8655462184875,375.3781512605042,1862.3193277310922,2088.0504201680674,565.5966386554622,0,0,0,0,0,0,0,0,0,0,0,0,0,0,0,0,0,0,0,0
1693105918,0.8494501360189847,0.3452720743946229,0.15152663080536402,0.08231581835642757,1.7489484170909892,0.7311324618971742,0.09722519299200817,0.15759376829213384,0.19649839853805212,0.07378621673471403,0,0.0829069634516771,0.22997473948259917,0.5670139627188319,0.17069407008086268,12.476188703141199,3.0138829389558968,0.8653193651034168,0.4428159171354102,9.991714387868052,9.229278852079274,0.3100267583176153,0.6349347111531365,3.2846410760252334,1.1049589453490094,0,0.24367240623034886,5.19377672708619,2.6881629078366056,0.8603425704780997,11.143976784439534,2.8312310100359093,1.0101775387024268,0.2469474550692827,7.726367057781713,8.04245708086892,0.42779084916483534,0.4277545139357919,3.163624216462635,0.7624575729253765,0,0.13817827241946193,4.668487211496761,1.3939093250171282,0.6258782569631625,50000,100000,50000,50000,50000,50000,10000,50000,50000,20000,50000,0,1351680,0,220594176,0,0,540672,0,0,2973696,0,0,0,0,811008,4013.894592728566,0,1.6667929388590044,7.24379201536562,336.0637591321673,3069.2940750443368,1.2833725474945068,0,595.2722485311745,12.986374145309657,0,0,939.5388006822097,17.152172372244664,3.7552695417789757,0,0,0,0,0,0,0,0,0,0,0,0,0,0,0,224342016,71208960,8835072,439984128,111349760,349663232,37281792,8531968,310304768,93900800,4952064,3309568,305532928,14376960,134160384,206671872,66908160,7704576,199372800,104079360,326701056,34873344,7299072,291692544,81371136,4055040,2433024,294801408,13246464,33521664,0,0,0,0,0,0,0,0,0,0,0,0,0,0,0,208375808,70971392,8523776,424857600,107794432,329367552,37150720,8196096,296288256,90968064,4796416,2949120,297324544,14045184,35934208,189992960,69619712,8523776,211562496,107794432,329367552,36610048,8196096,296288256,87994368,4796416,2949120,297324544,14045184,35123200,1073741824,1073741824,314572800,0,1073741824,1073741824,1073741824,314572800,1073741824,0,0,0,1073741824,314572800,2147483648,10.035908295737041,0,4.8029245338052,0,,10.867522461814914,38761.808304944294,0,20290.042195733757,0,,32176.059802336025,10.035908295737041,0,4.8029245338052,0,,10.867522461814914,38761.808304944294,0,20290.042195733757,0,,32176.059802336025,99.10920636345277,49.72661870503597,478.2912589425212,21.156601530347835,32.976330506201116,38.96103896103896,17.579640426522424,57.29713880812178,58.296073688582666,95.21548410437299,0,0,0,0,0,0,0,0,0,0,118751.38555433392,120356.43165467626,1581398.1374886935,98970.79535408347,331595.43118925276,546215.7666894508,3191.5360571061206,8545.874361668337,603101.3462337218,124144.16858861303,0,0,0,0,0,0,0,0,0,0,118.7425673704759,41.12230215827338,463.77764986432044,28.747370667317014,45.6468354691595,52.22146274777853,15.473630539360217,70.98003762797175,78.50179579271422,127.50418305973861,0,0,0,0,0,0,0,0,0,0,23491.753988377048,6608.920863309352,141575.75446098184,5899.521385239155,12733.754307765326,6506.994759626338,2943.780620275333,9948.395924450851,19071.611815583085,23957.21973499751,0,0,0,0,0,0,0,0,0,0,30,12,50,14,8,2,12,72,0,0,0,0,0.008332648262259603,0.003072519083969465,0.030841006372498002,0.017581967213114755,0.0015014409221902017,0.003033898305084746,0.0034262948207171313,0.003209547123623011,0.022929616087751372,0.004730534351145037,0.0739413988657845,0.04936507936507937,0.00430028818443804,0.0046610169491525435,0.007744047619047618,0.004977184822521419,0.04144021739130414,0.004937786259541985,0.0883884688090737,0.0770754716981132,0.00465014409221902,0.004864406779661017,0.00955654761904762,0.007408928571428563,0.08824999999999994,0.00857105263157893,0.09994612476370508,0.09994339622641507,0.0049300288184438035,0.009000000000000015,0.06955000000000011,0.00955797619047619,0.45982142857142855,0.375,0.38526548672566374,0.4586776859504132,0.8760245901639344,0.375,0.45913461538461536,0.48577008928571436,2.1824324324324325,2.1627329192546587,0.4934778761061947,2.125925925925926,2.125308641975309,0.475,2.127142857142857,2.1894724770642204,2.341216216216216,2.331366459627329,0.6705818965517237,2.312962962962963,2.3126543209876544,0.4875,2.3135714285714286,2.3447362385321098,2.4682432432432435,2.4662732919254657,0.9341163793103447,2.4625925925925927,2.4625308641975305,0.4975,2.462714285714286,2.468947247706422,395.8151260504271,397.4453781512454,396.82352941176293,392.5210084033679,397.1764705882249,116154092.63865545,9656784.672268907,0,0,18025773.17647059,3526743909.1092434,2607165612.10084,625725956.302521,4598373367.394958,4299960836.302521,0,0,0,0,0,15.781512605042016,2.100840336134454,5.34453781512605,1.0084033613445378,16.42016806722689,0,0,0,0,0,64047.32773109243,17425.210084033613,1062232.2016806721,40374.85714285714,70604.36974789915,1577.6806722689075,264.11764705882354,2786.067226890756,1722.3697478991596,462.4201680672269,1779.5126050420167,375.6302521008403,1863.1764705882351,2093.7478991596636,566.7563025210084,0,0,0,0,0,0,0,0,0,0,0,0,0,0,0,0,0,0,0,0
1693105919,1.0003899825355642,0.3452720743946229,0.15152663080536402,0.08231581835642757,1.7489484170909892,0.7162784364562798,0.09722519299200817,0.15759376829213384,0.19649839853805212,0.07378621673471403,0,0.09798477969755358,0.2255790578002839,0.5670139627188319,0.2287963026517491,14.374560299777869,3.0138829389558968,0.8653193651034168,0.4428159171354102,9.991714387868052,9.041772551901927,0.3100267583176153,0.6349347111531365,3.2846410760252334,1.1049589453490094,0,0.2879877159747856,5.094504131875726,2.6881629078366056,1.0558062461390623,12.903335198467195,2.8312310100359093,1.0101775387024268,0.2469474550692827,7.726367057781713,7.879062801019081,0.42779084916483534,0.4277545139357919,3.163624216462635,0.7624575729253765,0,0.1633079661625894,4.579254873345761,1.3939093250171282,0.7779074290159473,50000,100000,50000,50000,50000,50000,10000,50000,50000,20000,50000,0,1351680,0,220594176,0,0,540672,0,0,2973696,0,0,0,0,1081344,4495.345643216846,0,1.6667929388590044,7.24379201536562,336.0637591321673,3006.9368762434615,1.2833725474945068,0,595.2722485311745,12.986374145309657,0,0,921.580682737279,17.152172372244664,6.0402223900061776,0,0,0,0,0,0,0,0,0,0,0,0,0,0,0,224342016,71208960,8835072,439984128,111349760,349663232,37281792,8531968,310304768,93900800,4952064,3309568,305532928,14376960,134160384,207753216,66908160,7704576,199372800,104079360,326701056,34873344,7299072,291692544,81371136,4055040,2433024,294801408,13246464,33521664,0,0,0,0,0,0,0,0,0,0,0,0,0,0,0,209719296,70971392,8523776,424857600,107794432,329367552,37150720,8196096,296288256,90968064,4796416,2949120,297324544,14045184,36196352,192823296,69619712,8523776,211562496,107794432,329367552,36610048,8196096,296288256,87994368,4796416,2949120,297324544,14045184,35115008,1073741824,1073741824,314572800,0,1073741824,1073741824,1073741824,314572800,1073741824,0,0,0,1073741824,314572800,2147483648,10.035908295737041,0,4.8029245338052,0,,13.659139268309424,38761.808304944294,0,20290.042195733757,0,,45779.760679067425,10.035908295737041,0,4.8029245338052,0,,13.659139268309424,38761.808304944294,0,20290.042195733757,0,,45779.760679067425,99.10920636345277,49.72661870503597,478.2912589425212,21.156601530347835,32.976330506201116,38.96103896103896,17.579640426522424,57.29713880812178,58.296073688582666,95.21548410437299,0,0,0,0,0,0,0,0,0,0,118751.38555433392,120356.43165467626,1581398.1374886935,98970.79535408347,331595.43118925276,546215.7666894508,3191.5360571061206,8545.874361668337,603101.3462337218,124144.16858861303,0,0,0,0,0,0,0,0,0,0,118.7425673704759,41.12230215827338,463.77764986432044,28.747370667317014,45.6468354691595,52.22146274777853,15.473630539360217,70.98003762797175,78.50179579271422,127.50418305973861,0,0,0,0,0,0,0,0,0,0,23491.753988377048,6608.920863309352,141575.75446098184,5899.521385239155,12733.754307765326,6506.994759626338,2943.780620275333,9948.395924450851,19071.611815583085,23957.21973499751,0,0,0,0,0,0,0,0,0,0,42,14,44,14,14,2,14,88,0,0,0,0,0.008332648262259603,0.003072519083969465,0.030841006372498002,0.017581967213114755,0.0015014409221902017,0.003033898305084746,0.0034262948207171313,0.003209547123623011,0.022929616087751372,0.004730534351145037,0.0739413988657845,0.04936507936507937,0.00430028818443804,0.0046610169491525435,0.007744047619047618,0.004977184822521419,0.04144021739130414,0.004937786259541985,0.0883884688090737,0.0770754716981132,0.00465014409221902,0.004864406779661017,0.00955654761904762,0.007408928571428563,0.08824999999999994,0.00857105263157893,0.09994612476370508,0.09994339622641507,0.0049300288184438035,0.009000000000000015,0.06955000000000011,0.00955797619047619,0.45982142857142855,0.375,0.38526548672566374,0.4586776859504132,0.8760245901639344,0.375,0.45913461538461536,0.48577008928571436,2.1824324324324325,2.1627329192546587,0.4934778761061947,2.125925925925926,2.125308641975309,0.475,2.127142857142857,2.1894724770642204,2.341216216216216,2.331366459627329,0.6705818965517237,2.312962962962963,2.3126543209876544,0.4875,2.3135714285714286,2.3447362385321098,2.4682432432432435,2.4662732919254657,0.9341163793103447,2.4625925925925927,2.4625308641975305,0.4975,2.462714285714286,2.468947247706422,395.79831932772817,397.37815126051356,396.8571428571335,392.57142857142327,397.0588235294026,116154092.63865545,9656784.672268907,0,0,18025773.17647059,3456409806.5210085,2663801933.445378,625730843.9663866,4598673648.941176,4378221972.436975,0,0,0,0,0,15.815126050420167,2.100840336134454,5.34453781512605,0.907563025210084,16.352941176470587,0,0,0,0,0,64098.95798319327,17425.210084033613,1062232.2016806721,26813.310924369747,70380.63865546219,1575.3445378151262,263.8151260504202,2786.72268907563,1715.0084033613443,461.109243697479,1776.7563025210084,375.52941176470586,1863.6806722689075,2086.7899159663866,565.4453781512605,0,0,0,0,0,0,0,0,0,0,0,0,0,0,0,0,0,0,0,0
1693105920,0.9768730973692574,0.3452720743946229,0.15152663080536402,0.08231581835642757,1.7489484170909892,0.7014244110153853,0.08260594212076995,0.15759376829213384,0.19649839853805212,0.06337416170659327,0,0.08908685968819595,0.22118337611796857,0.5670139627188319,0.2287963026517491,13.28661073197328,3.0138829389558968,0.8653193651034168,0.4428159171354102,9.991714387868052,8.854266251724578,0.30533688630668826,0.6349347111531365,3.2846410760252334,0.9490369608386491,0,0.2947989265033409,4.99523153666526,2.6881629078366056,1.0558062461390623,11.858785042482618,2.8312310100359093,1.0101775387024268,0.2469474550692827,7.726367057781713,7.715668521169242,0.4405650246441058,0.4277545139357919,3.163624216462635,0.6548663376347957,0,0.15590200445434302,4.49002253519476,1.3939093250171282,0.7779074290159473,50000,100000,50000,50000,50000,50000,10000,50000,50000,20000,50000,0,1351680,0,220594176,0,0,540672,0,0,2973696,0,0,0,0,1081344,4279.249397973556,0,1.6667929388590044,7.24379201536562,336.0637591321673,2944.5796774425867,1.8173307266569374,0,595.2722485311745,11.153852460360405,0,19.10913140311804,903.622564792348,17.152172372244664,6.0402223900061776,0,0,0,0,0,0,0,0,0,0,0,0,0,0,0,224342016,71208960,8835072,439984128,111349760,349663232,37281792,8531968,310304768,93900800,4952064,3993600,305532928,14376960,134160384,207753216,66908160,7704576,199372800,104079360,326701056,34873344,7299072,291692544,81371136,4055040,2568192,294801408,13246464,33521664,0,0,0,0,0,0,0,0,0,0,0,0,0,0,0,209719296,70971392,8523776,424857600,107794432,329367552,37150720,8196096,296288256,90968064,4796416,2949120,297324544,14045184,36196352,192823296,69619712,8523776,211562496,107794432,329367552,36610048,8196096,296288256,87994368,4796416,2949120,297324544,14045184,35115008,1073741824,1073741824,314572800,0,1073741824,1073741824,1073741824,314572800,1073741824,0,0,0,1073741824,314572800,2147483648,10.035908295737041,0,4.983891841286449,0,,13.659139268309424,38761.808304944294,0,21908.417545502103,0,,45779.760679067425,10.035908295737041,0,4.983891841286449,0,,13.659139268309424,38761.808304944294,0,21908.417545502103,0,,45779.760679067425,99.10920636345277,49.55257270693513,478.2912589425212,21.156601530347835,32.976330506201116,38.96103896103896,17.579640426522424,57.29713880812178,58.296073688582666,95.21548410437299,0,0,0,0,0,0,0,0,0,0,118751.38555433392,120253.7658463833,1581398.1374886935,98970.79535408347,331595.43118925276,546215.7666894508,3191.5360571061206,8545.874361668337,603101.3462337218,124144.16858861303,0,0,0,0,0,0,0,0,0,0,118.7425673704759,41.05145413870247,463.77764986432044,28.747370667317014,45.6468354691595,52.22146274777853,15.473630539360217,70.98003762797175,78.50179579271422,127.50418305973861,0,0,0,0,0,0,0,0,0,0,23491.753988377048,6581.636838180463,141575.75446098184,5899.521385239155,12733.754307765326,6506.994759626338,2943.780620275333,9948.395924450851,19071.611815583085,23957.21973499751,0,0,0,0,0,0,0,0,0,0,36,26,72,6,6,2,6,56,0,0,0,0,0.008332648262259603,0.003072519083969465,0.030841006372498002,0.017581967213114755,0.0015014409221902017,0.003033898305084746,0.0034262948207171313,0.0032089480048367596,0.022929616087751372,0.004730534351145037,0.0739413988657845,0.04936507936507937,0.00430028818443804,0.0046610169491525435,0.007744047619047618,0.004976106408706167,0.04144021739130414,0.004937786259541985,0.0883884688090737,0.0770754716981132,0.00465014409221902,0.004864406779661017,0.00955654761904762,0.0074015330188679195,0.08824999999999994,0.00857105263157893,0.09994612476370508,0.09994339622641507,0.0049300288184438035,0.009000000000000015,0.06955000000000011,0.009555778301886794,0.45982142857142855,0.375,0.38526548672566374,0.4586776859504132,0.8760245901639344,0.375,0.45913461538461536,0.49079241071428575,2.1824324324324325,2.1627329192546587,0.4934778761061947,2.125925925925926,2.125308641975309,0.475,2.127142857142857,2.1933527305282006,2.341216216216216,2.331366459627329,0.6705818965517237,2.312962962962963,2.3126543209876544,0.4875,2.3135714285714286,2.3466763652641003,2.4682432432432435,2.4662732919254657,0.9341163793103447,2.4625925925925927,2.4625308641975305,0.4975,2.462714285714286,2.4693352730528204,395.7815126050341,397.4453781512587,396.907563025213,392.52100840337636,397.0756302521012,116154092.63865545,9656784.672268907,0,0,18025773.17647059,3526968397.445378,2607185369.277311,625724097.6134454,4598896898.15126,4300105056.806723,0,0,0,0,0,15.731092436974789,2.100840336134454,5.34453781512605,0.907563025210084,16.369747899159663,0,0,0,0,0,63875.2268907563,17425.210084033613,1062232.2016806721,26813.310924369747,70363.42857142857,1580.3865546218485,263.34453781512605,2786.6386554621845,1722.252100840336,461.12605042016804,1782.1008403361345,375.15966386554624,1864.3193277310925,2095.1932773109243,565.4117647058823,0,0,0,0,0,0,0,0,0,0,0,0,0,0,0,0,0,0,0,0
1693105921,0.9768730973692574,0.3452720743946229,0.15152663080536402,0.08231581835642757,1.7489484170909892,0.797095031440971,0.08260594212076995,0.15759376829213384,0.17158124371890104,0.05331342965292962,0,0.08908685968819595,0.21678769443565327,0.5670139627188319,0.2287963026517491,13.28661073197328,3.0138829389558968,0.8653193651034168,0.4428159171354102,9.991714387868052,9.88005126383845,0.30533688630668826,0.6349347111531365,2.9966151530749845,1.1322292726271084,0,0.2947989265033409,4.895958941454795,2.6881629078366056,1.0558062461390623,11.858785042482618,2.8312310100359093,1.0101775387024268,0.2469474550692827,7.726367057781713,8.431494110353377,0.4405650246441058,0.4277545139357919,2.867857930730205,0.7997014447939439,0,0.15590200445434302,4.40079019704376,1.3939093250171282,0.7779074290159473,50000,100000,50000,50000,50000,50000,10000,50000,50000,20000,50000,0,1351680,0,220594176,0,0,540672,0,0,2973696,0,0,0,0,1081344,4279.249397973556,0,1.6667929388590044,7.24379201536562,336.0637591321673,3141.2983792401033,1.8173307266569374,0,462.68107949113903,9.383163618915605,0,19.10913140311804,885.664446847417,17.152172372244664,6.0402223900061776,0,0,0,0,0,0,0,0,0,0,0,0,0,0,0,224342016,71208960,8835072,439984128,111349760,349663232,37281792,8531968,310304768,93900800,4952064,3993600,305532928,14376960,134160384,207753216,66908160,7704576,199372800,104079360,328323072,34873344,7299072,291692544,81371136,4055040,2568192,294801408,13246464,33521664,0,0,0,0,0,0,0,0,0,0,0,0,0,0,0,209719296,70971392,8523776,424857600,107794432,331198464,37150720,8196096,296288256,90968064,4796416,2949120,297324544,14045184,36196352,192823296,69619712,8523776,211562496,107794432,331198464,36610048,8196096,296288256,87994368,4796416,2949120,297324544,14045184,35115008,1073741824,1073741824,314572800,0,1073741824,1073741824,1073741824,314572800,1073741824,0,0,0,1073741824,314572800,2147483648,10.035908295737041,0,4.983891841286449,0,,13.659139268309424,38761.808304944294,0,21908.417545502103,0,,45779.760679067425,10.035908295737041,0,4.983891841286449,0,,13.659139268309424,38761.808304944294,0,21908.417545502103,0,,45779.760679067425,99.10920636345277,49.55257270693513,478.2912589425212,21.27616665994434,32.976330506201116,38.96103896103896,17.579640426522424,57.29713880812178,58.296073688582666,95.21548410437299,0,0,0,0,0,0,0,0,0,0,118751.38555433392,120253.7658463833,1581398.1374886935,99713.3263421127,331595.43118925276,546215.7666894508,3191.5360571061206,8545.874361668337,603101.3462337218,124144.16858861303,0,0,0,0,0,0,0,0,0,0,118.7425673704759,41.05145413870247,463.77764986432044,28.919453071431455,45.6468354691595,52.22146274777853,15.473630539360217,70.98003762797175,78.50179579271422,127.50418305973861,0,0,0,0,0,0,0,0,0,0,23491.753988377048,6581.636838180463,141575.75446098184,5966.280805065947,12733.754307765326,6506.994759626338,2943.780620275333,9948.395924450851,19071.611815583085,23957.21973499751,0,0,0,0,0,0,0,0,0,0,44,14,34,18,18,2,18,108,0,0,0,0,0.008332648262259603,0.003072519083969465,0.030841006372498002,0.017581967213114755,0.0015014409221902017,0.003033898305084746,0.0034262948207171313,0.0032089480048367596,0.022929616087751372,0.004730534351145037,0.0739413988657845,0.04936507936507937,0.00430028818443804,0.0046610169491525435,0.007744047619047618,0.004976106408706167,0.04144021739130414,0.004937786259541985,0.0883884688090737,0.0770754716981132,0.00465014409221902,0.004864406779661017,0.00955654761904762,0.0074015330188679195,0.08824999999999994,0.00857105263157893,0.09994612476370508,0.09994339622641507,0.0049300288184438035,0.009000000000000015,0.06955000000000011,0.009555778301886794,0.45982142857142855,0.375,0.38526548672566374,0.4586776859504132,0.8760245901639344,0.375,0.45913461538461536,0.49079241071428575,2.1824324324324325,2.1627329192546587,0.4934778761061947,2.125925925925926,2.125308641975309,0.475,2.127142857142857,2.1933527305282006,2.341216216216216,2.331366459627329,0.6705818965517237,2.312962962962963,2.3126543209876544,0.4875,2.3135714285714286,2.3466763652641003,2.4682432432432435,2.4662732919254657,0.9341163793103447,2.4625925925925927,2.4625308641975305,0.4975,2.462714285714286,2.4693352730528204,395.7478991596514,397.3949579831846,397.0252100840352,392.65546218487736,397.0252100840226,116154092.63865545,9656784.672268907,0,0,18025773.17647059,3527090313.680672,2663779422.6554623,625723271.5294118,4690872543.731092,4456502108.504202,0,0,0,0,0,15.647058823529411,2.100840336134454,5.34453781512605,1.0084033613445378,16.252100840336134,0,0,0,0,0,63591.26050420168,17425.210084033613,1062232.2016806721,40237.17647058823,69933.17647058824,1575.0588235294117,263.7310924369748,2786.487394957983,1716.638655462185,460.0504201680672,1777.4621848739496,375.5294117647059,1864.7394957983195,2089.159663865546,564.2857142857142,0,0,0,0,0,0,0,0,0,0,0,0,0,0,0,0,0,0,0,0
1693105922,0.9768730973692574,0.3452720743946229,0.13015253680834404,0.08231581835642757,1.7489484170909892,0.797095031440971,0.08260594212076995,0.15759376829213384,0.21566513086952277,0.05331342965292962,0,0.08908685968819595,0.21239201275333797,0.567013962718832,0.2287963026517491,13.28661073197328,3.0138829389558968,0.7432588576608705,0.4428159171354102,9.991714387868052,9.88005126383845,0.30533688630668826,0.6349347111531365,2.831088897166947,1.1322292726271084,0,0.2947989265033409,4.796686346244329,2.688162907836606,1.0558062461390623,11.858785042482618,2.8312310100359093,0.8676835787222934,0.2469474550692827,7.726367057781713,8.431494110353377,0.4405650246441058,0.4277545139357919,2.6271934124105547,0.7997014447939439,0,0.15590200445434302,4.311557858892759,1.3939093250171282,0.7779074290159473,50000,100000,50000,50000,50000,50000,10000,50000,50000,20000,50000,0,1351680,0,220594176,0,0,540672,0,0,2973696,0,0,0,0,1081344,4279.249397973556,0,1.4316779048917845,7.24379201536562,336.0637591321673,3141.2983792401033,1.8173307266569374,0,399.84315263209487,9.383163618915605,0,19.10913140311804,867.7063289024862,17.152172372244667,6.0402223900061776,0,0,0,0,0,0,0,0,0,0,0,0,0,0,0,224342016,71208960,8835072,439984128,111349760,349663232,37281792,8531968,310304768,93900800,4952064,3993600,305532928,14376960,134160384,207753216,66908160,7704576,199372800,104079360,328323072,34873344,7299072,291151872,81371136,4055040,2568192,294801408,13246464,33521664,0,0,0,0,0,0,0,0,0,0,0,0,0,0,0,209719296,70971392,8523776,424857600,107794432,331198464,37150720,8196096,295600128,90968064,4796416,2949120,297324544,14045184,36196352,192823296,69619712,8523776,211562496,107794432,331198464,36610048,8196096,295600128,87994368,4796416,2949120,297324544,14045184,35115008,1073741824,1073741824,314572800,0,1073741824,1073741824,1073741824,314572800,1073741824,0,0,0,1073741824,314572800,2147483648,10.035908295737041,0,4.983891841286449,0,,13.659139268309424,38761.808304944294,0,21908.417545502103,0,,45779.760679067425,10.035908295737041,0,4.983891841286449,0,,13.659139268309424,38761.808304944294,0,21908.417545502103,0,,45779.760679067425,99.10920636345277,49.55257270693513,478.2912589425212,21.27616665994434,32.976330506201116,38.96103896103896,17.579640426522424,57.29713880812178,58.296073688582666,95.21548410437299,0,0,0,0,0,0,0,0,0,0,118751.38555433392,120253.7658463833,1581398.1374886935,99713.3263421127,331595.43118925276,546215.7666894508,3191.5360571061206,8545.874361668337,603101.3462337218,124144.16858861303,0,0,0,0,0,0,0,0,0,0,118.7425673704759,41.05145413870247,463.77764986432044,28.919453071431455,45.6468354691595,52.22146274777853,15.473630539360217,70.98003762797175,78.50179579271422,127.50418305973861,0,0,0,0,0,0,0,0,0,0,23491.753988377048,6581.636838180463,141575.75446098184,5966.280805065947,12733.754307765326,6506.994759626338,2943.780620275333,9948.395924450851,19071.611815583085,23957.21973499751,0,0,0,0,0,0,0,0,0,0,18,12,48,14,14,2,14,66,0,0,0,0,0.008266533405389038,0.003072519083969465,0.03080251770259638,0.01758042895442359,0.0015545722713864304,0.003037037037037037,0.003413223140495868,0.003207779656921962,0.022392857142857145,0.004730534351145037,0.0733776091081594,0.049475806451612904,0.004310914454277287,0.004666666666666666,0.007701298701298697,0.004974003382459532,0.02968137254901962,0.004937786259541985,0.0878747628083491,0.07717592592592593,0.004655457227138643,0.00487037037037037,0.009597402597402592,0.007388033175355447,0.08342063492063494,0.00857105263157893,0.09947248576850092,0.09987962962962958,0.004931091445427729,0.0095,0.0708000000000001,0.009553436018957341,0.45867486338797814,0.375,0.3855090457609081,0.45878746594005454,0.8699186991869919,0.375,0.45505617977528084,0.4906133828996283,2.1815548780487806,2.1627329192546587,0.49391628236963464,2.1262195121951217,2.1157894736842104,0.475,2.1157894736842104,2.1932184422560432,2.3407774390243903,2.331366459627329,0.6776371308016871,2.313109756097561,2.3078947368421048,0.4875,2.3078947368421048,2.346609221128021,2.468155487804878,2.4662732919254657,0.9355274261603371,2.462621951219512,2.4615789473684213,0.4975,2.4615789473684213,2.469321844225604,395.73109243696314,397.4453781512692,396.94117647059306,392.7563025209945,397.02521008403625,132747573.7815126,9656784.672268907,0,0,18025773.17647059,3527212367.5966387,2663762556.773109,625724992.5378151,4782888529.747899,4378439370.218487,0,0,0,0,0,15.529411764705882,1.2605042016806722,5.34453781512605,1.0084033613445378,16.168067226890756,0,0,0,0,0,63247.05882352941,11849.142857142857,1062232.2016806721,40237.17647058823,69632,1574.7899159663864,264.0672268907563,2788.4033613445376,1711.6806722689075,458.35294117647055,1776.8067226890755,375.93277310924367,1866.672268907563,2084.5714285714284,562.5210084033613,0,0,0,0,0,0,0,0,0,0,0,0,0,0,0,0,0,0,0,0
1693105923,0.9768730973692574,0.3452720743946229,0.12762709296158797,0.08231581835642757,1.7489484170909892,0.797095031440971,0.08260594212076995,0.15759376829213384,0.21566513086952277,0.05331342965292961,0,0.08908685968819595,0.24808179611220407,0.567013962718832,0.2287963026517491,13.28661073197328,3.0138829389558968,0.7288368682424804,0.4428159171354102,9.991714387868052,9.88005126383845,0.30533688630668826,0.6349347111531365,2.831088897166947,1.1322292726271082,0,0.2947989265033409,4.9783586642567235,2.688162907836606,1.0558062461390623,11.858785042482618,2.8312310100359093,0.8508472864105865,0.2469474550692827,7.726367057781713,8.431494110353377,0.4405650246441058,0.4277545139357919,2.6271934124105547,0.7997014447939438,0,0.15590200445434302,4.341431431963559,1.3939093250171282,0.7779074290159473,50000,100000,50000,50000,50000,50000,10000,50000,50000,20000,50000,0,1351680,0,220594176,0,0,540672,0,0,2973696,0,0,0,0,1081344,4279.249397973556,0,1.403898022577468,7.24379201536562,336.0637591321673,3141.2983792401033,1.8173307266569374,0,399.84315263209487,9.383163618915603,0,19.10913140311804,851.4167242570835,17.152172372244667,6.0402223900061776,0,0,0,0,0,0,0,0,0,0,0,0,0,0,0,224342016,71208960,8835072,439984128,111349760,349663232,37281792,8531968,310304768,93900800,4952064,3993600,305532928,14376960,134160384,207753216,66908160,7704576,199372800,104079360,328323072,34873344,7299072,291151872,81371136,4055040,2568192,294260736,13246464,33521664,0,0,0,0,0,0,0,0,0,0,0,0,0,0,0,209719296,70971392,8523776,424857600,107794432,331198464,37150720,8196096,295600128,90968064,4796416,2949120,296583168,14045184,36196352,192823296,69619712,8523776,211562496,107794432,331198464,36610048,8196096,295600128,87994368,4796416,2949120,296583168,14045184,35115008,1073741824,1073741824,314572800,0,1073741824,1073741824,1073741824,314572800,1073741824,0,0,0,1073741824,314572800,2147483648,10.035908295737041,0,4.983891841286449,0,,13.659139268309424,38761.808304944294,0,21908.417545502103,0,,45779.760679067425,10.035908295737041,0,4.983891841286449,0,,13.659139268309424,38761.808304944294,0,21908.417545502103,0,,45779.760679067425,99.10920636345277,49.55257270693513,470.2041596330861,21.27616665994434,32.976330506201116,38.96103896103896,17.579640426522424,57.29713880812178,58.296073688582666,95.21548410437299,0,0,0,0,0,0,0,0,0,0,118751.38555433392,120253.7658463833,1577863.044239896,99713.3263421127,331595.43118925276,546215.7666894508,3191.5360571061206,8545.874361668337,603101.3462337218,124144.16858861303,0,0,0,0,0,0,0,0,0,0,118.7425673704759,41.05145413870247,454.88422460744664,28.919453071431455,45.6468354691595,52.22146274777853,15.473630539360217,70.98003762797175,78.50179579271422,127.50418305973861,0,0,0,0,0,0,0,0,0,0,23491.753988377048,6581.636838180463,139450.13854826897,5966.280805065947,12733.754307765326,6506.994759626338,2943.780620275333,9948.395924450851,19071.611815583085,23957.21973499751,0,0,0,0,0,0,0,0,0,0,40,14,36,10,10,2,10,58,0,0,0,0,0.008266533405389038,0.003072519083969465,0.03080251770259638,0.01758042895442359,0.0014813753581661893,0.003033898305084746,0.0033937621832358673,0.003207779656921962,0.022392857142857145,0.004730534351145037,0.0733776091081594,0.049475806451612904,0.004296275071633238,0.0046610169491525435,0.0075714285714285675,0.004974003382459532,0.02968137254901962,0.004937786259541985,0.0878747628083491,0.07717592592592593,0.004648137535816619,0.004864406779661017,0.009564935064935061,0.007388033175355447,0.08342063492063494,0.00857105263157893,0.09947248576850092,0.09987962962962958,0.004929627507163325,0.009000000000000015,0.06930000000000011,0.009553436018957341,0.45867486338797814,0.375,0.3855090457609081,0.45878746594005454,0.8800813008130081,0.375,0.45969945355191255,0.4906133828996283,2.1815548780487806,2.1627329192546587,0.49391628236963464,2.1262195121951217,2.1286290322580643,0.475,2.1286290322580643,2.1932184422560432,2.3407774390243903,2.331366459627329,0.6776371308016871,2.313109756097561,2.3143145161290324,0.4875,2.3143145161290324,2.346609221128021,2.468155487804878,2.4662732919254657,0.9355274261603371,2.462621951219512,2.462862903225807,0.4975,2.462862903225807,2.469321844225604,395.66386554620647,397.4621848739599,396.9747899159796,392.756302521009,396.9747899159711,132747573.7815126,9656784.672268907,0,0,18025773.17647059,3527353696.8067226,2663681531.697479,625715905.6134454,4691240288.806723,4378502978.689075,0,0,0,0,0,15.445378151260504,1.2605042016806722,5.34453781512605,1.0084033613445378,16.11764705882353,0,0,0,0,0,62980.3025210084,11849.142857142857,1062232.2016806721,40237.17647058823,69485.71428571429,1573.6302521008404,264.4033613445378,2786.336134453781,1704.0168067226891,456.3865546218487,1775.9831932773109,376.3193277310924,1865.5630252100839,2076.8571428571427,560.6050420168067,0,0,0,0,0,0,0,0,0,0,0,0,0,0,0,0,0,0,0,0
1693105924,0.9768730973692574,0.3452720743946229,0.12510164911483193,0.08231581835642757,1.7489484170909892,0.797095031440971,0.08260594212076995,0.12750919887791906,0.21566513086952277,0.05331342965292961,0,0.08908685968819595,0.24808179611220407,0.567013962718832,0.2287963026517491,13.28661073197328,3.0138829389558968,0.71441487882409,0.4428159171354102,9.991714387868052,9.88005126383845,0.30533688630668826,0.6347860322780431,2.831088897166947,1.1322292726271082,0,0.2947989265033409,4.9783586642567235,2.688162907836606,1.0558062461390623,11.858785042482618,2.8312310100359093,0.8340109940988794,0.2469474550692827,7.726367057781713,8.431494110353377,0.4405650246441058,0.41895879631316274,2.6271934124105547,0.7997014447939438,0,0.15590200445434302,4.341431431963559,1.3939093250171282,0.7779074290159473,50000,100000,50000,50000,50000,50000,10000,50000,50000,20000,50000,0,1351680,0,220594176,0,0,540672,0,0,2973696,0,0,0,0,1081344,4279.249397973556,0,1.3761181402631513,7.24379201536562,336.0637591321673,3141.2983792401033,1.8173307266569374,0,399.84315263209487,9.383163618915603,0,19.10913140311804,851.4167242570835,17.152172372244667,6.0402223900061776,0,0,0,0,0,0,0,0,0,0,0,0,0,0,0,224342016,71208960,8835072,439984128,111349760,349663232,37281792,8531968,310304768,93900800,4952064,3993600,305532928,14376960,134160384,207753216,66908160,7704576,199372800,104079360,328323072,34873344,7299072,291151872,81371136,4055040,2568192,294260736,13246464,33521664,0,0,0,0,0,0,0,0,0,0,0,0,0,0,0,209719296,70971392,8523776,424857600,107794432,331198464,37150720,8327168,295600128,90968064,4796416,2949120,296583168,14045184,36196352,192823296,69619712,8523776,211562496,107794432,331198464,36610048,8327168,295600128,87994368,4796416,2949120,296583168,14045184,35115008,1073741824,1073741824,314572800,0,1073741824,1073741824,1073741824,314572800,1073741824,0,0,0,1073741824,314572800,2147483648,10.035908295737041,0,4.983891841286449,0,,13.659139268309424,38761.808304944294,0,21908.417545502103,0,,45779.760679067425,10.035908295737041,0,4.983891841286449,0,,13.659139268309424,38761.808304944294,0,21908.417545502103,0,,45779.760679067425,99.10920636345277,49.55257270693513,470.2041596330861,21.27616665994434,32.976330506201116,39.0679299118411,17.579640426522424,57.29713880812178,58.36693908140323,95.21548410437299,0,0,0,0,0,0,0,0,0,0,118751.38555433392,120253.7658463833,1577863.044239896,99713.3263421127,331595.43118925276,549326.7732377364,3191.5360571061206,8545.874361668337,602164.5194675422,124144.16858861303,0,0,0,0,0,0,0,0,0,0,118.7425673704759,41.05145413870247,454.88422460744664,28.919453071431455,45.6468354691595,52.84047261952665,15.473630539360217,70.98003762797175,78.81588808393704,127.50418305973861,0,0,0,0,0,0,0,0,0,0,23491.753988377048,6581.636838180463,139450.13854826897,5966.280805065947,12733.754307765326,6539.762958627502,2943.780620275333,9948.395924450851,19212.358588201703,23957.21973499751,0,0,0,0,0,0,0,0,0,0,30,28,72,2,2,2,2,32,0,0,0,0,0.008266533405389038,0.003072519083969465,0.03080251770259638,0.01758042895442359,0.0014813753581661893,0.003033898305084746,0.0033937621832358673,0.003207779656921962,0.022392857142857145,0.004730534351145037,0.0733776091081594,0.049475806451612904,0.004296275071633238,0.0046610169491525435,0.0075714285714285675,0.004974003382459532,0.02968137254901962,0.004937786259541985,0.0878747628083491,0.07717592592592593,0.004648137535816619,0.004864406779661017,0.009564935064935061,0.007388033175355447,0.08342063492063494,0.00857105263157893,0.09947248576850092,0.09987962962962958,0.004929627507163325,0.009000000000000015,0.06930000000000011,0.009553436018957341,0.45867486338797814,0.375,0.3855090457609081,0.45878746594005454,0.8800813008130081,0.375,0.45969945355191255,0.4906133828996283,2.1815548780487806,2.1627329192546587,0.49391628236963464,2.1262195121951217,2.1286290322580643,0.475,2.1286290322580643,2.1932184422560432,2.3407774390243903,2.331366459627329,0.6776371308016871,2.313109756097561,2.3143145161290324,0.4875,2.3143145161290324,2.346609221128021,2.468155487804878,2.4662732919254657,0.9355274261603371,2.462621951219512,2.462862903225807,0.4975,2.462862903225807,2.469321844225604,395.78151260503876,397.5294117647055,397.1260504201761,392.63865546219733,396.8739495798208,132747573.7815126,9656784.672268907,0,0,18025773.17647059,3456957087.1932774,2607029377.07563,625695873.0756302,4691304585.680672,4378596257.344538,0,0,0,0,0,15.46218487394958,1.2941176470588234,4.857142857142857,1.0084033613445378,16.18487394957983,0,0,0,0,0,62877.04201680672,12399.865546218487,1059917.4453781513,40237.17647058823,69769.6806722689,1582.4201680672265,264,2787.3613445378146,1714.3697478991596,456.87394957983184,1784.873949579832,376.25210084033614,1866.9915966386554,2088.6890756302523,561.0924369747898,0,0,0,0,0,0,0,0,0,0,0,0,0,0,0,0,0,0,0,0
1693105925,0.9768730973692574,0.3452720743946229,0.12257620526807585,0.08231581835642757,1.7489484170909892,0.7420988301030214,0.08260594212076995,0.12750919887791906,0.21566513086952277,0.04894882400450334,0,0.08908685968819595,0.24808179611220407,0.567013962718832,0.2287963026517491,13.28661073197328,3.0138829389558968,0.6999928894056998,0.4428159171354102,9.991714387868052,8.593004542081369,0.30533688630668826,0.6347860322780431,2.831088897166947,1.1209135000856598,0,0.2947989265033409,4.9783586642567235,2.688162907836606,1.0558062461390623,11.858785042482618,2.8312310100359093,0.8171747017871721,0.2469474550692827,7.726367057781713,7.202723939235195,0.4405650246441058,0.41895879631316274,2.6271934124105547,0.8076555960743045,0,0.15590200445434302,4.341431431963559,1.3939093250171282,0.7779074290159473,50000,100000,50000,50000,50000,50000,10000,50000,50000,20000,50000,0,1351680,0,220594176,0,0,540672,0,0,2973696,0,0,0,0,1081344,4279.249397973556,0,1.3483382579488343,7.24379201536562,336.0637591321673,2667.8889470927184,1.8173307266569374,0,399.84315263209487,4.845933576445827,0,19.10913140311804,851.4167242570835,17.152172372244667,6.0402223900061776,0,0,0,0,0,0,0,0,0,0,0,0,0,0,0,224342016,71208960,8835072,439984128,111349760,349663232,37281792,8531968,310304768,93900800,4952064,3993600,305532928,14376960,134160384,207753216,66908160,7704576,199372800,104079360,328323072,34873344,7299072,291151872,81371136,4055040,2568192,294260736,13246464,33521664,0,0,0,0,0,0,0,0,0,0,0,0,0,0,0,209719296,70971392,8523776,424857600,107794432,331198464,37150720,8327168,295600128,90968064,4796416,2949120,296583168,14045184,36196352,192823296,69619712,8523776,211562496,107794432,331198464,36610048,8327168,295600128,87994368,4796416,2949120,296583168,14045184,35115008,1073741824,1073741824,314572800,0,1073741824,1073741824,1073741824,314572800,1073741824,0,0,0,1073741824,314572800,2147483648,10.035908295737041,0,4.983891841286449,0,,13.659139268309424,38761.808304944294,0,21908.417545502103,0,,45779.760679067425,10.035908295737041,0,4.983891841286449,0,,13.659139268309424,38761.808304944294,0,21908.417545502103,0,,45779.760679067425,99.10920636345277,49.55257270693513,470.2041596330861,21.27616665994434,32.976330506201116,39.0679299118411,17.579640426522424,57.29713880812178,58.36693908140323,95.21548410437299,0,0,0,0,0,0,0,0,0,0,118751.38555433392,120253.7658463833,1577863.044239896,99713.3263421127,331595.43118925276,549326.7732377364,3191.5360571061206,8545.874361668337,602164.5194675422,124144.16858861303,0,0,0,0,0,0,0,0,0,0,118.7425673704759,41.05145413870247,454.88422460744664,28.919453071431455,45.6468354691595,52.84047261952665,15.473630539360217,70.98003762797175,78.81588808393704,127.50418305973861,0,0,0,0,0,0,0,0,0,0,23491.753988377048,6581.636838180463,139450.13854826897,5966.280805065947,12733.754307765326,6539.762958627502,2943.780620275333,9948.395924450851,19212.358588201703,23957.21973499751,0,0,0,0,0,0,0,0,0,0,24,30,56,8,10,2,10,52,0,0,0,0,0.008266533405389038,0.003072519083969465,0.03080251770259638,0.01758042895442359,0.0014813753581661893,0.003033898305084746,0.0033937621832358673,0.0032051158301158304,0.022392857142857145,0.004730534351145037,0.0733776091081594,0.049475806451612904,0.004296275071633238,0.0046610169491525435,0.0075714285714285675,0.004969208494208495,0.02968137254901962,0.004937786259541985,0.0878747628083491,0.07717592592592593,0.004648137535816619,0.004864406779661017,0.009564935064935061,0.007362379807692309,0.08342063492063494,0.00857105263157893,0.09947248576850092,0.09987962962962958,0.004929627507163325,0.009000000000000015,0.06930000000000011,0.009559014423076924,0.45867486338797814,0.375,0.3855090457609081,0.45878746594005454,0.8800813008130081,0.375,0.45969945355191255,0.4906133828996283,2.1815548780487806,2.1627329192546587,0.49391628236963464,2.1262195121951217,2.1286290322580643,0.475,2.1286290322580643,2.1932184422560432,2.3407774390243903,2.331366459627329,0.6776371308016871,2.313109756097561,2.3143145161290324,0.4875,2.3143145161290324,2.346609221128021,2.468155487804878,2.4662732919254657,0.9355274261603371,2.462621951219512,2.462862903225807,0.4975,2.462862903225807,2.469321844225604,395.71428571428214,397.51260504201105,397.10924369746454,392.53781512603354,396.92436974789445,132747573.7815126,19313362.82352941,0,0,18025704.336134452,3457062894.789916,2550400834.6890755,574773368.4705882,4691431802.621848,4378683891.092437,0,0,0,0,0,14.857142857142856,1.2941176470588234,4.857142857142857,1.0084033613445378,16.15126050420168,0,0,0,0,0,60235.294117647056,12399.865546218487,1059917.4453781513,40237.17647058823,69700.84033613445,1571.9663865546217,260.2857142857143,2786.924369747899,1711.563025210084,454.8739495798319,1774.8403361344538,372.6554621848739,1866.4201680672268,2086.336134453781,559.0588235294117,0,0,0,0,0,0,0,0,0,0,0,0,0,0,0,0,0,0,0,0
1693105926,0.9768730973692574,0.3452720743946229,0.1200507614213198,0.08231581835642757,1.7489484170909892,0.7420988301030214,0.08260594212076995,0.12750919887791906,0.21566513086952277,0.04894882400450334,0,0.08908685968819595,0.24808179611220407,0.567013962718832,0.2287963026517491,13.28661073197328,3.0138829389558968,0.6855708999873097,0.4428159171354102,9.991714387868052,8.593004542081369,0.30533688630668826,0.6347860322780431,2.831088897166947,1.1209135000856598,0,0.2947989265033409,4.9783586642567235,2.688162907836606,1.0558062461390623,11.858785042482618,2.8312310100359093,0.8003384094754653,0.2469474550692827,7.726367057781713,7.202723939235195,0.4405650246441058,0.41895879631316274,2.6271934124105547,0.8076555960743045,0,0.15590200445434302,4.341431431963559,1.3939093250171282,0.7779074290159473,50000,100000,50000,50000,50000,50000,10000,50000,50000,20000,50000,0,1351680,0,220594176,0,0,540672,0,0,2973696,0,0,0,0,1081344,4279.249397973556,0,1.3205583756345178,7.24379201536562,336.0637591321673,2667.8889470927184,1.8173307266569374,0,399.84315263209487,4.845933576445827,0,19.10913140311804,851.4167242570835,17.152172372244667,6.0402223900061776,0,0,0,0,0,0,0,0,0,0,0,0,0,0,0,224342016,71208960,8835072,439984128,111349760,349663232,37281792,8531968,310304768,93900800,4952064,3993600,305532928,14376960,134160384,207753216,66908160,7704576,199372800,104079360,328323072,34873344,7299072,291151872,81371136,4055040,2568192,294260736,13246464,33521664,0,0,0,0,0,0,0,0,0,0,0,0,0,0,0,209719296,70971392,8523776,424857600,107794432,331198464,37150720,8327168,295600128,90968064,4796416,2949120,296583168,14045184,36196352,192823296,69619712,8523776,211562496,107794432,331198464,36610048,8327168,295600128,87994368,4796416,2949120,296583168,14045184,35115008,1073741824,1073741824,314572800,0,1073741824,1073741824,1073741824,314572800,1073741824,0,0,0,1073741824,314572800,2147483648,10.035908295737041,0,4.983891841286449,0,,13.659139268309424,38761.808304944294,0,21908.417545502103,0,,45779.760679067425,10.035908295737041,0,4.983891841286449,0,,13.659139268309424,38761.808304944294,0,21908.417545502103,0,,45779.760679067425,99.10920636345277,49.55257270693513,470.2041596330861,21.27616665994434,32.976330506201116,39.0679299118411,17.579640426522424,57.29713880812178,58.36693908140323,95.21548410437299,0,0,0,0,0,0,0,0,0,0,118751.38555433392,120253.7658463833,1577863.044239896,99713.3263421127,331595.43118925276,549326.7732377364,3191.5360571061206,8545.874361668337,602164.5194675422,124144.16858861303,0,0,0,0,0,0,0,0,0,0,118.7425673704759,41.05145413870247,454.88422460744664,28.919453071431455,45.6468354691595,52.84047261952665,15.473630539360217,70.98003762797175,78.81588808393704,127.50418305973861,0,0,0,0,0,0,0,0,0,0,23491.753988377048,6581.636838180463,139450.13854826897,5966.280805065947,12733.754307765326,6539.762958627502,2943.780620275333,9948.395924450851,19212.358588201703,23957.21973499751,0,0,0,0,0,0,0,0,0,0,26,12,34,10,10,2,14,52,0,0,0,0,0.008266533405389038,0.003072519083969465,0.03080251770259638,0.01758042895442359,0.0014813753581661893,0.003033898305084746,0.0033937621832358673,0.0032051158301158304,0.022392857142857145,0.004730534351145037,0.0733776091081594,0.049475806451612904,0.004296275071633238,0.0046610169491525435,0.0075714285714285675,0.004969208494208495,0.02968137254901962,0.004937786259541985,0.0878747628083491,0.07717592592592593,0.004648137535816619,0.004864406779661017,0.009564935064935061,0.007362379807692309,0.08342063492063494,0.00857105263157893,0.09947248576850092,0.09987962962962958,0.004929627507163325,0.009000000000000015,0.06930000000000011,0.009559014423076924,0.45867486338797814,0.375,0.3855090457609081,0.45878746594005454,0.8800813008130081,0.375,0.45969945355191255,0.4906133828996283,2.1815548780487806,2.1627329192546587,0.49391628236963464,2.1262195121951217,2.1286290322580643,0.475,2.1286290322580643,2.1932184422560432,2.3407774390243903,2.331366459627329,0.6776371308016871,2.313109756097561,2.3143145161290324,0.4875,2.3143145161290324,2.346609221128021,2.468155487804878,2.4662732919254657,0.9355274261603371,2.462621951219512,2.462862903225807,0.4975,2.462862903225807,2.469321844225604,395.61344537815313,397.44537815126364,397.0084033613393,392.5042016806826,396.9915966386518,132747573.7815126,19313500.50420168,0,0,18025704.336134452,3457459415.1260505,2550425066.487395,627364149.7815126,4691552548.571428,4378801814.588235,0,0,0,0,0,14.857142857142856,1.2941176470588234,4.857142857142857,1.0588235294117647,16.15126050420168,0,0,0,0,0,60304.13445378151,12399.865546218487,1059917.4453781513,40443.6974789916,69804.10084033613,1571.3613445378148,263.68067226890753,2790.6722689075627,1707.2100840336134,453.1932773109243,1773.8655462184875,375.86554621848734,1869.6974789915964,2081.546218487395,557.4285714285713,0,0,0,0,0,0,0,0,0,0,0,0,0,0,0,0,0,0,0,0
1693105927,0.9768730973692574,0.3452720743946229,0.18720536428462023,0.08231581835642757,1.7489484170909892,0.7420988301030214,0.08260594212076995,0.12750919887791906,0.21566513086952277,0.04894882400450334,0,0.08908685968819595,0.18035891423933645,0.567013962718832,0.2287963026517491,13.28661073197328,3.0138829389558968,0.863342492213959,0.4428159171354102,9.991714387868052,8.593004542081369,0.30533688630668826,0.6347860322780431,2.831088897166947,1.1209135000856598,0,0.2947989265033409,2.584452903778509,2.688162907836606,1.0558062461390623,11.858785042482618,2.8312310100359093,1.0211201688252016,0.2469474550692827,7.726367057781713,7.202723939235195,0.4405650246441058,0.41895879631316274,2.6271934124105547,0.8076555960743045,0,0.15590200445434302,2.02903778519253,1.3939093250171282,0.7779074290159473,50000,100000,50000,50000,50000,50000,10000,50000,50000,20000,50000,0,1351680,0,220594176,0,0,540672,0,0,2973696,0,0,0,0,1081344,4279.249397973556,0,2.246464371415443,7.24379201536562,336.0637591321673,2667.8889470927184,1.8173307266569374,0,399.84315263209487,4.845933576445827,0,19.10913140311804,270.80890973036344,17.152172372244667,6.0402223900061776,0,0,0,0,0,0,0,0,0,0,0,0,0,0,0,224342016,71208960,8835072,439984128,111349760,349663232,37281792,8531968,310304768,93900800,4952064,3993600,305532928,14376960,134160384,207753216,66908160,7704576,199372800,104079360,328323072,34873344,7299072,291151872,81371136,4055040,2568192,294260736,13246464,33521664,0,0,0,0,0,0,0,0,0,0,0,0,0,0,0,209719296,70971392,8552448,424857600,107794432,331198464,37150720,8327168,295600128,90968064,4796416,2949120,296583168,14045184,36196352,192823296,69619712,8552448,211562496,107794432,331198464,36610048,8327168,295600128,87994368,4796416,2949120,296583168,14045184,35115008,1073741824,1073741824,314572800,0,1073741824,1073741824,1073741824,314572800,1073741824,0,0,0,1073741824,314572800,2147483648,10.035908295737041,0,4.983891841286449,0,,13.659139268309424,38761.808304944294,0,21908.417545502103,0,,45779.760679067425,10.035908295737041,0,4.983891841286449,0,,13.659139268309424,38761.808304944294,0,21908.417545502103,0,,45779.760679067425,99.10920636345277,50.183756923236196,470.2041596330861,21.27616665994434,32.976330506201116,39.0679299118411,17.579640426522424,48.792492663088474,58.36693908140323,95.21548410437299,0,0,0,0,0,0,0,0,0,0,118751.38555433392,120916.27413427197,1577863.044239896,99713.3263421127,331595.43118925276,549326.7732377364,3191.5360571061206,7277.405482457926,602164.5194675422,124144.16858861303,0,0,0,0,0,0,0,0,0,0,118.7425673704759,41.668823438066156,454.88422460744664,28.919453071431455,45.6468354691595,52.84047261952665,15.473630539360217,60.444431209497665,78.81588808393704,127.50418305973861,0,0,0,0,0,0,0,0,0,0,23491.753988377048,6694.782338630364,139450.13854826897,5966.280805065947,12733.754307765326,6539.762958627502,2943.780620275333,8471.749990497987,19212.358588201703,23957.21973499751,0,0,0,0,0,0,0,0,0,0,40,14,42,20,22,2,22,128,0,0,0,0,0.008145972444679182,0.0030902977905859744,0.030744849445324882,0.01759640102827763,0.001547550432276657,0.003037037037037037,0.0033912175648702593,0.003209436687530092,0.021802103250478006,0.004762536023054755,0.0732824427480916,0.049262295081967215,0.0043095100864553315,0.004666666666666666,0.007574324324324325,0.004976986037554166,0.024749043977055435,0.004971565802113352,0.08778625954198468,0.07901960784313729,0.004654755043227665,0.00487037037037037,0.009597972972972975,0.007418235294117656,0.0794499999999999,0.009013333333333338,0.09938931297709924,0.15580000000000005,0.004930951008645533,0.0095,0.07005000000000011,0.009577764705882364,0.46079088471849866,0.375,0.3858112937812723,0.45933333333333337,0.874505928853755,0.375,0.45626721763085404,0.4888540899042005,2.181888544891641,2.162809917355372,0.49446032880629026,2.1276679841897237,2.119279661016949,0.475,2.119279661016949,2.191875559534467,2.3409442724458205,2.331404958677686,0.6859504132231399,2.313833992094862,2.309639830508475,0.4875,2.309639830508475,2.3459377797672336,2.468188854489164,2.4662809917355375,0.9371900826446283,2.462766798418972,2.4619279661016953,0.4975,2.4619279661016953,2.469187555953447,395.6806722689101,397.5126050420184,396.94117647058545,392.58823529411114,397.0420168067334,132747573.7815126,19313500.50420168,0,0,18025704.336134452,3528015114.7563024,2550458247.529412,679956170.2184874,4783622023.529411,4456932911.327731,0,0,0,0,0,14.924369747899158,1.2941176470588234,4.857142857142857,1.0588235294117647,16.134453781512605,0,0,0,0,0,60493.44537815126,12399.865546218487,1059917.4453781513,40443.6974789916,69735.26050420168,1584.252100840336,264.30252100840335,2788.6050420168067,1710.9915966386552,453.39495798319325,1787.0084033613446,376.48739495798316,1868.9579831932772,2085.411764705882,557.6302521008403,0,0,0,0,0,0,0,0,0,0,0,0,0,0,0,0,0,0,0,0
1693105928,0.9768730973692574,0.3452720743946229,0.19295913554307284,0.08231581835642757,1.7489484170909892,0.7420988301030214,0.08260594212076995,0.12750919887791906,0.21566513086952277,0.04894882400450334,0,0.08908685968819595,0.18035891423933645,0.567013962718832,0.2287963026517491,13.28661073197328,3.0138829389558968,0.8717284057287426,0.4428159171354102,9.991714387868052,8.593004542081369,0.30533688630668826,0.6347860322780431,2.831088897166947,1.1209135000856598,0,0.2947989265033409,2.584452903778509,2.688162907836606,1.0558062461390623,11.858785042482618,2.8312310100359093,1.0076754856138248,0.2469474550692827,7.726367057781713,7.202723939235195,0.4405650246441058,0.41895879631316274,2.6271934124105547,0.8076555960743045,0,0.15590200445434302,2.02903778519253,1.3939093250171282,0.7779074290159473,50000,100000,50000,50000,50000,50000,10000,50000,50000,20000,50000,0,1351680,0,220594176,0,0,540672,0,0,2973696,0,0,0,0,1081344,4279.249397973556,0,2.830067321298401,7.24379201536562,336.0637591321673,2667.8889470927184,1.8173307266569374,0,399.84315263209487,4.845933576445827,0,19.10913140311804,270.80890973036344,17.152172372244667,6.0402223900061776,0,0,0,0,0,0,0,0,0,0,0,0,0,0,0,224342016,71208960,8835072,439984128,111349760,349663232,37281792,8531968,310304768,93900800,4952064,3993600,305532928,14376960,134160384,207753216,66908160,7704576,199372800,104079360,328323072,34873344,7299072,291151872,81371136,4055040,2568192,294260736,13246464,33521664,0,0,0,0,0,0,0,0,0,0,0,0,0,0,0,209719296,70971392,8552448,424857600,107794432,331198464,37150720,8327168,295600128,90968064,4796416,2949120,296583168,14045184,36196352,192823296,69619712,8552448,211562496,107794432,331198464,36610048,8327168,295600128,87994368,4796416,2949120,296583168,14045184,35115008,1073741824,1073741824,314572800,0,1073741824,1073741824,1073741824,314572800,1073741824,0,0,0,1073741824,314572800,2147483648,10.035908295737041,0,4.983891841286449,0,,13.659139268309424,38761.808304944294,0,21908.417545502103,0,,45779.760679067425,10.035908295737041,0,4.983891841286449,0,,13.659139268309424,38761.808304944294,0,21908.417545502103,0,,45779.760679067425,99.10920636345277,50.183756923236196,481.8434594953519,21.27616665994434,32.64838769573559,39.0679299118411,17.579640426522424,47.83754034961978,56.700430783560364,95.21548410437299,0,0,0,0,0,0,0,0,0,0,118751.38555433392,120916.27413427197,1577356.8642098273,99713.3263421127,330889.1811598688,549326.7732377364,3191.5360571061206,7134.974243096787,602023.5883106298,124144.16858861303,0,0,0,0,0,0,0,0,0,0,118.7425673704759,41.668823438066156,466.1354581673306,28.919453071431455,44.717459924490925,52.84047261952665,15.473630539360217,59.2614305823648,76.63290254977296,127.50418305973861,0,0,0,0,0,0,0,0,0,0,23491.753988377048,6694.782338630364,143953.74750996014,5966.280805065947,11820.57312619917,6539.762958627502,2943.780620275333,8305.943391757139,18221.07346606124,23957.21973499751,0,0,0,0,0,0,0,0,0,0,34,10,44,14,10,2,12,106,0,0,0,0,0.008145848191816175,0.0030902977905859744,0.030744849445324882,0.01759640102827763,0.0014755548792110393,0.003033898305084746,0.003369095718944995,0.0032093765268665373,0.02180202345451003,0.004762536023054755,0.0732824427480916,0.049262295081967215,0.004295110975842208,0.004661016949152543,0.0073714712024498495,0.004976877748359767,0.024749007718530443,0.004971565802113352,0.08778625954198468,0.07901960784313729,0.004647555487921104,0.004864406779661017,0.0094965964136337,0.0074175384086292255,0.07944975188273244,0.009013333333333338,0.09938931297709924,0.15580000000000005,0.00492951109758422,0.008999999999999935,0.06854968990033135,0.009577634168441295,0.4609107689273402,0.375,0.3858112937812723,0.45933333333333337,0.8844800186822859,0.375,0.4607967530795582,0.4890088010215638,2.1819488617738116,2.162809917355372,0.49446032880629026,2.1276679841897237,2.131547462578782,0.475,2.131460261292017,2.19199409996765,2.340974430886906,2.331404958677686,0.6859504132231399,2.313833992094862,2.3157737312893905,0.4875,2.315730130646008,2.3459970499838247,2.468194886177381,2.4662809917355375,0.9371900826446283,2.462766798418972,2.4631547462578784,0.4975,2.463146026129202,2.469199409996765,395.81860418139274,397.5126050420139,396.88997226191884,392.5199037215343,397.10881491703594,132957624.48237553,19313500.50420168,0,0,18049365.689475276,3604279012.8943205,2607159829.5126047,679791674.2708246,4882927358.771944,4384599740.163575,0,0,0,0,0,14.813318520014814,1.2941176470588234,4.908800537950743,1.0604096884415344,16.037831106324255,0,0,0,0,0,60175.47049119618,12399.865546218487,1060391.2919223332,40504.283718503306,69309.81791255763,1577.5174224825778,264.84033613445376,2790.064722198874,1712.9319486290415,454.29302278617337,1780.796552536781,377.5798319327731,1869.4460788434055,2087.9298446415646,558.5641681532092,0,0,0,0,0,0,0,0,0,0,0,0,0,0,0,0,0,0,0,0
1693105929,0.9768730973692574,0.3452720743946229,0.1929591355430728,0.08231581835642757,1.7489484170909892,0.7420988301030214,0.092886733916662,0.11496367147981236,0.21566513086952277,0.04894882400450334,0,0.08908685968819595,0.18035891423933645,0.4855198809270677,0.2287963026517491,13.28661073197328,3.0138829389558968,0.8717284057287426,0.4428159171354102,9.991714387868052,8.593004542081369,0.3073088613944155,0.6311162443667802,2.831088897166947,1.1209135000856598,0.00003931330279505632,0.2947989265033409,2.584452903778509,2.3018066939077895,1.0558062461390623,11.858785042482618,2.8312310100359093,1.0076754856138248,0.2469474550692827,7.726367057781713,7.202723939235195,0.44585632279997767,0.4138692173273247,2.6271934124105547,0.8076555960743045,0,0.15590200445434302,2.02903778519253,1.1935697072790412,0.7779074290159473,50000,100000,50000,50000,50000,50000,10000,50000,50000,20000,50000,0,1351680,0,220594176,0,0,540672,0,0,2973696,0,0,0,0,1081344,4279.249397973556,0,2.8300673212984004,7.24379201536562,336.0637591321673,2667.8889470927184,2.4522097753998775,0,399.84315263209487,4.845933576445827,0,19.10913140311804,270.80890973036344,14.6869763980438,6.0402223900061776,0,0,0,0,0,0,0,0,0,0,0,0,0,0,0,224342016,71208960,8835072,439984128,111349760,349663232,37552128,8531968,310304768,93900800,4952064,3993600,305532928,14376960,134160384,207753216,66908160,7704576,199372800,104079360,328323072,34873344,7299072,291151872,81371136,4055040,2568192,294260736,13246464,33521664,0,0,0,0,0,0,0,0,0,0,0,0,0,0,0,209719296,70971392,8552448,424857600,107794432,331198464,37421056,8327168,295600128,90968064,4796416,2949120,296583168,14045184,36196352,192823296,69619712,8552448,211562496,107794432,331198464,36880384,8327168,295600128,87994368,4796416,2949120,296583168,14045184,35115008,1073741824,1073741824,314572800,0,1073741824,1073741824,1073741824,314572800,1073741824,0,0,0,1073741824,314572800,2147483648,10.035908295737041,0,4.904419550799755,0,,13.659139268309424,38761.808304944294,0,20602.12896394137,0,,45779.760679067425,10.035908295737041,0,4.904419550799755,0,,13.659139268309424,38761.808304944294,0,20602.12896394137,0,,45779.760679067425,99.10920636345277,50.183756923236196,481.8434594953519,21.27616665994434,32.64838769573559,39.0679299118411,17.579640426522424,46.882588036151084,56.700430783560364,95.21548410437299,0,0,0,0,0,0,0,0,0,0,118751.38555433392,120916.27413427197,1577356.8642098273,99713.3263421127,330889.1811598688,549326.7732377364,3191.5360571061206,6992.543003735648,602023.5883106298,124144.16858861303,0,0,0,0,0,0,0,0,0,0,118.7425673704759,41.668823438066156,466.1354581673306,28.919453071431455,44.71745992449093,52.84047261952665,15.473630539360217,58.07842995523195,76.63290254977296,127.50418305973861,0,0,0,0,0,0,0,0,0,0,23491.753988377048,6694.782338630364,143953.74750996014,5966.280805065947,11820.573126199171,6539.762958627502,2943.780620275333,8140.136793016291,18221.07346606124,23957.21973499751,0,0,0,0,0,0,0,0,0,0,56,12,54,10,6,2,6,104,0,0,0,0,0.008145972444679182,0.0030902977905859744,0.030744849445324882,0.01759640102827763,0.0014761904761904762,0.003033898305084746,0.0033691148775894537,0.003209436687530092,0.021802103250478006,0.004762536023054755,0.0732824427480916,0.049262295081967215,0.004295238095238096,0.0046610169491525435,0.007371621621621622,0.004976986037554166,0.024749043977055435,0.004971565802113352,0.08778625954198468,0.07901960784313729,0.004647619047619047,0.004864406779661017,0.009496621621621622,0.007418235294117656,0.0794499999999999,0.009013333333333338,0.09938931297709924,0.15580000000000005,0.004929523809523809,0.009000000000000015,0.0685500000000001,0.009577764705882364,0.46079088471849866,0.375,0.3858112937812723,0.45933333333333337,0.8843873517786561,0.375,0.46079088471849866,0.4888540899042005,2.181888544891641,2.162809917355372,0.49446032880629026,2.1276679841897237,2.1314453125,0.475,2.1314453125,2.191875559534467,2.3409442724458205,2.331404958677686,0.6859504132231399,2.313833992094862,2.31572265625,0.4875,2.31572265625,2.3459377797672336,2.468188854489164,2.4662809917355375,0.9371900826446283,2.462766798418972,2.46314453125,0.4975,2.46314453125,2.469187555953447,395.7478991596538,397.5126050420015,396.924369747904,392.5042016806837,397.075630252107,132747573.7815126,19313500.50420168,0,0,18025704.336134452,3598666846.6554623,2663820864.537815,679669174.8571428,4875707056.403361,4378845252.840336,0,0,0,0,0,14.84033613445378,1.3277310924369747,4.9075630252100835,1.0588235294117647,15.966386554621849,0,0,0,0,0,60243.899159663866,16874.48739495798,1060123.9663865545,40443.6974789916,69150.11764705883,1574.504201680672,263.8487394957983,2790.974789915966,1707.764705882353,453.781512605042,1777.8487394957983,376.13445378151255,1869.9327731092437,2082.6050420168067,557.9159663865546,0,0,0,0,0,0,0,0,0,0,0,0,0,0,0,0,0,0,0,0
1693105930,0.9768730973692574,0.3452720743946229,0.1929591355430728,0.07179008578915258,1.826804848059019,0.7420988301030214,0.092886733916662,0.11496367147981236,0.21566513086952277,0.04894882400450334,0,0.08908685968819595,0.18035891423933645,0.47606964821508724,0.2287963026517491,13.28661073197328,3.0138829389558968,0.8717284057287426,0.4488737140600886,10.037199264008436,8.593004542081369,0.3073088613944155,0.6311162443667802,2.831088897166947,1.1209135000856598,0.000048779340268699754,0.2947989265033409,2.584452903778509,2.2570039787771794,1.0558062461390623,11.858785042482618,2.8312310100359093,1.0076754856138248,0.28716034315660993,7.781486035482174,7.202723939235195,0.44585632279997767,0.4138692173273247,2.6271934124105547,0.8076555960743045,0,0.15590200445434302,2.02903778519253,1.1703378851954225,0.7779074290159473,50000,100000,50000,50000,50000,50000,10000,50000,50000,20000,50000,0,1351680,0,220594176,0,0,540672,0,0,2973696,0,0,0,0,1081344,4279.249397973556,0,2.8300673212984004,4.738145662084066,323.44985069383455,2667.8889470927184,2.4522097753998775,0,399.84315263209487,4.845933576445827,0,19.10913140311804,270.80890973036344,14.401106858506388,6.0402223900061776,0,0,0,0,0,0,0,0,0,0,0,0,0,0,0,224342016,71208960,8835072,439984128,111349760,349663232,37552128,8531968,310304768,93900800,4952064,3993600,305532928,14376960,134160384,207753216,66908160,7704576,199372800,104349696,328323072,34873344,7299072,291151872,81371136,4055040,2568192,294260736,13246464,33521664,0,0,0,0,0,0,0,0,0,0,0,0,0,0,0,209719296,70971392,8552448,424857600,107909120,331198464,37421056,8327168,295600128,90968064,4796416,2949120,296583168,14045184,36196352,192823296,69619712,8552448,211562496,107909120,331198464,36880384,8327168,295600128,87994368,4796416,2949120,296583168,14045184,35115008,1073741824,1073741824,314572800,0,1073741824,1073741824,1073741824,314572800,1073741824,0,0,0,1073741824,314572800,2147483648,10.035908295737041,0,4.904419550799755,0,,13.659139268309424,38761.808304944294,0,20602.12896394137,0,,45779.760679067425,10.035908295737041,0,4.904419550799755,0,,13.659139268309424,38761.808304944294,0,20602.12896394137,0,,45779.760679067425,99.10920636345277,50.183756923236196,481.8434594953519,21.27616665994434,32.64838769573559,33.35127200627381,17.579640426522424,59.3092456637108,56.700430783560364,95.6028174793134,0,0,0,0,0,0,0,0,0,0,118751.38555433392,120916.27413427197,1577356.8642098273,99713.3263421127,330889.1811598688,474337.28524023364,3191.5360571061206,8852.303362213666,602023.5883106298,124725.26157423235,0,0,0,0,0,0,0,0,0,0,118.7425673704759,41.668823438066156,466.1354581673306,28.919453071431455,44.71745992449093,45.02752805612083,15.473630539360217,72.51733667915697,76.63290254977296,127.65848321137932,0,0,0,0,0,0,0,0,0,0,23491.753988377048,6694.782338630364,143953.74750996014,5966.280805065947,11820.573126199171,5498.28054968817,2943.780620275333,10252.208413164004,18221.07346606124,24138.565957737806,0,0,0,0,0,0,0,0,0,0,36,32,68,10,10,2,10,50,0,0,0,0,0.008145972444679182,0.0030902977905859744,0.030744849445324882,0.01759640102827763,0.0014761904761904762,0.003033898305084746,0.0033691148775894537,0.0032092292824353707,0.021802103250478006,0.004762536023054755,0.0732824427480916,0.049262295081967215,0.004295238095238096,0.0046610169491525435,0.007371621621621622,0.004976612708383668,0.024749043977055435,0.004971565802113352,0.08778625954198468,0.07901960784313729,0.004647619047619047,0.004864406779661017,0.009496621621621622,0.007416075650118196,0.0794499999999999,0.009013333333333338,0.09938931297709924,0.15580000000000005,0.004929523809523809,0.009000000000000015,0.0685500000000001,0.009577777777777775,0.46079088471849866,0.375,0.3858112937812723,0.45933333333333337,0.8843873517786561,0.375,0.46079088471849866,0.4872881355932203,2.181888544891641,2.162809917355372,0.49446032880629026,2.1276679841897237,2.1314453125,0.475,2.1314453125,2.1906630581867383,2.3409442724458205,2.331404958677686,0.6859504132231399,2.313833992094862,2.31572265625,0.4875,2.31572265625,2.3453315290933694,2.468188854489164,2.4662809917355375,0.9371900826446283,2.462766798418972,2.46314453125,0.4975,2.46314453125,2.4690663058186737,395.81512605040115,397.4789915966479,396.90756302519503,392.50420168067757,397.0756302520916,132747573.7815126,19313500.50420168,0,0,18025704.336134452,3598633390.2521005,2720502758.184874,679607149.7142857,4967692546.15126,4378857162.218487,0,0,0,0,0,14.873949579831931,1.3277310924369747,4.9075630252100835,1.0588235294117647,15.848739495798318,0,0,0,0,0,60347.15966386555,16874.48739495798,1060123.9663865545,40443.6974789916,68625.2100840336,1570.4033613445376,263.327731092437,2786.991596638655,1698.689075630252,451.04201680672264,1773.4453781512605,375.5966386554622,1866.8235294117646,2073.9159663865544,555.1428571428572,0,0,0,0,0,0,0,0,0,0,0,0,0,0,0,0,0,0,0,0
1693105931,0.9768730973692574,0.3534223059963985,0.1929591355430728,0.07179008578915258,1.826804848059019,0.7420988301030214,0.092886733916662,0.11496367147981236,0.22431024599356997,0.04894882400450334,0,0.08908685968819595,0.18035891423933645,0.5324813631522896,0.2287963026517491,13.28661073197328,3.0536187785051916,0.8717284057287426,0.4488737140600886,10.037199264008436,8.593004542081369,0.3073088613944155,0.6311162443667802,2.112786745756803,1.1209135000856598,0.000048779340268699754,0.2947989265033409,2.584452903778509,2.68311237912673,1.0558062461390623,11.858785042482618,2.6927413790201795,1.0076754856138248,0.28716034315660993,7.781486035482174,7.202723939235195,0.44585632279997767,0.4138692173273247,1.8692520499464147,0.8076555960743045,0,0.15590200445434302,2.02903778519253,1.2566560170394032,0.7779074290159473,50000,100000,50000,50000,50000,50000,10000,50000,50000,20000,50000,0,1622016,0,220594176,0,0,540672,0,0,2973696,0,0,0,0,1081344,4279.249397973556,0,2.8300673212984004,4.738145662084066,323.44985069383455,2667.8889470927184,2.4522097753998775,0,157.91441317947312,4.845933576445827,0,19.10913140311804,270.80890973036344,2.8115015974440896,6.0402223900061776,0,0,0,0,0,0,0,0,0,0,0,0,0,0,0,224342016,71417856,8835072,439984128,111349760,349663232,37552128,8531968,310304768,93900800,4952064,3993600,305532928,14376960,134160384,207753216,66908160,7704576,199372800,104349696,328323072,34873344,7299072,291151872,81371136,4055040,2568192,294260736,13381632,33521664,0,0,0,0,0,0,0,0,0,0,0,0,0,0,0,209719296,71139328,8552448,424857600,107909120,331198464,37421056,8327168,295600128,90968064,4796416,2949120,296583168,14082048,36196352,192823296,69517312,8552448,211562496,107909120,331198464,36880384,8327168,295600128,87994368,4796416,2949120,296583168,14082048,35115008,1073741824,1073741824,314572800,0,1073741824,1073741824,1073741824,314572800,1073741824,0,0,0,1073741824,314572800,2147483648,10.148269072182298,0,4.904419550799755,0,,13.659139268309424,38396.337871724536,0,20602.12896394137,0,,45779.760679067425,10.148269072182298,0,4.904419550799755,0,,13.659139268309424,38396.337871724536,0,20602.12896394137,0,,45779.760679067425,99.10920636345277,50.183756923236196,481.8434594953519,20.895873800694567,32.64838769573559,38.922232812137764,17.579640426522424,61.555251120347364,56.700430783560364,95.6028174793134,0,0,0,0,0,0,0,0,0,0,118751.38555433392,120916.27413427197,1577356.8642098273,99890.39967037494,330889.1811598688,553570.0780505397,3191.5360571061206,9196.20591171895,602023.5883106298,124725.26157423235,0,0,0,0,0,0,0,0,0,0,118.7425673704759,41.668823438066156,466.1354581673306,28.253575843192653,44.71745992449093,52.548878184487776,15.473630539360217,74.79044279843035,76.63290254977296,127.65848321137932,0,0,0,0,0,0,0,0,0,0,23491.753988377048,6694.782338630364,143953.74750996014,5682.471010653952,11820.573126199171,6416.707452152186,2943.780620275333,10643.67148861077,18221.07346606124,24138.565957737806,0,0,0,0,0,0,0,0,0,0,41.724,20,50,12,10,2,10,100,0,0,0,0,0.008146008674096511,0.0030902977905859744,0.030744849445324882,0.01759640102827763,0.0014761904761904762,0.003033898305084746,0.0033691148775894537,0.0032092292824353707,0.02180212651815829,0.004762536023054755,0.0732824427480916,0.049262295081967215,0.004295238095238096,0.0046610169491525435,0.007371621621621622,0.004976612708383668,0.024749054549666923,0.004971565802113352,0.08778625954198468,0.07901960784313729,0.004647619047619047,0.004864406779661017,0.009496621621621622,0.007416075650118196,0.07945007234868545,0.009013333333333338,0.09938931297709924,0.15580000000000005,0.004929523809523809,0.009000000000000015,0.0685500000000001,0.009577777777777775,0.4607559308467105,0.375,0.3858112937812723,0.45933333333333337,0.8843873517786561,0.375,0.46079088471849866,0.4872881355932203,2.181870952467674,2.162809917355372,0.49446032880629026,2.1276679841897237,2.1314453125,0.475,2.1314453125,2.1906630581867383,2.3409354762338372,2.331404958677686,0.6859504132231399,2.313833992094862,2.31572265625,0.4875,2.31572265625,2.3453315290933694,2.468187095246768,2.4662809917355375,0.9371900826446283,2.462766798418972,2.46314453125,0.4975,2.46314453125,2.4690663058186737,395.831932773107,397.4789915966426,396.9830508474504,392.5042016806659,397.04201680673543,132747436.10084033,19313500.50420168,0,0,18025704.336134452,3598726531.2268906,2777181622.857143,633194947.2542373,4783929808.672269,4456971943.798319,0,0,0,0,0,14.84033613445378,1.3277310924369747,4.932203389830509,1.0756302521008403,15.983193277310924,0,0,0,0,0,60243.899159663866,16874.48739495798,1069038.6440677966,40719.05882352941,69072.67226890755,1565.5294117647059,262.7226890756302,2790.2372881355936,1705.2268907563025,453.64705882352945,1768.6218487394956,375.05882352941177,1869.1355932203392,2079.226890756302,557.7647058823529,0,0,0,0,0,0,0,0,0,0,0,0,0,0,0,0,0,0,0,0
1693105932,0.9768730973692574,0.42490383755255395,0.1929591355430728,0.07179008578915258,1.826804848059019,0.7420988301030214,0.092886733916662,0.11496367147981236,0.22431024599356997,0.04894882400450334,0,0.08908685968819595,0.18035891423933645,0.5324813631522896,0.2287963026517491,13.28661073197328,3.1625980946417394,0.8717284057287426,0.4488737140600886,10.037199264008436,8.593004542081369,0.3073088613944155,0.6311162443667802,2.112786745756803,1.1209135000856598,0.000048779340268699754,0.2947989265033409,2.584452903778509,2.68311237912673,1.0558062461390623,11.858785042482618,2.7506932641560082,1.0076754856138248,0.28716034315660993,7.781486035482174,7.202723939235195,0.44585632279997767,0.4138692173273247,1.8692520499464147,0.8076555960743045,0,0.15590200445434302,2.02903778519253,1.2566560170394032,0.7779074290159473,50000,100000,50000,50000,50000,50000,10000,50000,50000,20000,50000,0,1622016,0,220594176,0,0,540672,0,0,2973696,0,0,0,0,1081344,4279.249397973556,0,2.8300673212984004,4.738145662084066,323.44985069383455,2667.8889470927184,2.4522097753998775,0,157.91441317947312,4.845933576445827,0,19.10913140311804,270.80890973036344,2.8115015974440896,6.0402223900061776,0,0,0,0,0,0,0,0,0,0,0,0,0,0,0,224342016,71417856,8835072,439984128,111349760,349663232,37552128,8531968,310304768,93900800,4952064,3993600,305532928,14376960,134160384,207753216,66908160,7704576,199372800,104349696,328323072,34873344,7299072,291151872,81371136,4055040,2568192,294260736,13381632,33521664,0,0,0,0,0,0,0,0,0,0,0,0,0,0,0,209719296,71139328,8552448,424857600,107909120,331198464,37421056,8327168,295600128,90968064,4796416,2949120,296583168,14082048,36196352,192823296,69517312,8552448,211562496,107909120,331198464,36880384,8327168,295600128,87994368,4796416,2949120,296583168,14082048,35115008,1073741824,1073741824,314572800,0,1073741824,1073741824,1073741824,314572800,1073741824,0,0,0,1073741824,314572800,2147483648,10.801502817783344,0,4.904419550799755,0,,13.659139268309424,41277.395115842206,0,20602.12896394137,0,,45779.760679067425,10.801502817783344,0,4.904419550799755,0,,13.659139268309424,41277.395115842206,0,20602.12896394137,0,,45779.760679067425,99.10920636345277,50.47199746152626,481.8434594953519,20.895873800694567,32.64838769573559,38.922232812137764,13.705277848338596,61.555251120347364,56.700430783560364,92.4180372272422,0,0,0,0,0,0,0,0,0,0,118751.38555433392,121803.88307155322,1577356.8642098273,99890.39967037494,330889.1811598688,553570.0780505397,2501.422676633886,9196.20591171895,602023.5883106298,124145.76697219875,0,0,0,0,0,0,0,0,0,0,118.7425673704759,41.587339362208475,466.1354581673306,28.253575843192653,44.71745992449093,52.548878184487776,12.298841038574592,74.79044279843035,76.63290254977296,124.33638865414201,0,0,0,0,0,0,0,0,0,0,23491.753988377048,6744.645406949072,143953.74750996014,5682.471010653952,11820.573126199171,6416.707452152186,2314.037414873414,10643.67148861077,18221.07346606124,23536.67468417517,0,0,0,0,0,0,0,0,0,0,36,21.682,50,14,18,2.028,18,75.083,0,0,0,0,0.008138119920098877,0.0030914285714285714,0.03045760697305864,0.017141057934508815,0.0015513196480938416,0.003037037037037037,0.0033473053892215565,0.0032035376787012356,0.021662570888468815,0.004764571428571427,0.0723887814313346,0.04048387096774188,0.004310263929618768,0.004666666666666666,0.007238095238095239,0.0049663678216622245,0.024578922495274106,0.004973714285714285,0.08711315280464214,0.06124999999999984,0.004655131964809384,0.00487037037037037,0.009571428571428573,0.007343673965936731,0.07764130434782593,0.009023913043478266,0.09889264990328818,0.09974999999999998,0.004931026392961876,0.0095,0.0706,0.009556326034063253,0.4595788043478261,0.375,0.3858889682256337,0.45923913043478265,0.870967741935484,0.375,0.45530726256983245,0.4895137342242019,2.181578947368421,2.16319018404908,0.4946001428061406,2.1274193548387097,2.116521739130435,0.475,2.116521739130435,2.1923545331529093,2.340789473684211,2.3315950920245396,0.6880122950819668,2.313709677419355,2.3082608695652174,0.4875,2.308260869565217,2.3461772665764546,2.4681578947368417,2.466319018404908,0.9376024590163929,2.462741935483871,2.461652173913043,0.4975,2.461652173913043,2.4692354533152905,395.8487394957838,397.3613445377977,396.8739495798451,392.4705882352984,397.058823529405,116154161.4789916,19313500.50420168,0,0,18025704.336134452,3457783515.428571,2720465377.882353,628964618.7563025,4783899931.966387,4378878640.403361,0,0,0,0,0,14.941176470588236,1.3277310924369747,4.890756302521008,1.0756302521008403,15.865546218487394,0,0,0,0,0,60588.100840336134,16874.48739495798,1060055.12605042,40719.05882352941,68633.81512605042,1569.1596638655462,263.3781512605042,2790.453781512605,1701.159663865546,451.7142857142857,1772.0168067226891,375.7983193277311,1869.2605042016805,2074.991596638655,555.8991596638655,0,0,0,0,0,0,0,0,0,0,0,0,0,0,0,0,0,0,0,0
1693105933,0.9768730973692574,0.42490383755255395,0.1929591355430728,0.07179008578915258,1.8569493598986315,0.7420988301030214,0.092886733916662,0.11496367147981236,0.22431024599356997,0.04894882400450334,0,0.08908685968819595,0.18035891423933645,0.5324813631522896,0.2287963026517491,13.28661073197328,3.1625980946417394,0.8717284057287426,0.4488737140600886,10.046785039542101,8.593004542081369,0.3073088613944155,0.6311162443667802,2.112786745756803,1.1209135000856598,0.000048779340268699754,0.2947989265033409,2.584452903778509,2.68311237912673,1.0558062461390623,11.858785042482618,2.7506932641560082,1.0076754856138248,0.28716034315660993,7.711801459343735,7.202723939235195,0.44585632279997767,0.4138692173273247,1.8692520499464147,0.8076555960743045,0,0.15590200445434302,2.02903778519253,1.2566560170394032,0.7779074290159473,50000,100000,50000,50000,50000,50000,10000,50000,50000,20000,50000,0,1622016,0,220594176,0,0,540672,0,0,2973696,0,0,0,0,1081344,4279.249397973556,0,2.8300673212984004,4.738145662084066,330.18744265303445,2667.8889470927184,2.4522097753998775,0,157.91441317947312,4.845933576445827,0,19.10913140311804,270.80890973036344,2.8115015974440896,6.0402223900061776,0,0,0,0,0,0,0,0,0,0,0,0,0,0,0,224342016,71417856,8835072,439984128,111349760,349663232,37552128,8531968,310304768,93900800,4952064,3993600,305532928,14376960,134160384,207753216,66908160,7704576,199372800,104349696,328323072,34873344,7299072,291151872,81371136,4055040,2568192,294260736,13381632,33521664,0,0,0,0,0,0,0,0,0,0,0,0,0,0,0,209719296,71139328,8552448,424857600,107909120,331198464,37421056,8327168,295600128,90968064,4796416,2949120,296583168,14082048,36196352,192823296,69517312,8552448,211562496,107909120,331198464,36880384,8327168,295600128,87994368,4796416,2949120,296583168,14082048,35115008,1073741824,1073741824,314572800,0,1073741824,1073741824,1073741824,314572800,1073741824,0,0,0,1073741824,314572800,2147483648,10.801502817783344,0,4.904419550799755,0,,13.659139268309424,41277.395115842206,0,20602.12896394137,0,,45779.760679067425,10.801502817783344,0,4.904419550799755,0,,13.659139268309424,41277.395115842206,0,20602.12896394137,0,,45779.760679067425,101.28801672398677,50.47199746152626,481.8434594953519,20.895873800694567,32.64838769573559,38.922232812137764,11.450000000000001,61.555251120347364,56.700430783560364,92.4180372272422,0,0,0,0,0,0,0,0,0,0,118871.80524647649,121803.88307155322,1577356.8642098273,99890.39967037494,330889.1811598688,553570.0780505397,2089.8,9196.20591171895,602023.5883106298,124145.76697219875,0,0,0,0,0,0,0,0,0,0,120.2710904309124,41.587339362208475,466.1354581673306,28.253575843192653,44.71745992449093,52.548878184487776,10.275,74.79044279843035,76.63290254977296,124.33638865414201,0,0,0,0,0,0,0,0,0,0,24041.017600647378,6744.645406949072,143953.74750996014,5682.471010653952,11820.573126199171,6416.707452152186,1933.25,10643.67148861077,18221.07346606124,23536.67468417517,0,0,0,0,0,0,0,0,0,0,40,22,48,4,6,2,6,48,0,0,0,0,0.008138119920098877,0.0030914285714285714,0.03045760697305864,0.017141057934508815,0.0014672364672364668,0.003033898305084746,0.0033270676691729323,0.0032035376787012356,0.021662570888468815,0.004764571428571427,0.0723887814313346,0.04048387096774188,0.004293447293447294,0.0046610169491525435,0.006992063492063494,0.0049663678216622245,0.024578922495274106,0.004973714285714285,0.08711315280464214,0.06124999999999984,0.004646723646723647,0.004864406779661017,0.009448412698412699,0.007343673965936731,0.07764130434782593,0.009023913043478266,0.09889264990328818,0.09974999999999998,0.004929344729344729,0.009000000000000015,0.06905000000000044,0.009556326034063253,0.4595788043478261,0.375,0.3858889682256337,0.45923913043478265,0.8830645161290323,0.375,0.46025815217391314,0.4895137342242019,2.181578947368421,2.16319018404908,0.4946001428061406,2.1274193548387097,2.130952380952381,0.475,2.1300796812749003,2.1923545331529093,2.340789473684211,2.3315950920245396,0.6880122950819668,2.313709677419355,2.3154761904761902,0.4875,2.315039840637451,2.3461772665764546,2.4681578947368417,2.466319018404908,0.9376024590163929,2.462741935483871,2.4630952380952387,0.4975,2.4630079681274903,2.4692354533152905,395.882352941172,397.27731092436807,396.8067226890812,392.42016806721176,397.0252100840395,116154161.4789916,19313500.50420168,0,0,18025704.336134452,3457771193.0084033,2720452091.697479,734119953.210084,4783997409.882353,4300853626.621848,0,0,0,0,0,14.941176470588236,1.3277310924369747,4.890756302521008,1.0756302521008403,15.865546218487394,0,0,0,0,0,60579.49579831932,16874.48739495798,1060055.12605042,40719.05882352941,68642.42016806723,1570.3529411764705,263.5966386554622,2789.9663865546217,1705.613445378151,453.42857142857144,1773.109243697479,375.98319327731093,1868.7731092436973,2079.865546218487,557.5294117647059,0,0,0,0,0,0,0,0,0,0,0,0,0,0,0,0,0,0,0,0
1693105934,0.9768730973692574,0.42490383755255395,0.1929591355430728,0.05547542438699661,1.8569493598986315,0.7420988301030214,0.092886733916662,0.11496367147981236,0.22431024599356997,0.05574550319607557,0,0.08908685968819595,0.18035891423933645,0.5324813631522896,0.2287963026517491,13.28661073197328,3.1625980946417394,0.8717284057287426,0.4457128397869745,10.046785039542101,8.593004542081369,0.3073088613944155,0.6311162443667802,2.112786745756803,1.1059148450274998,0.000048779340268699754,0.2947989265033409,2.584452903778509,2.68311237912673,1.0558062461390623,11.858785042482618,2.7506932641560082,1.0076754856138248,0.3328525463219797,7.711801459343735,7.202723939235195,0.44585632279997767,0.4138692173273247,1.8692520499464147,0.7990188791437486,0,0.15590200445434302,2.02903778519253,1.2566560170394032,0.7779074290159473,50000,100000,50000,50000,50000,50000,10000,50000,50000,20000,50000,0,1622016,0,220594176,0,0,540672,0,0,2973696,0,0,0,0,1081344,4279.249397973556,0,2.8300673212984004,3.661378009541773,330.18744265303445,2667.8889470927184,2.4522097753998775,0,157.91441317947312,6.132005351568306,0,19.10913140311804,270.80890973036344,2.8115015974440896,6.0402223900061776,0,0,0,0,0,0,0,0,0,0,0,0,0,0,0,224342016,71417856,8835072,439984128,111349760,349663232,37552128,8531968,310304768,93900800,4952064,3993600,305532928,14376960,134160384,207753216,66908160,7704576,199372800,104349696,328323072,34873344,7299072,291151872,81506304,4055040,2568192,294260736,13381632,33521664,0,0,0,0,0,0,0,0,0,0,0,0,0,0,0,209719296,71139328,8552448,424857600,107909120,331198464,37421056,8327168,295600128,91197440,4796416,2949120,296583168,14082048,36196352,192823296,69517312,8552448,211562496,107909120,331198464,36880384,8327168,295600128,88223744,4796416,2949120,296583168,14082048,35115008,1073741824,1073741824,314572800,0,1073741824,1073741824,1073741824,314572800,1073741824,0,0,0,1073741824,314572800,2147483648,10.801502817783344,0,4.904419550799755,0,,13.659139268309424,41277.395115842206,0,20602.12896394137,0,,45779.760679067425,10.801502817783344,0,4.904419550799755,0,,13.659139268309424,41277.395115842206,0,20602.12896394137,0,,45779.760679067425,102.98397343935729,50.47199746152626,481.8434594953519,20.895873800694567,33.56926188068756,38.922232812137764,11.450000000000001,61.555251120347364,56.700430783560364,92.4180372272422,0,0,0,0,0,0,0,0,0,0,119123.519285158,121803.88307155322,1577356.8642098273,99890.39967037494,334668.14964610717,553570.0780505397,2089.8,9196.20591171895,602023.5883106298,124145.76697219875,0,0,0,0,0,0,0,0,0,0,122.14616551215313,41.587339362208475,466.1354581673306,28.253575843192653,46.14762386248736,52.548878184487776,10.275,74.79044279843035,76.63290254977296,124.33638865414201,0,0,0,0,0,0,0,0,0,0,24501.106693445916,6744.645406949072,143953.74750996014,5682.471010653952,12094.196157735085,6416.707452152186,1933.25,10643.67148861077,18221.07346606124,23536.67468417517,0,0,0,0,0,0,0,0,0,0,44,28,60,10,8,2,10,94,0,0,0,0,0.008138119920098877,0.0030914285714285714,0.03045760697305864,0.017141057934508815,0.0014672364672364668,0.003033898305084746,0.0033270676691729323,0.0032035376787012356,0.021662570888468815,0.004764571428571427,0.0723887814313346,0.04048387096774188,0.004293447293447294,0.0046610169491525435,0.006992063492063494,0.0049663678216622245,0.024578922495274106,0.004973714285714285,0.08711315280464214,0.06124999999999984,0.004646723646723647,0.004864406779661017,0.009448412698412699,0.007343673965936731,0.07764130434782593,0.009023913043478266,0.09889264990328818,0.09974999999999998,0.004929344729344729,0.009000000000000015,0.06905000000000044,0.009556326034063253,0.4595788043478261,0.375,0.3858889682256337,0.45923913043478265,0.8830645161290323,0.375,0.46025815217391314,0.4895137342242019,2.181578947368421,2.16319018404908,0.4946001428061406,2.1274193548387097,2.130952380952381,0.475,2.1300796812749003,2.1923545331529093,2.340789473684211,2.3315950920245396,0.6880122950819668,2.313709677419355,2.3154761904761902,0.4875,2.315039840637451,2.3461772665764546,2.4681578947368417,2.466319018404908,0.9376024590163929,2.462741935483871,2.4630952380952387,0.4975,2.4630079681274903,2.4692354533152905,395.8655462185028,397.2436974789903,396.941176470596,392.2521008403372,397.0084033613569,116154092.63865545,19313500.50420168,0,0,18025704.336134452,3316810485.243697,2720435914.2184873,734144942.2521008,4692054463.462185,4222760323.2268906,0,0,0,0,0,15.042016806722689,1.3277310924369747,4.890756302521008,1.0588235294117647,16,0,0,0,0,0,59486.65546218487,16874.48739495798,1060055.12605042,40443.6974789916,69201.74789915966,1576.6890756302519,263.07563025210084,2789.27731092437,1717.8655462184872,456.5882352941176,1779.831932773109,375.47899159663865,1868.0504201680671,2091.9831932773104,560.6554621848738,0,0,0,0,0,0,0,0,0,0,0,0,0,0,0,0,0,0,0,0
1693105935,1.0373443983402477,0.42490383755255395,0.1929591355430728,0.05547542438699661,1.8569493598986315,0.6044987432789297,0.08187772925764183,0.11496367147981236,0.205254515599343,0.05574550319607557,0,0.06557377049180334,0.18035891423933645,0.5324813631522896,0.2227126399546476,15.106261209606442,3.1625980946417394,0.8717284057287426,0.4457128397869745,10.046785039542101,7.663956568356083,0.29364307314410454,0.6311162443667802,2.0153356676369634,1.1059148450274998,0.000048779340268699754,0.3036539803278687,2.584452903778509,2.68311237912673,1.0301418355570846,13.67408525084874,2.7506932641560082,1.0076754856138248,0.3328525463219797,7.711801459343735,6.33132894276352,0.4366812227074233,0.4138692173273247,1.7166741304672304,0.7990188791437486,0,0.13114754098360668,2.02903778519253,1.2566560170394032,0.6073981089672207,50000,100000,50000,50000,50000,50000,10000,50000,50000,20000,50000,0,1622016,0,220594176,0,0,540672,0,0,2973696,0,0,0,0,1081344,4761.410788381742,0,2.8300673212984004,3.661378009541773,330.18744265303445,2408.5138875632338,3.6026200873362444,0,130.54187192118226,6.132005351568306,0,28.13114754098361,270.80890973036344,2.8115015974440896,5.345103358911543,0,0,0,0,0,0,0,0,0,0,0,0,0,0,0,224342016,71417856,8835072,439984128,111349760,349663232,37552128,8531968,310304768,93900800,4952064,3993600,305532928,14376960,134160384,207753216,66908160,7704576,199372800,104349696,328323072,34873344,7299072,291151872,81506304,4055040,2568192,294260736,13381632,33521664,0,0,0,0,0,0,0,0,0,0,0,0,0,0,0,209719296,71139328,8552448,424857600,107909120,331198464,37421056,8327168,295702528,91197440,4796416,2949120,296583168,14082048,36335616,192823296,69517312,8552448,211562496,107909120,331198464,36880384,8327168,295702528,88223744,4796416,2949120,296583168,14082048,35254272,1073741824,1073741824,314572800,0,1073741824,1073741824,1073741824,314572800,1073741824,0,0,0,1073741824,314572800,2147483648,10.801502817783344,0,4.912663755458515,0,,14.59780121884554,41277.395115842206,0,21645.41484716157,0,,47975.05618432508,10.801502817783344,0,4.912663755458515,0,,14.59780121884554,41277.395115842206,0,21645.41484716157,0,,47975.05618432508,102.98397343935729,50.47199746152626,481.8434594953519,20.74920792694291,33.56926188068756,38.922232812137764,16.464761394819625,61.555251120347364,56.700430783560364,92.4180372272422,0,0,0,0,0,0,0,0,0,0,119123.519285158,121803.88307155322,1577356.8642098273,99226.12909237745,334668.14964610717,553570.0780505397,3005.3543939495353,9196.20591171895,602023.5883106298,124145.76697219875,0,0,0,0,0,0,0,0,0,0,122.14616551215313,41.587339362208475,466.1354581673306,27.831272907995277,46.14762386248736,52.548878184487776,14.746893336010533,74.79044279843035,76.63290254977296,124.33638865414201,0,0,0,0,0,0,0,0,0,0,24501.106693445916,6744.645406949072,143953.74750996014,5634.590296328508,12094.196157735085,6416.707452152186,2771.4119983044425,10643.67148861077,18221.07346606124,23536.67468417517,0,0,0,0,0,0,0,0,0,0,36,20,66,2,6,2,2,42,0,0,0,0,0.008138119920098877,0.0030914285714285714,0.03045760697305864,0.017141057934508815,0.0014672364672364668,0.003033898305084746,0.0033270676691729323,0.0032057392996108947,0.021662570888468815,0.004764571428571427,0.0723887814313346,0.04048387096774188,0.004293447293447294,0.0046610169491525435,0.006992063492063494,0.0049703307392996105,0.024578922495274106,0.004973714285714285,0.08711315280464214,0.06124999999999984,0.004646723646723647,0.004864406779661017,0.009448412698412699,0.0073874695863746865,0.07764130434782593,0.009023913043478266,0.09889264990328818,0.09974999999999998,0.004929344729344729,0.009000000000000015,0.06905000000000044,0.009594282238442822,0.4595788043478261,0.375,0.3858889682256337,0.45923913043478265,0.8830645161290323,0.375,0.46025815217391314,0.4884001484780995,2.181578947368421,2.16319018404908,0.4946001428061406,2.1274193548387097,2.130952380952381,0.475,2.1300796812749003,2.1914965986394566,2.340789473684211,2.3315950920245396,0.6880122950819668,2.313709677419355,2.3154761904761902,0.4875,2.315039840637451,2.345748299319727,2.4681578947368417,2.466319018404908,0.9376024590163929,2.462741935483871,2.4630952380952387,0.4975,2.4630079681274903,2.4691496598639455,395.84873949581413,397.2605042016897,396.8571428571584,392.1008403361299,397.00840336134695,99560818.01680672,19313500.50420168,0,0,18025704.336134452,3387524793.0084033,2720398327.394958,734135511.1260504,4600371802.352941,4300918611.899159,0,0,0,0,0,15.193277310924369,1.2941176470588234,4.890756302521008,1.0588235294117647,15.91596638655462,0,0,0,0,0,59942.72268907563,16676.571428571428,1060055.12605042,40443.6974789916,68694.05042016806,1574.7226890756301,259.31092436974785,2790.1848739495795,1712.7394957983195,455.327731092437,1778.0840336134452,371.9663865546218,1868.8403361344538,2086.873949579832,559.4285714285713,0,0,0,0,0,0,0,0,0,0,0,0,0,0,0,0,0,0,0,0
1693105936,1.0373443983402477,0.42490383755255395,0.1929591355430728,0.05547542438699661,1.8569493598986315,0.6044987432789297,0.08187772925764183,0.11496367147981236,0.205254515599343,0.05574550319607557,0,0.10818061836041451,0.18035891423933645,0.5324813631522896,0.2227126399546476,15.106261209606442,3.1625980946417394,0.8717284057287426,0.4457128397869745,10.046785039542101,7.663956568356083,0.29364307314410454,0.6311162443667802,2.0153356676369634,1.1059148450274998,0.000048779340268699754,0.3065895086436313,2.584452903778509,2.68311237912673,1.0301418355570846,13.67408525084874,2.7506932641560082,1.0076754856138248,0.3328525463219797,7.711801459343735,6.33132894276352,0.4366812227074233,0.4138692173273247,1.7166741304672304,0.7990188791437486,0,0.10818061836041451,2.02903778519253,1.2566560170394032,0.6073981089672207,50000,100000,50000,50000,50000,50000,10000,50000,50000,20000,50000,0,1622016,0,220594176,0,0,540672,0,0,2973696,0,0,0,0,1081344,4761.410788381742,0,2.8300673212984004,3.661378009541773,330.18744265303445,2408.5138875632338,3.6026200873362444,0,130.54187192118226,6.132005351568306,0,18.563794110647134,270.80890973036344,2.8115015974440896,5.345103358911543,0,0,0,0,0,0,0,0,0,0,0,0,0,0,0,224342016,71417856,8835072,439984128,111349760,349663232,37552128,8531968,310304768,93900800,4952064,3993600,305532928,14376960,134160384,207753216,66908160,7704576,199372800,104349696,328323072,34873344,7299072,291151872,81506304,4055040,2568192,294260736,13381632,33521664,0,0,0,0,0,0,0,0,0,0,0,0,0,0,0,209719296,71139328,8552448,424857600,107909120,331198464,37421056,8327168,295702528,91197440,4796416,2949120,296583168,14082048,36335616,192823296,69517312,8552448,211562496,107909120,331198464,36880384,8327168,295702528,88223744,4796416,2949120,296583168,14082048,35254272,1073741824,1073741824,314572800,0,1073741824,1073741824,1073741824,314572800,1073741824,0,0,0,1073741824,314572800,2147483648,10.801502817783344,0,4.912663755458515,0,0,14.59780121884554,41277.395115842206,0,21645.41484716157,0,0,47975.05618432508,10.801502817783344,0,4.912663755458515,0,0,14.59780121884554,41277.395115842206,0,21645.41484716157,0,0,47975.05618432508,102.98397343935729,50.47199746152626,481.8434594953519,20.74920792694291,33.56926188068756,38.922232812137764,16.464761394819625,61.555251120347364,56.700430783560364,92.4180372272422,0,0,0,0,0,0,0,0,0,0,119123.519285158,121803.88307155322,1577356.8642098273,99226.12909237745,334668.14964610717,553570.0780505397,3005.3543939495353,9196.20591171895,602023.5883106298,124145.76697219875,0,0,0,0,0,0,0,0,0,0,122.14616551215313,41.587339362208475,466.1354581673306,27.831272907995277,46.14762386248736,52.548878184487776,14.746893336010533,74.79044279843035,76.63290254977296,124.33638865414201,0,0,0,0,0,0,0,0,0,0,24501.106693445916,6744.645406949072,143953.74750996014,5634.590296328508,12094.196157735085,6416.707452152186,2771.4119983044425,10643.67148861077,18221.07346606124,23536.67468417517,0,0,0,0,0,0,0,0,0,0,42,30,82,8,6,2,6,86,0,0,0,0,0.008138119920098877,0.0030914285714285714,0.03045760697305864,0.017141057934508815,0.0014672364672364668,0.003033898305084746,0.0033270676691729323,0.0032057392996108947,0.021662570888468815,0.004764571428571427,0.0723887814313346,0.04048387096774188,0.004293447293447294,0.0046610169491525435,0.006992063492063494,0.0049703307392996105,0.024578922495274106,0.004973714285714285,0.08711315280464214,0.06124999999999984,0.004646723646723647,0.004864406779661017,0.009448412698412699,0.0073874695863746865,0.07764130434782593,0.009023913043478266,0.09889264990328818,0.09974999999999998,0.004929344729344729,0.009000000000000015,0.06905000000000044,0.009594282238442822,0.4595788043478261,0.375,0.3858889682256337,0.45923913043478265,0.8830645161290323,0.375,0.46025815217391314,0.4884001484780995,2.181578947368421,2.16319018404908,0.4946001428061406,2.1274193548387097,2.130952380952381,0.475,2.1300796812749003,2.1914965986394566,2.340789473684211,2.3315950920245396,0.6880122950819668,2.313709677419355,2.3154761904761902,0.4875,2.315039840637451,2.345748299319727,2.4681578947368417,2.466319018404908,0.9376024590163929,2.462741935483871,2.4630952380952387,0.4975,2.4630079681274903,2.4691496598639455,395.9495798319289,397.36134453781295,396.94117647059454,392.0168067226918,397.0252100840279,99560818.01680672,19313500.50420168,0,0,18025704.336134452,3387518459.697479,2720372581.1092434,786553296.6722689,4692391781.109243,4457246547.899159,0,0,0,0,0,15.126050420168067,1.2941176470588234,4.890756302521008,0.9579831932773109,15.865546218487394,0,0,0,0,0,61560.470588235294,16676.571428571428,1060055.12605042,39729.47899159664,68539.15966386555,1576.8067226890757,262.5882352941176,2793.2100840336134,1715.1764705882354,454.65546218487395,1779.8487394957983,374.97478991596637,1871.81512605042,2091.327731092437,558.7899159663865,0,0,0,0,0,0,0,0,0,0,0,0,0,0,0,0,0,0,0,0
1693105937,0.9050683829444884,0.42490383755255395,0.1929591355430728,0.05547542438699661,1.8569493598986315,0.6044987432789297,0.08187772925764183,0.11496367147981236,0.205254515599343,0.05574550319607557,0,0.10818061836041451,0.17007670459377192,0.5324813631522896,0.2227126399546476,12.1659961604988,3.1625980946417394,0.8717284057287426,0.4457128397869745,10.046785039542101,7.663956568356083,0.29364307314410454,0.6311162443667802,2.0153356676369634,1.1059148450274998,0.000048779340268699754,0.3065895086436313,2.74647792234298,2.68311237912673,1.0301418355570846,10.800482703137577,2.7506932641560082,1.0076754856138248,0.3328525463219797,7.711801459343735,6.33132894276352,0.4366812227074233,0.4138692173273247,1.7166741304672304,0.7990188791437486,0,0.10818061836041451,2.2280048301784143,1.2566560170394032,0.6073981089672207,50000,100000,50000,50000,50000,50000,10000,50000,50000,20000,50000,0,1622016,0,220594176,0,0,540672,0,0,2973696,0,0,0,0,1081344,3552.2123893805306,0,2.8300673212984004,3.661378009541773,330.18744265303445,2408.5138875632338,3.6026200873362444,0,130.54187192118226,6.132005351568306,0,18.563794110647134,368.1820501045971,2.8115015974440896,5.345103358911543,0,0,0,0,0,0,0,0,0,0,0,0,0,0,0,224342016,71417856,8835072,439984128,111349760,349663232,37552128,8531968,310304768,93900800,4952064,3993600,305532928,14376960,134160384,201400320,66908160,7704576,199372800,104349696,328323072,34873344,7299072,291151872,81506304,4055040,2568192,295206912,13381632,33521664,0,0,0,0,0,0,0,0,0,0,0,0,0,0,0,202948608,71139328,8552448,424857600,107909120,331198464,37421056,8327168,295702528,91197440,4796416,2949120,297775104,14082048,36335616,185917440,69517312,8552448,211562496,107909120,331198464,36880384,8327168,295702528,88223744,4796416,2949120,297775104,14082048,35254272,1073741824,1073741824,314572800,0,1073741824,1073741824,1073741824,314572800,1073741824,0,0,0,1073741824,314572800,2147483648,10.801502817783344,0,4.912663755458515,0,0,14.59780121884554,41277.395115842206,0,21645.41484716157,0,0,47975.05618432508,10.801502817783344,0,4.912663755458515,0,0,14.59780121884554,41277.395115842206,0,21645.41484716157,0,0,47975.05618432508,102.98397343935729,50.47199746152626,481.8434594953519,20.74920792694291,33.56926188068756,38.91185903628424,16.464761394819625,61.555251120347364,56.700430783560364,92.4180372272422,0,0,0,0,0,0,0,0,0,0,119123.519285158,121803.88307155322,1577356.8642098273,99226.12909237745,334668.14964610717,553604.9692801113,3005.3543939495353,9196.20591171895,602023.5883106298,124145.76697219875,0,0,0,0,0,0,0,0,0,0,122.14616551215313,41.587339362208475,466.1354581673306,27.831272907995277,46.14762386248736,52.0885660187797,14.746893336010533,74.79044279843035,76.63290254977296,124.33638865414201,0,0,0,0,0,0,0,0,0,0,24501.106693445916,6744.645406949072,143953.74750996014,5634.590296328508,12094.196157735085,6397.754936434946,2771.4119983044425,10643.67148861077,18221.07346606124,23536.67468417517,0,0,0,0,0,0,0,0,0,0,8,4,18,2,4,1.992,2,12,0,0,0,0,0.00817293450883747,0.0030952380952380953,0.030502717391304352,0.016964285714285716,0.0015595238095238093,0.0030370370370370373,0.003249512670565302,0.003207251347378736,0.021700000000000004,0.004771428571428571,0.07189163498098862,0.03684615384615383,0.004311904761904762,0.004666666666666666,0.005516393442622949,0.004973052425281724,0.024572222222222224,0.004980952380952381,0.08656368821292776,0.04842307692307689,0.00465595238095238,0.00487037037037037,0.007881147540983605,0.007423406862745089,0.0775217391304346,0.009143749999999999,0.0983013307984791,0.09540909090909082,0.004931190476190475,0.009499999999999974,0.00977295081967213,0.00963174019607843,0.457182320441989,0.375,0.3858236536430834,0.45902777777777776,0.8698347107438017,0.375,0.4549005681818181,0.4911115269461078,2.1808641975308642,2.1640718562874253,0.4944825765575501,2.1268595041322316,2.116371681415929,0.475,2.115333333333333,2.1935374149659865,2.3404320987654317,2.3320359281437124,0.686280487804878,2.313429752066116,2.3081858407079645,0.4875,2.307666666666667,2.3467687074829926,2.4680864197530865,2.466407185628743,0.9372560975609759,2.4626859504132232,2.4616371681415927,0.4975,2.4615333333333327,2.4693537414965987,396.03361344535926,397.34453781514117,397.0252100840384,392.15126050421054,397.07563025208526,99560818.01680672,19313500.50420168,0,0,18025704.336134452,3387591499.2941175,2720391856.4033613,838995658.2184874,4784382433.882353,4457233743.596639,0,0,0,0,0,15.07563025210084,1.5966386554621848,4.890756302521008,0.9579831932773109,16.050420168067227,0,0,0,0,0,61396.97478991596,19283.899159663866,1060055.12605042,39729.47899159664,69752.47058823529,1564.033613445378,261.7647058823529,2793.428571428571,1700.672268907563,450.65546218487395,1766.7563025210084,374.2857142857143,1872.504201680672,2076.3865546218485,554.6386554621848,0,0,0,0,0,0,0,0,0,0,0,0,0,0,0,0,0,0,0,0
1693105938,0.9050683829444884,0.42490383755255395,0.1929591355430728,0.05547542438699661,1.8569493598986315,0.6777015648745227,0.08187772925764183,0.11496367147981236,0.205254515599343,0.05574550319607557,0,0.10818061836041451,0.17007670459377192,0.5324813631522896,0.2227126399546476,12.1659961604988,3.1625980946417394,0.8717284057287426,0.4457128397869745,10.046785039542101,8.20671718076149,0.29364307314410454,0.6311162443667802,2.0153356676369634,1.1059148450274998,0.000048779340268699754,0.3065895086436313,2.74647792234298,2.68311237912673,1.0301418355570846,10.800482703137577,2.7506932641560082,1.0076754856138248,0.3328525463219797,7.711801459343735,6.982379759313274,0.4366812227074233,0.4138692173273247,1.7166741304672304,0.7990188791437486,0,0.10818061836041451,2.2280048301784143,1.2566560170394032,0.6073981089672207,50000,100000,50000,50000,50000,50000,10000,50000,50000,20000,50000,0,1622016,0,220594176,0,0,540672,0,0,2973696,0,0,0,0,1081344,3552.2123893805306,0,2.8300673212984004,3.661378009541773,330.18744265303445,2476.3215180515053,3.6026200873362444,0,130.54187192118226,6.132005351568306,0,18.563794110647134,368.1820501045971,2.8115015974440896,5.345103358911543,0,0,0,0,0,0,0,0,0,0,0,0,0,0,0,224342016,71417856,8835072,439984128,111349760,349663232,37552128,8531968,310304768,93900800,4952064,3993600,305532928,14376960,134160384,201400320,66908160,7704576,199372800,104349696,328728576,34873344,7299072,291151872,81506304,4055040,2568192,295206912,13381632,33521664,0,0,0,0,0,0,0,0,0,0,0,0,0,0,0,202948608,71139328,8552448,424857600,107909120,331202560,37421056,8327168,295702528,91197440,4796416,2949120,297775104,14082048,36335616,185917440,69517312,8552448,211562496,107909120,331202560,36880384,8327168,295702528,88223744,4796416,2949120,297775104,14082048,35254272,1073741824,1073741824,314572800,0,1073741824,1073741824,1073741824,314572800,1073741824,0,0,0,1073741824,314572800,2147483648,10.801502817783344,0,4.912663755458515,0,0,14.59780121884554,41277.395115842206,0,21645.41484716157,0,0,47975.05618432508,10.801502817783344,0,4.912663755458515,0,0,14.59780121884554,41277.395115842206,0,21645.41484716157,0,0,47975.05618432508,102.98397343935729,50.47199746152626,481.8434594953519,20.74920792694291,33.56926188068756,38.91185903628424,16.464761394819625,61.555251120347364,56.700430783560364,92.4180372272422,0,0,0,0,0,0,0,0,0,0,119123.519285158,121803.88307155322,1577356.8642098273,99226.12909237745,334668.14964610717,553604.9692801113,3005.3543939495353,9196.20591171895,602023.5883106298,124145.76697219875,0,0,0,0,0,0,0,0,0,0,122.14616551215313,41.587339362208475,466.1354581673306,27.831272907995277,46.14762386248736,52.0885660187797,14.746893336010533,74.79044279843035,76.63290254977296,124.33638865414201,0,0,0,0,0,0,0,0,0,0,24501.106693445916,6744.645406949072,143953.74750996014,5634.590296328508,12094.196157735085,6397.754936434946,2771.4119983044425,10643.67148861077,18221.07346606124,23536.67468417517,0,0,0,0,0,0,0,0,0,0,18,16,40,10,6,2,8,68,0,0,0,0,0.00817293450883747,0.0030952380952380953,0.030502717391304352,0.016964285714285716,0.0015202312138728321,0.003033898305084746,0.003237918215613383,0.003207251347378736,0.021700000000000004,0.004771428571428571,0.07189163498098862,0.03684615384615383,0.004304046242774567,0.0046610169491525435,0.005311475409836065,0.004973052425281724,0.024572222222222224,0.004980952380952381,0.08656368821292776,0.04842307692307689,0.004652023121387283,0.004864406779661017,0.007778688524590163,0.007423406862745089,0.0775217391304346,0.009143749999999999,0.0983013307984791,0.09540909090909082,0.0049304046242774555,0.009000000000000015,0.00975245901639344,0.00963174019607843,0.457182320441989,0.375,0.3858236536430834,0.45902777777777776,0.8739669421487604,0.375,0.4578729281767956,0.4911115269461078,2.1808641975308642,2.1640718562874253,0.4944825765575501,2.1268595041322316,2.12375,0.475,2.12375,2.1935374149659865,2.3404320987654317,2.3320359281437124,0.686280487804878,2.313429752066116,2.311875,0.4875,2.311875,2.3467687074829926,2.4680864197530865,2.466407185628743,0.9372560975609759,2.4626859504132232,2.462375,0.4975,2.462375,2.4693537414965987,395.84873949578656,397.27731092436386,397.04201680671247,392.10084033613987,397.1596638655467,99560818.01680672,19313500.50420168,0,0,18025704.336134452,3317111455.1932774,2720405417.9495797,838997103.8655462,4692526708.168067,4457263138.420168,0,0,0,0,0,15.126050420168067,1.5966386554621848,4.890756302521008,1.1260504201680672,16.11764705882353,0,0,0,0,0,61560.470588235294,19283.899159663866,1060055.12605042,40839.529411764706,70027.8319327731,1568.016806722689,261.98319327731093,2793.142857142857,1707.0756302521008,452.21848739495795,1770.8571428571427,374.57142857142856,1872.974789915966,2082.957983193277,556.2689075630251,0,0,0,0,0,0,0,0,0,0,0,0,0,0,0,0,0,0,0,0
1693105939,0.9050683829444884,0.42490383755255395,0.1929591355430728,0.05547542438699661,1.8569493598986315,0.6777015648745227,0.08187772925764183,0.1533089174686994,0.205254515599343,0.05574550319607557,0,0.10818061836041451,0.1605026024350539,0.5324813631522896,0.2227126399546476,12.1659961604988,3.1625980946417394,0.8717284057287426,0.4457128397869745,10.046785039542101,8.20671718076149,0.29364307314410454,0.6290655378587856,2.0153356676369634,1.1059148450274998,0.000048779340268699754,0.3065895086436313,2.713470375805382,2.68311237912673,1.0301418355570846,10.800482703137577,2.7506932641560082,1.0076754856138248,0.3328525463219797,7.711801459343735,6.982379759313274,0.4366812227074233,0.374755131590154,1.7166741304672304,0.7990188791437486,0,0.10818061836041451,2.2241074908857428,1.2566560170394032,0.6073981089672207,50000,100000,50000,50000,50000,50000,10000,50000,50000,20000,50000,0,1622016,0,220594176,0,0,540672,0,0,2973696,0,0,0,0,1081344,3552.2123893805306,0,2.8300673212984004,3.661378009541773,330.18744265303445,2476.3215180515053,3.6026200873362444,0,130.54187192118226,6.132005351568306,0,18.563794110647134,407.08045766170636,2.8115015974440896,5.345103358911543,0,0,0,0,0,0,0,0,0,0,0,0,0,0,0,224342016,71417856,8835072,439984128,111349760,349663232,37552128,8531968,310304768,93900800,4952064,3993600,305532928,14376960,134160384,201400320,66908160,7704576,199372800,104349696,328728576,34873344,7434240,291151872,81506304,4055040,2568192,295206912,13381632,33521664,0,0,0,0,0,0,0,0,0,0,0,0,0,0,0,202948608,71139328,8552448,424857600,107909120,331202560,37421056,8200192,295702528,91197440,4796416,2949120,297775104,14082048,36335616,185917440,69517312,8552448,211562496,107909120,331202560,36880384,8200192,295702528,88223744,4796416,2949120,297775104,14082048,35254272,1073741824,1073741824,314572800,0,1073741824,1073741824,1073741824,314572800,1073741824,0,0,0,1073741824,314572800,2147483648,10.801502817783344,0,4.912663755458515,0,0,14.59780121884554,41277.395115842206,0,21645.41484716157,0,0,47975.05618432508,10.801502817783344,0,4.912663755458515,0,0,14.59780121884554,41277.395115842206,0,21645.41484716157,0,0,47975.05618432508,102.98397343935729,50.47199746152626,483.70774115769274,20.749207926942912,33.56926188068756,38.91185903628424,16.464761394819625,61.555251120347364,56.700430783560364,92.4180372272422,0,0,0,0,0,0,0,0,0,0,119123.519285158,121803.88307155322,1573753.9266126703,99226.12909237748,334668.14964610717,553604.9692801113,3005.3543939495353,9196.20591171895,602023.5883106298,124145.76697219875,0,0,0,0,0,0,0,0,0,0,122.14616551215313,41.587339362208475,468.5276688231199,27.83127290799528,46.14762386248736,52.0885660187797,14.746893336010533,74.79044279843035,76.63290254977296,124.33638865414201,0,0,0,0,0,0,0,0,0,0,24501.106693445916,6744.645406949072,144125.43086614707,5634.590296328509,12094.196157735085,6397.754936434946,2771.4119983044425,10643.67148861077,18221.07346606124,23536.67468417517,0,0,0,0,0,0,0,0,0,0,44,8,32,12,14,2,14,86,0,0,0,0,0.00817293450883747,0.0030952380952380953,0.030502717391304352,0.016964285714285716,0.0015202312138728321,0.003033898305084746,0.003237918215613383,0.003207251347378736,0.021700000000000004,0.004771428571428571,0.07189163498098862,0.03684615384615383,0.004304046242774567,0.0046610169491525435,0.005311475409836065,0.004973052425281724,0.024572222222222224,0.004980952380952381,0.08656368821292776,0.04842307692307689,0.004652023121387283,0.004864406779661017,0.007778688524590163,0.007423406862745089,0.0775217391304346,0.009143749999999999,0.0983013307984791,0.09540909090909082,0.0049304046242774555,0.009000000000000015,0.00975245901639344,0.00963174019607843,0.457182320441989,0.375,0.3858236536430834,0.45902777777777776,0.8739669421487604,0.375,0.4578729281767956,0.4911115269461078,2.1808641975308642,2.1640718562874253,0.4944825765575501,2.1268595041322316,2.12375,0.475,2.12375,2.1935374149659865,2.3404320987654317,2.3320359281437124,0.686280487804878,2.313429752066116,2.311875,0.4875,2.311875,2.3467687074829926,2.4680864197530865,2.466407185628743,0.9372560975609759,2.4626859504132232,2.462375,0.4975,2.462375,2.4693537414965987,395.8655462184962,397.243697479001,397.0252100840285,392.03361344539235,397.12605042017236,99560818.01680672,19313500.50420168,0,0,18025704.336134452,3317084056.7394958,2607056362.487395,839600833.6134454,4876552415.731092,4457316214.319327,0,0,0,0,0,15.277310924369747,2.672268907563025,4.890756302521008,1.1260504201680672,16.201680672268907,0,0,0,0,0,61999.32773109243,24378.084033613446,1060055.12605042,40839.529411764706,70389.24369747899,1569.3277310924368,261.781512605042,2793.226890756302,1707.781512605042,453.79831932773106,1772.5210084033613,374.43697478991595,1874.1008403361343,2083.1932773109243,557.7815126050419,0,0,0,0,0,0,0,0,0,0,0,0,0,0,0,0,0,0,0,0
1693105940,0.9050683829444884,0.42490383755255395,0.2401152553225548,0.05547542438699661,1.8569493598986315,0.6777015648745227,0.08187772925764183,0.1533089174686994,0.205254515599343,0.046385416425076,0,0.10818061836041451,0.1605026024350539,0.5324813631522896,0.2227126399546476,12.1659961604988,3.1625980946417394,0.8850111513526491,0.4457128397869745,10.046785039542101,8.20671718076149,0.29364307314410454,0.6290655378587856,2.0153356676369634,1.0885720736600386,0.000048779340268699754,0.3065895086436313,2.713470375805382,2.68311237912673,1.0301418355570846,10.800482703137577,2.7506932641560082,0.9604610212902192,0.3328525463219797,7.711801459343735,6.982379759313274,0.4366812227074233,0.374755131590154,1.7166741304672304,0.8117447874388284,0,0.10818061836041451,2.2241074908857428,1.2566560170394032,0.6073981089672207,50000,100000,50000,50000,50000,50000,10000,50000,50000,20000,50000,0,1622016,0,220594176,0,0,540672,0,0,2973696,0,0,0,0,1081344,3552.2123893805306,0,2.641267808548103,3.661378009541773,330.18744265303445,2476.3215180515053,3.6026200873362444,0,130.54187192118226,4.59215622608252,0,18.563794110647134,407.08045766170636,2.8115015974440896,5.345103358911543,0,0,0,0,0,0,0,0,0,0,0,0,0,0,0,224342016,71417856,8835072,439984128,111349760,349663232,37552128,8531968,310304768,93900800,4952064,3993600,305532928,14376960,134160384,201400320,66908160,7839744,199372800,104349696,328728576,34873344,7434240,291151872,81506304,4055040,2568192,295206912,13381632,33521664,0,0,0,0,0,0,0,0,0,0,0,0,0,0,0,202948608,71139328,8568832,424857600,107909120,331202560,37421056,8200192,295702528,91197440,4796416,2949120,297775104,14082048,36335616,185917440,69517312,8568832,211562496,107909120,331202560,36880384,8200192,295702528,88223744,4796416,2949120,297775104,14082048,35254272,1073741824,1073741824,314572800,0,1073741824,1073741824,1073741824,314572800,1073741824,0,0,0,1073741824,314572800,2147483648,10.801502817783344,0,4.912663755458515,0,0,14.59780121884554,41277.395115842206,0,21645.41484716157,0,0,47975.05618432508,10.801502817783344,0,4.912663755458515,0,0,14.59780121884554,41277.395115842206,0,21645.41484716157,0,0,47975.05618432508,102.98397343935729,50.47199746152626,419.06314926719756,20.749207926942912,33.56926188068756,38.91185903628424,16.464761394819625,61.555251120347364,57.262214071017375,92.4180372272422,0,0,0,0,0,0,0,0,0,0,119123.519285158,121803.88307155322,1340581.6848500825,99226.12909237748,334668.14964610717,553604.9692801113,3005.3543939495353,9196.20591171895,602706.0641567749,124145.76697219875,0,0,0,0,0,0,0,0,0,0,122.14616551215313,41.587339362208475,405.8673239333187,27.83127290799528,46.14762386248736,52.0885660187797,14.746893336010533,74.79044279843035,76.8251057109379,124.33638865414201,0,0,0,0,0,0,0,0,0,0,24501.106693445916,6744.645406949072,123048.69397523056,5634.590296328509,12094.196157735085,6397.754936434946,2771.4119983044425,10643.67148861077,18590.571773056872,23536.67468417517,0,0,0,0,0,0,0,0,0,0,20,16,52,8,6,2,6,54,0,0,0,0,0.00817293450883747,0.0030952380952380953,0.030502717391304352,0.016964285714285716,0.0015202312138728321,0.003033898305084746,0.003237918215613383,0.0032070831283817014,0.021700000000000004,0.004771428571428571,0.07189163498098862,0.03684615384615383,0.004304046242774567,0.0046610169491525435,0.005311475409836065,0.004972749631087064,0.024572222222222224,0.004980952380952381,0.08656368821292776,0.04842307692307689,0.004652023121387283,0.004864406779661017,0.007778688524590163,0.007427777777777769,0.0775217391304346,0.009143749999999999,0.0983013307984791,0.09540909090909082,0.0049304046242774555,0.009000000000000015,0.00975245901639344,0.009643580246913582,0.457182320441989,0.375,0.3858236536430834,0.45902777777777776,0.8739669421487604,0.375,0.4578729281767956,0.48942739520958084,2.1808641975308642,2.1640718562874253,0.4944825765575501,2.1268595041322316,2.12375,0.475,2.12375,2.1922496570644725,2.3404320987654317,2.3320359281437124,0.686280487804878,2.313429752066116,2.311875,0.4875,2.311875,2.3461248285322354,2.4680864197530865,2.466407185628743,0.9372560975609759,2.4626859504132232,2.462375,0.4975,2.462375,2.469224965706448,395.79831932772396,397.378151260489,396.8907563025202,391.99999999998977,397.10924369745845,99560818.01680672,19313500.50420168,0,0,18025704.336134452,3246537512.8739495,2550464718.5210085,839581076.4369748,4784673903.865546,4379112559.865546,0,0,0,0,0,15.243697478991596,2.672268907563025,4.890756302521008,1.1260504201680672,16.235294117647058,0,0,0,0,0,61138.82352941176,24378.084033613446,1060055.12605042,40839.529411764706,70131.09243697478,1567.2941176470586,262.75630252100837,2796.4873949579833,1712.4201680672268,454.35294117647055,1770.6554621848736,375.2436974789915,1877.7142857142856,2088.050420168067,558.3193277310924,0,0,0,0,0,0,0,0,0,0,0,0,0,0,0,0,0,0,0,0
1693105941,0.9050683829444887,0.42490383755255395,0.2401152553225548,0.05547542438699661,1.8569493598986315,0.6777015648745227,0.08187772925764183,0.1222619018197695,0.205254515599343,0.046385416425076,0,0.10818061836041451,0.1605026024350539,0.5324813631522896,0.2227126399546476,12.165996160498802,3.1625980946417394,0.8850111513526491,0.4457128397869745,10.046785039542101,8.20671718076149,0.29364307314410454,0.5172386323010807,2.0153356676369634,1.0885720736600386,0.000048779340268699754,0.3065895086436313,2.713470375805382,2.68311237912673,1.0301418355570846,10.80048270313758,2.7506932641560082,0.9604610212902192,0.3328525463219797,7.711801459343735,6.982379759313274,0.4366812227074233,0.2852777709127953,1.7166741304672304,0.8117447874388284,0,0.10818061836041451,2.2241074908857428,1.2566560170394032,0.6073981089672207,50000,100000,50000,50000,50000,50000,10000,50000,50000,20000,50000,0,1622016,0,220594176,0,0,540672,0,0,2973696,0,0,0,0,1081344,3552.212389380531,0,2.641267808548103,3.661378009541773,330.18744265303445,2476.3215180515053,3.6026200873362444,0,130.54187192118226,4.59215622608252,0,18.563794110647134,407.08045766170636,2.8115015974440896,5.345103358911543,0,0,0,0,0,0,0,0,0,0,0,0,0,0,0,224342016,71417856,8835072,439984128,111349760,349663232,37552128,8531968,310304768,93900800,4952064,3993600,305532928,14376960,134160384,201400320,66908160,7839744,199372800,104349696,328728576,34873344,7434240,291151872,81506304,4055040,2568192,295206912,13381632,33521664,0,0,0,0,0,0,0,0,0,0,0,0,0,0,0,202948608,71139328,8568832,424857600,107909120,331202560,37421056,8200192,295702528,91197440,4796416,2949120,297775104,14082048,36335616,185917440,69517312,8568832,211562496,107909120,331202560,36880384,8200192,295702528,88223744,4796416,2949120,297775104,14082048,35254272,1073741824,1073741824,314572800,0,1073741824,1073741824,1073741824,314572800,1073741824,0,0,0,1073741824,314572800,2147483648,10.801502817783344,0,4.912663755458515,0,0,14.59780121884554,41277.395115842206,0,21645.41484716157,0,0,47975.05618432508,10.801502817783344,0,4.912663755458515,0,0,14.59780121884554,41277.395115842206,0,21645.41484716157,0,0,47975.05618432508,102.98397343935729,50.47199746152626,491.0065149655367,20.749207926942912,33.56926188068756,38.91185903628424,16.464761394819625,61.555251120347364,57.10671164772727,92.4180372272422,0,0,0,0,0,0,0,0,0,0,119123.519285158,121803.88307155322,1570728.2834482107,99226.12909237748,334668.14964610717,553604.9692801113,3005.3543939495353,9196.20591171895,601006.0591264204,124145.76697219875,0,0,0,0,0,0,0,0,0,0,122.14616551215313,41.587339362208475,475.54527428949103,27.83127290799528,46.14762386248736,52.0885660187797,14.746893336010533,74.79044279843035,76.59357244318181,124.33638865414201,0,0,0,0,0,0,0,0,0,0,24501.106693445916,6744.645406949072,144173.28392030968,5634.590296328509,12094.196157735085,6397.754936434946,2771.4119983044425,10643.67148861077,18555.930397727272,23536.67468417517,0,0,0,0,0,0,0,0,0,0,40,26,70,8,8,2,8,66,0,0,0,0,0.00817293450883747,0.0030952380952380953,0.030502717391304352,0.016964285714285716,0.0015202312138728321,0.003033898305084746,0.003237918215613383,0.0032070831283817014,0.021700000000000004,0.004771428571428571,0.07189163498098862,0.03684615384615383,0.004304046242774567,0.0046610169491525435,0.005311475409836065,0.004972749631087064,0.024572222222222224,0.004980952380952381,0.08656368821292776,0.04842307692307689,0.004652023121387283,0.004864406779661017,0.007778688524590163,0.007427777777777769,0.0775217391304346,0.009143749999999999,0.0983013307984791,0.09540909090909082,0.0049304046242774555,0.009000000000000015,0.00975245901639344,0.009643580246913582,0.457182320441989,0.375,0.3858236536430834,0.45902777777777776,0.8739669421487604,0.375,0.4578729281767956,0.48942739520958084,2.1808641975308642,2.1640718562874253,0.4944825765575501,2.1268595041322316,2.12375,0.475,2.12375,2.1922496570644725,2.3404320987654317,2.3320359281437124,0.686280487804878,2.313429752066116,2.311875,0.4875,2.311875,2.3461248285322354,2.4680864197530865,2.466407185628743,0.9372560975609759,2.4626859504132232,2.462375,0.4975,2.462375,2.469224965706448,395.78151260505354,397.3949579832033,396.95798319328026,391.8151260504223,397.0756302520998,82967612.23529412,19313500.50420168,0,0,18025704.336134452,3246620465.4789915,2437329205.7815127,839580732.2352941,4784810276.571428,4379176374.857142,0,0,0,0,0,15.260504201680671,2.672268907563025,4.873949579831932,1.1260504201680672,16.15126050420168,0,0,0,0,0,62352.13445378151,24378.084033613446,1059779.7647058824,40839.529411764706,69821.31092436974,1565.2268907563025,262.03361344537814,2797.09243697479,1705.7478991596638,452.672268907563,1768.0840336134452,374.53781512605036,1878.974789915966,2081.63025210084,556.5378151260504,0,0,0,0,0,0,0,0,0,0,0,0,0,0,0,0,0,0,0,0
1693105942,0.9050683829444887,0.4249038375525539,0.2401152553225548,0.05547542438699661,1.8569493598986315,0.6777015648745227,0.08187772925764183,0.12473329543863118,0.23293733985557857,0.046385416425076,0,0.10818061836041451,0.1605026024350539,0.5324813631522896,0.2227126399546476,12.165996160498802,3.162598094641739,0.8850111513526491,0.4457128397869745,10.046785039542101,8.20671718076149,0.29364307314410454,0.527694058204581,1.976439965059406,1.0885720736600386,0.000048779340268699754,0.3065895086436313,2.713470375805382,2.68311237912673,1.0301418355570846,10.80048270313758,2.7506932641560073,0.9604610212902192,0.3328525463219797,7.711801459343735,6.982379759313274,0.4366812227074233,0.29104435602347256,1.5839739110179356,0.8117447874388284,0,0.10818061836041451,2.2241074908857428,1.2566560170394032,0.6073981089672207,50000,100000,50000,50000,50000,50000,10000,50000,50000,20000,50000,0,1622016,0,220594176,0,0,540672,0,0,2973696,0,0,0,0,1081344,3552.212389380531,0,2.641267808548103,3.661378009541773,330.18744265303445,2476.3215180515053,3.6026200873362444,0,147.58909853249477,4.59215622608252,0,18.563794110647134,407.08045766170636,2.8115015974440896,5.345103358911543,0,0,0,0,0,0,0,0,0,0,0,0,0,0,0,224342016,71417856,8835072,439984128,111349760,349663232,37552128,8531968,310304768,93900800,4952064,3993600,305532928,14376960,134160384,201400320,66908160,7839744,199372800,104349696,328728576,34873344,7434240,291151872,81506304,4055040,2568192,295206912,13381632,33521664,0,0,0,0,0,0,0,0,0,0,0,0,0,0,0,202948608,71139328,8568832,424857600,107909120,331202560,37421056,8200192,295702528,91197440,4796416,2949120,297775104,14082048,36335616,185917440,69517312,8568832,211562496,107909120,331202560,36880384,8200192,295702528,88223744,4796416,2949120,297775104,14082048,35254272,1073741824,1073741824,314572800,0,1073741824,1073741824,1073741824,314572800,1073741824,0,0,0,1073741824,314572800,2147483648,10.801502817783343,0,4.912663755458515,0,0,14.59780121884554,41277.3951158422,0,21645.41484716157,0,0,47975.05618432508,10.801502817783343,0,4.912663755458515,0,0,14.59780121884554,41277.3951158422,0,21645.41484716157,0,0,47975.05618432508,102.98397343935729,40.81095318816013,491.0065149655367,20.749207926942912,33.56926188068756,38.91185903628424,16.464761394819625,61.555251120347364,57.10671164772727,92.4180372272422,0,0,0,0,0,0,0,0,0,0,119123.519285158,99314.67678641283,1570728.2834482107,99226.12909237748,334668.14964610717,553604.9692801113,3005.3543939495353,9196.20591171895,601006.0591264204,124145.76697219875,0,0,0,0,0,0,0,0,0,0,122.14616551215313,33.4777350371626,475.54527428949103,27.83127290799528,46.14762386248736,52.0885660187797,14.746893336010533,74.79044279843035,76.59357244318181,124.33638865414201,0,0,0,0,0,0,0,0,0,0,24501.106693445916,5441.407285826053,144173.28392030968,5634.590296328509,12094.196157735085,6397.754936434946,2771.4119983044425,10643.67148861077,18555.930397727272,23536.67468417517,0,0,0,0,0,0,0,0,0,0,38,26,64,8,8,2,10,66,0,0,0,0,0.008186452893113899,0.00309354536950421,0.03036964980544747,0.016834203655352483,0.0016322188449848021,0.003018348623853211,0.0032383838383838385,0.003206999255398362,0.021719780219780226,0.004768381665107578,0.07181297709923667,0.035958333333333356,0.00432644376899696,0.00463302752293578,0.005321428571428571,0.004972598659717052,0.024568681318681312,0.004977736202057997,0.08657442748091602,0.04818750000000004,0.00466322188449848,0.0048348623853211,0.007794642857142856,0.007427680798004988,0.0774565217391301,0.009128723404255325,0.09838358778625951,0.09554761904761899,0.004932644376899697,0.004996330275229358,0.00977321428571429,0.009645137157107226,0.4562146892655367,0.3739583333333334,0.38613164378739884,0.4578611898016997,0.8568376068376068,0.375,0.4513081395348837,0.4931869795609387,2.180923076923077,2.163627254509018,0.49503695881731785,2.1237179487179487,2.1042857142857136,0.475,2.1042857142857136,2.195061728395062,2.340461538461538,2.3318136272545087,0.6942687747035571,2.311858974358975,2.302142857142857,0.4875,2.302142857142857,2.3475308641975308,2.468092307692307,2.466362725450902,0.938853754940711,2.462371794871795,2.4604285714285714,0.4975,2.4604285714285714,2.469506172839506,395.71428571430846,397.37815126051305,397.12605042015525,391.74789915965306,397.07563025209936,99561093.37815125,19313500.50420168,0,0,18025704.336134452,3176082044.773109,2437443205.378151,839578253.9831933,4784799193.27731,4379205218.957983,0,0,0,0,0,15.260504201680671,2.672268907563025,3.1932773109243695,1.1260504201680672,16.285714285714285,0,0,0,0,0,62438.184873949576,24378.084033613446,665703.2605042016,40839.529411764706,70569.94957983193,1562.7563025210084,262.6890756302521,2797.126050420168,1706.5210084033613,452.5882352941176,1765.81512605042,375.126050420168,1879.6974789915967,2082.067226890756,556.487394957983,0,0,0,0,0,0,0,0,0,0,0,0,0,0,0,0,0,0,0,0
1693105943,0.9050683829444887,0.4249038375525539,0.2401152553225548,0.05547542438699661,1.7753280129852562,0.6777015648745227,0.08187772925764183,0.12720468905749288,0.23293733985557857,0.046385416425076,0,0.10818061836041451,0.1605026024350539,0.5324813631522896,0.2227126399546476,12.165996160498802,3.162598094641739,0.8850111513526491,0.4457128397869745,10.021827700189371,8.20671718076149,0.29364307314410454,0.5381494841080814,1.976439965059406,1.0885720736600386,0.000048779340268699754,0.3065895086436313,2.713470375805382,2.68311237912673,1.0301418355570846,10.80048270313758,2.7506932641560073,0.9604610212902192,0.3328525463219797,7.794535371297173,6.982379759313274,0.4366812227074233,0.2968109411341498,1.5839739110179356,0.8117447874388284,0,0.10818061836041451,2.2241074908857428,1.2566560170394032,0.6073981089672207,50000,100000,50000,50000,50000,50000,10000,50000,50000,20000,50000,0,1622016,0,220594176,0,0,540672,0,0,2973696,0,0,0,0,1081344,3552.212389380531,0,2.641267808548103,3.661378009541773,310.22588935479513,2476.3215180515053,3.6026200873362444,0,147.58909853249477,4.59215622608252,0,18.563794110647134,407.08045766170636,2.8115015974440896,5.345103358911543,0,0,0,0,0,0,0,0,0,0,0,0,0,0,0,224342016,71417856,8835072,439984128,111349760,349663232,37552128,8531968,310304768,93900800,4952064,3993600,305532928,14376960,134160384,201400320,66908160,7839744,199372800,104214528,328728576,34873344,7434240,291151872,81506304,4055040,2568192,295206912,13381632,33521664,0,0,0,0,0,0,0,0,0,0,0,0,0,0,0,202948608,71139328,8568832,424857600,107872256,331202560,37421056,8200192,295702528,91197440,4796416,2949120,297775104,14082048,36335616,185917440,69517312,8568832,211562496,107872256,331202560,36880384,8200192,295702528,88223744,4796416,2949120,297775104,14082048,35254272,1073741824,1073741824,314572800,0,1073741824,1073741824,1073741824,314572800,1073741824,0,0,0,1073741824,314572800,2147483648,10.801502817783343,0,4.912663755458515,0,0,14.59780121884554,41277.3951158422,0,21645.41484716157,0,0,47975.05618432508,10.801502817783343,0,4.912663755458515,0,0,14.59780121884554,41277.3951158422,0,21645.41484716157,0,0,47975.05618432508,102.98397343935729,41.64548180988395,491.0065149655367,20.749207926942912,33.56926188068756,38.91185903628424,16.464761394819625,61.555251120347364,57.10671164772727,92.4180372272422,0,0,0,0,0,0,0,0,0,0,119123.519285158,101345.52717977138,1570728.2834482107,99226.12909237748,334668.14964610717,553604.9692801113,3005.3543939495353,9196.20591171895,601006.0591264204,124145.76697219875,0,0,0,0,0,0,0,0,0,0,122.14616551215313,34.16230929717043,475.54527428949103,27.83127290799528,46.14762386248736,52.0885660187797,14.746893336010533,74.79044279843035,76.59357244318181,124.33638865414201,0,0,0,0,0,0,0,0,0,0,24501.106693445916,5552.676682096753,144173.28392030968,5634.590296328509,12094.196157735085,6397.754936434946,2771.4119983044425,10643.67148861077,18555.930397727272,23536.67468417517,0,0,0,0,0,0,0,0,0,0,36,12,46,10,12,2,10,72,0,0,0,0,0.008186452893113899,0.00309354536950421,0.03036964980544747,0.016834203655352483,0.0015486725663716818,0.0030168067226890756,0.003228571428571429,0.003206999255398362,0.021719780219780226,0.004768381665107578,0.07181297709923667,0.035958333333333356,0.004309734513274336,0.004630252100840336,0.00513392857142858,0.004972598659717052,0.024568681318681312,0.004977736202057997,0.08657442748091602,0.04818750000000004,0.004654867256637168,0.004831932773109243,0.007745535714285722,0.007427680798004988,0.0774565217391301,0.009128723404255325,0.09838358778625951,0.09554761904761899,0.004930973451327434,0.0049932773109243695,0.009834821428571438,0.009645137157107226,0.4562146892655367,0.3739583333333334,0.38613164378739884,0.4578611898016997,0.8685897435897436,0.375,0.45656779661016944,0.4931869795609387,2.180923076923077,2.163627254509018,0.49503695881731785,2.1237179487179487,2.1201298701298703,0.475,2.1201298701298703,2.195061728395062,2.340461538461538,2.3318136272545087,0.6942687747035571,2.311858974358975,2.310064935064935,0.4875,2.310064935064935,2.3475308641975308,2.468092307692307,2.466362725450902,0.938853754940711,2.462371794871795,2.462012987012987,0.4975,2.462012987012987,2.469506172839506,395.78151260504325,397.39495798319837,397.10924369747795,391.79831932774096,397.2100840336199,99561093.37815125,19313500.50420168,0,0,18025704.336134452,3176183171.2268906,2494215348.705882,839579148.907563,4876930349.176471,4379264421.6470585,0,0,0,0,0,15.34453781512605,2.672268907563025,3.210084033613445,1.1260504201680672,16.386554621848738,0,0,0,0,0,62696.33613445378,24378.084033613446,665978.6218487395,40839.529411764706,70982.99159663865,1571.109243697479,263.66386554621846,2798.638655462185,1710.18487394958,454,1774.5210084033615,376.0840336134454,1881.1092436974789,2085.7478991596636,557.8151260504201,0,0,0,0,0,0,0,0,0,0,0,0,0,0,0,0,0,0,0,0
1693105944,0.9050683829444887,0.4249038375525539,0.2401152553225548,0.05547542438699661,1.3997303808283255,0.6777015648745227,0.07671506108436735,0.14828361713170057,0.23293733985557857,0.03752345215759853,0,0.10818061836041451,0.1605026024350539,0.4260536168166515,0.2227126399546476,12.165996160498802,3.162598094641739,0.8850111513526491,0.4457128397869745,8.003627265557675,8.20671718076149,0.2912216067969543,0.6273255542100196,1.976439965059406,1.047650904315197,0.000048779340268699754,0.3065895086436313,2.713470375805382,2.293359249929014,1.0301418355570846,10.80048270313758,2.7506932641560073,0.9604610212902192,0.3328525463219797,6.138817527347088,6.982379759313274,0.47946913177729616,0.34599510664063443,1.5839739110179356,0.7879924953095683,0,0.10818061836041451,2.2241074908857428,1.1077394037232944,0.6073981089672207,50000,100000,50000,50000,50000,50000,10000,50000,50000,20000,50000,0,1622016,0,220594176,0,0,675840,0,0,2973696,0,0,0,0,1081344,3552.212389380531,0,2.641267808548103,3.661378009541773,219.07780074793058,2476.3215180515053,2.531597015784124,0,147.58909853249477,4.953095684803001,0,18.563794110647134,407.08045766170636,0,5.345103358911543,0,0,0,0,0,0,0,0,0,0,0,0,0,0,0,224342016,71417856,8835072,439984128,111349760,349663232,37666816,8531968,310304768,93900800,4952064,3993600,305532928,14376960,134160384,201400320,66908160,7839744,199372800,104214528,328728576,35008512,7434240,291151872,81776640,4055040,2568192,295206912,13381632,33521664,0,0,0,0,0,0,0,0,0,0,0,0,0,0,0,202948608,71139328,8568832,424857600,107872256,331202560,37404672,8200192,295702528,91443200,4796416,2949120,297775104,14082048,36335616,185917440,69517312,8568832,211562496,107872256,331202560,36728832,8200192,295702528,88469504,4796416,2949120,297775104,14082048,35254272,1073741824,1073741824,314572800,0,1073741824,1073741824,1073741824,314572800,1073741824,0,0,0,1073741824,314572800,2147483648,10.801502817783343,0,4.737155021959686,0,0,14.59780121884554,41277.3951158422,0,20080.934389444006,0,0,47975.05618432508,10.801502817783343,0,4.737155021959686,0,0,14.59780121884554,41277.3951158422,0,20080.934389444006,0,0,47975.05618432508,105.48812544286727,50.07171730342938,491.0065149655367,20.749207926942912,33.56926188068756,38.91185903628424,16.464761394819625,61.555251120347364,57.10671164772727,77.32298273038559,0,0,0,0,0,0,0,0,0,0,119770.39475188006,121851.02360151257,1570728.2834482107,99226.12909237748,334668.14964610717,553604.9692801113,3005.3543939495353,9196.20591171895,601006.0591264204,99646.84850193538,0,0,0,0,0,0,0,0,0,0,123.59139637477429,41.07445560046942,475.54527428949103,27.83127290799528,46.14762386248736,52.0885660187797,14.746893336010533,74.79044279843035,76.59357244318181,103.22529589102278,0,0,0,0,0,0,0,0,0,0,25045.37246565636,6676.163776242012,144173.28392030968,5634.590296328509,12094.196157735085,6397.754936434946,2771.4119983044425,10643.67148861077,18555.930397727272,19665.880856409112,0,0,0,0,0,0,0,0,0,0,28,6,38,16,14,2,14,114,0,0,0,0,0.008186452893113899,0.00309354536950421,0.03036964980544747,0.016834203655352483,0.0015486725663716818,0.0030168067226890756,0.003228571428571429,0.003206999255398362,0.021719780219780226,0.004768381665107578,0.07181297709923667,0.035958333333333356,0.004309734513274336,0.004630252100840336,0.00513392857142858,0.004972598659717052,0.024568681318681312,0.004977736202057997,0.08657442748091602,0.04818750000000004,0.004654867256637168,0.004831932773109243,0.007745535714285722,0.007427680798004988,0.0774565217391301,0.009128723404255325,0.09838358778625951,0.09554761904761899,0.004930973451327434,0.0049932773109243695,0.009834821428571438,0.009645137157107226,0.4562146892655367,0.3739583333333334,0.38613164378739884,0.4578611898016997,0.8685897435897436,0.375,0.45656779661016944,0.4931869795609387,2.180923076923077,2.163627254509018,0.49503695881731785,2.1237179487179487,2.1201298701298703,0.475,2.1201298701298703,2.195061728395062,2.340461538461538,2.3318136272545087,0.6942687747035571,2.311858974358975,2.310064935064935,0.4875,2.310064935064935,2.3475308641975308,2.468092307692307,2.466362725450902,0.938853754940711,2.462371794871795,2.462012987012987,0.4975,2.462012987012987,2.469506172839506,395.73109243696,397.3613445378126,397.0924369747892,391.8487394957876,397.10924369747204,99561093.37815125,19313500.50420168,0,0,18025704.336134452,3105628228.840336,2494221819.697479,839571025.7478992,4876982185.949579,4457496094.117647,0,0,0,0,0,15.478991596638656,2.672268907563025,3.210084033613445,0.6722689075630252,16.504201680672267,0,0,0,0,0,63066.35294117647,24378.084033613446,665978.6218487395,34988.100840336134,71413.24369747899,1571.7478991596638,263.61344537815125,2799.596638655462,1718.0168067226891,456.70588235294116,1775.0924369747897,376.0672268907563,1882.252100840336,2092.470588235294,560.487394957983,0,0,0,0,0,0,0,0,0,0,0,0,0,0,0,0,0,0,0,0
1693105945,0.9050683829444887,0.4249038375525539,0.2401152553225548,0.05547542438699661,1.4291433813745669,0.6777015648745227,0.07671506108436735,0.14828361713170057,0.23293733985557857,0.03752345215759853,0,0.10818061836041451,0.1605026024350539,0.4557210507833178,0.2227126399546476,12.165996160498802,3.162598094641739,0.8850111513526491,0.4457128397869745,8.171810150174675,8.20671718076149,0.2912216067969543,0.6273255542100196,1.976439965059406,1.047650904315197,0.000048779340268699754,0.3065895086436313,2.713470375805382,2.323331520910709,1.0301418355570846,10.80048270313758,2.7506932641560073,0.9604610212902192,0.3328525463219797,6.267814544028461,6.982379759313274,0.47946913177729616,0.34599510664063443,1.5839739110179356,0.7879924953095683,0,0.10818061836041451,2.2241074908857428,1.1293956475934401,0.6073981089672207,50000,100000,50000,50000,50000,50000,10000,50000,50000,20000,50000,0,1622016,0,220594176,0,0,675840,0,0,2973696,0,0,0,0,1081344,3552.212389380531,0,2.641267808548103,3.661378009541773,223.68135551913946,2476.3215180515053,2.531597015784124,0,147.58909853249477,4.953095684803001,0,18.563794110647134,407.08045766170636,1.3077212761608252,5.345103358911543,0,0,0,0,0,0,0,0,0,0,0,0,0,0,0,224342016,71417856,8835072,439984128,111349760,349663232,37666816,8531968,310304768,93900800,4952064,3993600,305532928,14376960,134160384,201400320,66908160,7839744,199372800,104214528,328728576,35008512,7434240,291151872,81776640,4055040,2568192,295206912,13381632,33521664,0,0,0,0,0,0,0,0,0,0,0,0,0,0,0,202948608,71139328,8568832,424857600,107872256,331202560,37404672,8200192,295702528,91443200,4796416,2949120,297775104,14110720,36335616,185917440,69517312,8568832,211562496,107872256,331202560,36728832,8200192,295702528,88469504,4796416,2949120,297775104,14110720,35254272,1073741824,1073741824,314572800,0,1073741824,1073741824,1073741824,314572800,1073741824,0,0,0,1073741824,314572800,2147483648,10.801502817783343,0,4.737155021959686,0,0,14.59780121884554,41277.3951158422,0,20080.934389444006,0,0,47975.05618432508,10.801502817783343,0,4.737155021959686,0,0,14.59780121884554,41277.3951158422,0,20080.934389444006,0,0,47975.05618432508,105.48812544286727,50.071717303429395,491.0065149655367,20.749207926942912,34.695231775523744,38.91185903628424,16.464761394819625,61.5701335547713,57.10671164772727,65.45,0,0,0,0,0,0,0,0,0,0,119770.39475188006,121851.0236015126,1570728.2834482107,99226.12909237748,338414.13088128413,553604.9692801113,3005.3543939495353,9196.076396097156,601006.0591264204,84346.02500000001,0,0,0,0,0,0,0,0,0,0,123.59139637477429,41.07445560046943,475.54527428949103,27.83127290799528,47.84023762125952,52.0885660187797,14.746893336010533,74.61421354923536,76.59357244318181,87.375,0,0,0,0,0,0,0,0,0,0,25045.37246565636,6676.163776242014,144173.28392030968,5634.590296328509,12666.192688090498,6397.754936434946,2771.4119983044425,10618.244412151409,18555.930397727272,16646.175,0,0,0,0,0,0,0,0,0,0,28,16,40,16,12,2,14,100,0,0,0,0,0.008186452893113899,0.00309354536950421,0.03036964980544747,0.016834203655352483,0.0015486725663716818,0.0030168067226890756,0.003228571428571429,0.00320641975308642,0.021719780219780226,0.004768381665107578,0.07181297709923667,0.035958333333333356,0.004309734513274336,0.004630252100840336,0.00513392857142858,0.0049715555555555555,0.024568681318681312,0.004977736202057997,0.08657442748091602,0.04818750000000004,0.004654867256637168,0.004831932773109243,0.007745535714285722,0.007420398009950249,0.0774565217391301,0.009128723404255325,0.09838358778625951,0.09554761904761899,0.004930973451327434,0.0049932773109243695,0.009834821428571438,0.009643283582089556,0.4562146892655367,0.3739583333333334,0.38613164378739884,0.4578611898016997,0.8685897435897436,0.375,0.45656779661016944,0.4952687358062074,2.180923076923077,2.163627254509018,0.49503695881731785,2.1237179487179487,2.1201298701298703,0.475,2.1201298701298703,2.1966047985513804,2.340461538461538,2.3318136272545087,0.6942687747035571,2.311858974358975,2.310064935064935,0.4875,2.310064935064935,2.3483023992756897,2.468092307692307,2.466362725450902,0.938853754940711,2.462371794871795,2.462012987012987,0.4975,2.462012987012987,2.469660479855138,395.8319327730982,397.29411764706094,397.2100840336172,391.74789915965664,397.19327731091545,99561093.37815125,19313500.50420168,0,0,18025704.336134452,3176231703.6638656,2550914590.117647,839590507.5630251,4876990790.991596,4535764733.84874,0,0,0,0,0,15.563025210084033,2.672268907563025,3.210084033613445,0.6722689075630252,16.6890756302521,0,0,0,0,0,63109.3781512605,24378.084033613446,665978.6218487395,34988.100840336134,72084.43697478992,1576.487394957983,260.78991596638656,2798,1727.7478991596638,459.79831932773106,1780.6554621848738,373.327731092437,1881.546218487395,2101.579831932773,563.4789915966386,0,0,0,0,0,0,0,0,0,0,0,0,0,0,0,0,0,0,0,0
1693105946,0.9050683829444887,0.3807670340363422,0.2401152553225548,0.05547542438699661,1.4585563819208085,0.6777015648745227,0.07671506108436735,0.14828361713170057,0.23293733985557857,0.03752345215759853,0,0.10818061836041451,0.1605026024350539,0.4647623577632068,0.21744576231768487,12.165996160498802,3.161898032703657,0.8850111513526491,0.4457128397869745,8.339993034791677,8.20671718076149,0.2912216067969543,0.6273255542100196,1.976439965059406,1.047650904315197,0.000048779340268699754,0.3065895086436313,2.713470375805382,2.3694254054492876,0.8783500970097009,10.80048270313758,2.665369238254394,0.9604610212902192,0.3328525463219797,6.396811560709835,6.982379759313274,0.47946913177729616,0.34599510664063443,1.5839739110179356,0.7879924953095683,0,0.10818061836041451,2.2241074908857428,1.1518023648914257,0.5164336855045016,50000,100000,50000,50000,50000,50000,10000,50000,50000,20000,50000,0,1757184,0,220594176,0,0,675840,0,0,2973696,0,0,0,0,1081344,3552.212389380531,0,2.641267808548103,3.661378009541773,228.28491029034836,2476.3215180515053,2.531597015784124,0,147.58909853249477,4.953095684803001,0,18.563794110647134,407.08045766170636,1.3336658961900718,5.3817826173627035,0,0,0,0,0,0,0,0,0,0,0,0,0,0,0,224342016,71499776,8835072,439984128,111349760,349663232,37666816,8531968,310304768,93900800,4952064,3993600,305532928,14376960,134160384,201400320,66908160,7839744,199372800,104214528,328728576,35008512,7434240,291151872,81776640,4055040,2568192,295206912,13381632,33521664,0,0,0,0,0,0,0,0,0,0,0,0,0,0,0,202948608,71266304,8568832,424857600,107872256,331202560,37404672,8200192,295702528,91443200,4796416,2949120,297775104,14110720,36335616,185917440,69509120,8568832,211562496,107872256,331202560,36728832,8200192,295702528,88469504,4796416,2949120,297775104,14110720,35254272,1073741824,1073741824,314572800,0,1073741824,1073741824,1073741824,314572800,1073741824,0,0,0,1073741824,314572800,2147483648,10.619169504791317,0,4.737155021959686,0,0,12.394408452108044,40571.82747022613,0,20080.934389444006,0,0,43071.65659988704,10.619169504791317,0,4.737155021959686,0,0,12.394408452108044,40571.82747022613,0,20080.934389444006,0,0,43071.65659988704,105.48812544286727,50.071717303429395,491.0065149655367,20.749207926942912,34.78659935750344,38.68852459016394,16.464761394819625,61.5701335547713,57.10671164772727,81.91957643246984,0,0,0,0,0,0,0,0,0,0,119770.39475188006,121851.0236015126,1570728.2834482107,99226.12909237748,337954.35979807255,548956.2421185372,3005.3543939495353,9196.076396097156,601006.0591264204,104674.88991215652,0,0,0,0,0,0,0,0,0,0,123.59139637477429,41.07445560046943,475.54527428949103,27.83127290799528,48.25608077099587,52.48423707440101,14.746893336010533,74.61421354923536,76.59357244318181,109.44219671589676,0,0,0,0,0,0,0,0,0,0,25045.37246565636,6676.163776242014,144173.28392030968,5634.590296328509,12855.59889857733,6418.083228247163,2771.4119983044425,10618.244412151409,18555.930397727272,20773.547304403444,0,0,0,0,0,0,0,0,0,0,56,20,58,14,14,2,14,114,0,0,0,0,0.008186452893113899,0.00309354536950421,0.03036964980544747,0.016834203655352483,0.0015486725663716818,0.0030168067226890756,0.003228571428571429,0.00320641975308642,0.021719780219780226,0.004768381665107578,0.07181297709923667,0.035958333333333356,0.004309734513274336,0.004630252100840336,0.00513392857142858,0.0049715555555555555,0.024568681318681312,0.004977736202057997,0.08657442748091602,0.04818750000000004,0.004654867256637168,0.004831932773109243,0.007745535714285722,0.007420398009950249,0.0774565217391301,0.009128723404255325,0.09838358778625951,0.09554761904761899,0.004930973451327434,0.0049932773109243695,0.009834821428571438,0.009643283582089556,0.4562146892655367,0.3739583333333334,0.38613164378739884,0.4578611898016997,0.8685897435897436,0.375,0.45656779661016944,0.4952687358062074,2.180923076923077,2.163627254509018,0.49503695881731785,2.1237179487179487,2.1201298701298703,0.475,2.1201298701298703,2.1966047985513804,2.340461538461538,2.3318136272545087,0.6942687747035571,2.311858974358975,2.310064935064935,0.4875,2.310064935064935,2.3483023992756897,2.468092307692307,2.466362725450902,0.938853754940711,2.462371794871795,2.462012987012987,0.4975,2.462012987012987,2.469660479855138,395.8151260504313,397.37815126049867,397.2605042016871,391.6806722689072,397.31092436973665,99561093.37815125,19313500.50420168,0,0,18025704.336134452,3105652873.680672,2550935448.7394958,839591127.1260504,4785255191.663865,4535792132.302521,0,0,0,0,0,15.630252100840336,2.672268907563025,3.1932773109243695,0.6890756302521008,16.722689075630253,0,0,0,0,0,63350.31932773109,24378.084033613446,665840.9411764706,38567.79831932773,72179.09243697478,1583.109243697479,263.47899159663865,2799.4453781512602,1737.0252100840337,462.0840336134454,1786.4873949579833,375.84873949579827,1882.890756302521,2110.621848739496,565.7647058823529,0,0,0,0,0,0,0,0,0,0,0,0,0,0,0,0,0,0,0,0
1693105947,0.9050683829444887,0.3807670340363422,0.2401152553225548,0.055985816926378704,1.48796938246705,0.6777015648745227,0.07671506108436735,0.14828361713170055,0.23293733985557857,0.03752345215759853,0,0.10818061836041451,0.1605026024350539,0.5424784187933394,0.22187558833626797,12.165996160498802,3.161898032703657,0.8850111513526491,0.4437249136885319,8.508175919408679,8.20671718076149,0.2912216067969543,0.6273255542100195,1.976439965059406,1.047650904315197,0.000048779340268699754,0.3065895086436313,2.713470375805382,2.7656330723147318,0.8962439298059177,10.80048270313758,2.665369238254394,0.9604610212902192,0.3359149015582722,6.525808577391208,6.982379759313274,0.47946913177729616,0.34599510664063443,1.5839739110179356,0.7879924953095683,0,0.10818061836041451,2.2241074908857428,1.3444030378791454,0.5269545222986365,50000,100000,50000,50000,50000,50000,10000,50000,50000,20000,50000,0,1757184,0,220594176,0,0,675840,0,0,2973696,0,0,0,0,1081344,3552.212389380531,0,2.641267808548103,3.695063917140991,232.88846506155724,2476.3215180515053,2.531597015784124,0,147.58909853249477,4.953095684803001,0,18.563794110647134,407.08045766170636,1.5566772017547996,5.491420811322635,0,0,0,0,0,0,0,0,0,0,0,0,0,0,0,224342016,71499776,8835072,439984128,111349760,349663232,37666816,8531968,310304768,93900800,4952064,3993600,305532928,14376960,134160384,201400320,66908160,7839744,199372800,104214528,328728576,35008512,7434240,291151872,81776640,4055040,2568192,295206912,13381632,33521664,0,0,0,0,0,0,0,0,0,0,0,0,0,0,0,202948608,71266304,8568832,424857600,107872256,331202560,37404672,8200192,295702528,91443200,4796416,2949120,297775104,14110720,36335616,185917440,69509120,8568832,211562496,107872256,331202560,36728832,8200192,295702528,88469504,4796416,2949120,297775104,14110720,35254272,1073741824,1073741824,314572800,0,1073741824,1073741824,1073741824,314572800,1073741824,0,0,0,1073741824,314572800,2147483648,10.619169504791317,0,4.737155021959686,0,0,12.646908535167281,40571.82747022613,0,20080.934389444006,0,0,43949.116537647984,10.619169504791317,0,4.737155021959686,0,0,12.646908535167281,40571.82747022613,0,20080.934389444006,0,0,43949.116537647984,105.48812544286727,50.071717303429395,491.0065149655367,20.999485464368405,34.78659935750344,38.68852459016394,16.464761394819625,61.67641982065423,57.10671164772728,83.55926878371788,0,0,0,0,0,0,0,0,0,0,119770.39475188006,121851.0236015126,1570728.2834482107,99546.53331618213,337954.35979807255,548956.2421185372,3005.3543939495353,9212.56262366859,601006.0591264205,106770.04987063337,0,0,0,0,0,0,0,0,0,0,123.59139637477429,41.07445560046943,475.54527428949103,28.138667352714172,48.25608077099587,52.48423707440101,14.746893336010533,74.76950279964636,76.59357244318183,111.63277851177276,0,0,0,0,0,0,0,0,0,0,25045.37246565636,6676.163776242014,144173.28392030968,5831.714689992281,12855.59889857733,6418.083228247163,2771.4119983044425,10629.92043110344,18555.930397727276,21189.34811913787,0,0,0,0,0,0,0,0,0,0,64,24,66,14,18,2,16,106,0,0,0,0,0.00818419631334221,0.0030956848030018764,0.030286214953271027,0.016783088235294116,0.0016369047619047617,0.003018348623853211,0.00322879684418146,0.003209888511875909,0.021651408450704217,0.004772232645403378,0.07202067669172933,0.03377272727272724,0.004327380952380952,0.00463302752293578,0.005138888888888888,0.004977799321376637,0.024487676056338017,0.004981801125703564,0.08666823308270677,0.04756818181818178,0.004663690476190477,0.0048348623853211,0.007754629629629628,0.007458633093525182,0.0766521739130433,0.009237234042553197,0.09838627819548872,0.09507142857142847,0.004932738095238095,0.004996330275229358,0.009847222222222222,0.009645203836930459,0.46005509641873277,0.3739583333333334,0.3863755687784389,0.45844780219780223,0.8549382716049382,0.375,0.45007082152974504,0.4870689655172414,2.1828740157480313,2.16355421686747,0.4954760238011901,2.125308641975309,2.1002358490566038,0.475,2.1002358490566038,2.1904255319148933,2.3414370078740157,2.3317771084337346,0.7002884615384616,2.3126543209876544,2.300117924528302,0.4875,2.300117924528302,2.345212765957446,2.468287401574803,2.466355421686747,0.9400576923076924,2.4625308641975305,2.460023584905661,0.4975,2.460023584905661,2.469042553191489,395.7647058823561,397.34453781513383,397.1596638655481,391.64705882354747,397.22689075631854,99561093.37815125,19313500.50420168,0,0,18025704.336134452,3035098000.134454,2550977510.184874,892188930.1512605,4693405523.899159,4535842248.067226,0,0,0,0,0,15.243697478991596,2.672268907563025,2.941176470588235,0.6890756302521008,16.386554621848738,0,0,0,0,0,59727.59663865546,24378.084033613446,663457.3445378151,38567.79831932773,68177.74789915966,1585.9999999999998,264.4033613445378,2802.3025210084033,1739.6638655462184,461.83193277310926,1789.8823529411764,376.6890756302521,1885.2268907563025,2113.6638655462184,565.4621848739495,0,0,0,0,0,0,0,0,0,0,0,0,0,0,0,0,0,0,0,0
1693105948,0.7929563600568741,0.3807670340363422,0.2401152553225548,0.055985816926378704,1.5173823830132913,0.6777015648745227,0.07671506108436735,0.14828361713170055,0.23293733985557857,0.03752345215759853,0,0.10818061836041451,0.1605026024350539,0.5424784187933394,0.19454014848162346,9.713218787597064,3.161898032703657,0.8850111513526491,0.4437249136885319,8.676358804025678,8.20671718076149,0.2912216067969543,0.6273255542100195,1.976439965059406,1.047650904315197,0.000032716244170960255,0.3065895086436313,2.713470375805382,2.7656330723147318,0.9330991284474184,8.531116701301555,2.665369238254394,0.9604610212902192,0.3359149015582722,6.654805594072581,6.982379759313274,0.47946913177729616,0.34599510664063443,1.5839739110179356,0.7879924953095683,0,0.10818061836041451,2.2241074908857428,1.3444030378791454,0.5836204454448707,50000,100000,50000,50000,50000,50000,10000,50000,50000,20000,50000,0,1757184,0,220594176,0,0,675840,0,0,2973696,0,0,0,0,1216512,2510.2810893579785,0,2.641267808548103,3.695063917140991,237.4920198327661,2476.3215180515053,2.531597015784124,0,147.58909853249477,4.953095684803001,0,18.563794110647134,407.08045766170636,1.5566772017547996,5.135859919914861,0,0,0,0,0,0,0,0,0,0,0,0,0,0,0,224342016,71499776,8835072,439984128,111349760,349663232,37666816,8531968,310304768,93900800,4952064,3993600,305532928,14376960,134160384,201400320,66908160,7839744,199372800,104214528,328728576,35008512,7434240,291151872,81776640,4055040,2568192,295206912,13381632,33521664,0,0,0,0,0,0,0,0,0,0,0,0,0,0,0,202948608,71266304,8568832,424857600,107872256,331202560,37404672,8200192,295702528,91443200,4796416,2949120,297775104,14110720,36474880,185917440,69509120,8568832,211562496,107872256,331202560,36728832,8200192,295702528,88469504,4796416,2949120,297775104,14110720,35258368,1073741824,1073741824,314572800,0,1073741824,1073741824,1073741824,314572800,1073741824,0,0,0,1073741824,314572800,2147483648,10.619169504791317,0,4.737155021959686,0,0,12.48947753252023,40571.82747022613,0,20080.934389444006,0,0,41684.50669545443,10.619169504791317,0,4.737155021959686,0,0,12.48947753252023,40571.82747022613,0,20080.934389444006,0,0,41684.50669545443,105.48812544286727,50.071717303429395,491.0065149655367,20.999485464368405,34.78659935750344,38.68852459016394,16.464761394819625,61.67641982065423,57.10671164772728,98.3815410748832,0,0,0,0,0,0,0,0,0,0,119770.39475188006,121851.0236015126,1570728.2834482107,99546.53331618213,337954.35979807255,548956.2421185372,3005.3543939495353,9212.56262366859,601006.0591264205,125709.59750861132,0,0,0,0,0,0,0,0,0,0,123.59139637477429,41.07445560046943,475.54527428949103,28.138667352714172,48.25608077099587,52.48423707440101,14.746893336010533,74.76950279964636,76.59357244318183,131.43490775255978,0,0,0,0,0,0,0,0,0,0,25045.37246565636,6676.163776242014,144173.28392030968,5831.714689992281,12855.59889857733,6418.083228247163,2771.4119983044425,10629.92043110344,18555.930397727276,24948.04888406549,0,0,0,0,0,0,0,0,0,0,56,16,60,22,26,2,26,134,0,0,0,0,0.00818419631334221,0.0030956848030018764,0.030286214953271027,0.016783088235294116,0.001495677233429395,0.0030168067226890756,0.0032112932604735885,0.003209888511875909,0.021651408450704217,0.004772232645403378,0.07202067669172933,0.03377272727272724,0.004299135446685879,0.004630252100840336,0.004980327868852459,0.004977799321376637,0.024487676056338017,0.004981801125703564,0.08666823308270677,0.04756818181818178,0.00464956772334294,0.004831932773109243,0.007560185185185185,0.007458633093525182,0.0766521739130433,0.009237234042553197,0.09838627819548872,0.09507142857142847,0.004929913544668587,0.0049932773109243695,0.00980833333333333,0.009645203836930459,0.46005509641873277,0.3739583333333334,0.3863755687784389,0.45844780219780223,0.8786008230452674,0.375,0.4590220385674931,0.4870689655172414,2.1828740157480313,2.16355421686747,0.4954760238011901,2.125308641975309,2.1277551020408163,0.475,2.126844262295082,2.1904255319148933,2.3414370078740157,2.3317771084337346,0.7002884615384616,2.3126543209876544,2.313877551020408,0.4875,2.3134221311475414,2.345212765957446,2.468287401574803,2.466355421686747,0.9400576923076924,2.4625308641975305,2.4627755102040814,0.4975,2.462684426229508,2.469042553191489,395.6470588235227,397.3781512605097,397.1764705882305,391.6638655462231,397.17647058823303,99561093.37815125,19313500.50420168,0,0,18025704.336134452,2964595032.2016807,2551018125.9831934,944755410.8235294,4785375455.731092,4457658350.789916,0,0,0,0,0,15.277310924369747,2.672268907563025,4.9411764705882355,0.6890756302521008,16.48739495798319,0,0,0,0,0,59873.882352941175,24378.084033613446,1119524.5714285714,38567.79831932773,68504.73949579832,1592.487394957983,265.2436974789916,2801.0756302521004,1745.4621848739496,463.94957983193274,1796.2857142857142,377.47899159663865,1884.689075630252,2118.4033613445376,567.563025210084,0,0,0,0,0,0,0,0,0,0,0,0,0,0,0,0,0,0,0,0
1693105949,0.7929563600568741,0.3807670340363422,0.2401152553225548,0.055985816926378704,1.7647800327744858,0.6777015648745227,0.07671506108436735,0.14828361713170055,0.23293733985557857,0.03752345215759853,0,0.11874872769220332,0.1605026024350539,0.5424784187933394,0.22968968922985042,9.713218787597064,3.161898032703657,0.8850111513526491,0.4437249136885319,10.09097307702004,8.20671718076149,0.2912216067969543,0.6273255542100195,1.976439965059406,1.047650904315197,0.000032716244170960255,0.30461677240958124,2.713470375805382,2.7656330723147318,1.1016916071387552,8.531116701301555,2.665369238254394,0.9604610212902192,0.3359149015582722,7.739821000882391,6.982379759313274,0.47946913177729616,0.34599510664063443,1.5839739110179356,0.7879924953095683,0,0.11874872769220332,2.2241074908857428,1.3444030378791454,0.6890690676895516,50000,100000,50000,50000,50000,50000,10000,50000,50000,20000,50000,0,1757184,0,220594176,0,0,675840,0,0,2973696,0,0,0,0,1216512,2510.2810893579785,0,2.641267808548103,3.695063917140991,276.21328627253246,2476.3215180515053,2.531597015784124,0,147.58909853249477,4.953095684803001,0,14.555201194272918,407.08045766170636,1.5566772017547996,6.063807795668053,0,0,0,0,0,0,0,0,0,0,0,0,0,0,0,224342016,71499776,8835072,439984128,111349760,349663232,37666816,8531968,310304768,93900800,4952064,3993600,305532928,14376960,134160384,201400320,66908160,7839744,199372800,104214528,328728576,35008512,7434240,291151872,81776640,4055040,2568192,295206912,13381632,33521664,0,0,0,0,0,0,0,0,0,0,0,0,0,0,0,202948608,71266304,8568832,424857600,107872256,331202560,37404672,8200192,295702528,91443200,4796416,3080192,297775104,14110720,36474880,185917440,69509120,8568832,211562496,107872256,331202560,36728832,8200192,295702528,88469504,4796416,3080192,297775104,14110720,35258368,1073741824,1073741824,314572800,0,1073741824,1073741824,1073741824,314572800,1073741824,0,0,0,1073741824,314572800,2147483648,10.619169504791317,0,4.737155021959686,0,0,14.7460780485564,40571.82747022613,0,20080.934389444006,0,0,49216.06909065852,10.619169504791317,0,4.737155021959686,0,0,14.7460780485564,40571.82747022613,0,20080.934389444006,0,0,49216.06909065852,105.48812544286727,50.399663441312576,491.0065149655367,20.999485464368405,34.78659935750344,38.68852459016394,16.464761394819625,61.67641982065423,57.10671164772728,98.3815410748832,0,0,0,0,0,0,0,0,0,0,119770.39475188006,120677.66091712243,1570728.2834482107,99546.53331618213,337954.35979807255,548956.2421185372,3005.3543939495353,9212.56262366859,601006.0591264205,125709.59750861132,0,0,0,0,0,0,0,0,0,0,123.59139637477429,41.396718552797644,475.54527428949103,28.138667352714172,48.25608077099587,52.48423707440101,14.746893336010533,74.76950279964636,76.59357244318183,131.43490775255978,0,0,0,0,0,0,0,0,0,0,25045.37246565636,6716.596550273453,144173.28392030968,5831.714689992281,12855.59889857733,6418.083228247163,2771.4119983044425,10629.92043110344,18555.930397727276,24948.04888406549,0,0,0,0,0,0,0,0,0,0,28,18,50,14,12,2,14,78,0,0,0,0,0.00818419631334221,0.0030956848030018764,0.030286214953271027,0.016783088235294116,0.001495677233429395,0.0030168067226890756,0.0032112932604735885,0.003209888511875909,0.021651408450704217,0.004772232645403378,0.07202067669172933,0.03377272727272724,0.004299135446685879,0.004630252100840336,0.004980327868852459,0.004977799321376637,0.024487676056338017,0.004981801125703564,0.08666823308270677,0.04756818181818178,0.00464956772334294,0.004831932773109243,0.007560185185185185,0.007458633093525182,0.0766521739130433,0.009237234042553197,0.09838627819548872,0.09507142857142847,0.004929913544668587,0.0049932773109243695,0.00980833333333333,0.009645203836930459,0.46005509641873277,0.3739583333333334,0.3863755687784389,0.45844780219780223,0.8786008230452674,0.375,0.4590220385674931,0.4870689655172414,2.1828740157480313,2.16355421686747,0.4954760238011901,2.125308641975309,2.1277551020408163,0.475,2.126844262295082,2.1904255319148933,2.3414370078740157,2.3317771084337346,0.7002884615384616,2.3126543209876544,2.313877551020408,0.4875,2.3134221311475414,2.345212765957446,2.468287401574803,2.466355421686747,0.9400576923076924,2.4625308641975305,2.4627755102040814,0.4975,2.462684426229508,2.469042553191489,395.6806722689158,397.29411764705634,397.17647058823957,391.5630252100831,397.1596638655424,99561093.37815125,19313500.50420168,0,0,18025704.336134452,2894037955.7647057,2494390547.3613443,892690707.3613445,4877147333.915966,4535949707.831933,0,0,0,0,0,15.361344537815125,2.672268907563025,4.991596638655462,0.5546218487394958,16.789915966386555,0,0,0,0,0,63169.61344537815,24378.084033613446,1119929.0084033613,24455.529411764706,72075.8319327731,1591.7815126050418,265.17647058823525,2801.4453781512602,1751.0420168067226,465.1260504201681,1795.5462184873948,377.3781512605042,1884.9579831932772,2124.5210084033615,568.5714285714286,0,0,0,0,0,0,0,0,0,0,0,0,0,0,0,0,0,0,0,0
1693105950,0.7929563600568741,0.3807670340363422,0.3050175385084642,0.055985816926378704,1.7647800327744858,0.708620642664413,0.07671506108436735,0.14828361713170055,0.23293733985557857,0.03752345215759853,0,0.1404132830965809,0.1605026024350539,0.5424784187933394,0.22968968922985042,9.713218787597064,3.161898032703657,0.8698319444868076,0.4437249136885319,10.09097307702004,8.174828023220948,0.2912216067969543,0.6273255542100195,1.976439965059406,1.047650904315197,0.000032716244170960255,0.3069025999859586,2.713470375805382,2.7656330723147318,1.1016916071387552,8.531116701301555,2.665369238254394,0.9760561232270851,0.3359149015582722,7.739821000882391,6.92267858602927,0.47946913177729616,0.34599510664063443,1.5839739110179356,0.7879924953095683,0,0.11701106924715074,2.2241074908857428,1.3444030378791454,0.6890690676895516,50000,100000,50000,50000,50000,50000,10000,50000,50000,20000,50000,0,1757184,0,220594176,0,0,675840,0,0,2973696,0,0,0,0,1216512,2510.2810893579785,0,2.013115754155864,3.695063917140991,276.21328627253246,2280.8863208961325,2.531597015784124,0,147.58909853249477,4.953095684803001,0,20.07909948281107,407.08045766170636,1.5566772017547996,6.063807795668053,0,0,0,0,0,0,0,0,0,0,0,0,0,0,0,224342016,71499776,8835072,439984128,111349760,349663232,37666816,8531968,310304768,93900800,4952064,3993600,305532928,14376960,134160384,201400320,66908160,7839744,199372800,104214528,328728576,35008512,7434240,291151872,81776640,4055040,2568192,295206912,13381632,33521664,0,0,0,0,0,0,0,0,0,0,0,0,0,0,0,202948608,71266304,8568832,424857600,107872256,331202560,37404672,8200192,295702528,91443200,4796416,3080192,297775104,14110720,36474880,185917440,69509120,8568832,211562496,107872256,331202560,36728832,8200192,295702528,88469504,4796416,3080192,297775104,14110720,35258368,1073741824,1073741824,314572800,0,1073741824,1073741824,1073741824,314572800,1073741824,0,0,0,1073741824,314572800,2147483648,10.619169504791317,0,4.737155021959686,0,0,14.7460780485564,40571.82747022613,0,20080.934389444006,0,0,49216.06909065852,10.619169504791317,0,4.737155021959686,0,0,14.7460780485564,40571.82747022613,0,20080.934389444006,0,0,49216.06909065852,105.48812544286727,50.399663441312576,491.0065149655367,20.999485464368405,34.78659935750344,38.68852459016394,15.326668671540054,61.67641982065423,57.10671164772728,98.3815410748832,0,0,0,0,0,0,0,0,0,0,119770.39475188006,120677.66091712243,1570728.2834482107,99546.53331618213,337954.35979807255,548956.2421185372,2758.332370994109,9212.56262366859,601006.0591264205,125709.59750861132,0,0,0,0,0,0,0,0,0,0,123.59139637477429,41.396718552797644,475.54527428949103,28.138667352714172,48.25608077099587,52.48423707440101,13.435209560675695,74.76950279964636,76.59357244318183,131.43490775255978,0,0,0,0,0,0,0,0,0,0,25045.37246565636,6716.596550273453,144173.28392030968,5831.714689992281,12855.59889857733,6418.083228247163,2544.8899851433744,10629.92043110344,18555.930397727276,24948.04888406549,0,0,0,0,0,0,0,0,0,0,32,22,62,12,8,2,10,86,0,0,0,0,0.00818419631334221,0.0030956848030018764,0.030286214953271027,0.016783088235294116,0.001495677233429395,0.0030168067226890756,0.0032112932604735885,0.003211284513805522,0.021651408450704217,0.004772232645403378,0.07202067669172933,0.03377272727272724,0.004299135446685879,0.004630252100840336,0.004980327868852459,0.00498031212484994,0.024487676056338017,0.004981801125703564,0.08666823308270677,0.04756818181818178,0.00464956772334294,0.004831932773109243,0.007560185185185185,0.007473466981132082,0.0766521739130433,0.009237234042553197,0.09838627819548872,0.09507142857142847,0.004929913544668587,0.0049932773109243695,0.00980833333333333,0.009645636792452837,0.46005509641873277,0.3739583333333334,0.3863755687784389,0.45844780219780223,0.8786008230452674,0.375,0.4590220385674931,0.4912876008804109,2.1828740157480313,2.16355421686747,0.4954760238011901,2.125308641975309,2.1277551020408163,0.475,2.126844262295082,2.1936807095343682,2.3414370078740157,2.3317771084337346,0.7002884615384616,2.3126543209876544,2.313877551020408,0.4875,2.3134221311475414,2.3468403547671843,2.468287401574803,2.466355421686747,0.9400576923076924,2.4625308641975305,2.4627755102040814,0.4975,2.462684426229508,2.4693680709534367,395.7983193277427,397.2436974790037,397.0924369747863,391.4453781512746,397.02521008402306,99561093.37815125,19313500.50420168,0,0,18025704.336134452,2823666128.672269,2551138940.773109,892693667.4957982,4785019275.831933,4457787770.621848,0,0,0,0,0,15.277310924369747,2.6890756302521006,4.991596638655462,0.5546218487394958,16.722689075630253,0,0,0,0,0,62920.06722689075,24446.9243697479,1119929.0084033613,24455.529411764706,71774.65546218488,1594.1008403361345,264.70588235294116,2803.579831932773,1748.487394957983,464.08403361344534,1797.5798319327732,376.99159663865544,1886.1344537815128,2122.890756302521,567.4285714285714,0,0,0,0,0,0,0,0,0,0,0,0,0,0,0,0,0,0,0,0
1693105951,0.7929563600568741,0.3807670340363422,0.3050175385084642,0.055985816926378704,1.7647800327744858,0.708620642664413,0.07671506108436735,0.14828361713170055,0.23808713989320077,0.025804453848734317,0,0.1404132830965809,0.1605026024350539,0.5424784187933394,0.22968968922985042,9.713218787597064,3.161898032703657,0.8698319444868076,0.4437249136885319,10.09097307702004,8.174828023220948,0.2912216067969543,0.6273255542100195,2.0897368354817933,1.0684745000387086,0.00004670053301969208,0.3069025999859586,2.713470375805382,2.7656330723147318,1.1016916071387552,8.531116701301555,2.665369238254394,0.9760561232270851,0.3359149015582722,7.739821000882391,6.92267858602927,0.47946913177729616,0.34599510664063443,1.785653549199008,0.7999380693107643,0,0.11701106924715074,2.2241074908857428,1.3444030378791454,0.6890690676895516,50000,100000,50000,50000,50000,50000,10000,50000,50000,20000,50000,0,1757184,0,220594176,0,0,675840,0,0,2973696,0,0,0,0,1216512,2510.2810893579785,0,2.013115754155864,3.695063917140991,276.21328627253246,2280.8863208961325,2.531597015784124,0,215.502874051903,5.10928186204939,0,20.07909948281107,407.08045766170636,1.5566772017547996,6.063807795668053,0,0,0,0,0,0,0,0,0,0,0,0,0,0,0,224342016,71499776,8835072,439984128,111349760,349663232,37666816,8531968,310304768,93900800,4952064,3993600,305532928,14376960,134160384,201400320,66908160,7839744,199372800,104214528,328728576,35008512,7434240,291557376,81776640,4055040,2568192,295206912,13381632,33521664,0,0,0,0,0,0,0,0,0,0,0,0,0,0,0,202948608,71266304,8568832,424857600,107872256,331202560,37404672,8200192,295804928,91443200,4796416,3080192,297775104,14110720,36474880,185917440,69509120,8568832,211562496,107872256,331202560,36728832,8200192,295804928,88469504,4796416,3080192,297775104,14110720,35258368,1073741824,1073741824,314572800,0,1073741824,1073741824,1073741824,314572800,1073741824,0,0,0,1073741824,314572800,2147483648,10.619169504791317,0,4.737155021959686,0,0,14.7460780485564,40571.82747022613,0,20080.934389444006,0,0,49216.06909065852,10.619169504791317,0,4.737155021959686,0,0,14.7460780485564,40571.82747022613,0,20080.934389444006,0,0,49216.06909065852,105.48812544286727,50.399663441312576,491.0065149655367,20.999485464368405,34.78659935750344,38.68852459016394,18.182659387434068,61.67641982065423,57.10671164772728,98.3815410748832,0,0,0,0,0,0,0,0,0,0,119770.39475188006,120677.66091712243,1570728.2834482107,99546.53331618213,337954.35979807255,548956.2421185372,3272.323494031646,9212.56262366859,601006.0591264205,125709.59750861132,0,0,0,0,0,0,0,0,0,0,123.59139637477429,41.396718552797644,475.54527428949103,28.138667352714172,48.25608077099587,52.48423707440101,15.938743407050984,74.76950279964636,76.59357244318183,131.43490775255978,0,0,0,0,0,0,0,0,0,0,25045.37246565636,6716.596550273453,144173.28392030968,5831.714689992281,12855.59889857733,6418.083228247163,3019.1079855649114,10629.92043110344,18555.930397727276,24948.04888406549,0,0,0,0,0,0,0,0,0,0,38,22,48,8,6,2,6,66,0,0,0,0,0.00818419631334221,0.0030956848030018764,0.030286214953271027,0.016783088235294116,0.001495677233429395,0.0030168067226890756,0.0032112932604735885,0.003211284513805522,0.021651408450704217,0.004772232645403378,0.07202067669172933,0.03377272727272724,0.004299135446685879,0.004630252100840336,0.004980327868852459,0.00498031212484994,0.024487676056338017,0.004981801125703564,0.08666823308270677,0.04756818181818178,0.00464956772334294,0.004831932773109243,0.007560185185185185,0.007473466981132082,0.0766521739130433,0.009237234042553197,0.09838627819548872,0.09507142857142847,0.004929913544668587,0.0049932773109243695,0.00980833333333333,0.009645636792452837,0.46005509641873277,0.3739583333333334,0.3863755687784389,0.45844780219780223,0.8786008230452674,0.375,0.4590220385674931,0.4912876008804109,2.1828740157480313,2.16355421686747,0.4954760238011901,2.125308641975309,2.1277551020408163,0.475,2.126844262295082,2.1936807095343682,2.3414370078740157,2.3317771084337346,0.7002884615384616,2.3126543209876544,2.313877551020408,0.4875,2.3134221311475414,2.3468403547671843,2.468287401574803,2.466355421686747,0.9400576923076924,2.4625308641975305,2.4627755102040814,0.4975,2.462684426229508,2.4693680709534367,395.66386554622596,397.2773109243581,397.042016806729,391.6134453781656,396.99159663864504,99561024.53781512,19313500.50420168,0,0,18025704.336134452,2894436541.310924,2607873015.394958,840604594.5546218,4692925844.436975,4457826734.252101,0,0,0,0,0,15.243697478991596,2.6890756302521006,4.689075630252101,0.6554621848739496,16.73949579831933,0,0,0,0,0,62756.57142857143,24446.9243697479,1049161.1428571427,39187.361344537814,71920.94117647059,1588.6050420168065,265.3781512605042,2803.63025210084,1740.6554621848738,462.87394957983196,1792.4537815126048,377.52941176470586,1886.3529411764705,2114.9747899159665,566.1176470588235,0,0,0,0,0,0,0,0,0,0,0,0,0,0,0,0,0,0,0,0
1693105952,0.7929563600568741,0.3807670340363422,0.3050175385084642,0.055985816926378704,1.7647800327744858,0.708620642664413,0.07483604943507095,0.14828361713170055,0.23808713989320077,0.025804453848734317,0,0.1404132830965809,0.1605026024350539,0.5424784187933394,0.22968968922985042,9.713218787597064,3.161898032703657,0.8698319444868076,0.4437249136885319,10.09097307702004,8.174828023220948,0.24642794149615288,0.6273255542100195,2.0897368354817933,1.0684745000387086,0.00004670053301969208,0.3069025999859586,2.713470375805382,2.7656330723147318,1.1016916071387552,8.531116701301555,2.665369238254394,0.9760561232270851,0.3359149015582722,7.739821000882391,6.92267858602927,0.4240709467987362,0.34599510664063443,1.785653549199008,0.7999380693107643,0,0.11701106924715074,2.2241074908857428,1.3444030378791454,0.6890690676895516,50000,100000,50000,50000,50000,50000,10000,50000,50000,20000,50000,0,1757184,0,220594176,0,0,675840,0,0,2973696,0,0,0,0,1216512,2510.2810893579785,0,2.013115754155864,3.695063917140991,276.21328627253246,2280.8863208961325,1.6463930875715627,0,215.502874051903,5.10928186204939,0,20.07909948281107,407.08045766170636,1.5566772017547996,6.063807795668053,0,0,0,0,0,0,0,0,0,0,0,0,0,0,0,224342016,71499776,8835072,439984128,111349760,349663232,37666816,8531968,310304768,93900800,4952064,3993600,305532928,14376960,134160384,201400320,66908160,7839744,199372800,104214528,328728576,35008512,7434240,291557376,81776640,4055040,2568192,295206912,13381632,33521664,0,0,0,0,0,0,0,0,0,0,0,0,0,0,0,202948608,71266304,8568832,424857600,107872256,331202560,37404672,8200192,295804928,91443200,4796416,3080192,297775104,14110720,36474880,185917440,69509120,8568832,211562496,107872256,331202560,36728832,8200192,295804928,88469504,4796416,3080192,297775104,14110720,35258368,1073741824,1073741824,314572800,0,1073741824,1073741824,1073741824,314572800,1073741824,0,0,0,1073741824,314572800,2147483648,10.619169504791317,0,3.741802471753551,0,0,14.7460780485564,40571.82747022613,0,14151.397166772684,0,0,49216.06909065852,10.619169504791317,0,3.741802471753551,0,0,14.7460780485564,40571.82747022613,0,14151.397166772684,0,0,49216.06909065852,105.48812544286727,50.399663441312576,491.0065149655367,17.538420268416086,34.78659935750344,38.87063540680514,18.182659387434068,61.67641982065423,57.10671164772728,98.3815410748832,0,0,0,0,0,0,0,0,0,0,119770.39475188006,120677.66091712243,1570728.2834482107,83139.60551678672,337954.35979807255,547282.656716972,3272.323494031646,9212.56262366859,601006.0591264205,125709.59750861132,0,0,0,0,0,0,0,0,0,0,123.59139637477429,41.396718552797644,475.54527428949103,23.500945995197668,48.25608077099587,53.10835143212489,15.938743407050984,74.76950279964636,76.59357244318183,131.43490775255978,0,0,0,0,0,0,0,0,0,0,25045.37246565636,6716.596550273453,144173.28392030968,4870.550913836721,12855.59889857733,6551.762543854764,3019.1079855649114,10629.92043110344,18555.930397727276,24948.04888406549,0,0,0,0,0,0,0,0,0,0,42,14,56,8,10,2,10,48,0,0,0,0,0.008091661328792637,0.003086547507055503,0.030133928571428565,0.01675903614457831,0.0015604719764011799,0.003018348623853211,0.0032087286527514233,0.003212041256896138,0.020913701067615656,0.004755785512699905,0.07098058252427183,0.03323529411764702,0.0043120943952802354,0.00463302752293578,0.004975711574952562,0.004981674262413049,0.023757562277580063,0.004964440263405455,0.08602427184466019,0.048235294117647015,0.004656047197640119,0.0048348623853211,0.00753921568627451,0.007475995316159252,0.06670312499999997,0.009155952380952383,0.09805922330097087,0.095391304347826,0.004931209439528024,0.004996330275229358,0.009821568627450978,0.00963571428571429,0.46072404371584696,0.3760416666666666,0.38601650280898875,0.45901639344262296,0.8689024390243902,0.375,0.4543539325842696,0.4907441348973607,2.1828869047619044,2.163939393939394,0.49482970505617974,2.126829268292683,2.114757709251101,0.475,2.113716814159292,2.193281596452328,2.341443452380952,2.3319696969696966,0.6913346613545817,2.3134146341463415,2.307378854625551,0.4875,2.306858407079646,2.346640798226164,2.4682886904761907,2.4663939393939396,0.9382669322709162,2.462682926829268,2.4614757709251096,0.4975,2.4613716814159288,2.4693281596452326,395.7983193277079,397.2605042016882,397.0420168067137,391.5798319327638,396.9915966386683,116154574.5210084,19313500.50420168,0,0,18025704.336134452,2894434338.420168,2664536804.033613,840602185.1428571,4508699191.932773,4536118710.857142,0,0,0,0,0,15.193277310924369,2.6890756302521006,4.336134453781512,0.6554621848739496,16.655462184873947,0,0,0,0,0,62653.31092436975,24446.9243697479,978668.6386554622,39187.361344537814,71619.76470588235,1587.4453781512605,265.15966386554624,2802.268907563025,1736.6554621848738,461.6134453781512,1790.9915966386554,377.2773109243698,1885.4117647058822,2110.6218487394954,564.8571428571429,0,0,0,0,0,0,0,0,0,0,0,0,0,0,0,0,0,0,0,0
1693105953,0.7929563600568741,0.3807670340363422,0.3050175385084642,0.055985816926378704,1.7647800327744858,0.708620642664413,0.09087329233938136,0.14828361713170055,0.20347543553566436,0.025804453848734317,0,0.1404132830965809,0.2038562813216684,0.5424784187933394,0.22968968922985042,9.713218787597064,3.161898032703657,0.8698319444868076,0.4437249136885319,10.09097307702004,8.174828023220948,0.2992370460121769,0.6273255542100195,1.697258705090522,1.0684745000387086,0.00004670053301969208,0.3069025999859586,2.9952794359976185,2.7656330723147318,1.1016916071387552,8.531116701301555,2.665369238254394,0.9760561232270851,0.3359149015582722,7.739821000882391,6.92267858602927,0.5149486565898287,0.34599510664063443,1.4446755923032206,0.7999380693107643,0,0.11701106924715074,2.4972394461904335,1.3444030378791454,0.6890690676895516,50000,100000,50000,50000,50000,50000,10000,50000,50000,20000,50000,0,1757184,0,220594176,0,0,675840,0,0,2973696,0,0,0,0,1216512,2510.2810893579785,0,2.013115754155864,3.695063917140991,276.21328627253246,2280.8863208961325,1.9992124314663922,0,173.23898581506486,5.10928186204939,0,20.07909948281107,540.4230017837424,1.5566772017547996,6.063807795668053,0,0,0,0,0,0,0,0,0,0,0,0,0,0,0,224342016,71499776,8835072,439984128,111349760,349663232,37666816,8531968,310304768,93900800,4952064,3993600,305532928,14376960,134160384,201400320,66908160,7839744,199372800,104214528,328728576,35008512,7434240,291557376,81776640,4055040,2568192,295206912,13381632,33521664,0,0,0,0,0,0,0,0,0,0,0,0,0,0,0,202948608,71266304,8568832,424857600,107872256,331202560,37404672,8200192,295804928,91443200,4796416,3080192,297443328,14110720,36474880,185917440,69509120,8568832,211562496,107872256,331202560,36728832,8200192,295804928,88469504,4796416,3080192,297443328,14110720,35258368,1073741824,1073741824,314572800,0,1073741824,1073741824,1073741824,314572800,1073741824,0,0,0,1073741824,314572800,2147483648,10.619169504791317,0,4.543664616969073,0,0,14.7460780485564,40571.82747022613,0,17184.01841698725,0,0,49216.06909065852,10.619169504791317,0,4.543664616969073,0,0,14.7460780485564,40571.82747022613,0,17184.01841698725,0,0,49216.06909065852,105.48812544286727,50.399663441312576,491.0065149655367,17.188428844009948,34.78659935750344,38.87063540680514,18.182659387434068,61.67641982065423,57.10671164772728,98.3815410748832,0,0,0,0,0,0,0,0,0,0,119770.39475188006,120677.66091712243,1570728.2834482107,81480.4966281837,337954.35979807255,547282.656716972,3272.323494031646,9212.56262366859,601006.0591264205,125709.59750861132,0,0,0,0,0,0,0,0,0,0,123.59139637477429,41.396718552797644,475.54527428949103,23.031968205985766,48.25608077099587,53.10835143212489,15.938743407050984,74.76950279964636,76.59357244318183,131.43490775255978,0,0,0,0,0,0,0,0,0,0,25045.37246565636,6716.596550273453,144173.28392030968,4773.355669003516,12855.59889857733,6551.762543854764,3019.1079855649114,10629.92043110344,18555.930397727276,24948.04888406549,0,0,0,0,0,0,0,0,0,0,20,26,66,4,2,2,2,30,0,0,0,0,0.008091661328792637,0.0030865465497163192,0.030133928571428565,0.01675903614457831,0.0014871060171919772,0.0030168067226890756,0.003201077199281867,0.003212041256896138,0.020913701067615656,0.0047557837894893745,0.07098058252427183,0.03323529411764702,0.004297421203438395,0.004630252100840336,0.004961938958707361,0.004981674262413049,0.023757562277580063,0.004964438444461006,0.08602427184466019,0.048235294117647015,0.004648710601719198,0.004831932773109243,0.007485294117647059,0.007475995316159252,0.06670312499999997,0.009155938527437273,0.09805922330097087,0.095391304347826,0.004929742120343839,0.0049932773109243695,0.009889215686274504,0.00963571428571429,0.46072404371584696,0.37605896358543434,0.38601650280898875,0.45901639344262296,0.8790650406504065,0.375,0.45935792349726773,0.4907441348973607,2.1828869047619044,2.163944425770308,0.49482970505617974,2.126829268292683,2.1277327935222674,0.475,2.1277327935222674,2.193281596452328,2.341443452380952,2.3319722128851534,0.6913346613545817,2.3134146341463415,2.3138663967611337,0.4875,2.3138663967611337,2.346640798226164,2.4682886904761907,2.4663944425770303,0.9382669322709162,2.462682926829268,2.4627732793522266,0.4975,2.4627732793522266,2.4693281596452326,395.69747899158034,397.3109243697542,397.1092436974588,391.5462184874062,396.8907563025286,116154574.5210084,19313500.50420168,0,0,18025704.336134452,2965096602.890756,2607908192.8067226,840630203.1596638,4417003451.159663,4536168482.420168,0,0,0,0,0,15.210084033613445,2.672268907563025,4.336134453781512,0.6554621848739496,16.57142857142857,0,0,0,0,0,62679.126050420164,24171.563025210082,978668.6386554622,39187.361344537814,71318.58823529411,1579.5294117647059,264.9075630252101,2801.2773109243694,1728.8235294117649,460.3865546218487,1782.7899159663866,377.14285714285717,1884.8067226890755,2102.857142857143,563.7310924369748,0,0,0,0,0,0,0,0,0,0,0,0,0,0,0,0,0,0,0,0
1693105954,0.7929563600568741,0.3807670340363422,0.2559890777993472,0.05433896647285772,1.7647800327744858,0.664451827242525,0.09087329233938136,0.12722693160006263,0.20768961709946285,0.025804453848734317,0,0.1404132830965809,0.2281684297863516,0.5424784187933394,0.22968968922985042,9.713218787597064,3.161898032703657,0.8866343174691211,0.4504721974678033,10.09097307702004,7.538990855244425,0.2992370460121769,0.5382435829412129,1.732410645299714,1.0684745000387086,0.00004670053301969208,0.3069025999859586,3.3172732047293096,2.7656330723147318,1.1016916071387552,8.531116701301555,2.665369238254394,0.895961772297715,0.35320328207357465,7.739821000882391,6.454674893213095,0.5149486565898287,0.29686284040014593,1.47459628140619,0.7999380693107643,0,0.11701106924715074,2.7587637419622455,1.3444030378791454,0.6890690676895516,50000,100000,50000,50000,50000,50000,10000,50000,50000,20000,50000,0,1757184,0,220594176,0,0,675840,0,0,2973696,0,0,0,0,1216512,2510.2810893579785,0,1.4079399278964098,1.7931858936043035,276.21328627253246,2021.0346464167062,1.9992124314663922,0,176.8269399984829,5.10928186204939,0,20.07909948281107,640.6969508400747,1.5566772017547996,6.063807795668053,0,0,0,0,0,0,0,0,0,0,0,0,0,0,0,224342016,71499776,8851456,439984128,111349760,349663232,37666816,8531968,310304768,93900800,4952064,3993600,305532928,14376960,134160384,201400320,66908160,7839744,199372800,104214528,329539584,35008512,7434240,291557376,81776640,4055040,2568192,295206912,13381632,33521664,0,0,0,0,0,0,0,0,0,0,0,0,0,0,0,202948608,71266304,8593408,424857600,107872256,332091392,37404672,8200192,295804928,91443200,4796416,3080192,297443328,14110720,36474880,185917440,69509120,8593408,211562496,107872256,332091392,36728832,8200192,295804928,88469504,4796416,3080192,297443328,14110720,35258368,1073741824,1073741824,314572800,0,1073741824,1073741824,1073741824,314572800,1073741824,0,0,0,1073741824,314572800,2147483648,10.619169504791317,0,4.543664616969073,0,0,14.7460780485564,40571.82747022613,0,17184.01841698725,0,0,49216.06909065852,10.619169504791317,0,4.543664616969073,0,0,14.7460780485564,40571.82747022613,0,17184.01841698725,0,0,49216.06909065852,105.48812544286727,50.399663441312576,419.61962331749174,21.432701317861916,34.78659935750344,38.870635406805135,18.182659387434068,61.67641982065423,57.10671164772728,98.3815410748832,0,0,0,0,0,0,0,0,0,0,119770.39475188006,120677.66091712243,1342361.8435713234,100567.73730486275,337954.35979807255,547282.6567169719,3272.323494031646,9212.56262366859,601006.0591264205,125709.59750861132,0,0,0,0,0,0,0,0,0,0,123.59139637477429,41.396718552797644,406.40627524418,28.849412843670876,48.25608077099587,53.10835143212488,15.938743407050984,74.76950279964636,76.59357244318183,131.43490775255978,0,0,0,0,0,0,0,0,0,0,25045.37246565636,6716.596550273453,123212.09036367355,6038.040552664634,12855.59889857733,6551.762543854763,3019.1079855649114,10629.92043110344,18555.930397727276,24948.04888406549,0,0,0,0,0,0,0,0,0,0,18,14,22,4,10,2,6,34,0,0,0,0,0.008091661328792637,0.003086547507055503,0.030133928571428565,0.01675903614457831,0.0014871060171919772,0.0030168067226890756,0.003201077199281867,0.003212041256896138,0.020913701067615656,0.004755785512699905,0.07098058252427183,0.03323529411764702,0.004297421203438395,0.004630252100840336,0.004961938958707361,0.004981674262413049,0.023757562277580063,0.004964440263405455,0.08602427184466019,0.048235294117647015,0.004648710601719198,0.004831932773109243,0.007485294117647059,0.007475995316159252,0.06670312499999997,0.009155952380952383,0.09805922330097087,0.095391304347826,0.004929742120343839,0.0049932773109243695,0.009889215686274504,0.00963571428571429,0.46072404371584696,0.3760416666666666,0.38601650280898875,0.45901639344262296,0.8790650406504065,0.375,0.45935792349726773,0.4907441348973607,2.1828869047619044,2.163939393939394,0.49482970505617974,2.126829268292683,2.1277327935222674,0.475,2.1277327935222674,2.193281596452328,2.341443452380952,2.3319696969696966,0.6913346613545817,2.3134146341463415,2.3138663967611337,0.4875,2.3138663967611337,2.346640798226164,2.4682886904761907,2.4663939393939396,0.9382669322709162,2.462682926829268,2.4627732793522266,0.4975,2.4627732793522266,2.4693281596452326,395.613445378147,397.3109243697443,396.9579831932699,391.6806722688911,396.8571428571554,116154436.84033613,19313500.50420168,0,0,18025704.336134452,3035749642.7563024,2664574253.1764703,893345929.6806723,4509248331.294118,4614389691.159663,0,0,0,0,0,15.260504201680671,2.672268907563025,4.336134453781512,0.6554621848739496,16.504201680672267,0,0,0,0,0,62842.621848739494,24171.563025210082,978668.6386554622,39187.361344537814,71034.6218487395,1580.2016806722688,265.0924369747899,2802.53781512605,1726.7226890756301,459.563025210084,1783.2605042016808,377.327731092437,1885.4117647058822,2101.4789915966385,562.90756302521,0,0,0,0,0,0,0,0,0,0,0,0,0,0,0,0,0,0,0,0
1693105955,0.732426345375643,0.3807670340363422,0.2559890777993472,0.05433896647285772,1.713218733758109,0.664451827242525,0.09087329233938136,0.12475553798120094,0.21190379866326137,0.025804453848734317,0,0.1404132830965809,0.2281684297863516,0.5424784187933394,0.22968968922985042,8.304462496108984,3.161898032703657,0.8866343174691211,0.4504721974678033,10.163771294923864,7.538990855244425,0.2992370460121769,0.5277881570377124,1.7675625855089059,1.0684745000387086,0.00004670053301969208,0.3069025999859586,3.3172732047293096,2.7656330723147318,1.1016916071387552,7.287642136487657,2.665369238254394,0.895961772297715,0.35320328207357465,7.796107721034093,6.454674893213095,0.5149486565898287,0.29109625528946864,1.5045169705091594,0.7999380693107643,0,0.11701106924715074,2.7587637419622455,1.3444030378791454,0.6890690676895516,50000,100000,50000,50000,50000,50000,10000,50000,50000,20000,50000,0,1757184,0,220594176,0,0,675840,0,0,2973696,0,0,0,0,1216512,1880.4313991174263,0,1.4079399278964098,1.7931858936043035,271.8820381528037,2021.0346464167062,1.9992124314663922,0,180.41489418190093,5.10928186204939,0,20.07909948281107,640.6969508400747,1.5566772017547996,6.063807795668053,0,0,0,0,0,0,0,0,0,0,0,0,0,0,0,224342016,71499776,8851456,439984128,111349760,349663232,37666816,8531968,310304768,93900800,4952064,3993600,305532928,14376960,134160384,201535488,66908160,7839744,199372800,104079360,329539584,35008512,7434240,291557376,81776640,4055040,2568192,295206912,13381632,33521664,0,0,0,0,0,0,0,0,0,0,0,0,0,0,0,203075584,71266304,8593408,424857600,107728896,332091392,37404672,8200192,295804928,91443200,4796416,3080192,297443328,14110720,36474880,186044416,69509120,8593408,211562496,107728896,332091392,36728832,8200192,295804928,88469504,4796416,3080192,297443328,14110720,35258368,1073741824,1073741824,314572800,0,1073741824,1073741824,1073741824,314572800,1073741824,0,0,0,1073741824,314572800,2147483648,10.619169504791317,0,4.543664616969073,0,0,14.7460780485564,40571.82747022613,0,17184.01841698725,0,0,49216.06909065852,10.619169504791317,0,4.543664616969073,0,0,14.7460780485564,40571.82747022613,0,17184.01841698725,0,0,49216.06909065852,105.48812544286727,50.399663441312576,411.43618140139944,21.432701317861916,34.78659935750344,38.870635406805135,18.182659387434068,61.67641982065423,58.67010143294156,98.3815410748832,0,0,0,0,0,0,0,0,0,0,119770.39475188006,120677.66091712243,1316183.0388471866,100567.73730486275,337954.35979807255,547282.6567169719,3272.323494031646,9212.56262366859,602151.6019964579,125709.59750861132,0,0,0,0,0,0,0,0,0,0,123.59139637477429,41.396718552797644,398.48052067268844,28.849412843670876,48.25608077099587,53.10835143212488,15.938743407050984,74.76950279964636,78.47367573659636,131.43490775255978,0,0,0,0,0,0,0,0,0,0,25045.37246565636,6716.596550273453,120809.20229833503,6038.040552664634,12855.59889857733,6551.762543854763,3019.1079855649114,10629.92043110344,19589.631299307683,24948.04888406549,0,0,0,0,0,0,0,0,0,0,48,26,76,6,6,2,6,64,0,0,0,0,0.008091661328792637,0.003086547507055503,0.030133928571428565,0.01675903614457831,0.0014871060171919772,0.0030168067226890756,0.003201077199281867,0.0032113427047988368,0.020913701067615656,0.004755785512699905,0.07098058252427183,0.03323529411764702,0.004297421203438395,0.004630252100840336,0.004961938958707361,0.004980416868637906,0.023757562277580063,0.004964440263405455,0.08602427184466019,0.048235294117647015,0.004648710601719198,0.004831932773109243,0.007485294117647059,0.007463270142180098,0.06670312499999997,0.009155952380952383,0.09805922330097087,0.095391304347826,0.004929742120343839,0.0049932773109243695,0.009889215686274504,0.009625355450236963,0.46072404371584696,0.3760416666666666,0.38601650280898875,0.45901639344262296,0.8790650406504065,0.375,0.45935792349726773,0.4862536656891496,2.1828869047619044,2.163939393939394,0.49482970505617974,2.126829268292683,2.1277327935222674,0.475,2.1277327935222674,2.1898005439709887,2.341443452380952,2.3319696969696966,0.6913346613545817,2.3134146341463415,2.3138663967611337,0.4875,2.3138663967611337,2.344900271985494,2.4682886904761907,2.4663939393939396,0.9382669322709162,2.462682926829268,2.4627732793522266,0.4975,2.4627732793522266,2.4689800543970986,395.66386554622943,397.22689075630046,397.02521008402994,391.7478991596489,396.78991596637826,116154712.20168066,19313638.18487395,0,0,18025704.336134452,3106502088.067227,2664564202.487395,841213487.327731,4417370438.991596,4536189547.563025,0,0,0,0,0,15.210084033613445,2.6890756302521006,4.336134453781512,0.6554621848739496,16.369747899159663,0,0,0,0,0,62670.52100840336,24446.9243697479,978668.6386554622,39187.361344537814,70501.10924369747,1575.0924369747897,261.8319327731092,2802.1176470588234,1723.764705882353,459.7142857142857,1778.2352941176468,374.2521008403361,1884.8739495798318,2097.075630252101,562.9411764705883,0,0,0,0,0,0,0,0,0,0,0,0,0,0,0,0,0,0,0,0
1693105956,0.732426345375643,0.3807670340363422,0.2559890777993472,0.05433896647285772,1.713218733758109,0.664451827242525,0.11098040086120788,0.17621766405864533,0.21611798022705986,0.025804453848734317,0,0.1404132830965809,0.2281684297863516,0.5424784187933394,0.22968968922985042,8.304462496108984,3.161898032703657,0.8866343174691211,0.4504721974678033,10.163771294923864,7.538990855244425,0.3057401593678556,0.6341301667019105,1.8027145257180979,1.0684745000387086,0.00004670053301969208,0.3069025999859586,3.3172732047293096,2.7656330723147318,1.1016916071387552,7.287642136487657,2.665369238254394,0.895961772297715,0.35320328207357465,7.796107721034093,6.454674893213095,0.46611768361707356,0.38767886092901954,1.5344376596121287,0.7999380693107643,0,0.11701106924715074,2.7587637419622455,1.3444030378791454,0.6890690676895516,50000,100000,50000,50000,50000,50000,10000,50000,50000,20000,50000,0,1757184,0,220594176,0,0,675840,0,0,2973696,0,0,0,0,1216512,1880.4313991174263,0,1.4079399278964098,1.7931858936043035,271.8820381528037,2021.0346464167062,2.9298825827358885,0,184.00284836531898,5.10928186204939,0,20.07909948281107,640.6969508400747,1.5566772017547996,6.063807795668053,0,0,0,0,0,0,0,0,0,0,0,0,0,0,0,224342016,71499776,8851456,439984128,111349760,349663232,37818368,8531968,310304768,93900800,4952064,3993600,305532928,14376960,134160384,201535488,66908160,7839744,199372800,104079360,329539584,35008512,7434240,291557376,81776640,4055040,2568192,295206912,13381632,33521664,0,0,0,0,0,0,0,0,0,0,0,0,0,0,0,203075584,71266304,8593408,424857600,107728896,332091392,37498880,8208384,295804928,91443200,4796416,3080192,297443328,14110720,36474880,186044416,69509120,8593408,211562496,107728896,332091392,36823040,8208384,295804928,88469504,4796416,3080192,297443328,14110720,35258368,1073741824,1073741824,314572800,0,1073741824,1073741824,1073741824,314572800,1073741824,0,0,0,1073741824,314572800,2147483648,10.619169504791317,0,4.5723925154817655,0,0,14.7460780485564,40571.82747022613,0,17296.606219341662,0,0,49216.06909065852,10.619169504791317,0,4.5723925154817655,0,0,14.7460780485564,40571.82747022613,0,17296.606219341662,0,0,49216.06909065852,104.47145725760183,50.399663441312576,408.36919309475326,21.432701317861916,34.78659935750344,38.870635406805135,18.182659387434068,61.67641982065423,58.67010143294156,98.3815410748832,0,0,0,0,0,0,0,0,0,0,119618.4918244406,120677.66091712243,1283754.0849335664,100567.73730486275,337954.35979807255,547282.6567169719,3272.323494031646,9212.56262366859,602151.6019964579,125709.59750861132,0,0,0,0,0,0,0,0,0,0,122.36445783132528,41.396718552797644,396.08002982251975,28.849412843670876,48.25608077099587,53.10835143212488,15.938743407050984,74.76950279964636,78.47367573659636,131.43490775255978,0,0,0,0,0,0,0,0,0,0,24775.315547905906,6716.596550273453,122286.48813766854,6038.040552664634,12855.59889857733,6551.762543854763,3019.1079855649114,10629.92043110344,19589.631299307683,24948.04888406549,0,0,0,0,0,0,0,0,0,0,56,24,76,12,14,2,14,94,0,0,0,0,0.008091661328792637,0.003086547507055503,0.030133928571428565,0.01675903614457831,0.0014871060171919772,0.0030168067226890756,0.003201077199281867,0.0032113427047988368,0.020913701067615656,0.004755785512699905,0.07098058252427183,0.03323529411764702,0.004297421203438395,0.004630252100840336,0.004961938958707361,0.004980416868637906,0.023757562277580063,0.004964440263405455,0.08602427184466019,0.048235294117647015,0.004648710601719198,0.004831932773109243,0.007485294117647059,0.007463270142180098,0.06670312499999997,0.009155952380952383,0.09805922330097087,0.095391304347826,0.004929742120343839,0.0049932773109243695,0.009889215686274504,0.009625355450236963,0.46072404371584696,0.3760416666666666,0.38601650280898875,0.45901639344262296,0.8790650406504065,0.375,0.45935792349726773,0.4862536656891496,2.1828869047619044,2.163939393939394,0.49482970505617974,2.126829268292683,2.1277327935222674,0.475,2.1277327935222674,2.1898005439709887,2.341443452380952,2.3319696969696966,0.6913346613545817,2.3134146341463415,2.3138663967611337,0.4875,2.3138663967611337,2.344900271985494,2.4682886904761907,2.4663939393939396,0.9382669322709162,2.462682926829268,2.4627732793522266,0.4975,2.4627732793522266,2.4689800543970986,395.6134453781569,397.310924369732,396.92436974790445,391.74789915967216,396.80672268906426,116154712.20168066,28970354.01680672,0,0,18025704.336134452,3106644036.840336,2607864272.672269,841749478.1848739,4509539801.27731,4458021483.563025,0,0,0,0,0,15.294117647058822,2.6890756302521006,4.336134453781512,0.6554621848739496,16.48739495798319,0,0,0,0,0,62911.46218487395,24446.9243697479,978668.6386554622,39187.361344537814,70828.10084033613,1581.3109243697477,265.04201680672264,2803.546218487395,1728.1344537815125,460.8235294117647,1783.7815126050418,377.0756302521008,1885.9327731092437,2100.7731092436975,564.0504201680671,0,0,0,0,0,0,0,0,0,0,0,0,0,0,0,0,0,0,0,0
1693105957,0.732426345375643,0.3807670340363422,0.2559890777993472,0.05433896647285772,1.713218733758109,0.664451827242525,0.11098040086120788,0.17621766405864533,0.2528508938279093,0.025804453848734317,0,0.1404132830965809,0.2281684297863516,0.5424784187933394,0.22968968922985042,8.304462496108984,3.161898032703657,0.8866343174691211,0.4504721974678033,10.163771294923864,7.538990855244425,0.3057401593678556,0.6341301667019105,2.1091164125515194,1.0684745000387086,0.00004670053301969208,0.3069025999859586,3.3172732047293096,2.7656330723147318,1.1016916071387552,7.287642136487657,2.665369238254394,0.895961772297715,0.35320328207357465,7.796107721034093,6.454674893213095,0.46611768361707356,0.38767886092901954,1.7952413461781607,0.7999380693107643,0,0.11701106924715074,2.7587637419622455,1.3444030378791454,0.6890690676895516,50000,100000,50000,50000,50000,50000,10000,50000,50000,20000,50000,0,1757184,0,220594176,0,0,675840,0,0,2973696,0,0,0,0,1216512,1880.4313991174263,0,1.4079399278964098,1.7931858936043035,271.8820381528037,2021.0346464167062,2.9298825827358885,0,215.2772510050823,5.10928186204939,0,20.07909948281107,640.6969508400747,1.5566772017547996,6.063807795668053,0,0,0,0,0,0,0,0,0,0,0,0,0,0,0,224342016,71499776,8851456,439984128,111349760,349663232,37818368,8531968,310304768,93900800,4952064,3993600,305532928,14376960,134160384,201535488,66908160,7839744,199372800,104079360,329539584,35008512,7434240,291557376,81776640,4055040,2568192,295206912,13381632,33521664,0,0,0,0,0,0,0,0,0,0,0,0,0,0,0,203075584,71266304,8593408,424857600,107728896,332091392,37498880,8208384,295804928,91443200,4796416,3080192,297443328,14110720,36474880,186044416,69509120,8593408,211562496,107728896,332091392,36823040,8208384,295804928,88469504,4796416,3080192,297443328,14110720,35258368,1073741824,1073741824,314572800,0,1073741824,1073741824,1073741824,314572800,1073741824,0,0,0,1073741824,314572800,2147483648,10.619169504791317,0,4.5723925154817655,0,0,14.7460780485564,40571.82747022613,0,17296.606219341662,0,0,49216.06909065852,10.619169504791317,0,4.5723925154817655,0,0,14.7460780485564,40571.82747022613,0,17296.606219341662,0,0,49216.06909065852,104.47145725760183,50.399663441312576,492.2144765131278,21.432701317861916,34.78659935750344,38.870635406805135,18.182659387434068,62.85644575924853,58.7733533058711,96.70452429715138,0,0,0,0,0,0,0,0,0,0,119618.4918244406,120677.66091712243,1582686.277064738,100567.73730486275,337954.35979807255,547282.6567169719,3272.323494031646,9389.124401476105,602491.3244289103,124519.86594675109,0,0,0,0,0,0,0,0,0,0,122.36445783132528,41.396718552797644,477.05605142571716,28.849412843670876,48.25608077099587,53.10835143212488,15.938743407050984,75.14715300863095,79.30761869096659,129.34276671010986,0,0,0,0,0,0,0,0,0,0,24775.315547905906,6716.596550273453,147843.5728711968,6038.040552664634,12855.59889857733,6551.762543854763,3019.1079855649114,10762.542316020617,19742.957599966714,24547.90541798548,0,0,0,0,0,0,0,0,0,0,30,16,42,12,12,2,12,70,0,0,0,0,0.008093410843585154,0.003084745762711864,0.029970703124999998,0.016660583941605838,0.0015432835820895522,0.003018348623853211,0.0032095238095238097,0.003208991494532199,0.02091150442477875,0.004752542372881355,0.07082684824902723,0.031349999999999975,0.004308656716417911,0.00463302752293578,0.004977142857142857,0.004976184690157958,0.023752212389380526,0.004961016949152542,0.0858998054474708,0.046424999999999966,0.004654328358208956,0.0048348623853211,0.0076,0.007436899038461529,0.0665625,0.009137804878048762,0.09795817120622567,0.09465789473684194,0.004930865671641792,0.004996330275229358,0.009920000000000002,0.009621995192307694,0.4591412742382271,0.3760416666666666,0.386207805907173,0.45821823204419887,0.8724066390041494,0.375,0.4565527065527065,0.4877396755162242,2.1824925816023732,2.163866396761134,0.4951740506329114,2.124688796680498,2.1190789473684206,0.475,2.1200873362445414,2.190956482320943,2.3412462908011866,2.3319331983805665,0.6961764705882353,2.312344398340249,2.3095394736842105,0.4875,2.3100436681222707,2.345478241160471,2.4682492581602373,2.4663866396761134,0.9392352941176468,2.4624688796680494,2.4619078947368425,0.4975,2.462008733624454,2.4690956482320945,395.57983193277033,397.3277310924528,396.87394957983753,391.5798319327746,396.8739495798305,116154712.20168066,28970354.01680672,0,0,18025704.336134452,3106632540.5042014,2664568126.3865547,894482070.5882353,4601532588.100841,4458073458.016807,0,0,0,0,0,15.243697478991596,2.6890756302521006,4.336134453781512,0.6554621848739496,16.588235294117645,0,0,0,0,0,62739.361344537814,24446.9243697479,978668.6386554622,39187.361344537814,71241.14285714286,1579.2268907563023,264.99159663865544,2802.5714285714284,1731.5126050420167,460.8571428571429,1781.4285714285713,376.97478991596637,1884.4033613445376,2105.361344537815,564.1848739495798,0,0,0,0,0,0,0,0,0,0,0,0,0,0,0,0,0,0,0,0
1693105958,0.732426345375643,0.3807670340363422,0.2559890777993472,0.05433896647285772,1.713218733758109,0.664451827242525,0.11098040086120788,0.17621766405864533,0.2528508938279093,0.02235045602204275,0,0.1404132830965809,0.2281684297863516,0.5424784187933394,0.22968968922985042,8.304462496108984,3.161898032703657,0.8866343174691211,0.4504721974678033,10.163771294923864,7.538990855244425,0.3057401593678556,0.6341301667019105,2.1091164125515194,0.925456220223805,0.00004670053301969208,0.3069025999859586,3.3172732047293096,2.7656330723147318,1.1016916071387552,7.287642136487657,2.665369238254394,0.895961772297715,0.35320328207357465,7.796107721034093,6.454674893213095,0.46611768361707356,0.38767886092901954,1.7952413461781607,0.6928641366833258,0,0.11701106924715074,2.7587637419622455,1.3444030378791454,0.6890690676895516,50000,100000,50000,50000,50000,50000,10000,50000,50000,20000,50000,0,1757184,0,220594176,0,0,675840,0,0,2973696,0,0,0,0,1216512,1880.4313991174263,0,1.4079399278964098,1.7931858936043035,271.8820381528037,2021.0346464167062,2.9298825827358885,0,215.2772510050823,4.425390292364461,0,20.07909948281107,640.6969508400747,1.5566772017547996,6.063807795668053,0,0,0,0,0,0,0,0,0,0,0,0,0,0,0,224342016,71499776,8851456,439984128,111349760,349663232,37818368,8531968,310304768,93900800,4952064,3993600,305532928,14376960,134160384,201535488,66908160,7839744,199372800,104079360,329539584,35008512,7434240,291557376,81776640,4055040,2568192,295206912,13381632,33521664,0,0,0,0,0,0,0,0,0,0,0,0,0,0,0,203075584,71266304,8593408,424857600,107728896,332091392,37498880,8208384,295804928,91443200,4796416,3080192,297443328,14110720,36474880,186044416,69509120,8593408,211562496,107728896,332091392,36823040,8208384,295804928,88469504,4796416,3080192,297443328,14110720,35258368,1073741824,1073741824,314572800,0,1073741824,1073741824,1073741824,314572800,1073741824,0,0,0,1073741824,314572800,2147483648,10.619169504791317,0,4.5723925154817655,0,0,14.7460780485564,40571.82747022613,0,17296.606219341662,0,0,49216.06909065852,10.619169504791317,0,4.5723925154817655,0,0,14.7460780485564,40571.82747022613,0,17296.606219341662,0,0,49216.06909065852,104.47145725760183,50.399663441312576,492.2144765131278,21.432701317861916,34.78659935750344,33.50705667715051,18.182659387434068,62.85644575924853,58.7733533058711,96.70452429715138,0,0,0,0,0,0,0,0,0,0,119618.4918244406,120677.66091712243,1582686.277064738,100567.73730486275,337954.35979807255,471222.4747828557,3272.323494031646,9389.124401476105,602491.3244289103,124519.86594675109,0,0,0,0,0,0,0,0,0,0,122.36445783132528,41.396718552797644,477.05605142571716,28.849412843670876,48.25608077099587,45.74872144032705,15.938743407050984,75.14715300863095,79.30761869096659,129.34276671010986,0,0,0,0,0,0,0,0,0,0,24775.315547905906,6716.596550273453,147843.5728711968,6038.040552664634,12855.59889857733,5681.302609245691,3019.1079855649114,10762.542316020617,19742.957599966714,24547.90541798548,0,0,0,0,0,0,0,0,0,0,34,24,54,8,6,2,6,80,0,0,0,0,0.008093410843585154,0.003084745762711864,0.029970703124999998,0.016660583941605838,0.001510144927536232,0.0030168067226890756,0.0032007299270072993,0.003208991494532199,0.02091150442477875,0.004752542372881355,0.07082684824902723,0.031349999999999975,0.004302028985507246,0.004630252100840336,0.004961313868613139,0.004976184690157958,0.023752212389380526,0.004961016949152542,0.0858998054474708,0.046424999999999966,0.004651014492753623,0.004831932773109243,0.0074849999999999995,0.007436899038461529,0.0665625,0.009137804878048762,0.09795817120622567,0.09465789473684194,0.004930202898550725,0.0049932773109243695,0.009896999999999994,0.009621995192307694,0.4591412742382271,0.3760416666666666,0.386207805907173,0.45821823204419887,0.8755186721991701,0.375,0.45879501385041555,0.4877396755162242,2.1824925816023732,2.163866396761134,0.4951740506329114,2.124688796680498,2.125311203319502,0.475,2.1262396694214876,2.190956482320943,2.3412462908011866,2.3319331983805665,0.6961764705882353,2.312344398340249,2.312655601659751,0.4875,2.313119834710744,2.345478241160471,2.4682492581602373,2.4663866396761134,0.9392352941176468,2.4624688796680494,2.4625311203319495,0.4975,2.4626239669421484,2.4690956482320945,395.5462184873971,397.294117647059,396.941176470595,391.64705882353934,396.8907563025244,116154712.20168066,28970354.01680672,0,0,18025704.336134452,3106643348.4369745,2607930497.07563,842322711.6638656,4601507048.336134,4379910350.5210085,0,0,0,0,0,15.159663865546218,1.680672268907563,4.336134453781512,0.6554621848739496,16.53781512605042,0,0,0,0,0,62498.42016806723,14396.235294117647,978668.6386554622,39187.361344537814,71120.67226890755,1576.3025210084033,265.2436974789916,2801.27731092437,1722.7899159663864,459.2100840336134,1778.4369747899157,377.17647058823525,1882.1176470588234,2097.2268907563025,562.5378151260503,0,0,0,0,0,0,0,0,0,0,0,0,0,0,0,0,0,0,0,0
1693105959,0.732426345375643,0.31956028504777456,0.2559890777993472,0.05433896647285772,1.713218733758109,0.664451827242525,0.11098040086120788,0.1905760160083854,0.2528508938279093,0.021920381791230518,0,0.1404132830965809,0.2281684297863516,0.5424784187933394,0.22968968922985042,8.304462496108984,3.164422084811301,0.8866343174691211,0.4504721974678033,10.163771294923864,7.538990855244425,0.3057401593678556,0.6367355066939823,2.1091164125515194,0.9076483118898268,0.00004670053301969208,0.3069025999859586,3.3172732047293096,2.7656330723147318,1.1016916071387552,7.287642136487657,2.5884383088869702,0.895961772297715,0.35320328207357465,7.796107721034093,6.454674893213095,0.46611768361707356,0.3811520320167705,1.7952413461781607,0.6795318355281467,0,0.11701106924715074,2.7587637419622455,1.3444030378791454,0.6890690676895516,50000,100000,50000,50000,50000,50000,10000,50000,50000,20000,50000,0,1757184,0,220594176,0,0,675840,0,0,2973696,0,0,0,0,1216512,1880.4313991174263,0,1.4079399278964098,1.7931858936043035,271.8820381528037,2021.0346464167062,2.9298825827358885,0,215.2772510050823,4.340235594663639,0,20.07909948281107,640.6969508400747,1.5566772017547996,6.063807795668053,0,0,0,0,0,0,0,0,0,0,0,0,0,0,0,224342016,71499776,8851456,439984128,111349760,349663232,37818368,8531968,310304768,93900800,4952064,3993600,305532928,14376960,134160384,201535488,66908160,7839744,199372800,104079360,329539584,35008512,7434240,291557376,81776640,4055040,2568192,295206912,13381632,33521664,0,0,0,0,0,0,0,0,0,0,0,0,0,0,0,203075584,71266304,8593408,424857600,107728896,332091392,37498880,8208384,295804928,91443200,4796416,3080192,297443328,14110720,36474880,186044416,69509120,8593408,211562496,107728896,332091392,36823040,8208384,295804928,88469504,4796416,3080192,297443328,14110720,35258368,1073741824,1073741824,314572800,0,1073741824,1073741824,1073741824,314572800,1073741824,0,0,0,1073741824,314572800,2147483648,10.225929121528775,0,4.5723925154817655,0,0,14.7460780485564,36944.23673025916,0,17296.606219341662,0,0,49216.06909065852,10.225929121528775,0,4.5723925154817655,0,0,14.7460780485564,36944.23673025916,0,17296.606219341662,0,0,49216.06909065852,104.47145725760183,50.399663441312576,492.2144765131278,21.432701317861916,34.78659935750344,34.16112516765356,18.182659387434068,62.85644575924853,58.7733533058711,96.70452429715138,0,0,0,0,0,0,0,0,0,0,119618.4918244406,120677.66091712243,1582686.277064738,100567.73730486275,337954.35979807255,480420.8885898946,3272.323494031646,9389.124401476105,602491.3244289103,124519.86594675109,0,0,0,0,0,0,0,0,0,0,122.36445783132528,41.396718552797644,477.05605142571716,28.849412843670876,48.25608077099587,46.64175115234364,15.938743407050984,75.14715300863095,79.30761869096659,129.34276671010986,0,0,0,0,0,0,0,0,0,0,24775.315547905906,6716.596550273453,147843.5728711968,6038.040552664634,12855.59889857733,5792.203457909442,3019.1079855649114,10762.542316020617,19742.957599966714,24547.90541798548,0,0,0,0,0,0,0,0,0,0,24,16,50,10,4,2,6,106,0,0,0,0,0.008093410843585154,0.003084745762711864,0.029970703124999998,0.016660583941605838,0.001510144927536232,0.0030168067226890756,0.0032007299270072993,0.003208991494532199,0.02091150442477875,0.004752542372881355,0.07082684824902723,0.031349999999999975,0.004302028985507246,0.004630252100840336,0.004961313868613139,0.004976184690157958,0.023752212389380526,0.004961016949152542,0.0858998054474708,0.046424999999999966,0.004651014492753623,0.004831932773109243,0.0074849999999999995,0.007436899038461529,0.0665625,0.009137804878048762,0.09795817120622567,0.09465789473684194,0.004930202898550725,0.0049932773109243695,0.009896999999999994,0.009621995192307694,0.4591412742382271,0.3760416666666666,0.386207805907173,0.45821823204419887,0.8755186721991701,0.375,0.45879501385041555,0.4877396755162242,2.1824925816023732,2.163866396761134,0.4951740506329114,2.124688796680498,2.125311203319502,0.475,2.1262396694214876,2.190956482320943,2.3412462908011866,2.3319331983805665,0.6961764705882353,2.312344398340249,2.312655601659751,0.4875,2.313119834710744,2.345478241160471,2.4682492581602373,2.4663866396761134,0.9392352941176468,2.4624688796680494,2.4625311203319495,0.4975,2.4626239669421484,2.4690956482320945,395.57983193277494,397.361344537821,396.99159663865953,391.6134453781555,396.9075630252356,116154712.20168066,28970354.01680672,0,0,18025704.336134452,3106790184.8739495,2664684810.7563024,842338063.0588235,4509396475.697479,4458181193.142857,0,0,0,0,0,15.092436974789916,1.680672268907563,4.9075630252100835,0.6554621848739496,16.621848739495796,0,0,0,0,0,62317.71428571428,14396.235294117647,1119791.3277310925,39187.361344537814,71447.66386554622,1586.890756302521,265.5462184873949,2800.084033613445,1730.8907563025207,461.9831932773109,1789.0924369747897,377.66386554621846,1880.3025210084031,2105.512605042017,565.3445378151259,0,0,0,0,0,0,0,0,0,0,0,0,0,0,0,0,0,0,0,0
1693105960,0.732426345375643,0.31956028504777456,0.2559890777993472,0.05433896647285772,1.713218733758109,0.664451827242525,0.11098040086120788,0.1905760160083854,0.2528508938279093,0.021490307560418278,0,0.1300535077288942,0.2281684297863516,0.536908102116457,0.22968968922985042,8.304462496108984,3.164422084811301,0.8866343174691211,0.4504721974678033,10.163771294923864,7.538990855244425,0.30574015936785565,0.6367355066939823,2.1091164125515194,0.8898404035558481,0.00004670053301969208,0.30204895028240175,3.3172732047293096,2.72457461463854,1.1016916071387552,7.287642136487657,2.5884383088869702,0.895961772297715,0.35320328207357465,7.796107721034093,6.454674893213095,0.4661176836170736,0.3811520320167705,1.7952413461781607,0.6661995343729672,0,0.1300535077288942,2.7587637419622455,1.3855692957844055,0.6890690676895516,50000,100000,50000,50000,50000,50000,10000,50000,50000,20000,50000,0,1757184,0,220594176,0,0,675840,0,0,2973696,0,0,0,0,1216512,1880.4313991174263,0,1.4079399278964098,1.7931858936043035,271.8820381528037,2021.0346464167062,2.929882582735889,0,215.2772510050823,4.2550808969628156,0,15.940844233055886,640.6969508400747,1.1430946690221344,6.063807795668053,0,0,0,0,0,0,0,0,0,0,0,0,0,0,0,224342016,71499776,8851456,439984128,111349760,349663232,37818368,8531968,310304768,93900800,4952064,3993600,305532928,14520320,134160384,201535488,66908160,7839744,199372800,104079360,329539584,35008512,7434240,291557376,81776640,4055040,2568192,295206912,13381632,33521664,0,0,0,0,0,0,0,0,0,0,0,0,0,0,0,203075584,71266304,8593408,424857600,107728896,332091392,37498880,8208384,295804928,91443200,4796416,2940928,297443328,14155776,36474880,186044416,69509120,8593408,211562496,107728896,332091392,36823040,8208384,295804928,88469504,4796416,2940928,297443328,14155776,35258368,1073741824,1073741824,314572800,0,1073741824,1073741824,1073741824,314572800,1073741824,0,0,0,1073741824,314572800,2147483648,10.225929121528775,0,4.5723925154817655,0,0,14.7460780485564,36944.23673025916,0,17296.606219341666,0,0,49216.06909065852,10.225929121528775,0,4.5723925154817655,0,0,14.7460780485564,36944.23673025916,0,17296.606219341666,0,0,49216.06909065852,84.73831195202943,50.399663441312576,492.2144765131278,21.432701317861916,34.78659935750344,39.24410943018291,18.182659387434068,62.85644575924853,58.7733533058711,96.70452429715138,0,0,0,0,0,0,0,0,0,0,96316.69981754223,120677.66091712243,1582686.277064738,100567.73730486275,337954.35979807255,551904.8284223288,3272.323494031646,9389.124401476105,602491.3244289103,124519.86594675109,0,0,0,0,0,0,0,0,0,0,98.61637222580569,41.396718552797644,477.05605142571716,28.849412843670876,48.25608077099587,53.5817827209952,15.938743407050984,75.14715300863095,79.30761869096659,129.34276671010986,0,0,0,0,0,0,0,0,0,0,20088.600330872694,6716.596550273453,147843.5728711968,6038.040552664634,12855.59889857733,6654.050919824996,3019.1079855649114,10762.542316020617,19742.957599966714,24547.90541798548,0,0,0,0,0,0,0,0,0,0,44,20,60,16,18,2,18,102,0,0,0,0,0.008093410843585154,0.003084745762711864,0.029970703124999998,0.016660583941605838,0.001510144927536232,0.0030168067226890756,0.0032007299270072993,0.003209178743961353,0.02091150442477875,0.004752542372881355,0.07082684824902723,0.031349999999999975,0.004302028985507246,0.004630252100840336,0.004961313868613139,0.004976521739130435,0.023752212389380526,0.004961016949152542,0.0858998054474708,0.046424999999999966,0.004651014492753623,0.004831932773109243,0.0074849999999999995,0.007438544152744638,0.0665625,0.009137804878048762,0.09795817120622567,0.09465789473684194,0.004930202898550725,0.0049932773109243695,0.009896999999999994,0.009621360381861581,0.4591412742382271,0.3760416666666666,0.386207805907173,0.45821823204419887,0.8755186721991701,0.375,0.45879501385041555,0.49032079646017707,2.1824925816023732,2.163866396761134,0.4951740506329114,2.124688796680498,2.125311203319502,0.475,2.1262396694214876,2.192949865711728,2.3412462908011866,2.3319331983805665,0.6961764705882353,2.312344398340249,2.312655601659751,0.4875,2.313119834710744,2.346474932855864,2.4682492581602373,2.4663866396761134,0.9392352941176468,2.4624688796680494,2.4625311203319495,0.4975,2.4626239669421484,2.4692949865711724,395.5462184873847,397.39495798318296,396.9243697479098,391.6638655462002,397.0084033613561,116154712.20168066,28970354.01680672,0,0,68.84033613445378,3177543938.1512604,2778033522.0168066,842333519.5966386,4601483229.579832,4458194203.966387,0,0,0,0,0,15.126050420168067,1.7142857142857142,4.9075630252100835,0.6386554621848739,16.53781512605042,0,0,0,0,0,62420.97478991596,18939.697478991595,1119791.3277310925,38774.31932773109,71180.9075630252,1590.9915966386554,265.59663865546213,2798.689075630252,1732.7226890756303,460.53781512605036,1793.0420168067226,377.6470588235294,1879.0924369747897,2107.6974789915967,563.8655462184873,0,0,0,0,0,0,0,0,0,0,0,0,0,0,0,0,0,0,0,0
1693105961,0.6397952655150351,0.31956028504777456,0.2559890777993472,0.05433896647285772,1.713218733758109,0.664451827242525,0.11098040086120788,0.1905760160083854,0.2528508938279093,0.03605747561613215,0,0.1300535077288942,0.2281684297863516,0.536908102116457,0.22968968922985042,6.1930156694205785,3.164422084811301,0.8866343174691211,0.4504721974678033,10.163771294923864,7.538990855244425,0.30574015936785565,0.6367355066939823,2.1091164125515194,1.0240911496926102,0.00004670053301969208,0.30204895028240175,3.3172732047293096,2.72457461463854,1.1016916071387552,5.22963086594899,2.5884383088869702,0.895961772297715,0.35320328207357465,7.796107721034093,6.454674893213095,0.4661176836170736,0.3811520320167705,1.7952413461781607,0.7572069879387759,0,0.1300535077288942,2.7587637419622455,1.3855692957844055,0.6890690676895516,50000,100000,50000,50000,50000,50000,10000,50000,50000,20000,50000,0,1757184,0,220594176,0,0,675840,0,0,2973696,0,0,0,0,1216512,1002.4200951347742,0,1.4079399278964098,1.7931858936043035,271.8820381528037,2021.0346464167062,2.929882582735889,0,215.2772510050823,5.949483476661799,0,15.940844233055886,640.6969508400747,1.1430946690221344,6.063807795668053,0,0,0,0,0,0,0,0,0,0,0,0,0,0,0,224342016,71499776,8851456,439984128,111349760,349663232,37818368,8531968,310304768,93900800,4952064,3993600,305532928,14520320,134160384,201535488,66908160,7839744,199372800,104079360,329539584,35008512,7434240,291557376,81776640,4055040,2568192,295206912,13381632,33521664,0,0,0,0,0,0,0,0,0,0,0,0,0,0,0,203075584,71266304,8593408,424857600,107728896,332091392,37498880,8208384,295804928,91459584,4796416,2940928,297443328,14155776,36474880,186044416,69509120,8593408,211562496,107728896,332091392,36823040,8208384,295804928,88485888,4796416,2940928,297443328,14155776,35258368,1073741824,1073741824,314572800,0,1073741824,1073741824,1073741824,314572800,1073741824,0,0,0,1073741824,314572800,2147483648,10.225929121528775,0,4.5723925154817655,0,0,14.7460780485564,36944.23673025916,0,17296.606219341666,0,0,49216.06909065852,10.225929121528775,0,4.5723925154817655,0,0,14.7460780485564,36944.23673025916,0,17296.606219341666,0,0,49216.06909065852,86.4942067416804,41.30237367772063,492.2144765131278,21.432701317861916,34.476843910806174,39.24410943018291,18.182659387434068,62.33478822155284,58.7733533058711,96.70452429715138,0,0,0,0,0,0,0,0,0,0,98312.51478564944,97540.22243056067,1582686.277064738,100567.73730486275,335824.5283018868,551904.8284223288,3272.323494031646,9310.874777156207,602491.3244289103,124519.86594675109,0,0,0,0,0,0,0,0,0,0,100.65983958049642,33.68521350590976,477.05605142571716,28.849412843670876,47.495711835334475,53.5817827209952,15.938743407050984,75.05993729636688,79.30761869096659,129.34276671010986,0,0,0,0,0,0,0,0,0,0,20504.86385842949,5495.031188089711,147843.5728711968,6038.040552664634,12644.905660377359,6654.050919824996,3019.1079855649114,10699.821724964653,19742.957599966714,24547.90541798548,0,0,0,0,0,0,0,0,0,0,20,8,34,16,14,2,14,78,0,0,0,0,0.008093410843585154,0.003084745762711864,0.029970703124999998,0.016660583941605838,0.001510144927536232,0.0030168067226890756,0.0032007299270072993,0.003209178743961353,0.02091150442477875,0.004752542372881355,0.07082684824902723,0.031349999999999975,0.004302028985507246,0.004630252100840336,0.004961313868613139,0.004976521739130435,0.023752212389380526,0.004961016949152542,0.0858998054474708,0.046424999999999966,0.004651014492753623,0.004831932773109243,0.0074849999999999995,0.007438544152744638,0.0665625,0.009137804878048762,0.09795817120622567,0.09465789473684194,0.004930202898550725,0.0049932773109243695,0.009896999999999994,0.009621360381861581,0.4591412742382271,0.3760416666666666,0.386207805907173,0.45821823204419887,0.8755186721991701,0.375,0.45879501385041555,0.49032079646017707,2.1824925816023732,2.163866396761134,0.4951740506329114,2.124688796680498,2.125311203319502,0.475,2.1262396694214876,2.192949865711728,2.3412462908011866,2.3319331983805665,0.6961764705882353,2.312344398340249,2.312655601659751,0.4875,2.313119834710744,2.346474932855864,2.4682492581602373,2.4663866396761134,0.9392352941176468,2.4624688796680494,2.4625311203319495,0.4975,2.4626239669421484,2.4692949865711724,395.61344537814654,397.42857142855996,396.8571428571299,391.7983193277489,397.15966386553896,116154643.36134453,28970354.01680672,0,0,0,3107154350.2521005,2778024090.890756,842334689.882353,4601496240.403361,4458239225.546218,0,0,0,0,0,15.092436974789916,1.7142857142857142,4.9075630252100835,0.6386554621848739,16.63865546218487,0,0,0,0,0,62283.294117647056,18939.697478991595,1119791.3277310925,38774.31932773109,71585.34453781512,1588.3697478991596,264.77310924369743,2797.731092436975,1731.798319327731,461.0588235294117,1790.3697478991598,376.78991596638656,1877.361344537815,2106.1344537815125,564.3361344537816,0,0,0,0,0,0,0,0,0,0,0,0,0,0,0,0,0,0,0,0
1693105962,0.6397952655150351,0.31956028504777456,0.2559890777993472,0.05433896647285772,1.713218733758109,0.5745762775588774,0.11098040086120788,0.1905760160083854,0.2528508938279093,0.03605747561613215,0,0.1300535077288942,0.2281684297863516,0.5208559399279482,0.22968968922985042,6.1930156694205785,3.164422084811301,0.8866343174691211,0.4504721974678033,10.163771294923864,6.392930415500281,0.30574015936785565,0.6367355066939823,2.1091164125515194,1.0240911496926102,0.00004670053301969208,0.30204895028240175,3.3172732047293096,2.7554376860974874,1.1016916071387552,5.22963086594899,2.5884383088869702,0.895961772297715,0.35320328207357465,7.796107721034093,5.670818043733277,0.4661176836170736,0.3811520320167705,1.7952413461781607,0.7572069879387759,0,0.1300535077288942,2.7587637419622455,1.3889491731411956,0.6890690676895516,50000,100000,50000,50000,50000,50000,10000,50000,50000,20000,50000,0,1757184,0,220594176,0,0,675840,0,0,2973696,0,0,0,0,1216512,1002.4200951347742,0,1.4079399278964098,1.7931858936043035,271.8820381528037,1690.003703341655,2.929882582735889,0,215.2772510050823,5.949483476661799,0,15.940844233055886,640.6969508400747,1.4323538348018576,6.063807795668053,0,0,0,0,0,0,0,0,0,0,0,0,0,0,0,224342016,71499776,8851456,439984128,111349760,349663232,37818368,8531968,310304768,93900800,4952064,3993600,305532928,14520320,134160384,201535488,66908160,7839744,199372800,104079360,329539584,35008512,7434240,291557376,81776640,4055040,2568192,295206912,13381632,33521664,0,0,0,0,0,0,0,0,0,0,0,0,0,0,0,203075584,71266304,8593408,424857600,107728896,332091392,37498880,8208384,295804928,91459584,4796416,2940928,297443328,14155776,36474880,186044416,69509120,8593408,211562496,107728896,332091392,36823040,8208384,295804928,88485888,4796416,2940928,297443328,14155776,35258368,1073741824,1073741824,314572800,0,1073741824,1073741824,1073741824,314572800,1073741824,0,0,0,1073741824,314572800,2147483648,10.225929121528775,0,4.5723925154817655,0,0,14.7460780485564,36944.23673025916,0,17296.606219341666,0,0,49216.06909065852,10.225929121528775,0,4.5723925154817655,0,0,14.7460780485564,36944.23673025916,0,17296.606219341666,0,0,49216.06909065852,88.25010153133137,42.16074453658363,492.2144765131278,21.432701317861916,34.64340359451003,39.13613638226375,18.182659387434068,62.33478822155284,58.7733533058711,96.70452429715138,0,0,0,0,0,0,0,0,0,0,100308.32975375665,99567.36220598167,1582686.277064738,100567.73730486275,336289.13654114044,553256.1675272519,3272.323494031646,9310.874777156207,602491.3244289103,124519.86594675109,0,0,0,0,0,0,0,0,0,0,102.70330693518717,34.385279944552444,477.05605142571716,28.849412843670876,47.7745552536025,53.007950168019015,15.938743407050984,75.05993729636688,79.30761869096659,129.34276671010986,0,0,0,0,0,0,0,0,0,0,20921.127385986285,5609.232242905692,147843.5728711968,6038.040552664634,12615.930941560666,6548.192771084337,3019.1079855649114,10699.821724964653,19742.957599966714,24547.90541798548,0,0,0,0,0,0,0,0,0,0,38,22,50,6,6,2,6,46,0,0,0,0,0.008012005913311259,0.003075925925925926,0.02998654880860876,0.016621779859484775,0.0015889212827988337,0.003018348623853211,0.0031910112359550564,0.003217979700338328,0.020095238095238097,0.004736666666666666,0.06989000000000002,0.02890624999999998,0.004317784256559767,0.00463302752293578,0.004943820224719101,0.00499236346060899,0.022891534391534383,0.004944259259259259,0.08539499999999998,0.04492187499999997,0.004658892128279884,0.0048348623853211,0.007364130434782609,0.007534897025171633,0.03107499999999963,0.009025675675675679,0.09779899999999998,0.0936764705882353,0.004931778425655978,0.004996330275229358,0.009907608695652173,0.009635125858123582,0.4585597826086955,0.3739583333333334,0.38581814996496144,0.4594686648501362,0.8679435483870969,0.375,0.4542597765363129,0.4888950073421439,2.1816265060240965,2.1637,0.4944726699369306,2.1280241935483875,2.1134361233480177,0.475,2.1134361233480177,2.191875559534467,2.3408132530120476,2.3318499999999993,0.6861336032388665,2.314012096774193,2.3067180616740086,0.4875,2.3067180616740086,2.3459377797672336,2.4681626506024097,2.46637,0.9372267206477731,2.462802419354839,2.461343612334802,0.4975,2.461343612334802,2.469187555953447,395.5966386554591,397.49579831933113,396.9235941834201,391.71428571429703,397.1764705882285,116154781.0420168,28970354.01680672,0,0,0,3107278882.420168,2721428523.02521,842536768.0591744,4693504860.504202,4458266968.20168,0,0,0,0,0,15.176470588235293,1.7142857142857142,4.908800537950743,0.6386554621848739,16.588235294117645,0,0,0,0,0,62670.52100840336,18939.697478991595,1120073.699251912,38774.31932773109,71421.84873949579,1591.6806722689075,265.8655462184874,2795.914936538623,1729.1764705882354,459.0588235294117,1793.8319327731092,377.83193277310926,1876.2208960242076,2104.53781512605,562.4201680672268,0,0,0,0,0,0,0,0,0,0,0,0,0,0,0,0,0,0,0,0
1693105963,0.6397952655150352,0.31956028504777456,0.2559890777993472,0.05433896647285774,1.713218733758109,0.6917917406081752,0.11098040086120788,0.1905760160083854,0.2528508938279093,0.03605747561613215,0,0.1300535077288942,0.2281684297863516,0.5208559399279482,0.2232219513032728,6.193015669420579,3.164422084811301,0.8866343174691211,0.4504721974678035,10.163771294923864,7.697109387313153,0.30574015936785565,0.6367355066939823,2.1091164125515194,1.0240911496926102,0.00004670053301969208,0.30204895028240175,3.3172732047293096,2.7554376860974874,1.0537942408736563,5.229630865948991,2.5884383088869702,0.895961772297715,0.3532032820735747,7.796107721034093,6.827683700785044,0.4661176836170736,0.3811520320167705,1.7952413461781607,0.7572069879387759,0,0.1300535077288942,2.7587637419622455,1.3889491731411956,0.6009821765857346,50000,100000,50000,50000,50000,50000,10000,50000,50000,20000,50000,0,1757184,0,220594176,0,0,675840,0,0,2973696,0,0,0,0,1216512,1002.4200951347743,0,1.4079399278964098,1.793185893604304,271.8820381528037,2034.7700544410022,2.929882582735889,0,215.2772510050823,5.949483476661799,0,15.940844233055886,640.6969508400747,1.4323538348018576,7.932964730931695,0,0,0,0,0,0,0,0,0,0,0,0,0,0,0,224342016,71499776,8851456,439984128,111349760,349663232,37818368,8531968,310304768,93900800,4952064,3993600,305532928,14520320,134160384,201535488,66908160,7839744,199372800,104079360,329539584,35008512,7434240,291557376,81776640,4055040,2568192,295206912,13381632,33656832,0,0,0,0,0,0,0,0,0,0,0,0,0,0,0,203075584,71266304,8593408,424857600,107728896,332091392,37498880,8208384,295804928,91459584,4796416,2940928,297443328,14155776,36700160,186044416,69509120,8593408,211562496,107728896,332091392,36823040,8208384,295804928,88485888,4796416,2940928,297443328,14155776,35483648,1073741824,1073741824,314572800,0,1073741824,1073741824,1073741824,314572800,1073741824,0,0,0,1073741824,314572800,2147483648,10.225929121528775,0,4.5723925154817655,0,0,14.234692125416396,36944.23673025916,0,17296.606219341666,0,0,46375.218929221475,10.225929121528775,0,4.5723925154817655,0,0,14.234692125416396,36944.23673025916,0,17296.606219341666,0,0,46375.218929221475,90.00599632098233,43.019115395446626,492.2144765131278,21.432701317861916,34.64340359451003,39.13613638226375,18.182659387434068,62.33478822155284,58.7733533058711,96.70452429715138,0,0,0,0,0,0,0,0,0,0,102304.14472186386,101594.50198140263,1582686.277064738,100567.73730486275,336289.13654114044,553256.1675272519,3272.323494031646,9310.874777156207,602491.3244289103,124519.86594675109,0,0,0,0,0,0,0,0,0,0,104.74677428987792,35.08534638319512,477.05605142571716,28.849412843670876,47.7745552536025,53.007950168019015,15.938743407050984,75.05993729636688,79.30761869096659,129.34276671010986,0,0,0,0,0,0,0,0,0,0,21337.390913543084,5723.433297721674,147843.5728711968,6038.040552664634,12615.930941560666,6548.192771084337,3019.1079855649114,10699.821724964653,19742.957599966714,24547.90541798548,0,0,0,0,0,0,0,0,0,0,16,10,32,6,4,2,6,50,0,0,0,0,0.008012005913311259,0.003075925925925926,0.02998654880860876,0.016621779859484775,0.0015099150141643061,0.0030168067226890756,0.0031805309734513278,0.003217979700338328,0.020095238095238097,0.004736666666666666,0.06989000000000002,0.02890624999999998,0.004301983002832861,0.004630252100840336,0.004924955752212389,0.00499236346060899,0.022891534391534383,0.004944259259259259,0.08539499999999998,0.04492187499999997,0.00465099150141643,0.004831932773109243,0.007195652173913045,0.007534897025171633,0.03107499999999963,0.009025675675675679,0.09779899999999998,0.0936764705882353,0.004930198300283286,0.0049932773109243695,0.009873913043478259,0.009635125858123582,0.4585597826086955,0.3739583333333334,0.38581814996496144,0.4594686648501362,0.8790322580645161,0.375,0.4592391304347826,0.4888950073421439,2.1816265060240965,2.1637,0.4944726699369306,2.1280241935483875,2.1274193548387097,0.475,2.1274193548387097,2.191875559534467,2.3408132530120476,2.3318499999999993,0.6861336032388665,2.314012096774193,2.313709677419355,0.4875,2.3137096774193546,2.3459377797672336,2.4681626506024097,2.46637,0.9372267206477731,2.462802419354839,2.462741935483871,0.4975,2.462741935483871,2.469187555953447,395.5966386554666,397.56302521008513,397.04201680672793,391.7142857142876,397.1596638655485,116154781.0420168,28970354.01680672,0,0,0,3107323559.7983193,2778102981.915966,842321266.0168067,4601550211.226891,4380149639.529411,0,0,0,0,0,15.210084033613445,1.6638655462184873,4.9075630252100835,0.6386554621848739,16.6890756302521,0,0,0,0,0,62765.17647058823,18733.176470588234,1119791.3277310925,38774.31932773109,71791.86554621848,1588.5378151260504,266.1176470588235,2797.4789915966385,1731.9831932773106,460.8739495798319,1790.8235294117644,378.03361344537814,1877.3109243697477,2106.1512605042017,564.3025210084033,0,0,0,0,0,0,0,0,0,0,0,0,0,0,0,0,0,0,0,0
1693105964,0.6397952655150352,0.26507658794831673,0.2559890777993472,0.05433896647285774,1.7105896188592509,0.6917917406081752,0.11098040086120788,0.1905760160083854,0.2528508938279093,0.03605747561613215,0,0.1300535077288942,0.19216131186923985,0.5208559399279482,0.2232219513032728,6.193015669420579,2.6249013044429947,0.8866343174691211,0.4504721974678035,10.174821248730423,7.697109387313153,0.30574015936785565,0.6367355066939823,2.1091164125515194,1.0240911496926102,0.00004670053301969208,0.30204895028240175,2.877566504104105,2.7554376860974874,1.0537942408736563,5.229630865948991,2.1471203623813624,0.895961772297715,0.3532032820735747,8.018388838402736,6.827683700785044,0.4661176836170736,0.3811520320167705,1.7952413461781607,0.7572069879387759,0,0.1300535077288942,2.498097054300126,1.3889491731411956,0.6009821765857346,50000,100000,50000,50000,50000,50000,10000,50000,50000,20000,50000,0,1757184,0,220594176,0,0,675840,0,0,2973696,0,0,0,0,1216512,1002.4200951347743,0,1.4079399278964098,1.793185893604304,257.55064948949587,2034.7700544410022,2.929882582735889,0,215.2772510050823,5.949483476661799,0,15.940844233055886,650.438589061395,1.4323538348018576,7.932964730931695,0,0,0,0,0,0,0,0,0,0,0,0,0,0,0,224342016,71499776,8851456,439984128,111349760,349663232,37818368,8531968,310304768,93900800,4952064,3993600,305532928,14520320,134160384,201535488,66908160,7839744,199372800,104079360,329539584,35008512,7434240,291557376,81776640,4055040,2568192,295206912,13381632,33656832,0,0,0,0,0,0,0,0,0,0,0,0,0,0,0,203075584,71266304,8593408,424857600,107728896,332091392,37498880,8208384,295804928,91459584,4796416,2940928,297443328,14155776,36700160,186044416,69509120,8593408,211562496,107728896,332091392,36823040,8208384,295804928,88485888,4796416,2940928,297443328,14155776,35483648,1073741824,1073741824,314572800,0,1073741824,1073741824,1073741824,314572800,1073741824,0,0,0,1073741824,314572800,2147483648,8.482450814346127,0,4.5723925154817655,0,0,14.234692125416396,30645.39830206969,0,17296.606219341666,0,0,46375.218929221475,8.482450814346127,0,4.5723925154817655,0,0,14.234692125416396,30645.39830206969,0,17296.606219341666,0,0,46375.218929221475,91.76189111063331,43.87748625430962,492.2144765131278,21.393899442679928,34.64340359451003,39.13613638226375,18.182659387434068,62.33478822155284,58.7733533058711,96.25863578865427,0,0,0,0,0,0,0,0,0,0,104299.95968997109,103621.64175682362,1582686.277064738,100267.57356025648,336289.13654114044,553256.1675272519,3272.323494031646,9310.874777156207,602491.3244289103,124529.31302909409,0,0,0,0,0,0,0,0,0,0,106.79024164456867,35.78541282183781,477.05605142571716,28.645053035296936,47.7745552536025,53.007950168019015,15.938743407050984,75.05993729636688,79.30761869096659,128.44215237909896,0,0,0,0,0,0,0,0,0,0,21753.654441099883,5837.634352537655,147843.5728711968,6008.509618265715,12615.930941560666,6548.192771084337,3019.1079855649114,10699.821724964653,19742.957599966714,24447.844701761216,0,0,0,0,0,0,0,0,0,0,68,30,76,16,18,2,18,126,0,0,0,0,0.008012005913311259,0.003075925925925926,0.02998654880860876,0.016621779859484775,0.0015099150141643061,0.0030168067226890756,0.0031805309734513278,0.003217979700338328,0.020095238095238097,0.004736666666666666,0.06989000000000002,0.02890624999999998,0.004301983002832861,0.004630252100840336,0.004924955752212389,0.00499236346060899,0.022891534391534383,0.004944259259259259,0.08539499999999998,0.04492187499999997,0.00465099150141643,0.004831932773109243,0.007195652173913045,0.007534897025171633,0.03107499999999963,0.009025675675675679,0.09779899999999998,0.0936764705882353,0.004930198300283286,0.0049932773109243695,0.009873913043478259,0.009635125858123582,0.4585597826086955,0.3739583333333334,0.38581814996496144,0.4594686648501362,0.8790322580645161,0.375,0.4592391304347826,0.4888950073421439,2.1816265060240965,2.1637,0.4944726699369306,2.1280241935483875,2.1274193548387097,0.475,2.1274193548387097,2.191875559534467,2.3408132530120476,2.3318499999999993,0.6861336032388665,2.314012096774193,2.313709677419355,0.4875,2.3137096774193546,2.3459377797672336,2.4681626506024097,2.46637,0.9372267206477731,2.462802419354839,2.462741935483871,0.4975,2.462741935483871,2.469187555953447,395.6470588235308,397.5966386554464,397.0588235294024,391.79831932773743,397.1260504201612,116154712.20168066,28970354.01680672,0,0,0,3178197921.3445377,2834781020.5042014,790051693.7142857,4509485692.773109,4380195142.991596,0,0,0,0,0,15.243697478991596,1.6638655462184873,4.9075630252100835,0.6386554621848739,16.73949579831933,0,0,0,0,0,62808.20168067227,18733.176470588234,1119791.3277310925,38774.31932773109,71946.75630252101,1592.1008403361345,266.03361344537814,2795.0252100840335,1735.5966386554621,462.1512605042017,1794.436974789916,378,1875.5630252100839,2109.8823529411766,565.5294117647059,0,0,0,0,0,0,0,0,0,0,0,0,0,0,0,0,0,0,0,0
1693105965,0.6397952655150352,0.40243877900074465,0.2559890777993472,0.05433896647285774,1.7105896188592509,0.6917917406081752,0.11098040086120788,0.1905760160083854,0.2528508938279093,0.04288346910668388,0,0.1300535077288942,0.1960904085137913,0.5208559399279482,0.20356924747234867,6.193015669420579,3.1966025635350235,0.8866343174691211,0.4504721974678035,10.174821248730423,7.697109387313153,0.30574015936785565,0.6367355066939823,2.1091164125515194,0.8151506626618269,0.00004670053301969208,0.30204895028240175,2.936403721573992,2.7554376860974874,1.0283935694736606,5.229630865948991,2.696339819304988,0.895961772297715,0.3532032820735747,8.018388838402736,6.827683700785044,0.4661176836170736,0.3811520320167705,1.7952413461781607,0.6003685674935744,0,0.1300535077288942,2.549175310679295,1.3889491731411956,0.520232521318224,50000,100000,50000,50000,50000,50000,10000,50000,50000,20000,50000,0,1757184,0,220594176,0,0,675840,0,0,2973696,0,0,0,0,1216512,1002.4200951347743,0,1.4079399278964098,1.793185893604304,257.55064948949587,2034.7700544410022,2.929882582735889,0,215.2772510050823,7.075772402602834,0,15.940844233055886,663.738019903681,1.4323538348018576,7.464205740652778,0,0,0,0,0,0,0,0,0,0,0,0,0,0,0,224342016,71667712,8851456,439984128,111349760,349663232,37818368,8531968,310304768,93900800,4952064,3993600,305532928,14520320,134160384,201535488,66908160,7839744,199372800,104079360,329539584,35008512,7434240,291557376,81776640,4055040,2568192,295206912,13381632,33656832,0,0,0,0,0,0,0,0,0,0,0,0,0,0,0,203075584,71577600,8593408,424857600,107728896,332091392,37498880,8208384,295804928,91459584,4796416,2940928,297443328,14155776,36700160,186044416,69820416,8593408,211562496,107728896,332091392,36823040,8208384,295804928,88485888,4796416,2940928,297443328,14155776,35483648,1073741824,1073741824,314572800,0,1073741824,1073741824,1073741824,314572800,1073741824,0,0,0,1073741824,314572800,2147483648,10.201823047668872,0,4.5723925154817655,0,0,13.88794643866911,36759.0800249512,0,17296.606219341666,0,0,41413.042003121394,10.201823047668872,0,4.5723925154817655,0,0,13.88794643866911,36759.0800249512,0,17296.606219341666,0,0,41413.042003121394,105.35368737905827,51.50225153177982,492.2144765131279,21.393899442679928,34.64340359451003,39.13613638226375,18.182659387434068,62.33478822155284,58.7733533058711,96.25863578865427,0,0,0,0,0,0,0,0,0,0,119748.89808643304,121628.38652525899,1582686.2770647383,100267.57356025648,336289.13654114044,553256.1675272519,3272.323494031646,9310.874777156207,602491.3244289103,124529.31302909409,0,0,0,0,0,0,0,0,0,0,122.60804128144486,42.00398631856099,477.0560514257172,28.645053035296936,47.7745552536025,53.007950168019015,15.938743407050984,75.05993729636688,79.30761869096659,128.44215237909896,0,0,0,0,0,0,0,0,0,0,24975.811653407873,6852.063288958882,147843.5728711968,6008.509618265715,12615.930941560666,6548.192771084337,3019.1079855649114,10699.821724964653,19742.957599966714,24447.844701761216,0,0,0,0,0,0,0,0,0,0,60,24,78,20,14,2,16,158,0,0,0,0,0.008012005913311259,0.003075925925925926,0.02998654880860876,0.016621779859484775,0.0015099150141643061,0.0030168067226890756,0.0031805309734513278,0.00321866028708134,0.020095238095238097,0.004736666666666666,0.06989000000000002,0.02890624999999998,0.004301983002832861,0.004630252100840336,0.004924955752212389,0.0049935885167464115,0.022891534391534383,0.004944259259259259,0.08539499999999998,0.04492187499999997,0.00465099150141643,0.004831932773109243,0.007195652173913045,0.007541196388261854,0.03107499999999963,0.009025675675675679,0.09779899999999998,0.0936764705882353,0.004930198300283286,0.0049932773109243695,0.009873913043478259,0.009634650112866816,0.4585597826086955,0.3739583333333334,0.38581814996496144,0.4594686648501362,0.8790322580645161,0.375,0.4592391304347826,0.49330029368575623,2.1816265060240965,2.1637,0.4944726699369306,2.1280241935483875,2.1274193548387097,0.475,2.1274193548387097,2.195201577563541,2.3408132530120476,2.3318499999999993,0.6861336032388665,2.314012096774193,2.313709677419355,0.4875,2.3137096774193546,2.3476007887817705,2.4681626506024097,2.46637,0.9372267206477731,2.462802419354839,2.462741935483871,0.4975,2.462741935483871,2.469520157756354,395.56302521007797,397.54621848738464,397.1764705882419,391.86554621849865,397.1428571428514,116154849.88235293,19313638.18487395,0,0,0,3248998967.932773,2891467251.092437,790066012.5042017,4417498688.537815,4380340396.100841,0,0,0,0,0,15.310924369747898,1.6974789915966386,4.9075630252100835,0.6386554621848739,16.823529411764707,0,0,0,0,0,61319.529411764706,18939.697478991595,1119791.3277310925,38774.31932773109,72118.85714285714,1596.5714285714282,263.04201680672264,2796.1344537815125,1744.5042016806722,464.26890756302515,1798.7731092436975,375.17647058823525,1875.613445378151,2119.3109243697477,567.6134453781513,0,0,0,0,0,0,0,0,0,0,0,0,0,0,0,0,0,0,0,0
1693105966,0.6397952655150352,0.40243877900074465,0.2559890777993472,0.053765367934334604,1.7105896188592509,0.6917917406081752,0.11098040086120788,0.1905760160083854,0.21681332018508656,0.05018316856526325,0,0.15174123062138034,0.20001950515834277,0.5208559399279482,0.20356924747234867,6.193015669420579,3.1966025635350235,0.8866343174691211,0.4556330388185953,10.174821248730423,7.697109387313153,0.30574015936785565,0.6367355066939823,1.8085145958526145,0.9539070406985499,0.00004670053301969208,0.2993938140158316,2.995240939043878,2.7554376860974874,1.0283935694736606,5.229630865948991,2.696339819304988,0.895961772297715,0.3405139969174521,8.018388838402736,6.827683700785044,0.4661176836170736,0.3811520320167705,1.5393745733141184,0.7025643599136856,0,0.12645102551781692,2.6002535670584646,1.3889491731411956,0.520232521318224,50000,100000,50000,50000,50000,50000,10000,50000,50000,20000,50000,0,1757184,0,220594176,0,0,675840,0,0,2973696,0,0,0,0,1216512,1002.4200951347743,0,1.4079399278964098,3.548514283666081,257.55064948949587,2034.7700544410022,2.929882582735889,0,184.59486080558295,8.28022281326843,0,0,677.037450745967,1.4323538348018576,7.464205740652778,0,0,0,0,0,0,0,0,0,0,0,0,0,0,0,224342016,71667712,8851456,439984128,111349760,349663232,37818368,8531968,310304768,93900800,4952064,3993600,305532928,14520320,134160384,201535488,66908160,7839744,199372800,104079360,329539584,35008512,7434240,291557376,81776640,4055040,2568192,295206912,13381632,33656832,0,0,0,0,0,0,0,0,0,0,0,0,0,0,0,203075584,71577600,8593408,424857600,107728896,332091392,37498880,8208384,295804928,91459584,4796416,2940928,297443328,14155776,36700160,186044416,69820416,8593408,211562496,107728896,332091392,36823040,8208384,295804928,88485888,4796416,2940928,297443328,14155776,35483648,1073741824,1073741824,314572800,0,1073741824,1073741824,1073741824,314572800,1073741824,0,0,0,1073741824,314572800,2147483648,10.201823047668872,0,4.5723925154817655,0,0,13.88794643866911,36759.0800249512,0,17296.606219341666,0,0,41413.042003121394,10.201823047668872,0,4.5723925154817655,0,0,13.88794643866911,36759.0800249512,0,17296.606219341666,0,0,41413.042003121394,105.35368737905827,51.50225153177982,492.2144765131279,21.393899442679928,34.64340359451003,39.13613638226375,15.473948212578266,62.33478822155284,58.7733533058711,96.25863578865427,0,0,0,0,0,0,0,0,0,0,119748.89808643304,121628.38652525899,1582686.2770647383,100267.57356025648,336289.13654114044,553256.1675272519,2784.838191295765,9310.874777156207,602491.3244289103,124529.31302909409,0,0,0,0,0,0,0,0,0,0,122.60804128144486,42.00398631856099,477.0560514257172,28.645053035296936,47.7745552536025,53.007950168019015,13.564313382272806,75.05993729636688,79.30761869096659,128.44215237909896,0,0,0,0,0,0,0,0,0,0,24975.811653407873,6852.063288958882,147843.5728711968,6008.509618265715,12615.930941560666,6548.192771084337,2569.3447598264497,10699.821724964653,19742.957599966714,24447.844701761216,0,0,0,0,0,0,0,0,0,0,44,20,60,10,6,2,10,64,0,0,0,0,0.008012005913311259,0.003075925925925926,0.02998654880860876,0.016621779859484775,0.0015099150141643061,0.0030168067226890756,0.0031805309734513278,0.00321866028708134,0.020095238095238097,0.004736666666666666,0.06989000000000002,0.02890624999999998,0.004301983002832861,0.004630252100840336,0.004924955752212389,0.0049935885167464115,0.022891534391534383,0.004944259259259259,0.08539499999999998,0.04492187499999997,0.00465099150141643,0.004831932773109243,0.007195652173913045,0.007541196388261854,0.03107499999999963,0.009025675675675679,0.09779899999999998,0.0936764705882353,0.004930198300283286,0.0049932773109243695,0.009873913043478259,0.009634650112866816,0.4585597826086955,0.3739583333333334,0.38581814996496144,0.4594686648501362,0.8790322580645161,0.375,0.4592391304347826,0.49330029368575623,2.1816265060240965,2.1637,0.4944726699369306,2.1280241935483875,2.1274193548387097,0.475,2.1274193548387097,2.195201577563541,2.3408132530120476,2.3318499999999993,0.6861336032388665,2.314012096774193,2.313709677419355,0.4875,2.3137096774193546,2.3476007887817705,2.4681626506024097,2.46637,0.9372267206477731,2.462802419354839,2.462741935483871,0.4975,2.462741935483871,2.469520157756354,395.69747899160643,397.4789915966356,397.12605042018123,391.86554621850297,397.0252100840184,116154849.88235293,28970354.01680672,0,0,0,3319579450.0840335,2948109768.067227,790685644.3697479,4417526431.193277,4224072764.235294,0,0,0,0,0,15.210084033613445,1.5462184873949578,4.9075630252100835,0.47058823529411764,16.57142857142857,0,0,0,0,0,61035.56302521008,17821.04201680672,1119791.3277310925,36562.82352941176,69356.63865546219,1601.0756302521006,266.57142857142856,2795.9159663865544,1743.2605042016808,463.99999999999994,1803.159663865546,378.3697478991596,1875.4117647058822,2118.3697478991594,567.3277310924368,0,0,0,0,0,0,0,0,0,0,0,0,0,0,0,0,0,0,0,0
1693105967,0.6397952655150352,0.40243877900074465,0.15871927292346288,0.053765367934334604,1.7105896188592509,0.6917917406081752,0.11098040086120788,0.1905760160083854,0.21259913862128804,0.05018316856526325,0,0.15174123062138034,0.2357457986730881,0.5208559399279482,0.20356924747234867,6.193015669420579,3.1966025635350235,0.725506560369649,0.4556330388185953,10.174821248730423,7.697109387313153,0.30574015936785565,0.6367355066939823,1.7733626556434223,0.9539070406985499,0.00004670053301969208,0.2993938140158316,3.5302330481931876,2.7554376860974874,1.0283935694736606,5.229630865948991,2.696339819304988,0.7142367281555826,0.3405139969174521,8.018388838402736,6.827683700785044,0.4661176836170736,0.3811520320167705,1.5094538842111491,0.7025643599136856,0,0.12645102551781692,3.0646953827501546,1.3889491731411956,0.520232521318224,50000,100000,50000,50000,50000,50000,10000,50000,50000,20000,50000,0,1757184,0,220594176,0,0,675840,0,0,2973696,0,0,0,0,1216512,1002.4200951347743,0,0,3.548514283666081,257.55064948949587,2034.7700544410022,2.929882582735889,0,181.0069066221649,8.28022281326843,0,0,797.9658505371634,1.4323538348018576,7.464205740652778,0,0,0,0,0,0,0,0,0,0,0,0,0,0,0,224342016,71667712,8863744,439984128,111349760,349663232,37818368,8531968,310304768,93900800,4952064,3993600,305532928,14520320,134160384,201535488,66908160,7839744,199372800,104079360,329539584,35008512,7434240,291557376,81776640,4055040,2568192,295206912,13381632,33656832,0,0,0,0,0,0,0,0,0,0,0,0,0,0,0,203075584,71577600,8601600,424857600,107728896,332091392,37498880,8208384,295804928,91459584,4796416,2940928,297443328,14155776,36700160,186044416,69820416,8601600,211562496,107728896,332091392,36823040,8208384,295804928,88485888,4796416,2940928,297443328,14155776,35483648,1073741824,1073741824,314572800,0,1073741824,1073741824,1073741824,314572800,1073741824,0,0,0,1073741824,314572800,2147483648,10.201823047668872,0,4.5723925154817655,0,0,13.88794643866911,36759.0800249512,0,17296.606219341666,0,0,41413.042003121394,10.201823047668872,0,4.5723925154817655,0,0,13.88794643866911,36759.0800249512,0,17296.606219341666,0,0,41413.042003121394,105.35368737905827,51.50225153177982,492.2144765131279,21.393899442679928,34.64340359451003,39.13613638226375,17.108536067463447,62.33478822155284,58.7733533058711,96.25863578865427,0,0,0,0,0,0,0,0,0,0,119748.89808643304,121628.38652525899,1582686.2770647383,100267.57356025648,336289.13654114044,553256.1675272519,3107.423810390503,9310.874777156207,602491.3244289103,124529.31302909409,0,0,0,0,0,0,0,0,0,0,122.60804128144486,42.00398631856099,477.0560514257172,28.645053035296936,47.7745552536025,53.007950168019015,15.106473336164532,75.05993729636688,79.30761869096659,128.44215237909896,0,0,0,0,0,0,0,0,0,0,24975.811653407873,6852.063288958882,147843.5728711968,6008.509618265715,12615.930941560666,6548.192771084337,2856.9839632752937,10699.821724964653,19742.957599966714,24447.844701761216,0,0,0,0,0,0,0,0,0,0,44,12,40,18,22,2,22,112,0,0,0,0,0.00802119563596943,0.0030779944289693593,0.0300095785440613,0.016643835616438358,0.0016171428571428574,0.003018348623853211,0.003192592592592593,0.0032175355450236973,0.020084337349397595,0.004740389972144847,0.06997017892644135,0.028333333333333374,0.004323428571428572,0.00463302752293578,0.004946666666666667,0.004991563981042654,0.02285197934595526,0.004948189415041783,0.0854324055666004,0.04463541666666669,0.0046617142857142855,0.0048348623853211,0.007382978723404256,0.007528651685393255,0.028200000000000353,0.00905394736842106,0.09780218687872765,0.09335294117647057,0.004932342857142857,0.004996330275229358,0.009902127659574465,0.009631573033707859,0.4597855227882038,0.3739583333333334,0.38587526205450734,0.4597855227882038,0.8675889328063242,0.375,0.45385674931129477,0.4896059291395517,2.182213438735178,2.163627254509018,0.4945754716981132,2.1288537549407116,2.1122270742358076,0.475,2.1122270742358076,2.1924408413672216,2.341106719367589,2.3318136272545087,0.6876506024096385,2.314426877470356,2.3061135371179042,0.4875,2.3061135371179042,2.3462204206836104,2.468221343873518,2.466362725450902,0.9375301204819279,2.462885375494071,2.461222707423581,0.4975,2.461222707423581,2.4692440841367214,395.6806722689155,397.6470588235274,397.12605042016975,391.78151260502415,396.9915966386414,116154849.88235293,28970354.01680672,0,0,0,3178460271.865546,2834793618.285714,790670568.3361344,4325649502.655462,4302293284.571428,0,0,0,0,0,15.142857142857142,1.5462184873949578,4.9075630252100835,0.47058823529411764,16.823529411764707,0,0,0,0,0,62713.54621848739,17821.04201680672,1119791.3277310925,36562.82352941176,73022.38655462184,1594.3865546218485,266.3193277310924,2796.2016806722686,1736.605042016807,461.9159663865546,1796.4201680672265,378.01680672268907,1875.563025210084,2110.72268907563,565.1092436974789,0,0,0,0,0,0,0,0,0,0,0,0,0,0,0,0,0,0,0,0
1693105968,0.6397952655150352,0.40243877900074465,0.16205652753096003,0.053765367934334604,1.7105896188592509,0.6917917406081752,0.11098040086120788,0.1905760160083854,0.2083849570574896,0.05018316856526325,0,0.15174123062138034,0.2357457986730881,0.5208559399279482,0.20356924747234867,6.193015669420579,3.1966025635350235,0.7407611672410562,0.4556330388185953,10.174821248730423,7.697109387313153,0.30574015936785565,0.6367355066939823,1.7382107154342303,0.9539070406985499,0,0.2993938140158316,3.5302330481931876,2.7554376860974874,1.0283935694736606,5.229630865948991,2.696339819304988,0.7292543738893198,0.3405139969174521,8.018388838402736,6.827683700785044,0.4661176836170736,0.3811520320167705,1.4795331951081796,0.7025643599136856,0,0.12645102551781692,3.0646953827501546,1.3889491731411956,0.520232521318224,50000,100000,50000,50000,50000,50000,10000,50000,50000,20000,50000,0,1757184,0,220594176,0,0,675840,0,0,2973696,0,0,0,0,1216512,1002.4200951347743,0,0,3.548514283666081,257.55064948949587,2034.7700544410022,2.929882582735889,0,177.41895243874686,8.28022281326843,0,0,797.9658505371634,1.4323538348018576,7.464205740652778,0,0,0,0,0,0,0,0,0,0,0,0,0,0,0,224342016,71667712,8863744,439984128,111349760,349663232,37818368,8531968,310304768,93900800,4952064,3993600,305532928,14520320,134160384,201535488,66908160,7839744,199372800,104079360,329539584,35008512,7434240,291557376,81776640,4055040,2568192,295206912,13381632,33656832,0,0,0,0,0,0,0,0,0,0,0,0,0,0,0,203075584,71577600,8601600,424857600,107728896,332091392,37498880,8208384,295804928,91459584,4796416,2940928,297443328,14155776,36700160,186044416,69820416,8601600,211562496,107728896,332091392,36823040,8208384,295804928,88485888,4796416,2940928,297443328,14155776,35483648,1073741824,1073741824,314572800,0,1073741824,1073741824,1073741824,314572800,1073741824,0,0,0,1073741824,314572800,2147483648,10.201823047668872,0,4.5723925154817655,0,0,13.88794643866911,36759.0800249512,0,17296.606219341666,0,0,41413.042003121394,10.201823047668872,0,4.5723925154817655,0,0,13.88794643866911,36759.0800249512,0,17296.606219341666,0,0,41413.042003121394,105.35368737905827,51.50225153177982,492.2144765131279,21.17232747098882,34.64340359451003,39.13613638226375,17.108536067463447,62.33478822155284,58.7733533058711,96.25863578865429,0,0,0,0,0,0,0,0,0,0,119748.89808643304,121628.38652525899,1582686.2770647383,99589.11258671532,336289.13654114044,553256.1675272519,3107.423810390503,9310.874777156207,602491.3244289103,124529.31302909412,0,0,0,0,0,0,0,0,0,0,122.60804128144486,42.00398631856099,477.0560514257172,28.470203873814626,47.7745552536025,53.007950168019015,15.106473336164532,75.05993729636688,79.30761869096659,128.44215237909899,0,0,0,0,0,0,0,0,0,0,24975.811653407873,6852.063288958882,147843.5728711968,5952.924454250377,12615.930941560666,6548.192771084337,2856.9839632752937,10699.821724964653,19742.957599966714,24447.84470176122,0,0,0,0,0,0,0,0,0,0,38,16,54,16,18,2,18,92,0,0,0,0,0.00802119563596943,0.0030779944289693593,0.0300095785440613,0.016643835616438358,0.001511111111111111,0.0030168067226890756,0.0031808695652173914,0.0032175355450236973,0.020084337349397595,0.004740389972144847,0.06997017892644135,0.028333333333333374,0.004302222222222222,0.004630252100840336,0.004925565217391304,0.004991563981042654,0.02285197934595526,0.004948189415041783,0.0854324055666004,0.04463541666666669,0.004651111111111112,0.004831932773109243,0.007196808510638299,0.007528651685393255,0.028200000000000353,0.00905394736842106,0.09780218687872765,0.09335294117647057,0.004930222222222221,0.0049932773109243695,0.009864893617021274,0.009631573033707859,0.4597855227882038,0.3739583333333334,0.38587526205450734,0.4597855227882038,0.883399209486166,0.375,0.46012064343163533,0.4896059291395517,2.182213438735178,2.163627254509018,0.4945754716981132,2.1288537549407116,2.130588235294118,0.475,2.129724409448819,2.1924408413672216,2.341106719367589,2.3318136272545087,0.6876506024096385,2.314426877470356,2.3152941176470585,0.4875,2.3148622047244096,2.3462204206836104,2.468221343873518,2.466362725450902,0.9375301204819279,2.462885375494071,2.4630588235294115,0.4975,2.4629724409448817,2.4692440841367214,395.51260504200764,397.71428571426605,397.0084033613581,391.69747899160876,397.07563025208697,116154849.88235293,28970354.01680672,0,0,0,3319676652.638655,2778130311.529412,843610438.9915966,4417767028.168067,4224116202.487395,0,0,0,0,0,14.957983193277311,1.680672268907563,4.9075630252100835,0.5210084033613445,16.823529411764707,0,0,0,0,0,61594.89075630252,18810.621848739494,1119791.3277310925,36967.26050420168,73039.59663865546,1596.1176470588232,266.672268907563,2797.0756302521004,1737.6806722689078,461.94957983193274,1798.1680672268906,378.38655462184875,1876.3865546218487,2111.63025210084,565.0756302521008,0,0,0,0,0,0,0,0,0,0,0,0,0,0,0,0,0,0,0,0
1693105969,0.6249118068014595,0.40243877900074465,0.16539378213845715,0.053765367934334604,1.4884030339207548,0.6917917406081752,0.11098040086120788,0.1905760160083854,0.20417077549369106,0.05018316856526325,0,0.15174123062138034,0.19893900358109112,0.5208559399279482,0.20356924747234867,6.254297030660992,3.1966025635350235,0.7560157741124633,0.4556330388185953,8.853225022089772,7.697109387313153,0.30574015936785565,0.6367355066939823,1.703058775225038,0.9539070406985499,0,0.2993938140158316,2.9790607042396595,2.7554376860974874,1.0283935694736606,5.261354244360674,2.696339819304988,0.7442720196230568,0.3405139969174521,6.976889221503538,6.827683700785044,0.4661176836170736,0.3811520320167705,1.44961250600521,0.7025643599136856,0,0.12645102551781692,2.586207046554193,1.3889491731411956,0.520232521318224,50000,100000,50000,50000,50000,50000,10000,50000,50000,20000,50000,0,1757184,0,220594176,0,0,675840,0,0,2973696,0,0,0,0,1216512,1024.4521942467795,0,0,3.548514283666081,224.0976817946936,2034.7700544410022,2.929882582735889,0,173.83099825532878,8.28022281326843,0,0,673.3801072643384,1.4323538348018576,7.464205740652778,0,0,0,0,0,0,0,0,0,0,0,0,0,0,0,224342016,71667712,8863744,439984128,111349760,349663232,37818368,8531968,310304768,93900800,4952064,3993600,305532928,14520320,134160384,201670656,66908160,7839744,199372800,104079360,329539584,35008512,7434240,291557376,81776640,4055040,2568192,295206912,13381632,33656832,0,0,0,0,0,0,0,0,0,0,0,0,0,0,0,203177984,71577600,8601600,424857600,107728896,332091392,37498880,8208384,295804928,91459584,4796416,2940928,297443328,14155776,36700160,186146816,69820416,8601600,211562496,107728896,332091392,36823040,8208384,295804928,88485888,4796416,2940928,297443328,14155776,35483648,1073741824,1073741824,314572800,0,1073741824,1073741824,1073741824,314572800,1073741824,0,0,0,1073741824,314572800,2147483648,10.201823047668872,0,4.5723925154817655,0,0,13.88794643866911,36759.0800249512,0,17296.606219341666,0,0,41413.042003121394,10.201823047668872,0,4.5723925154817655,0,0,13.88794643866911,36759.0800249512,0,17296.606219341666,0,0,41413.042003121394,91.9234334312812,51.50225153177982,492.2144765131279,21.17232747098882,34.64340359451003,39.13613638226375,17.108536067463447,62.33478822155284,58.87172639820349,96.25863578865429,0,0,0,0,0,0,0,0,0,0,104483.57466703694,121628.38652525899,1582686.2770647383,99589.11258671532,336289.13654114044,553256.1675272519,3107.423810390503,9310.874777156207,603804.7825691135,124529.31302909412,0,0,0,0,0,0,0,0,0,0,106.9782406412002,42.00398631856099,477.0560514257172,28.470203873814626,47.7745552536025,53.007950168019015,15.106473336164532,75.05993729636688,79.14302187964677,128.44215237909899,0,0,0,0,0,0,0,0,0,0,21791.950685635107,6852.063288958882,147843.5728711968,5952.924454250377,12615.930941560666,6548.192771084337,2856.9839632752937,10699.821724964653,19811.489090522864,24447.84470176122,0,0,0,0,0,0,0,0,0,0,50,18,44,12,18,2,18,82,0,0,0,0,0.00802119563596943,0.0030779944289693593,0.0300095785440613,0.016643835616438358,0.001511111111111111,0.0030168067226890756,0.0031808695652173914,0.0032175355450236973,0.020084337349397595,0.004740389972144847,0.06997017892644135,0.028333333333333374,0.004302222222222222,0.004630252100840336,0.004925565217391304,0.004991563981042654,0.02285197934595526,0.004948189415041783,0.0854324055666004,0.04463541666666669,0.004651111111111112,0.004831932773109243,0.007196808510638299,0.007528651685393255,0.028200000000000353,0.00905394736842106,0.09780218687872765,0.09335294117647057,0.004930222222222221,0.0049932773109243695,0.009864893617021274,0.009631573033707859,0.4597855227882038,0.3739583333333334,0.38587526205450734,0.4597855227882038,0.883399209486166,0.375,0.46012064343163533,0.4896059291395517,2.182213438735178,2.163627254509018,0.4945754716981132,2.1288537549407116,2.130588235294118,0.475,2.129724409448819,2.1924408413672216,2.341106719367589,2.3318136272545087,0.6876506024096385,2.314426877470356,2.3152941176470585,0.4875,2.3148622047244096,2.3462204206836104,2.468221343873518,2.466362725450902,0.9375301204819279,2.462885375494071,2.4630588235294115,0.4975,2.4629724409448817,2.4692440841367214,395.73109243697115,397.6638655462142,397.0252100840362,391.59663865546366,397.00840336132654,116154712.20168066,28970354.01680672,0,0,18025773.17647059,3249108768.2689075,2778158811.428571,791316015.327731,4417878549.512605,4302364603.159664,0,0,0,0,0,14.571428571428571,1.680672268907563,4.9075630252100835,0.5210084033613445,16.840336134453782,0,0,0,0,0,56492.100840336134,18810.621848739494,1119791.3277310925,36967.26050420168,73099.8319327731,1594.8571428571427,265.9327731092437,2795.63025210084,1738.0672268907563,462.2689075630252,1796.6050420168065,377.52941176470586,1875.126050420168,2111.798319327731,565.3613445378151,0,0,0,0,0,0,0,0,0,0,0,0,0,0,0,0,0,0,0,0
1693105970,0.6249118068014595,0.40243877900074465,0.16873103674595433,0.053765367934334604,1.6951111453557814,0.6917917406081752,0.11098040086120788,0.1905760160083854,0.1999565939298926,0.05018316856526325,0,0.15174123062138034,0.1707140113524819,0.5208559399279482,0.20356924747234867,6.254297030660992,3.1966025635350235,0.7712703809838707,0.4556330388185953,10.004492084986714,7.697109387313153,0.30574015936785565,0.6367355066939823,1.6679068350158464,0.9539070406985499,0,0.2993938140158316,3.0505967350945364,2.7554376860974874,1.0283935694736606,5.261354244360674,2.696339819304988,0.7592896653567941,0.3405139969174521,7.820626420618713,6.827683700785044,0.4661176836170736,0.3811520320167705,1.419691816902241,0.7025643599136856,0,0.12645102551781692,2.6887456788015984,1.3889491731411956,0.520232521318224,50000,100000,50000,50000,50000,50000,10000,50000,50000,20000,50000,0,1757184,0,220594176,0,0,675840,0,0,2973696,0,0,0,0,1216512,1024.4521942467795,0,0,3.548514283666081,240.28200485418193,2034.7700544410022,2.929882582735889,0,170.2430440719108,8.28022281326843,0,0,616.8750800221928,1.4323538348018576,7.464205740652778,0,0,0,0,0,0,0,0,0,0,0,0,0,0,0,224342016,71667712,8863744,439984128,111349760,349663232,37818368,8531968,310304768,93900800,4952064,3993600,305532928,14520320,134160384,201670656,66908160,7839744,199372800,103809024,329539584,35008512,7434240,291557376,81776640,4055040,2568192,294666240,13381632,33656832,0,0,0,0,0,0,0,0,0,0,0,0,0,0,0,203177984,71577600,8601600,424857600,107528192,332091392,37498880,8208384,295804928,91459584,4796416,2940928,296984576,14155776,36700160,186146816,69820416,8601600,211562496,107528192,332091392,36823040,8208384,295804928,88485888,4796416,2940928,296984576,14155776,35483648,1073741824,1073741824,314572800,0,1073741824,1073741824,1073741824,314572800,1073741824,0,0,0,1073741824,314572800,2147483648,10.201823047668872,0,4.5723925154817655,0,0,13.88794643866911,36759.0800249512,0,17296.606219341666,0,0,41413.042003121394,10.201823047668872,0,4.5723925154817655,0,0,13.88794643866911,36759.0800249512,0,17296.606219341666,0,0,41413.042003121394,104.65701455558998,51.50225153177982,489.58597273602595,21.17232747098882,34.64340359451003,39.13613638226375,17.108536067463447,62.33478822155284,58.87172639820349,96.25863578865429,0,0,0,0,0,0,0,0,0,0,119844.16615051101,121628.38652525899,1578610.6690991402,99589.11258671532,336289.13654114044,553256.1675272519,3107.423810390503,9310.874777156207,603804.7825691135,124529.31302909412,0,0,0,0,0,0,0,0,0,0,122.34825023227008,42.00398631856099,474.7546411256947,28.470203873814626,47.7745552536025,53.007950168019015,15.106473336164532,75.05993729636688,79.14302187964677,128.44215237909899,0,0,0,0,0,0,0,0,0,0,24819.332610715395,6852.063288958882,146977.19556073582,5952.924454250377,12615.930941560666,6548.192771084337,2856.9839632752937,10699.821724964653,19811.489090522864,24447.84470176122,0,0,0,0,0,0,0,0,0,0,28,12,52,8,10,2,10,44,0,0,0,0,0.00802119563596943,0.0030779944289693593,0.0300095785440613,0.016643835616438358,0.001511111111111111,0.0030168067226890756,0.0031808695652173914,0.0032195238095238097,0.020084337349397595,0.004740389972144847,0.06997017892644135,0.028333333333333374,0.004302222222222222,0.004630252100840336,0.004925565217391304,0.004995142857142858,0.02285197934595526,0.004948189415041783,0.0854324055666004,0.04463541666666669,0.004651111111111112,0.004831932773109243,0.007196808510638299,0.007555493273542607,0.028200000000000353,0.00905394736842106,0.09780218687872765,0.09335294117647057,0.004930222222222221,0.0049932773109243695,0.009864893617021274,0.009645627802690591,0.4597855227882038,0.3739583333333334,0.38587526205450734,0.4597855227882038,0.883399209486166,0.375,0.46012064343163533,0.4879790310918294,2.182213438735178,2.163627254509018,0.4945754716981132,2.1288537549407116,2.130588235294118,0.475,2.129724409448819,2.1911881625441696,2.341106719367589,2.3318136272545087,0.6876506024096385,2.314426877470356,2.3152941176470585,0.4875,2.3148622047244096,2.345594081272085,2.468221343873518,2.466362725450902,0.9375301204819279,2.462885375494071,2.4630588235294115,0.4975,2.4629724409448817,2.4691188162544173,395.6470588235415,397.6470588235282,397.10924369749193,391.6470588235446,396.99159663866885,116154849.88235293,28970354.01680672,0,0,18025773.17647059,3249157644.9075627,2891514888.605042,791305000.8739495,4509841459.630252,4302358820.571428,0,0,0,0,0,14.957983193277311,1.680672268907563,4.9411764705882355,0.5210084033613445,16.722689075630253,0,0,0,0,0,60398.78991596639,18810.621848739494,1119954.8235294118,36967.26050420168,72660.97478991597,1593.2773109243694,266.48739495798316,2795.428571428571,1733.983193277311,459.74789915966386,1795.4789915966385,378.1176470588235,1874.689075630252,2108.3865546218485,562.655462184874,0,0,0,0,0,0,0,0,0,0,0,0,0,0,0,0,0,0,0,0
1693105971,0.6249118068014595,0.40243877900074465,0.17206829135345145,0.05475701574264208,1.6951111453557814,0.6917917406081752,0.1365063866275575,0.1620446689006411,0.21992894603281998,0.05018316856526325,0,0.13811882164913875,0.1707140113524819,0.5245947505551961,0.20356924747234867,6.254297030660992,3.1966025635350235,0.7865249878552779,0.4531551759069128,10.004492084986714,7.697109387313153,0.25688863301639386,0.5414091265029298,1.887862021654536,0.9539070406985499,0,0.29777380872516335,3.0505967350945364,2.7948371972651116,1.0283935694736606,5.261354244360674,2.696339819304988,0.7743073110905312,0.3285420944558525,7.820626420618713,6.827683700785044,0.3120145980058453,0.32408933780128196,1.6748435120960894,0.7025643599136856,0,0.11838756141354749,2.6887456788015984,1.381432843128683,0.520232521318224,50000,100000,50000,50000,50000,50000,10000,50000,50000,20000,50000,0,1757184,0,220594176,0,0,675840,0,0,2973696,0,0,0,0,1216512,1024.4521942467795,0,0,5.420944558521561,240.28200485418193,2034.7700544410022,1.2870602167741125,0,148.5027914058535,8.28022281326843,0,0,616.8750800221928,2.308216902442863,7.464205740652778,0,0,0,0,0,0,0,0,0,0,0,0,0,0,0,224342016,71667712,8863744,439984128,111349760,349663232,37871616,8531968,310304768,93900800,4952064,3993600,305532928,14520320,134160384,201670656,66908160,7839744,199372800,103809024,329539584,35008512,7434240,291557376,81776640,4055040,2568192,294666240,13381632,33656832,0,0,0,0,0,0,0,0,0,0,0,0,0,0,0,203177984,71577600,8601600,424857600,107528192,332091392,37617664,8208384,295940096,91459584,4796416,2940928,296984576,14192640,36700160,186146816,69820416,8601600,211562496,107528192,332091392,36941824,8208384,295940096,88485888,4796416,2940928,296984576,14192640,35483648,1073741824,1073741824,314572800,0,1073741824,1073741824,1073741824,314572800,1073741824,0,0,0,1073741824,314572800,2147483648,10.201823047668872,0,4.212197073078914,0,0,13.88794643866911,36759.0800249512,0,17822.273838093894,0,0,41413.042003121394,10.201823047668872,0,4.212197073078914,0,0,13.88794643866911,36759.0800249512,0,17822.273838093894,0,0,41413.042003121394,104.65701455558998,51.50225153177982,407.81791091511286,21.17232747098882,34.64340359451003,39.13613638226375,17.108536067463447,62.33478822155284,59.1778574204413,96.25863578865429,0,0,0,0,0,0,0,0,0,0,119844.16615051101,121628.38652525899,1330775.0544431082,99589.11258671532,336289.13654114044,553256.1675272519,3107.423810390503,9310.874777156207,605397.1889977978,124529.31302909412,0,0,0,0,0,0,0,0,0,0,122.34825023227008,42.00398631856099,395.85657681665253,28.470203873814626,47.7745552536025,53.007950168019015,15.106473336164532,75.05993729636688,79.77460166673863,128.44215237909899,0,0,0,0,0,0,0,0,0,0,24819.332610715395,6852.063288958882,122033.42486033814,5952.924454250377,12615.930941560666,6548.192771084337,2856.9839632752937,10699.821724964653,19977.654475581847,24447.84470176122,0,0,0,0,0,0,0,0,0,0,20,20,52,10,6,2,6,82,0,0,0,0,0.00802119563596943,0.0030779944289693593,0.0300095785440613,0.016643835616438358,0.001511111111111111,0.0030168067226890756,0.0031808695652173914,0.0032195238095238097,0.020084337349397595,0.004740389972144847,0.06997017892644135,0.028333333333333374,0.004302222222222222,0.004630252100840336,0.004925565217391304,0.004995142857142858,0.02285197934595526,0.004948189415041783,0.0854324055666004,0.04463541666666669,0.004651111111111112,0.004831932773109243,0.007196808510638299,0.007555493273542607,0.028200000000000353,0.00905394736842106,0.09780218687872765,0.09335294117647057,0.004930222222222221,0.0049932773109243695,0.009864893617021274,0.009645627802690591,0.4597855227882038,0.3739583333333334,0.38587526205450734,0.4597855227882038,0.883399209486166,0.375,0.46012064343163533,0.4879790310918294,2.182213438735178,2.163627254509018,0.4945754716981132,2.1288537549407116,2.130588235294118,0.475,2.129724409448819,2.1911881625441696,2.341106719367589,2.3318136272545087,0.6876506024096385,2.314426877470356,2.3152941176470585,0.4875,2.3148622047244096,2.345594081272085,2.468221343873518,2.466362725450902,0.9375301204819279,2.462885375494071,2.4630588235294115,0.4975,2.4629724409448817,2.4691188162544173,395.6470588235292,397.69747899159205,397.2100840336231,391.7142857142803,397.14285714286217,116154849.88235293,28970354.01680672,0,0,18025773.17647059,3249191032.470588,2891524870.4537816,844267106.9579831,4417948422.453781,4302434476.100841,0,0,0,0,0,15.159663865546218,1.680672268907563,4.9411764705882355,0.5210084033613445,16.92436974789916,0,0,0,0,0,60958.11764705882,18810.621848739494,1119954.8235294118,36967.26050420168,73426.82352941176,1602.7899159663864,266.63865546218483,2795.5126050420167,1752.3529411764707,463.71428571428567,1804.739495798319,378.16806722689074,1874.5882352941176,2127.3277310924364,566.5042016806724,0,0,0,0,0,0,0,0,0,0,0,0,0,0,0,0,0,0,0,0
1693105972,0.6249118068014595,0.40243877900074465,0.2002352764498286,0.05475701574264208,1.6951111453557814,0.6917917406081752,0.13925135549176781,0.158868401967168,0.18404155249274026,0.05018316856526325,0,0.13811882164913875,0.1707140113524819,0.5245947505551961,0.20356924747234867,6.254297030660992,3.1966025635350235,0.9152764122844335,0.4531551759069128,10.004492084986714,7.697109387313153,0.2620543349049324,0.5307968680580302,1.829061046582954,0.9539070406985499,0,0.29777380872516335,3.0505967350945364,2.7948371972651116,1.0283935694736606,5.261354244360674,2.696339819304988,0.9010587440242283,0.3285420944558525,7.820626420618713,6.827683700785044,0.3182888125526117,0.3177368039343358,1.6768230338227406,0.7025643599136856,0,0.11838756141354749,2.6887456788015984,1.381432843128683,0.520232521318224,50000,100000,50000,50000,50000,50000,10000,50000,50000,20000,50000,0,1757184,0,220594176,0,0,675840,0,0,2973696,0,0,0,0,1216512,1024.4521942467795,0,0,5.420944558521561,240.28200485418193,2034.7700544410022,1.312941351779524,0,148.4601856774774,8.28022281326843,0,0,616.8750800221928,2.308216902442863,7.464205740652778,0,0,0,0,0,0,0,0,0,0,0,0,0,0,0,224342016,71667712,8863744,439984128,111349760,349663232,37871616,8531968,310304768,93900800,4952064,3993600,305532928,14520320,134160384,201670656,66908160,7839744,199372800,103809024,329539584,35008512,7434240,291557376,81776640,4055040,2568192,294666240,13381632,33656832,0,0,0,0,0,0,0,0,0,0,0,0,0,0,0,203177984,71577600,8601600,424857600,107528192,332091392,37617664,8208384,295940096,91459584,4796416,2940928,296984576,14192640,36700160,186146816,69820416,8601600,211562496,107528192,332091392,36941824,8208384,295940096,88485888,4796416,2940928,296984576,14192640,35483648,1073741824,1073741824,314572800,0,1073741824,1073741824,1073741824,314572800,1073741824,0,0,0,1073741824,314572800,2147483648,10.201823047668872,0,4.29689896946026,0,0,13.88794643866911,36759.0800249512,0,18180.65697300519,0,0,41413.042003121394,10.201823047668872,0,4.29689896946026,0,0,13.88794643866911,36759.0800249512,0,18180.65697300519,0,0,41413.042003121394,104.65701455558998,51.50225153177982,484.0345250448071,21.17232747098882,34.64340359451003,39.13613638226375,17.108536067463447,51.56497785835854,59.1778574204413,82.88724173721255,0,0,0,0,0,0,0,0,0,0,119844.16615051101,121628.38652525899,1579482.0535798508,99589.11258671532,336289.13654114044,553256.1675272519,3107.423810390503,7698.905061004694,605397.1889977978,107230.80779031928,0,0,0,0,0,0,0,0,0,0,122.34825023227008,42.00398631856099,469.83775115555136,28.470203873814626,47.7745552536025,53.007950168019015,15.106473336164532,62.538572934621186,79.77460166673863,110.60011027861569,0,0,0,0,0,0,0,0,0,0,24819.332610715395,6852.063288958882,144840.10942363928,5952.924454250377,12615.930941560666,6548.192771084337,2856.9839632752937,8862.269924089673,19977.654475581847,21051.767429967673,0,0,0,0,0,0,0,0,0,0,22,12,34,10,8,2,10,42,0,0,0,0,0.007961883348598256,0.0030740055504162814,0.02993421052631579,0.01667415730337079,0.0016084507042253523,0.003,0.0031618705035971226,0.003223756248512259,0.019890876565295163,0.004733209990749306,0.06998015873015875,0.0283673469387755,0.004321690140845071,0.0046,0.00489136690647482,0.005031938325991187,0.022740608228980316,0.004940610545790934,0.08533730158730156,0.044540816326530626,0.004660845070422535,0.0048,0.006868750000000004,0.007604074889867835,0.026055555555555436,0.008998611111111113,0.09762301587301585,0.09311764705882364,0.004932169014084507,0.00496,0.009873749999999997,0.009661784140969161,0.45965608465608465,0.3760416666666666,0.3859803232607168,0.4607712765957447,0.8701550387596899,0.375,0.45414402173913043,0.4871587643678161,2.1817182817182816,2.16437125748503,0.4947645818692903,2.1313953488372093,2.1141025641025646,0.475,2.1130901287553647,2.1905256183745583,2.340859140859141,2.3321856287425144,0.6903999999999995,2.315697674418605,2.3070512820512823,0.4875,2.306545064377682,2.3452628091872785,2.468171828171829,2.4664371257485027,0.9380799999999995,2.4631395348837213,2.4614102564102565,0.4975,2.4613090128755366,2.4690525618374557,395.68067226890247,397.59663865546634,397.1932773109107,391.7815126050354,397.04201680672054,116154849.88235293,28970354.01680672,0,0,18025773.17647059,3319848753.4789915,2891510207.462185,844274335.1932772,4417985871.596639,4302598040.739495,0,0,0,0,0,15.025210084033613,1.680672268907563,4.9411764705882355,0.5714285714285714,16.722689075630253,0,0,0,0,0,61448.6050420168,18810.621848739494,1119954.8235294118,37173.78151260504,72729.81512605042,1598.3529411764705,267.2268907563025,2796.991596638655,1735.0924369747897,458.97478991596637,1800.3529411764707,378.672268907563,1875.764705882353,2110.3865546218485,561.8319327731092,0,0,0,0,0,0,0,0,0,0,0,0,0,0,0,0,0,0,0,0
1693105973,0.6249118068014595,0.40243877900074465,0.2002352764498286,0.05475701574264208,1.6951111453557814,0.5653869772711322,0.16469813185261883,0.16842672595287428,0.18404155249274026,0.05018316856526325,0,0.13811882164913875,0.1707140113524819,0.5245947505551961,0.20356924747234867,6.254297030660992,3.1966025635350235,0.9152764122844335,0.4531551759069128,10.004492084986714,6.290687145805471,0.3099421133123145,0.6410072794030957,1.829061046582954,0.9539070406985499,0,0.29777380872516335,3.0505967350945364,2.7948371972651116,1.0283935694736606,5.261354244360674,2.696339819304988,0.9010587440242283,0.3285420944558525,7.820626420618713,5.580123645241183,0.3764528728059854,0.37053879709632326,1.6768230338227406,0.7025643599136856,0,0.11838756141354749,2.6887456788015984,1.381432843128683,0.520232521318224,50000,100000,50000,50000,50000,50000,10000,50000,50000,20000,50000,0,1757184,0,220594176,0,0,675840,0,0,2973696,0,0,0,0,1216512,1024.4521942467795,0,0,5.420944558521561,240.28200485418193,1662.9751744518303,1.5528681003246905,1.1116163912889698,148.4601856774774,8.28022281326843,0,0,616.8750800221928,2.308216902442863,7.464205740652778,0,0,0,0,0,0,0,0,0,0,0,0,0,0,0,224342016,71667712,8863744,439984128,111349760,349663232,37871616,8531968,310304768,93900800,4952064,3993600,305532928,14520320,134160384,201670656,66908160,7839744,199372800,103809024,329539584,35008512,7434240,291557376,81776640,4055040,2568192,294666240,13381632,33656832,0,0,0,0,0,0,0,0,0,0,0,0,0,0,0,203177984,71577600,8601600,424857600,107528192,332091392,37617664,8212480,295940096,91459584,4796416,2940928,296984576,14192640,36700160,186146816,69820416,8601600,211562496,107528192,332091392,36941824,8212480,295940096,88485888,4796416,2940928,296984576,14192640,35483648,1073741824,1073741824,314572800,0,1073741824,1073741824,1073741824,314572800,1073741824,0,0,0,1073741824,314572800,2147483648,10.201823047668872,0,5.082113782880805,0,0,13.88794643866911,36759.0800249512,0,21502.988094677894,0,0,41413.042003121394,10.201823047668872,0,5.082113782880805,0,0,13.88794643866911,36759.0800249512,0,21502.988094677894,0,0,41413.042003121394,104.65701455558998,51.50225153177982,484.0345250448071,21.17232747098882,34.74697077690663,39.13613638226375,17.108536067463447,61.43289212657323,59.1778574204413,81.28293114073497,0,0,0,0,0,0,0,0,0,0,119844.16615051101,121628.38652525899,1579482.0535798508,99589.11258671532,337021.6678545973,553256.1675272519,3107.423810390503,9172.233243357508,605397.1889977978,105155.31923983437,0,0,0,0,0,0,0,0,0,0,122.34825023227008,42.00398631856099,469.83775115555136,28.470203873814626,47.80826799714897,53.007950168019015,15.106473336164532,74.50648801587045,79.77460166673863,108.45940773896403,0,0,0,0,0,0,0,0,0,0,24819.332610715395,6852.063288958882,144840.10942363928,5952.924454250377,12777.24518888097,6548.192771084337,2856.9839632752937,10558.229535919869,19977.654475581847,20644.303351604987,0,0,0,0,0,0,0,0,0,0,34,16,38,8,10,2,10,66,0,0,0,0,0.007961883348598256,0.0030740055504162814,0.02993421052631579,0.01667415730337079,0.0015315068493150683,0.003,0.003153061224489796,0.003223756248512259,0.019890876565295163,0.004733209990749306,0.06998015873015875,0.0283673469387755,0.004306301369863015,0.0046,0.004875510204081634,0.005031938325991187,0.022740608228980316,0.004940610545790934,0.08533730158730156,0.044540816326530626,0.004653150684931507,0.0048,0.006668750000000009,0.007604074889867835,0.026055555555555436,0.008998611111111113,0.09762301587301585,0.09311764705882364,0.0049306301369863,0.00496,0.009833750000000006,0.009661784140969161,0.45965608465608465,0.3760416666666666,0.3859803232607168,0.4607712765957447,0.8808139534883721,0.375,0.45932539682539686,0.4871587643678161,2.1817182817182816,2.16437125748503,0.4947645818692903,2.1313953488372093,2.1276470588235297,0.475,2.1276470588235297,2.1905256183745583,2.340859140859141,2.3321856287425144,0.6903999999999995,2.315697674418605,2.313823529411765,0.4875,2.313823529411765,2.3452628091872785,2.468171828171829,2.4664371257485027,0.9380799999999995,2.4631395348837213,2.4627647058823525,0.4975,2.4627647058823525,2.4690525618374557,395.49579831933045,397.57983193278307,397.176470588246,391.7815126050453,396.9411764705824,116154849.88235293,28970354.01680672,0,0,18025773.17647059,3249322517.5126047,2891490312.605042,844350747.9663866,4326066055.529411,4380808716.907563,0,0,0,0,0,15.109243697478991,1.680672268907563,4.9411764705882355,0.5714285714285714,16.840336134453782,0,0,0,0,0,61698.1512605042,18810.621848739494,1119954.8235294118,37173.78151260504,73263.32773109243,1601.0420168067226,267.1932773109244,2796.991596638655,1742.7731092436975,461.1932773109243,1803.5966386554621,378.6890756302521,1875.764705882353,2117.9495798319326,564.0504201680673,0,0,0,0,0,0,0,0,0,0,0,0,0,0,0,0,0,0,0,0
1693105974,0.6249118068014595,0.40243877900074465,0.2002352764498286,0.05475701574264208,1.6951111453557814,0.5823674174822934,0.16469813185261883,0.20452825557850826,0.18404155249274026,0.05018316856526325,0,0.13811882164913875,0.1707140113524819,0.4599936520720253,0.20356924747234867,6.254297030660992,3.1966025635350235,0.9152764122844335,0.4531551759069128,10.004492084986714,6.781467154477662,0.3099421133123145,0.6424758472582986,1.829061046582954,0.9539070406985499,0,0.29777380872516335,3.0505967350945364,2.2881100881851215,1.0283935694736606,5.261354244360674,2.696339819304988,0.9010587440242283,0.3285420944558525,7.820626420618713,5.880032311998652,0.3764528728059854,0.3681508600413146,1.6768230338227406,0.7025643599136856,0,0.11838756141354749,2.6887456788015984,1.1708929325469732,0.520232521318224,50000,100000,50000,50000,50000,50000,10000,50000,50000,20000,50000,0,1757184,0,220594176,0,0,675840,0,0,2973696,0,0,0,0,1216512,1024.4521942467795,0,0,5.420944558521561,240.28200485418193,1670.117037064868,1.5528681003246905,1.349886486818154,148.4601856774774,8.28022281326843,0,0,616.8750800221928,2.7599619124321513,7.464205740652778,0,0,0,0,0,0,0,0,0,0,0,0,0,0,0,224342016,71667712,8863744,439984128,111349760,349663232,37871616,8531968,310304768,93900800,4952064,3993600,305532928,14520320,134160384,201670656,66908160,7839744,199372800,103809024,330350592,35008512,7434240,291557376,81776640,4055040,2568192,294666240,13381632,33656832,0,0,0,0,0,0,0,0,0,0,0,0,0,0,0,203177984,71577600,8601600,424857600,107528192,332890112,37617664,8212480,295940096,91459584,4796416,2940928,296984576,14192640,36700160,186146816,69820416,8601600,211562496,107528192,332890112,36941824,8212480,295940096,88485888,4796416,2940928,296984576,14192640,35483648,1073741824,1073741824,314572800,0,1073741824,1073741824,1073741824,314572800,1073741824,0,0,0,1073741824,314572800,2147483648,10.201823047668872,0,5.082113782880805,0,0,13.88794643866911,36759.0800249512,0,21502.988094677894,0,0,41413.042003121394,10.201823047668872,0,5.082113782880805,0,0,13.88794643866911,36759.0800249512,0,21502.988094677894,0,0,41413.042003121394,104.65701455558998,51.50225153177982,484.0345250448071,21.17232747098882,34.74697077690663,39.03208837453971,17.108536067463447,61.43289212657323,59.1778574204413,97.52094670467308,0,0,0,0,0,0,0,0,0,0,119844.16615051101,121628.38652525899,1579482.0535798508,99589.11258671532,337021.6678545973,550779.3792740662,3107.423810390503,9172.233243357508,605397.1889977978,125471.8493564827,0,0,0,0,0,0,0,0,0,0,122.34825023227008,42.00398631856099,469.83775115555136,28.470203873814626,47.80826799714897,52.34087322461861,15.106473336164532,74.50648801587045,79.77460166673863,130.2755463418848,0,0,0,0,0,0,0,0,0,0,24819.332610715395,6852.063288958882,144840.10942363928,5952.924454250377,12777.24518888097,6512.756443976853,2856.9839632752937,10558.229535919869,19977.654475581847,24719.512827157298,0,0,0,0,0,0,0,0,0,0,24,26,54,4,2,2,2,38,0,0,0,0,0.007961883348598256,0.0030740055504162814,0.02993421052631579,0.01667415730337079,0.0015315068493150683,0.003,0.003153061224489796,0.003223756248512259,0.019890876565295163,0.004733209990749306,0.06998015873015875,0.0283673469387755,0.004306301369863015,0.0046,0.004875510204081634,0.005031938325991187,0.022740608228980316,0.004940610545790934,0.08533730158730156,0.044540816326530626,0.004653150684931507,0.0048,0.006668750000000009,0.007604074889867835,0.026055555555555436,0.008998611111111113,0.09762301587301585,0.09311764705882364,0.0049306301369863,0.00496,0.009833750000000006,0.009661784140969161,0.45965608465608465,0.3760416666666666,0.3859803232607168,0.4607712765957447,0.8808139534883721,0.375,0.45932539682539686,0.4871587643678161,2.1817182817182816,2.16437125748503,0.4947645818692903,2.1313953488372093,2.1276470588235297,0.475,2.1276470588235297,2.1905256183745583,2.340859140859141,2.3321856287425144,0.6903999999999995,2.315697674418605,2.313823529411765,0.4875,2.313823529411765,2.3452628091872785,2.468171828171829,2.4664371257485027,0.9380799999999995,2.4631395348837213,2.4627647058823525,0.4975,2.4627647058823525,2.4690525618374557,395.5630252100878,397.5966386554771,397.21008403362265,391.7983193277335,396.9243697478978,116154781.0420168,28970354.01680672,0,0,18025773.17647059,3319948571.9663863,2891480606.117647,844409262.2521008,4326154377.680672,4380878452.168067,0,0,0,0,0,15.142857142857142,1.680672268907563,4.991596638655462,0.5714285714285714,16.722689075630253,0,0,0,0,0,61749.78151260504,18810.621848739494,1120230.1848739495,37173.78151260504,72867.49579831933,1590.7394957983192,266.5546218487395,2798.9579831932774,1732.8907563025211,459.2436974789915,1793.193277310924,377.94957983193274,1877.2605042016805,2107.344537815126,562.1512605042017,0,0,0,0,0,0,0,0,0,0,0,0,0,0,0,0,0,0,0,0
1693105975,0.6249118068014595,0.41515924322400805,0.2002352764498286,0.05475701574264208,1.6951111453557814,0.5823674174822934,0.16469813185261883,0.20452825557850826,0.18404155249274026,0.04338028247547998,0,0.13811882164913875,0.1707140113524819,0.4692219174098218,0.20356924747234867,6.254297030660992,3.2131461301227704,0.9152764122844335,0.4531551759069128,10.004492084986714,6.781467154477662,0.3099421133123145,0.6424758472582986,1.829061046582954,0.8245943423647425,0,0.29777380872516335,3.0505967350945364,2.3340135195058536,1.0283935694736606,5.261354244360674,2.8764604709091977,0.9010587440242283,0.3285420944558525,7.820626420618713,5.880032311998652,0.3764528728059854,0.3681508600413146,1.6768230338227406,0.6073239546567198,0,0.11838756141354749,2.6887456788015984,1.1943830624977279,0.520232521318224,50000,100000,50000,50000,50000,50000,10000,50000,50000,20000,50000,0,1757184,0,220594176,0,0,675840,0,0,2973696,0,0,0,0,1216512,1024.4521942467795,0,0,5.420944558521561,240.28200485418193,1670.117037064868,1.5528681003246905,1.349886486818154,148.4601856774774,7.157746608454191,0,0,616.8750800221928,2.8153315044589298,7.464205740652778,0,0,0,0,0,0,0,0,0,0,0,0,0,0,0,224342016,71667712,8863744,439984128,111349760,349663232,37871616,8531968,310304768,93900800,4952064,3993600,305532928,14520320,134160384,201670656,66908160,7839744,199372800,103809024,330350592,35008512,7434240,291557376,81776640,4055040,2568192,294666240,13381632,33656832,0,0,0,0,0,0,0,0,0,0,0,0,0,0,0,203177984,71577600,8601600,424857600,107528192,332890112,37617664,8212480,295940096,91459584,4796416,2940928,296984576,14192640,36700160,186146816,69820416,8601600,211562496,107528192,332890112,36941824,8212480,295940096,88485888,4796416,2940928,296984576,14192640,35483648,1073741824,1073741824,314572800,0,1073741824,1073741824,1073741824,314572800,1073741824,0,0,0,1073741824,314572800,2147483648,10.082438764011624,0,5.082113782880805,0,0,13.88794643866911,36454.3028290137,0,21502.988094677894,0,0,41413.042003121394,10.082438764011624,0,5.082113782880805,0,0,13.88794643866911,36454.3028290137,0,21502.988094677894,0,0,41413.042003121394,104.65701455558998,51.50225153177982,484.0345250448071,21.17232747098882,34.74697077690663,39.15859528195377,17.108536067463447,60.90502499342278,59.1778574204413,97.52094670467308,0,0,0,0,0,0,0,0,0,0,119844.16615051101,121628.38652525899,1579482.0535798508,99589.11258671532,337021.6678545973,551222.3146552577,3107.423810390503,9093.900727878628,605397.1889977978,125471.8493564827,0,0,0,0,0,0,0,0,0,0,122.34825023227008,42.00398631856099,469.83775115555136,28.470203873814626,47.80826799714897,53.122586012240774,15.106473336164532,74.10330614750504,79.77460166673863,130.2755463418848,0,0,0,0,0,0,0,0,0,0,24819.332610715395,6852.063288958882,144840.10942363928,5952.924454250377,12777.24518888097,6594.786776794026,2856.9839632752937,10476.278172410768,19977.654475581847,24719.512827157298,0,0,0,0,0,0,0,0,0,0,32.812,5.922,39.216,9.882,5.591,2,5.914,77.529,0,0,0,0,0.007961944811386353,0.0030740009852993277,0.02993421052631579,0.016673984205294912,0.001532373236009374,0.003,0.0031530765622319198,0.0032194810330035094,0.01989083858766427,0.0047332017735387906,0.06998015873015874,0.02836668129998764,0.004306474647201875,0.0046,0.004875537812017455,0.004995065859406317,0.02274059456379367,0.004940601872068722,0.08533730158730157,0.044540550875941415,0.004653237323600937,0.0048,0.006669090798339794,0.007554850884721713,0.02605583055020399,0.008998522223830203,0.09762301587301588,0.09311737957077451,0.0049306474647201875,0.00496,0.009833744223756942,0.009645202310987006,0.45956973389115,0.37612918697137737,0.38598032326071685,0.4607810907693133,0.8806887558567111,0.375,0.4593147576683001,0.4872706286895044,2.181673898062868,2.1643964130217137,0.4947645818692903,2.1314203592907974,2.1275016707859615,0.475,2.1276190014829464,2.1906128637738,2.3408369490314334,2.3321982065108564,0.6904000000000003,2.3157101796453987,2.3137508353929808,0.4875,2.313809500741473,2.3453064318869,2.468167389806286,2.466439641302171,0.9380800000000001,2.4631420359290797,2.462750167078596,0.4975,2.462761900148295,2.46906128637738,395.60531793461234,397.61364591208945,397.3898305084752,391.79831932773897,397.04201680672656,116014668.90485464,38623755.31467944,0,0,18025773.17647059,3316003874.0347815,2834558380.2369547,851599429.4237288,4418228120.739495,4459089954.420168,0,0,0,0,0,15.158127979587727,1.6805310478111082,5.033898305084746,0.5546218487394958,16.672268907563023,0,0,0,0,0,61700.93332438058,18809.041257037225,1129723.6610169492,33938.28571428571,72712.6050420168,1579.3997179883168,262.66700277287623,2798.220338983051,1727.798319327731,458.90756302521004,1782.397770764789,373.76691034366854,1876.4406779661017,2101.4789915966385,561.781512605042,0,0,0,0,0,0,0,0,0,0,0,0,0,0,0,0,0,0,0,0
1693105976,0.6249118068014595,0.41515924322400805,0.2002352764498286,0.05475701574264208,1.6951111453557814,0.5823674174822934,0.16469813185261883,0.20452825557850826,0.18404155249274026,0.042543896332725595,0,0.13811882164913875,0.1707140113524819,0.4784501827476184,0.20356924747234867,6.254297030660992,3.2131461301227704,0.9152764122844335,0.4531551759069128,10.004492084986714,6.781467154477662,0.3099421133123145,0.6424758472582986,1.829061046582954,0.8086958916864334,0.000049819015185591125,0.29777380872516335,3.0505967350945364,2.379916950826587,1.0283935694736606,5.261354244360674,2.8764604709091977,0.9010587440242283,0.3285420944558525,7.820626420618713,5.880032311998652,0.3764528728059854,0.3681508600413146,1.6768230338227406,0.5956145486581583,0,0.11838756141354749,2.6887456788015984,1.2178731924484827,0.520232521318224,50000,100000,50000,50000,50000,50000,10000,50000,50000,20000,50000,0,1757184,0,220594176,0,0,675840,0,0,2973696,0,0,0,0,1216512,1024.4521942467795,0,0,5.420944558521561,240.28200485418193,1670.117037064868,1.5528681003246905,1.349886486818154,148.4601856774774,7.019742894899718,0,0,616.8750800221928,2.870701096485709,7.464205740652778,0,0,0,0,0,0,0,0,0,0,0,0,0,0,0,224342016,71667712,8863744,439984128,111349760,349663232,37871616,8531968,310304768,93900800,4952064,3993600,305532928,14520320,134160384,201670656,66908160,7839744,199372800,103809024,330350592,35008512,7434240,291557376,81776640,4055040,2568192,294666240,13381632,33656832,0,0,0,0,0,0,0,0,0,0,0,0,0,0,0,203177984,71577600,8601600,424857600,107528192,332890112,37617664,8212480,295940096,91459584,4796416,2940928,296984576,14192640,36700160,186146816,69820416,8601600,211562496,107528192,332890112,36941824,8212480,295940096,88485888,4796416,2940928,296984576,14192640,35483648,1073741824,1073741824,314572800,0,1073741824,1073741824,1073741824,314572800,1073741824,0,0,0,1073741824,314572800,2147483648,10.082438764011624,0,5.082113782880805,0,0,13.88794643866911,36454.3028290137,0,21502.988094677894,0,0,41413.042003121394,10.082438764011624,0,5.082113782880805,0,0,13.88794643866911,36454.3028290137,0,21502.988094677894,0,0,41413.042003121394,104.65701455558998,43.83542608222534,484.0345250448071,21.17232747098882,34.74697077690663,39.15859528195377,17.108536067463447,60.90502499342278,59.1778574204413,97.75556523533324,0,0,0,0,0,0,0,0,0,0,119844.16615051101,103522.31190782801,1579482.0535798508,99589.11258671532,337021.6678545973,551222.3146552577,3107.423810390503,9093.900727878628,605397.1889977978,125126.84839175589,0,0,0,0,0,0,0,0,0,0,122.34825023227008,35.75110956634432,469.83775115555136,28.470203873814626,47.80826799714897,53.122586012240774,15.106473336164532,74.10330614750504,79.77460166673863,130.97503381553912,0,0,0,0,0,0,0,0,0,0,24819.332610715395,5832.038500851672,144840.10942363928,5952.924454250377,12777.24518888097,6594.786776794026,2856.9839632752937,10476.278172410768,19977.654475581847,24725.647080400744,0,0,0,0,0,0,0,0,0,0,54,24,64,26,22,2,34,128.98,0,0,0,0,0.007961883348598256,0.0030740055504162814,0.02993421052631579,0.01667415730337079,0.0015315068493150683,0.003,0.003153061224489796,0.0032194774346793356,0.019890876565295163,0.004733209990749306,0.06998015873015875,0.0283673469387755,0.004306301369863015,0.0046,0.004875510204081634,0.004995059382422804,0.022740608228980316,0.004940610545790934,0.08533730158730156,0.044540816326530626,0.004653150684931507,0.0048,0.006668750000000009,0.007554809843400454,0.026055555555555436,0.008998611111111113,0.09762301587301585,0.09311764705882364,0.0049306301369863,0.00496,0.009833750000000006,0.009645190156599561,0.45965608465608465,0.3760416666666666,0.3859803232607168,0.4607712765957447,0.8808139534883721,0.375,0.45932539682539686,0.4872485632183909,2.1817182817182816,2.16437125748503,0.4947645818692903,2.1313953488372093,2.1276470588235297,0.475,2.1276470588235297,2.190596026490066,2.340859140859141,2.3321856287425144,0.6903999999999995,2.315697674418605,2.313823529411765,0.4875,2.313823529411765,2.345298013245033,2.468171828171829,2.4664371257485027,0.9380799999999995,2.4631395348837213,2.4627647058823525,0.4975,2.4627647058823525,2.469059602649007,395.52941176469733,397.6302521008357,397.3781512605041,391.84873949579014,397.109243697456,116155056.40336134,38627069.8487395,0,0,18025979.69747899,3320103531.563025,2834794237.848739,897937924.302521,4418420322.957983,4380907778.15126,0,0,0,0,0,15.411764705882351,1.680672268907563,4.991596638655462,0.5546218487394958,16.756302521008404,0,0,0,0,0,62472.6050420168,18810.621848739494,1120230.1848739495,33938.28571428571,72979.36134453781,1595.378151260504,266.2352941176471,2795.731092436975,1733.3781512605042,459.94957983193274,1797.9327731092435,377.3109243697479,1874.235294117647,2107.563025210084,562.890756302521,0,0,0,0,0,0,0,0,0,0,0,0,0,0,0,0,0,0,0,0
1693105977,0.6249118068014595,0.41515924322400805,0.2002352764498286,0.05475701574264208,1.6951111453557814,0.5823674174822934,0.16469813185261883,0.20452825557850826,0.18404155249274026,0.041707510189971216,0,0.13811882164913875,0.1707140113524819,0.5536959202677877,0.20356924747234867,6.254297030660992,3.2131461301227704,0.9152764122844335,0.4531551759069128,10.004492084986714,6.781467154477662,0.3099421133123145,0.6424758472582986,1.829061046582954,0.7927974410081242,0.000049819015185591125,0.29777380872516335,3.0505967350945364,2.7542058792439534,1.0283935694736606,5.261354244360674,2.8764604709091977,0.9010587440242283,0.3285420944558525,7.820626420618713,5.880032311998652,0.3764528728059854,0.3681508600413146,1.6768230338227406,0.5839051426595969,0,0.11838756141354749,2.6887456788015984,1.4094077970452776,0.520232521318224,50000,100000,50000,50000,50000,50000,10000,50000,50000,20000,50000,0,1757184,0,220594176,0,0,675840,0,0,2973696,0,0,0,0,1216512,1024.4521942467795,0,0,5.420944558521561,240.28200485418193,1670.117037064868,1.5528681003246905,1.349886486818154,148.4601856774774,6.881739181345243,0,0,616.8750800221928,3.3221755216067255,7.464205740652778,0,0,0,0,0,0,0,0,0,0,0,0,0,0,0,224342016,71667712,8863744,439984128,111349760,349663232,37871616,8531968,310304768,93900800,4952064,3993600,305532928,14520320,134160384,201670656,66908160,7839744,199372800,103809024,330350592,35008512,7434240,291557376,81776640,4055040,2568192,294666240,13381632,33656832,0,0,0,0,0,0,0,0,0,0,0,0,0,0,0,203177984,71577600,8601600,424857600,107528192,332890112,37617664,8212480,295940096,91459584,4796416,2940928,296984576,14192640,36700160,186146816,69820416,8601600,211562496,107528192,332890112,36941824,8212480,295940096,88485888,4796416,2940928,296984576,14192640,35483648,1073741824,1073741824,314572800,0,1073741824,1073741824,1073741824,314572800,1073741824,0,0,0,1073741824,314572800,2147483648,10.082438764011624,0,5.082113782880805,0,0,13.88794643866911,36454.3028290137,0,21502.988094677894,0,0,41413.042003121394,10.082438764011624,0,5.082113782880805,0,0,13.88794643866911,36454.3028290137,0,21502.988094677894,0,0,41413.042003121394,104.65701455558998,42.97705522336234,484.0345250448071,21.17232747098882,28.75072821898443,39.15859528195377,17.58692477394898,60.90502499342278,59.1778574204413,97.75556523533324,0,0,0,0,0,0,0,0,0,0,119844.16615051101,101495.17213240701,1579482.0535798508,99589.11258671532,279099.4363302894,551222.3146552577,3186.2163253891804,9093.900727878628,605397.1889977978,125126.84839175589,0,0,0,0,0,0,0,0,0,0,122.34825023227008,35.05104312770163,469.83775115555136,28.470203873814626,39.46010728047975,53.122586012240774,15.442935711400429,74.10330614750504,79.77460166673863,130.97503381553912,0,0,0,0,0,0,0,0,0,0,24819.332610715395,5717.837446035691,144840.10942363928,5952.924454250377,10708.759157318103,6594.786776794026,2932.6663145138737,10476.278172410768,19977.654475581847,24725.647080400744,0,0,0,0,0,0,0,0,0,0,36,24,58,12,10,2,10,78,0,0,0,0,0.007997918087972535,0.0030757855822550833,0.03016939252336449,0.016964285714285716,0.0016153846153846153,0.003,0.0031678832116788323,0.003214048410061699,0.020124338624338635,0.004736414048059149,0.07124524714828899,0.036101694915254244,0.004323076923076923,0.0046,0.004902189781021898,0.004985287138111059,0.022958994708994714,0.004943992606284657,0.0860028517110266,0.049406779661016954,0.004661538461538461,0.0048,0.006987804878048782,0.00750287356321839,0.03571249999999995,0.009022972972972968,0.09780893536121671,0.09941666666666654,0.0049323076923076924,0.00496,0.00988536585365854,0.009647701149425291,0.4594504021447721,0.3739583333333334,0.3863756148981026,0.45989304812834225,0.8695652173913043,0.375,0.4545454545454546,0.48784221902017294,2.182047477744807,2.1637724550898203,0.4954761068165847,2.1291338582677164,2.1142857142857143,0.475,2.1142857142857143,2.191059602649007,2.3410237388724036,2.33188622754491,0.7002895752895754,2.314566929133858,2.307142857142857,0.4875,2.307142857142857,2.3455298013245027,2.4682047477744806,2.466377245508982,0.9400579150579147,2.4629133858267713,2.4614285714285717,0.4975,2.4614285714285717,2.4691059602649013,395.5462184873815,397.5630252100833,397.36134453783205,391.73109243698474,397.1596638655375,116155056.40336134,38627069.8487395,0,0,18025979.69747899,3320217668.840336,2778113583.327731,897935996.7731092,4418511192.20168,4380946259.899159,0,0,0,0,0,15.3781512605042,1.680672268907563,2.773109243697479,0.5714285714285714,16.80672268907563,0,0,0,0,0,62438.184873949576,18810.621848739494,598515.0924369748,37449.142857142855,73151.46218487395,1591.9663865546215,266.1344537815126,2794.8571428571427,1739.0588235294117,459.83193277310926,1794.5546218487393,377.34453781512605,1873.9663865546217,2113.2605042016808,562.6890756302521,0,0,0,0,0,0,0,0,0,0,0,0,0,0,0,0,0,0,0,0
1693105978,0.6249118068014595,0.41515924322400805,0.2002352764498286,0.05475701574264208,1.568959505902278,0.5823674174822934,0.16469813185261883,0.20452825557850826,0.18404155249274026,0.05228849304563047,0,0.13811882164913875,0.1707140113524819,0.5536959202677877,0.20356924747234867,6.254297030660992,3.2131461301227704,0.9152764122844335,0.4531551759069128,9.943746249439657,6.781467154477662,0.3099421133123145,0.6424758472582986,1.829061046582954,0.9755558702548196,0.000049819015185591125,0.29777380872516335,3.0505967350945364,2.7542058792439534,1.0283935694736606,5.261354244360674,2.8764604709091977,0.9010587440242283,0.3285420944558525,7.770085172087455,5.880032311998652,0.3764528728059854,0.3681508600413146,1.6768230338227406,0.6971799072750713,0,0.11838756141354749,2.6887456788015984,1.4094077970452776,0.520232521318224,50000,100000,50000,50000,50000,50000,10000,50000,50000,20000,50000,0,1757184,0,220594176,0,0,675840,0,0,2973696,0,0,0,0,1216512,1024.4521942467795,0,0,5.420944558521561,230.11406086566717,1670.117037064868,1.5528681003246905,1.349886486818154,148.4601856774774,6.902081082023216,0,0,616.8750800221928,3.3221755216067255,7.464205740652778,0,0,0,0,0,0,0,0,0,0,0,0,0,0,0,224342016,71667712,8863744,439984128,111349760,349663232,37871616,8531968,310304768,93900800,4952064,3993600,305532928,14520320,134160384,201670656,66908160,7839744,199372800,103809024,330350592,35008512,7434240,291557376,81911808,4055040,2568192,294666240,13381632,33656832,0,0,0,0,0,0,0,0,0,0,0,0,0,0,0,203177984,71577600,8601600,424857600,107528192,332890112,37617664,8212480,295940096,91492352,4796416,2940928,296984576,14192640,36700160,186146816,69820416,8601600,211562496,107528192,332890112,36941824,8212480,295940096,88518656,4796416,2940928,296984576,14192640,35483648,1073741824,1073741824,314572800,0,1073741824,1073741824,1073741824,314572800,1073741824,0,0,0,1073741824,314572800,2147483648,10.082438764011624,0,5.082113782880805,0,0,13.88794643866911,36454.3028290137,0,21502.988094677894,0,0,41413.042003121394,10.082438764011624,0,5.082113782880805,0,0,13.88794643866911,36454.3028290137,0,21502.988094677894,0,0,41413.042003121394,88.66182852498983,50.91674284630112,484.03452504480697,21.17232747098882,29.325750450327206,39.15859528195377,15.157291954658557,60.90502499342278,59.1778574204413,97.75556523533324,0,0,0,0,0,0,0,0,0,0,102997.86069483947,121445.62498921985,1579482.0535798506,99589.11258671532,284681.4994844039,551222.3146552577,2744.1748341166713,9093.900727878628,605397.1889977978,125126.84839175589,0,0,0,0,0,0,0,0,0,0,104.066124204253,41.568208082515476,469.83775115555125,28.470203873814626,40.24931994892492,53.122586012240774,13.355650016895524,74.10330614750504,79.77460166673863,130.97503381553912,0,0,0,0,0,0,0,0,0,0,20985.297561515188,6753.660934508512,144840.10942363925,5952.924454250377,10922.93719617165,6594.786776794026,2534.3618806254417,10476.278172410768,19977.654475581847,24725.647080400744,0,0,0,0,0,0,0,0,0,0,20,10,30,6,6,2,6,24,0,0,0,0,0.007997918087972535,0.0030757855822550833,0.03016939252336449,0.016964285714285716,0.0015318559556786703,0.003,0.003158620689655172,0.003214048410061699,0.020124338624338635,0.004736414048059149,0.07124524714828899,0.036101694915254244,0.004306371191135735,0.0046,0.00488551724137931,0.004985287138111059,0.022958994708994714,0.004943992606284657,0.0860028517110266,0.049406779661016954,0.004653185595567867,0.0048,0.006792682926829263,0.00750287356321839,0.03571249999999995,0.009022972972972968,0.09780893536121671,0.09941666666666654,0.004930637119113573,0.00496,0.009846341463414631,0.009647701149425291,0.4594504021447721,0.3739583333333334,0.3863756148981026,0.45989304812834225,0.8814229249011858,0.375,0.45978552278820384,0.48784221902017294,2.182047477744807,2.1637724550898203,0.4954761068165847,2.1291338582677164,2.1288537549407116,0.475,2.1288537549407116,2.191059602649007,2.3410237388724036,2.33188622754491,0.7002895752895754,2.314566929133858,2.314426877470356,0.4875,2.314426877470356,2.3455298013245027,2.4682047477744806,2.466377245508982,0.9400579150579147,2.4629133858267713,2.462885375494071,0.4975,2.462885375494071,2.4691059602649013,395.5966386554606,397.56302521008973,397.3109243697416,391.84873949581856,397.15966386555283,116155056.40336134,38627069.8487395,0,0,18025979.69747899,3320401747.8991594,2721559388.5042014,897925188.8403361,4510446428.504202,4380972281.546218,0,0,0,0,0,14.80672268907563,1.680672268907563,2.773109243697479,0.5714285714285714,16.18487394957983,0,0,0,0,0,56905.142857142855,18810.621848739494,598515.0924369748,37449.142857142855,67360.26890756302,1592.3025210084033,266.5882352941176,2796.18487394958,1732.705882352941,458.21848739495795,1794.6050420168062,377.81512605042013,1875.344537815126,2106.6890756302523,561.1764705882354,0,0,0,0,0,0,0,0,0,0,0,0,0,0,0,0,0,0,0,0
1693105979,0.5010059465598282,0.41515924322400805,0.2002352764498286,0.05475701574264208,1.568959505902278,0.5823674174822934,0.16469813185261883,0.20452825557850826,0.18404155249274026,0.05228849304563047,0,0.13811882164913875,0.1707140113524819,0.5536959202677877,0.1250000000000001,4.902579590699104,3.2131461301227704,0.9152764122844335,0.4531551759069128,9.943746249439657,6.781467154477662,0.3099421133123145,0.6424758472582986,1.829061046582954,0.9755558702548196,0.000049819015185591125,0.29777380872516335,3.0505967350945364,2.7542058792439534,0.7263920150000003,4.192628710684869,2.8764604709091977,0.9010587440242283,0.3285420944558525,7.770085172087455,5.880032311998652,0.3764528728059854,0.3681508600413146,1.6768230338227406,0.6971799072750713,0,0.11838756141354749,2.6887456788015984,1.4094077970452776,0.40000000000000036,50000,100000,50000,50000,50000,50000,10000,50000,50000,20000,50000,0,1757184,0,220594176,0,0,675840,0,0,2973696,0,0,0,0,1216512,676.9908774724754,0,0,5.420944558521561,230.11406086566717,1670.117037064868,1.5528681003246905,1.349886486818154,148.4601856774774,6.902081082023216,0,0,616.8750800221928,3.3221755216067255,6.6000000000000005,0,0,0,0,0,0,0,0,0,0,0,0,0,0,0,224342016,71667712,8863744,439984128,111349760,349663232,37871616,8531968,310304768,93900800,4952064,3993600,305532928,14520320,134160384,201670656,66908160,7839744,199372800,103809024,330350592,35008512,7434240,291557376,81911808,4055040,2568192,294666240,13381632,33656832,0,0,0,0,0,0,0,0,0,0,0,0,0,0,0,203177984,71577600,8601600,424857600,107528192,332890112,37617664,8212480,295940096,91492352,4796416,2940928,296984576,14192640,36700160,186146816,69820416,8601600,211562496,107528192,332890112,36941824,8212480,295940096,88518656,4796416,2940928,296984576,14192640,35483648,1073741824,1073741824,314572800,0,1073741824,1073741824,1073741824,314572800,1073741824,0,0,0,1073741824,314572800,2147483648,10.082438764011624,0,5.082113782880805,0,0,9.325000000000001,36454.3028290137,0,21502.988094677894,0,0,27904,10.082438764011624,0,5.082113782880805,0,0,9.325000000000001,36454.3028290137,0,21502.988094677894,0,0,27904,90.38470540430718,50.91674284630112,484.03452504480697,21.17232747098882,29.900772681669977,39.15859528195377,17.83245783798728,60.90502499342278,59.1778574204413,97.75556523533324,0,0,0,0,0,0,0,0,0,0,104999.31538805363,121445.62498921985,1579482.0535798506,99589.11258671532,290263.5626385184,551222.3146552577,3228.504285319325,9093.900727878628,605397.1889977978,125126.84839175589,0,0,0,0,0,0,0,0,0,0,106.0883373967222,41.568208082515476,469.83775115555125,28.470203873814626,41.038532617370095,53.122586012240774,15.712837526495253,74.10330614750504,79.77460166673863,130.97503381553912,0,0,0,0,0,0,0,0,0,0,21393.083917558353,6753.660934508512,144840.10942363925,5952.924454250377,11137.115235025196,6594.786776794026,2981.6606764353514,10476.278172410768,19977.654475581847,24725.647080400744,0,0,0,0,0,0,0,0,0,0,20,16,42,10,14,2,14,60,0,0,0,0,0.007997918087972535,0.0030757855822550833,0.03016939252336449,0.016964285714285716,0.0015318559556786703,0.003,0.003158620689655172,0.003214048410061699,0.020124338624338635,0.004736414048059149,0.07124524714828899,0.036101694915254244,0.004306371191135735,0.0046,0.00488551724137931,0.004985287138111059,0.022958994708994714,0.004943992606284657,0.0860028517110266,0.049406779661016954,0.004653185595567867,0.0048,0.006792682926829263,0.00750287356321839,0.03571249999999995,0.009022972972972968,0.09780893536121671,0.09941666666666654,0.004930637119113573,0.00496,0.009846341463414631,0.009647701149425291,0.4594504021447721,0.3739583333333334,0.3863756148981026,0.45989304812834225,0.8814229249011858,0.375,0.45978552278820384,0.48784221902017294,2.182047477744807,2.1637724550898203,0.4954761068165847,2.1291338582677164,2.1288537549407116,0.475,2.1288537549407116,2.191059602649007,2.3410237388724036,2.33188622754491,0.7002895752895754,2.314566929133858,2.314426877470356,0.4875,2.314426877470356,2.3455298013245027,2.4682047477744806,2.466377245508982,0.9400579150579147,2.4629133858267713,2.462885375494071,0.4975,2.462885375494071,2.4691059602649013,395.6638655462175,397.5966386554736,397.42857142856656,391.76470588235895,397.02521008402954,116155056.40336134,38627069.8487395,0,0,18025979.69747899,3249853069.983193,2834937701.1092434,898030101.512605,4510505493.512605,4459190598.991596,0,0,0,0,0,14.705882352941176,1.680672268907563,4.823529411764706,0.5714285714285714,16.03361344537815,0,0,0,0,0,56578.1512605042,18810.621848739494,1057103.5966386555,37449.142857142855,66861.17647058824,1590.9915966386552,266.84033613445376,2797.1764705882356,1732.6218487394958,458.1176470588235,1792.924369747899,377.8655462184874,1876.1344537815125,2107.7815126050423,561.0252100840336,0,0,0,0,0,0,0,0,0,0,0,0,0,0,0,0,0,0,0,0
1693105980,0.5993879933120917,0.41515924322400805,0.2002352764498286,0.05475701574264208,1.568959505902278,0.5823674174822934,0.16469813185261883,0.20452825557850826,0.18404155249274026,0.05228849304563047,0,0.09595370211467695,0.1707140113524819,0.5536959202677877,0.20107687839317226,5.865294340515461,3.2131461301227704,0.9152764122844335,0.4531551759069128,9.943746249439657,6.781467154477662,0.3099421133123145,0.6424758472582986,1.829061046582954,0.9755558702548196,0.000049819015185591125,0.24426598829028656,3.0505967350945364,2.7542058792439534,1.0565343841462054,5.015931101927494,2.8764604709091977,0.9010587440242283,0.3285420944558525,7.770085172087455,5.880032311998652,0.3764528728059854,0.3681508600413146,1.6768230338227406,0.6971799072750713,0,0.11994212764334618,2.6887456788015984,1.4094077970452776,0.5585468844254786,50000,100000,50000,50000,50000,50000,10000,50000,50000,20000,50000,0,1757184,0,220594176,0,0,675840,0,0,2973696,0,0,0,0,1486848,809.9309126470866,0,0,5.420944558521561,230.11406086566717,1670.117037064868,1.5528681003246905,1.349886486818154,148.4601856774774,6.902081082023216,0,0,616.8750800221928,3.3221755216067255,8.84738264929958,0,0,0,0,0,0,0,0,0,0,0,0,0,0,0,224342016,71667712,8863744,439984128,111349760,349663232,37871616,8531968,310304768,93900800,4952064,3993600,305532928,14520320,134160384,201670656,66908160,7839744,199372800,103809024,330350592,35008512,7434240,291557376,81911808,4055040,2568192,294666240,13381632,33927168,0,0,0,0,0,0,0,0,0,0,0,0,0,0,0,203177984,71577600,8601600,424857600,107528192,332890112,37617664,8212480,295940096,91492352,4796416,2940928,296984576,14192640,37113856,186146816,69820416,8601600,211562496,107528192,332890112,36941824,8212480,295940096,88518656,4796416,2940928,296984576,14192640,35627008,1073741824,1073741824,314572800,0,1073741824,1073741824,1073741824,314572800,1073741824,0,0,0,1073741824,314572800,2147483648,10.082438764011624,0,5.082113782880805,0,0,13.82962085837485,36454.3028290137,0,21502.988094677894,0,0,46053.57581715409,10.082438764011624,0,5.082113782880805,0,0,13.82962085837485,36454.3028290137,0,21502.988094677894,0,0,46053.57581715409,103.37261275904103,50.789114762616094,484.03452504480697,21.17232747098882,34.501333880566385,39.15859528195377,17.83245783798728,60.90502499342278,59.1778574204413,97.75556523533324,0,0,0,0,0,0,0,0,0,0,120087.28159284843,120611.74254724947,1579482.0535798506,99589.11258671532,334923.7892468705,551222.3146552577,3228.504285319325,9093.900727878628,605397.1889977978,125126.84839175589,0,0,0,0,0,0,0,0,0,0,121.33279154815115,41.63148665324414,469.83775115555125,28.470203873814626,47.35276010671044,53.122586012240774,15.712837526495253,74.10330614750504,79.77460166673863,130.97503381553912,0,0,0,0,0,0,0,0,0,0,24467.181362589734,6714.251694052954,144840.10942363925,5952.924454250377,12850.682331212805,6594.786776794026,2981.6606764353514,10476.278172410768,19977.654475581847,24725.647080400744,0,0,0,0,0,0,0,0,0,0,32,16,42,24,20,2,22,142,0,0,0,0,0.007997918087972535,0.0030757855822550833,0.03016939252336449,0.016964285714285716,0.0015318559556786703,0.003,0.003158620689655172,0.0032138275124732715,0.020124338624338635,0.004736414048059149,0.07124524714828899,0.036101694915254244,0.004306371191135735,0.0046,0.00488551724137931,0.004984889522451888,0.022958994708994714,0.004943992606284657,0.0860028517110266,0.049406779661016954,0.004653185595567867,0.0048,0.006792682926829263,0.007506351039260971,0.03571249999999995,0.009022972972972968,0.09780893536121671,0.09941666666666654,0.004930637119113573,0.00496,0.009846341463414631,0.00965831408775982,0.4594504021447721,0.3739583333333334,0.3863756148981026,0.45989304812834225,0.8814229249011858,0.375,0.45978552278820384,0.48730187319884727,2.182047477744807,2.1637724550898203,0.4954761068165847,2.1291338582677164,2.1288537549407116,0.475,2.1288537549407116,2.190637450199203,2.3410237388724036,2.33188622754491,0.7002895752895754,2.314566929133858,2.314426877470356,0.4875,2.314426877470356,2.3453187250996015,2.4682047477744806,2.466377245508982,0.9400579150579147,2.4629133858267713,2.462885375494071,0.4975,2.462885375494071,2.46906374501992,395.61344537815694,397.57983193277124,397.4117647058725,391.86554621846994,397.09243697478547,116155056.40336134,38627069.8487395,0,0,18025979.69747899,3249917779.8991594,2834975907.495798,951580310.5882353,4510487388.504202,4459154664.336134,0,0,0,0,0,15.243697478991596,2.571428571428571,4.823529411764706,0.47058823529411764,16.621848739495796,0,0,0,0,0,62825.41176470588,23354.084033613446,1057103.5966386555,24025.277310924368,72669.57983193277,1596.890756302521,266.65546218487395,2797.361344537815,1731.81512605042,458.16806722689074,1799.0588235294115,377.7647058823529,1876.8571428571427,2105.9159663865544,561.0756302521008,0,0,0,0,0,0,0,0,0,0,0,0,0,0,0,0,0,0,0,0
1693105981,0.5993879933120917,0.41515924322400805,0.17257221679918353,0.05475701574264208,1.568959505902278,0.47264234875444816,0.16469813185261883,0.20452825557850826,0.18404155249274026,0.04502780466938339,0,0.09786053429437683,0.1707140113524819,0.5536959202677877,0.20107687839317226,5.865294340515461,3.2131461301227704,0.7888284334928605,0.4531551759069128,9.943746249439657,5.623115285809618,0.3099421133123145,0.6424758472582986,1.829061046582954,0.9513257063736874,0.000049819015185591125,0.24912014437403468,3.0505967350945364,2.7542058792439534,1.0565343841462054,5.015931101927494,2.8764604709091977,0.7765749755963255,0.3285420944558525,7.770085172087455,4.782028469750886,0.3764528728059854,0.3681508600413146,1.6768230338227406,0.6754170700407498,0,0.12232566786797103,2.6887456788015984,1.4094077970452776,0.5585468844254786,50000,100000,50000,50000,50000,50000,10000,50000,50000,20000,50000,0,1757184,0,220594176,0,0,675840,0,0,2973696,0,0,0,0,1486848,809.9309126470866,0,0,5.420944558521561,230.11406086566717,1223.9212633451957,1.5528681003246905,1.349886486818154,148.4601856774774,5.943670216358601,0,0,616.8750800221928,3.3221755216067255,8.84738264929958,0,0,0,0,0,0,0,0,0,0,0,0,0,0,0,224342016,71667712,8863744,439984128,111349760,349663232,37871616,8531968,310304768,93900800,4952064,3993600,305532928,14520320,134160384,201670656,66908160,7839744,199372800,103809024,330350592,35008512,7434240,291557376,81911808,4055040,2568192,294666240,13381632,33927168,0,0,0,0,0,0,0,0,0,0,0,0,0,0,0,203177984,71577600,8601600,424857600,107528192,332890112,37617664,8212480,295940096,91492352,4796416,2940928,296984576,14192640,37113856,186146816,69820416,8601600,211562496,107528192,332890112,36941824,8212480,295940096,88518656,4796416,2940928,296984576,14192640,35627008,1073741824,1073741824,314572800,0,1073741824,1073741824,1073741824,314572800,1073741824,0,0,0,1073741824,314572800,2147483648,10.082438764011624,0,5.082113782880805,0,0,13.82962085837485,36454.3028290137,0,21502.988094677894,0,0,46053.57581715409,10.082438764011624,0,5.082113782880805,0,0,13.82962085837485,36454.3028290137,0,21502.988094677894,0,0,46053.57581715409,103.37261275904103,50.789114762616094,484.03452504480697,21.508652205703143,34.501333880566385,39.15859528195377,17.83245783798728,60.90502499342278,59.1778574204413,97.75556523533324,0,0,0,0,0,0,0,0,0,0,120087.28159284843,120611.74254724947,1579482.0535798506,100435.0170606873,334923.7892468705,551222.3146552577,3228.504285319325,9093.900727878628,605397.1889977978,125126.84839175589,0,0,0,0,0,0,0,0,0,0,121.33279154815115,41.63148665324414,469.83775115555125,29.185961491591517,47.35276010671044,53.122586012240774,15.712837526495253,74.10330614750504,79.77460166673863,130.97503381553912,0,0,0,0,0,0,0,0,0,0,24467.181362589734,6714.251694052954,144840.10942363925,6141.299049475993,12850.682331212805,6594.786776794026,2981.6606764353514,10476.278172410768,19977.654475581847,24725.647080400744,0,0,0,0,0,0,0,0,0,0,30,12,32,6,6,2,6,68,0,0,0,0,0.007997918087972535,0.0030757855822550833,0.03016939252336449,0.016964285714285716,0.0015318559556786703,0.003,0.003158620689655172,0.0032138275124732715,0.020124338624338635,0.004736414048059149,0.07124524714828899,0.036101694915254244,0.004306371191135735,0.0046,0.00488551724137931,0.004984889522451888,0.022958994708994714,0.004943992606284657,0.0860028517110266,0.049406779661016954,0.004653185595567867,0.0048,0.006792682926829263,0.007506351039260971,0.03571249999999995,0.009022972972972968,0.09780893536121671,0.09941666666666654,0.004930637119113573,0.00496,0.009846341463414631,0.00965831408775982,0.4594504021447721,0.3739583333333334,0.3863756148981026,0.45989304812834225,0.8814229249011858,0.375,0.45978552278820384,0.48730187319884727,2.182047477744807,2.1637724550898203,0.4954761068165847,2.1291338582677164,2.1288537549407116,0.475,2.1288537549407116,2.190637450199203,2.3410237388724036,2.33188622754491,0.7002895752895754,2.314566929133858,2.314426877470356,0.4875,2.314426877470356,2.3453187250996015,2.4682047477744806,2.466377245508982,0.9400579150579147,2.4629133858267713,2.462885375494071,0.4975,2.462885375494071,2.46906374501992,395.69747899160234,397.49579831932476,397.36134453781375,391.9999999999841,397.1596638655399,99561712.94117646,38627069.8487395,0,0,18025979.69747899,3250024275.8991594,2891691326.3865547,951573770.7563025,4510468663.932773,4459131671.663865,0,0,0,0,0,15.260504201680671,2.571428571428571,4.823529411764706,0.47058823529411764,16.60504201680672,0,0,0,0,0,62851.2268907563,23354.084033613446,1057103.5966386555,24025.277310924368,72686.78991596638,1588.235294117647,266.20168067226894,2796.201680672269,1731.613445378151,458.3193277310924,1790.436974789916,377.07563025210084,1876.5042016806724,2104.9411764705883,561.3277310924369,0,0,0,0,0,0,0,0,0,0,0,0,0,0,0,0,0,0,0,0
1693105982,0.5993879933120917,0.43388226013213677,0.16923496219168638,0.05475701574264208,1.568959505902278,0.47264234875444816,0.16469813185261883,0.20452825557850826,0.19755595066745707,0.04502780466938339,0,0.09976736647407669,0.1707140113524819,0.5536959202677877,0.20107687839317226,5.865294340515461,3.2731116181836106,0.7735738266214531,0.4531551759069128,9.943746249439657,5.623115285809618,0.3099421133123145,0.6424758472582986,1.868603189117481,0.9513257063736874,0.000049819015185591125,0.25397430045778274,3.0505967350945364,2.7542058792439534,1.0565343841462054,5.015931101927494,3.0568977418400545,0.7615573298625883,0.3285420944558525,7.770085172087455,4.782028469750886,0.3764528728059854,0.3681508600413146,1.8344481133406672,0.6754170700407498,0,0.12470920809259586,2.6887456788015984,1.4094077970452776,0.5585468844254786,50000,100000,50000,50000,50000,50000,10000,50000,50000,20000,50000,0,2027520,0,220594176,0,0,675840,0,0,2973696,0,0,0,0,1486848,809.9309126470866,0,0,5.420944558521561,230.11406086566717,1223.9212633451957,1.5528681003246905,1.349886486818154,186.26703920074507,5.943670216358601,0,0,616.8750800221928,3.3221755216067255,8.84738264929958,0,0,0,0,0,0,0,0,0,0,0,0,0,0,0,224342016,71905280,8863744,439984128,111349760,349663232,37871616,8531968,310304768,93900800,4952064,3993600,305532928,14520320,134160384,201670656,66908160,7839744,199372800,103809024,330350592,35008512,7434240,291557376,81911808,4055040,2568192,294666240,13381632,33927168,0,0,0,0,0,0,0,0,0,0,0,0,0,0,0,203177984,71634944,8601600,424857600,107528192,332890112,37617664,8212480,295940096,91492352,4796416,2940928,296984576,14192640,37113856,186146816,69607424,8601600,211562496,107528192,332890112,36941824,8212480,295940096,88518656,4796416,2940928,296984576,14192640,35627008,1073741824,1073741824,314572800,0,1073741824,1073741824,1073741824,314572800,1073741824,0,0,0,1073741824,314572800,2147483648,10.255398875850506,0,5.082113782880805,0,0,13.82962085837485,39865.41761167537,0,21502.988094677894,0,0,46053.57581715409,10.255398875850506,0,5.082113782880805,0,0,13.82962085837485,39865.41761167537,0,21502.988094677894,0,0,46053.57581715409,103.37261275904103,50.789114762616094,484.03452504480697,21.508652205703143,34.501333880566385,39.15859528195377,17.83245783798728,60.90502499342279,59.1778574204413,97.75556523533324,0,0,0,0,0,0,0,0,0,0,120087.28159284843,120611.74254724947,1579482.0535798506,100435.0170606873,334923.7892468705,551222.3146552577,3228.504285319325,9093.90072787863,605397.1889977978,125126.84839175589,0,0,0,0,0,0,0,0,0,0,121.33279154815115,41.63148665324414,469.83775115555125,29.185961491591517,47.35276010671044,53.122586012240774,15.712837526495253,74.10330614750505,79.77460166673863,130.97503381553912,0,0,0,0,0,0,0,0,0,0,24467.181362589734,6714.251694052954,144840.10942363925,6141.299049475993,12850.682331212805,6594.786776794026,2981.6606764353514,10476.27817241077,19977.654475581847,24725.647080400744,0,0,0,0,0,0,0,0,0,0,24,22,40,8,10,2,10,44,0,0,0,0,0.007932518151963207,0.0030647548566142464,0.030095852895148666,0.016860189573459715,0.0015902578796561607,0.003,0.0031518987341772157,0.0032141491395793497,0.019597826086956524,0.004716558741905644,0.07060276679841897,0.034537037037037054,0.004318051575931232,0.0046,0.0048734177215189875,0.004985468451242829,0.022461956521739126,0.004923034227567067,0.08574604743083,0.04898148148148148,0.004659025787965616,0.0048,0.0066118421052631625,0.0075104408352668186,0.024753260869565214,0.008845161290322593,0.09786067193675888,0.13300000000000192,0.0049318051575931235,0.00496,0.00974342105263158,0.009659860788863106,0.45967741935483875,0.375,0.3858599290780142,0.45967741935483875,0.8720238095238095,0.375,0.45545580110497236,0.48959854014598536,2.181891348088531,2.1638554216867467,0.4945478723404256,2.1285714285714286,2.116952789699571,0.475,2.116952789699571,2.192430278884462,2.340945674044266,2.3319277108433734,0.6872448979591833,2.314285714285714,2.3084763948497855,0.4875,2.3084763948497855,2.3462151394422306,2.468189134808853,2.4663855421686742,0.9374489795918363,2.462857142857143,2.461695278969957,0.4975,2.461695278969957,2.4692430278884467,395.6974789915893,397.4957983193194,397.4789915966502,391.9831932773165,397.1932773109318,99561575.2605042,38627069.8487395,0,0,18025979.69747899,3320669192.605042,2891702547.3613443,951572738.1512605,4602451262.386555,4459045277.042017,0,0,0,0,0,15.260504201680671,2.571428571428571,4.823529411764706,0.5378151260504201,16.655462184873947,0,0,0,0,0,62851.2268907563,23354.084033613446,1057103.5966386555,37104.94117647059,72850.28571428571,1588.436974789916,266.30252100840335,2798.5546218487393,1729.0924369747897,458.30252100840335,1790.5546218487393,377.26050420168065,1878.7394957983192,2101.848739495798,561.3277310924369,0,0,0,0,0,0,0,0,0,0,0,0,0,0,0,0,0,0,0,0
1693105983,0.5993879933120917,0.43388226013213677,0.19443904335990667,0.05475701574264208,1.568959505902278,0.47264234875444816,0.16469813185261883,0.20452825557850826,0.19755595066745707,0.04502780466938339,0,0.1289629231595916,0.18506523549551235,0.5536959202677877,0.20107687839317226,5.865294340515461,3.2731116181836106,0.9099602619624204,0.4531551759069128,9.943746249439657,5.623115285809618,0.3099421133123145,0.6424758472582986,1.868603189117481,0.9513257063736874,0.000049819015185591125,0.28979324234282644,2.964387119459595,2.7542058792439534,1.0565343841462054,5.015931101927494,3.0568977418400545,0.9191663867922861,0.3285420944558525,7.770085172087455,4.782028469750886,0.3764528728059854,0.3681508600413146,1.8344481133406672,0.6754170700407498,0,0.1289629231595916,2.6217575028530935,1.4094077970452776,0.5585468844254786,50000,100000,50000,50000,50000,50000,10000,50000,50000,20000,50000,0,2027520,0,220594176,0,0,675840,0,0,2973696,0,0,0,0,1486848,809.9309126470866,0,5.833171300797201,5.420944558521561,230.11406086566717,1223.9212633451957,1.5528681003246905,1.349886486818154,186.26703920074507,5.943670216358601,0,0,594.4295364115851,3.3221755216067255,8.84738264929958,0,0,0,0,0,0,0,0,0,0,0,0,0,0,0,224342016,71905280,9547776,439984128,111349760,349663232,37871616,8531968,310304768,93900800,4952064,3993600,305532928,14520320,134160384,201670656,66908160,8515584,199372800,103809024,330350592,35008512,7434240,291557376,81911808,4055040,2568192,294666240,13381632,33927168,0,0,0,0,0,0,0,0,0,0,0,0,0,0,0,203177984,71634944,9285632,424857600,107528192,332890112,37617664,8212480,295940096,91492352,4796416,2940928,296984576,14192640,37113856,186146816,69607424,9285632,211562496,107528192,332890112,36941824,8212480,295940096,88518656,4796416,2940928,296984576,14192640,35627008,1073741824,1073741824,314572800,0,1073741824,1073741824,1073741824,314572800,1073741824,0,0,0,1073741824,314572800,2147483648,10.255398875850506,0,5.082113782880805,0,0,13.82962085837485,39865.41761167537,0,21502.988094677894,0,0,46053.57581715409,10.255398875850506,0,5.082113782880805,0,0,13.82962085837485,39865.41761167537,0,21502.988094677894,0,0,46053.57581715409,103.37261275904103,50.789114762616094,481.43714746903163,21.508652205703143,34.501333880566385,39.15859528195377,17.83245783798728,60.90502499342279,59.1778574204413,97.75556523533324,0,0,0,0,0,0,0,0,0,0,120087.28159284843,120611.74254724947,1573591.9981137891,100435.0170606873,334923.7892468705,551222.3146552577,3228.504285319325,9093.90072787863,605397.1889977978,125126.84839175589,0,0,0,0,0,0,0,0,0,0,121.33279154815115,41.63148665324414,466.65578468179257,29.185961491591517,47.35276010671044,53.122586012240774,15.712837526495253,74.10330614750505,79.77460166673863,130.97503381553912,0,0,0,0,0,0,0,0,0,0,24467.181362589734,6714.251694052954,144120.88071530912,6141.299049475993,12850.682331212805,6594.786776794026,2981.6606764353514,10476.27817241077,19977.654475581847,24725.647080400744,0,0,0,0,0,0,0,0,0,0,20,16,38,12,6,2,8,80,0,0,0,0,0.007932518151963207,0.0030647548566142464,0.030095852895148666,0.016860189573459715,0.0015292479108635097,0.003,0.003144578313253012,0.0032141491395793497,0.019597826086956524,0.004716558741905644,0.07060276679841897,0.034537037037037054,0.004305849582172701,0.0046,0.004860240963855422,0.004985468451242829,0.022461956521739126,0.004923034227567067,0.08574604743083,0.04898148148148148,0.004652924791086351,0.0048,0.0064276315789473645,0.0075104408352668186,0.024753260869565214,0.008845161290322593,0.09786067193675888,0.13300000000000192,0.004930584958217269,0.00496,0.009706578947368413,0.009659860788863106,0.45967741935483875,0.375,0.3858599290780142,0.45967741935483875,0.8799603174603174,0.375,0.4593413978494624,0.48959854014598536,2.181891348088531,2.1638554216867467,0.4945478723404256,2.1285714285714286,2.1276892430278886,0.475,2.1276892430278886,2.192430278884462,2.340945674044266,2.3319277108433734,0.6872448979591833,2.314285714285714,2.3138446215139443,0.4875,2.3138446215139443,2.3462151394422306,2.468189134808853,2.4663855421686742,0.9374489795918363,2.462857142857143,2.4627689243027886,0.4975,2.4627689243027886,2.4692430278884467,395.6470588235351,397.49579831932357,397.46218487395157,391.8319327731207,397.193277310913,99561575.2605042,38627069.8487395,0,0,18025979.69747899,3250077558.3193274,2891789836.9075627,951578107.697479,4510495718.184874,4380845477.6470585,0,0,0,0,0,15.210084033613445,2.53781512605042,4.823529411764706,0.5378151260504201,16.554621848739494,0,0,0,0,0,62696.33613445378,22803.361344537814,1057103.5966386555,37104.94117647059,72523.29411764705,1582.689075630252,266.5882352941177,2799.4117647058824,1724.5882352941176,456.90756302521004,1785.0420168067224,377.4117647058823,1879.7815126050418,2097.428571428571,559.9327731092436,0,0,0,0,0,0,0,0,0,0,0,0,0,0,0,0,0,0,0,0
1693105984,0.5993879933120917,0.43388226013213677,0.19443904335990667,0.05475701574264208,1.568959505902278,0.7164567954841512,0.16469813185261883,0.17814726840855122,0.19755595066745707,0.04502780466938339,0,0.1289629231595916,0.18506523549551235,0.5536959202677877,0.20107687839317226,5.865294340515461,3.2731116181836106,0.9099602619624204,0.4531551759069128,9.943746249439657,7.825701854103342,0.3099421133123145,0.6511813212589072,1.868603189117481,0.9513257063736874,0.000049819015185591125,0.28979324234282644,2.964387119459595,2.7542058792439534,1.0565343841462054,5.015931101927494,3.0568977418400545,0.9191663867922861,0.3285420944558525,7.770085172087455,6.752062527138512,0.3764528728059854,0.4156769596199528,1.8344481133406672,0.6754170700407498,0,0.1289629231595916,2.6217575028530935,1.4094077970452776,0.5585468844254786,50000,100000,50000,50000,50000,50000,10000,50000,50000,20000,50000,0,2027520,0,220594176,0,0,675840,0,0,2973696,0,0,0,0,1486848,809.9309126470866,0,5.833171300797201,5.420944558521561,230.11406086566717,2041.9018671298304,1.5528681003246905,1.9596199524940616,186.26703920074507,5.943670216358601,0,0,594.4295364115851,3.3221755216067255,8.84738264929958,0,0,0,0,0,0,0,0,0,0,0,0,0,0,0,224342016,71905280,9547776,439984128,111349760,349663232,37871616,8531968,310304768,93900800,4952064,3993600,305532928,14520320,134160384,201670656,66908160,8515584,199372800,103809024,331296768,35008512,7434240,291557376,81911808,4055040,2568192,294666240,13381632,33927168,0,0,0,0,0,0,0,0,0,0,0,0,0,0,0,203177984,71634944,9285632,424857600,107528192,333889536,37617664,8212480,295940096,91492352,4796416,2940928,296984576,14192640,37113856,186146816,69607424,9285632,211562496,107528192,333889536,36941824,8212480,295940096,88518656,4796416,2940928,296984576,14192640,35627008,1073741824,1073741824,314572800,0,1073741824,1073741824,1073741824,314572800,1073741824,0,0,0,1073741824,314572800,2147483648,10.255398875850506,0,5.082113782880805,0,0,13.82962085837485,39865.41761167537,0,21502.988094677894,0,0,46053.57581715409,10.255398875850506,0,5.082113782880805,0,0,13.82962085837485,39865.41761167537,0,21502.988094677894,0,0,46053.57581715409,101.93069889730411,50.789114762616094,481.43714746903163,21.508652205703143,34.501333880566385,39.25432756324901,17.83245783798728,60.90502499342279,58.59401895756352,97.75556523533324,0,0,0,0,0,0,0,0,0,0,119624.88717968845,120611.74254724947,1573591.9981137891,100435.0170606873,334923.7892468705,550365.3528628496,3228.504285319325,9093.90072787863,602529.8707856144,125126.84839175589,0,0,0,0,0,0,0,0,0,0,120.68830200525844,41.63148665324414,466.65578468179257,29.185961491591517,47.35276010671044,53.95472703062584,15.712837526495253,74.10330614750505,79.89258910743385,130.97503381553912,0,0,0,0,0,0,0,0,0,0,24169.03425813288,6714.251694052954,144120.88071530912,6141.299049475993,12850.682331212805,6682.263648468709,2981.6606764353514,10476.27817241077,19892.382548025063,24725.647080400744,0,0,0,0,0,0,0,0,0,0,46,16,46,6,6,2,6,74,0,0,0,0,0.007932518151963207,0.0030647548566142464,0.030095852895148666,0.016860189573459715,0.0015292479108635097,0.003,0.003144578313253012,0.0032141491395793497,0.019597826086956524,0.004716558741905644,0.07060276679841897,0.034537037037037054,0.004305849582172701,0.0046,0.004860240963855422,0.004985468451242829,0.022461956521739126,0.004923034227567067,0.08574604743083,0.04898148148148148,0.004652924791086351,0.0048,0.0064276315789473645,0.0075104408352668186,0.024753260869565214,0.008845161290322593,0.09786067193675888,0.13300000000000192,0.004930584958217269,0.00496,0.009706578947368413,0.009659860788863106,0.45967741935483875,0.375,0.3858599290780142,0.45967741935483875,0.8799603174603174,0.375,0.4593413978494624,0.48959854014598536,2.181891348088531,2.1638554216867467,0.4945478723404256,2.1285714285714286,2.1276892430278886,0.475,2.1276892430278886,2.192430278884462,2.340945674044266,2.3319277108433734,0.6872448979591833,2.314285714285714,2.3138446215139443,0.4875,2.3138446215139443,2.3462151394422306,2.468189134808853,2.4663855421686742,0.9374489795918363,2.462857142857143,2.4627689243027886,0.4975,2.4627689243027886,2.4692430278884467,395.8487394957905,397.59663865545525,397.36134453781494,392.0000000000085,397.142857142878,99561575.2605042,38627069.8487395,0,0,18025979.69747899,3320740442.352941,2948412527.865546,951634143.7310925,4326596952.20168,4458984766.386555,0,0,0,0,0,15.193277310924369,2.53781512605042,4.823529411764706,0.5378151260504201,16.722689075630253,0,0,0,0,0,62575.86554621848,22803.361344537814,1057103.5966386555,37104.94117647059,73125.64705882352,1588.7058823529412,266.9579831932773,2800.285714285714,1732.6050420168067,459.2773109243697,1790.3697478991594,377.68067226890753,1881.0756302521008,2104.638655462185,562.3361344537815,0,0,0,0,0,0,0,0,0,0,0,0,0,0,0,0,0,0,0,0
1693105985,0.5993879933120917,0.43388226013213677,0.19443904335990667,0.05475701574264208,1.3378866364496704,0.7164567954841512,0.16469813185261883,0.17814726840855122,0.19755595066745707,0.04502780466938339,0,0.1289629231595916,0.1462996635107736,0.6099364187490759,0.20107687839317226,5.865294340515461,3.2731116181836106,0.9099602619624204,0.4531551759069128,8.479253399036073,7.825701854103342,0.3099421133123145,0.6511813212589072,1.868603189117481,0.9513257063736874,0.000049819015185591125,0.28979324234282644,2.499462827345484,2.750725694957858,1.0565343841462054,5.015931101927494,3.0568977418400545,0.9191663867922861,0.3285420944558525,6.625724294798355,6.752062527138512,0.3764528728059854,0.4156769596199528,1.8344481133406672,0.6754170700407498,0,0.1289629231595916,2.1526950488013905,1.4231849770811766,0.5585468844254786,50000,100000,50000,50000,50000,50000,10000,50000,50000,20000,50000,0,2027520,0,220594176,0,0,675840,0,0,2973696,0,0,0,0,1486848,809.9309126470866,0,5.833171300797201,5.420944558521561,196.22337334595144,2041.9018671298304,1.5528681003246905,1.9596199524940616,186.26703920074507,5.943670216358601,0,0,406.9220640792526,3.659618512494454,8.84738264929958,0,0,0,0,0,0,0,0,0,0,0,0,0,0,0,224342016,71905280,9547776,439984128,111349760,349663232,37871616,8531968,310304768,93900800,4952064,3993600,305532928,14602240,134160384,201670656,66908160,8515584,199372800,103809024,331296768,35008512,7434240,291557376,81911808,4055040,2568192,294666240,13381632,33927168,0,0,0,0,0,0,0,0,0,0,0,0,0,0,0,203177984,71634944,9285632,424857600,107528192,333889536,37617664,8212480,295940096,91492352,4796416,2940928,297062400,14225408,37113856,186146816,69607424,9285632,211562496,107528192,333889536,36941824,8212480,295940096,88518656,4796416,2940928,297062400,14225408,35627008,1073741824,1073741824,314572800,0,1073741824,1073741824,1073741824,314572800,1073741824,0,0,0,1073741824,314572800,2147483648,10.255398875850506,0,5.082113782880805,0,0,13.82962085837485,39865.41761167537,0,21502.988094677894,0,0,46053.57581715409,10.255398875850506,0,5.082113782880805,0,0,13.82962085837485,39865.41761167537,0,21502.988094677894,0,0,46053.57581715409,101.93069889730407,50.789114762616094,481.43714746903163,21.692667239278514,34.501333880566385,39.25432756324901,17.83245783798728,60.90502499342279,58.59401895756352,97.75556523533324,0,0,0,0,0,0,0,0,0,0,119624.8871796884,120611.74254724947,1573591.9981137891,100906.87733455848,334923.7892468705,550365.3528628496,3228.504285319325,9093.90072787863,602529.8707856144,125126.84839175589,0,0,0,0,0,0,0,0,0,0,120.6883020052584,41.63148665324414,466.65578468179257,29.343027784990916,47.35276010671044,53.95472703062584,15.712837526495253,74.10330614750505,79.89258910743385,130.97503381553912,0,0,0,0,0,0,0,0,0,0,24169.03425813287,6714.251694052954,144120.88071530912,6192.277730060126,12850.682331212805,6682.263648468709,2981.6606764353514,10476.27817241077,19892.382548025063,24725.647080400744,0,0,0,0,0,0,0,0,0,0,32,26,48,14,14,2,14,66,0,0,0,0,0.007932518151963207,0.0030647548566142464,0.030095852895148666,0.016860189573459715,0.0015292479108635097,0.003,0.003144578313253012,0.0032129981024667936,0.019597826086956524,0.004716558741905644,0.07060276679841897,0.034537037037037054,0.004305849582172701,0.0046,0.004860240963855422,0.004983396584440228,0.022461956521739126,0.004923034227567067,0.08574604743083,0.04898148148148148,0.004652924791086351,0.0048,0.0064276315789473645,0.007497106481481483,0.024753260869565214,0.008845161290322593,0.09786067193675888,0.13300000000000192,0.004930584958217269,0.00496,0.009706578947368413,0.00965682870370371,0.45967741935483875,0.375,0.3858599290780142,0.45967741935483875,0.8799603174603174,0.375,0.4593413978494624,0.4926094890510949,2.181891348088531,2.1638554216867467,0.4945478723404256,2.1285714285714286,2.1276892430278886,0.475,2.1276892430278886,2.1946989528795813,2.340945674044266,2.3319277108433734,0.6872448979591833,2.314285714285714,2.3138446215139443,0.4875,2.3138446215139443,2.34734947643979,2.468189134808853,2.4663855421686742,0.9374489795918363,2.462857142857143,2.4627689243027886,0.4975,2.4627689243027886,2.469469895287958,395.83193277310625,397.54621848739765,397.36134453780613,392.0336134453699,397.1428571428458,116155194.08403361,28970354.01680672,0,0,18025979.69747899,3391335174.453781,3061663830.05042,898870366.6554621,4326781375.462185,4458955371.563025,0,0,0,0,0,15.210084033613445,2.571428571428571,4.823529411764706,0.48739495798319327,16.756302521008404,0,0,0,0,0,62679.126050420164,23422.9243697479,1057103.5966386555,36898.42016806723,73237.51260504201,1594.436974789916,264,2802.1512605042017,1738.487394957983,460.35294117647055,1796.7394957983192,374.9243697478991,1882.9747899159663,2110.8403361344535,563.3949579831933,0,0,0,0,0,0,0,0,0,0,0,0,0,0,0,0,0,0,0,0
1693105986,0.5034534475325193,0.4338822601321369,0.19443904335990667,0.03572576899717769,1.3117373113512991,0.7164567954841512,0.16469813185261883,0.17814726840855122,0.19755595066745707,0.04502780466938339,0,0.1289629231595916,0.1462996635107736,0.6099364187490759,0.20107687839317226,4.926529542589543,3.2731116181836115,0.9099602619624204,0.4492131167160872,8.313524294878745,7.825701854103342,0.3099421133123145,0.6511813212589072,1.868603189117481,0.9513257063736874,0.000049819015185591125,0.28979324234282644,2.499462827345484,2.750725694957858,1.0565343841462054,4.213110429351074,3.056897741840055,0.9191663867922861,0.3215319209745992,6.496222875263563,6.752062527138512,0.3764528728059854,0.4156769596199528,1.8344481133406672,0.6754170700407498,0,0.1289629231595916,2.1526950488013905,1.4231849770811766,0.5585468844254786,50000,100000,50000,50000,50000,50000,10000,50000,50000,20000,50000,0,2027520,0,220594176,0,0,675840,0,0,2973696,0,0,0,0,1486848,680.2980953657843,0,5.833171300797201,4.715801507627451,192.3881389981903,2041.9018671298304,1.5528681003246905,1.9596199524940616,186.26703920074507,5.943670216358601,0,0,406.9220640792526,3.659618512494454,8.84738264929958,0,0,0,0,0,0,0,0,0,0,0,0,0,0,0,224342016,71905280,9547776,439984128,111349760,349663232,37871616,8531968,310304768,93900800,4952064,3993600,305532928,14602240,134160384,201670656,66908160,8515584,199372800,103809024,331296768,35008512,7434240,291557376,81911808,4055040,2568192,294666240,13381632,33927168,0,0,0,0,0,0,0,0,0,0,0,0,0,0,0,203177984,71634944,9285632,424857600,107528192,333889536,37617664,8212480,295940096,91492352,4796416,2940928,297062400,14225408,37113856,186146816,69607424,9285632,211562496,107528192,333889536,36941824,8212480,295940096,88518656,4796416,2940928,297062400,14225408,35627008,1073741824,1073741824,314572800,0,1073741824,1073741824,1073741824,314572800,1073741824,0,0,0,1073741824,314572800,2147483648,10.255398875850508,0,5.082113782880805,0,0,13.82962085837485,39865.41761167538,0,21502.988094677894,0,0,46053.57581715409,10.255398875850508,0,5.082113782880805,0,0,13.82962085837485,39865.41761167538,0,21502.988094677894,0,0,46053.57581715409,101.93069889730407,50.789114762616094,481.43714746903163,21.692667239278514,34.501333880566385,39.25432756324901,17.83245783798728,60.90502499342279,58.59401895756352,97.75556523533324,0,0,0,0,0,0,0,0,0,0,119624.8871796884,120611.74254724947,1573591.9981137891,100906.87733455848,334923.7892468705,550365.3528628496,3228.504285319325,9093.90072787863,602529.8707856144,125126.84839175589,0,0,0,0,0,0,0,0,0,0,120.6883020052584,41.63148665324414,466.65578468179257,29.343027784990916,47.35276010671044,53.95472703062584,15.712837526495253,74.10330614750505,79.89258910743385,130.97503381553912,0,0,0,0,0,0,0,0,0,0,24169.03425813287,6714.251694052954,144120.88071530912,6192.277730060126,12850.682331212805,6682.263648468709,2981.6606764353514,10476.27817241077,19892.382548025063,24725.647080400744,0,0,0,0,0,0,0,0,0,0,52,20,66,14,10,2,10,106,0,0,0,0,0.007932518151963207,0.0030647548566142464,0.030095852895148666,0.016860189573459715,0.0015292479108635097,0.003,0.003144578313253012,0.0032129981024667936,0.019597826086956524,0.004716558741905644,0.07060276679841897,0.034537037037037054,0.004305849582172701,0.0046,0.004860240963855422,0.004983396584440228,0.022461956521739126,0.004923034227567067,0.08574604743083,0.04898148148148148,0.004652924791086351,0.0048,0.0064276315789473645,0.007497106481481483,0.024753260869565214,0.008845161290322593,0.09786067193675888,0.13300000000000192,0.004930584958217269,0.00496,0.009706578947368413,0.00965682870370371,0.45967741935483875,0.375,0.3858599290780142,0.45967741935483875,0.8799603174603174,0.375,0.4593413978494624,0.4926094890510949,2.181891348088531,2.1638554216867467,0.4945478723404256,2.1285714285714286,2.1276892430278886,0.475,2.1276892430278886,2.1946989528795813,2.340945674044266,2.3319277108433734,0.6872448979591833,2.314285714285714,2.3138446215139443,0.4875,2.3138446215139443,2.34734947643979,2.468189134808853,2.4663855421686742,0.9374489795918363,2.462857142857143,2.4627689243027886,0.4975,2.4627689243027886,2.469469895287958,395.93277310923764,397.49579831930936,397.41176470587175,392.05042016804913,397.07563025211556,116155194.08403361,28970354.01680672,0,0,18025979.69747899,3391380540.235294,3004993914.6218486,899865384.8739495,4234797950.9243693,4458974922.218487,0,0,0,0,0,15.294117647058822,2.571428571428571,4.823529411764706,0.48739495798319327,16.840336134453782,0,0,0,0,0,62859.83193277311,23422.9243697479,1057103.5966386555,36898.42016806723,73469.84873949579,1602.9075630252098,267.34453781512605,2800.0672268907565,1740.5882352941178,461.56302521008405,1804.453781512605,377.88235294117646,1882.18487394958,2112.9579831932774,564.5378151260504,0,0,0,0,0,0,0,0,0,0,0,0,0,0,0,0,0,0,0,0
1693105987,0.6026637738805526,0.4338822601321369,0.13969732246798602,0.03572576899717769,1.285587986252928,0.7164567954841512,0.15414654197924155,0.17814726840855122,0.21308744333811183,0.04502780466938339,0,0.1289629231595916,0.1462996635107736,0.6099364187490759,0.20107687839317226,7.871711647481859,3.2731116181836115,0.9179704819557633,0.4492131167160872,8.147795190721418,7.825701854103342,0.3113270921111225,0.6511813212589072,1.7843840533106021,0.9513257063736874,0.000049819015185591125,0.28979324234282644,2.499462827345484,2.750725694957858,1.0565343841462054,6.93063339962634,3.056897741840055,0.9313154831199077,0.3215319209745992,6.366721455728773,6.752062527138512,0.4110574452779776,0.4156769596199528,1.7434427182209173,0.6754170700407498,0,0.1289629231595916,2.1526950488013905,1.4231849770811766,0.5585468844254786,50000,100000,50000,50000,50000,50000,10000,50000,50000,20000,50000,0,2027520,0,220594176,0,0,811008,0,0,2973696,0,0,0,0,1486848,1609.5944072801785,0,7.683352735739232,4.715801507627451,188.55290465042918,2041.9018671298304,2.260815949028877,1.9596199524940616,147.03033590329701,5.943670216358601,0,0,406.9220640792526,3.659618512494454,8.84738264929958,0,0,0,0,0,0,0,0,0,0,0,0,0,0,0,224342016,71905280,9547776,439984128,111349760,349663232,38031360,8531968,310304768,93900800,4952064,3993600,305532928,14602240,134160384,209510400,66908160,8515584,199372800,103809024,331296768,35143680,7434240,291557376,81911808,4055040,2568192,294666240,13381632,33927168,0,0,0,0,0,0,0,0,0,0,0,0,0,0,0,211021824,71634944,9285632,424857600,107528192,333889536,37888000,8212480,296271872,91492352,4796416,2940928,297062400,14225408,37113856,193990656,69607424,9285632,211562496,107528192,333889536,37076992,8212480,296271872,88518656,4796416,2940928,297062400,14225408,35627008,1073741824,1073741824,314572800,0,1073741824,1073741824,1073741824,314572800,1073741824,0,0,0,1073741824,314572800,2147483648,10.255398875850508,0,4.966944130442229,0,0,13.82962085837485,39865.41761167538,0,20414.75696228548,0,0,46053.57581715409,10.255398875850508,0,4.966944130442229,0,0,13.82962085837485,39865.41761167538,0,20414.75696228548,0,0,46053.57581715409,101.93069889730407,50.789114762616094,481.43714746903163,21.692667239278514,29.889272237043112,39.25432756324901,17.83245783798728,60.90502499342279,58.59401895756352,98.37602604019249,0,0,0,0,0,0,0,0,0,0,119624.8871796884,120611.74254724947,1573591.9981137891,100906.87733455848,290151.921375436,550365.3528628496,3228.504285319325,9093.90072787863,602529.8707856144,125555.93688083783,0,0,0,0,0,0,0,0,0,0,120.6883020052584,41.63148665324414,466.65578468179257,29.343027784990916,41.022748364001174,53.95472703062584,15.712837526495253,74.10330614750505,79.89258910743385,131.7577129917917,0,0,0,0,0,0,0,0,0,0,24169.03425813287,6714.251694052954,144120.88071530912,6192.277730060126,11132.831674248122,6682.263648468709,2981.6606764353514,10476.27817241077,19892.382548025063,24919.49122558732,0,0,0,0,0,0,0,0,0,0,22,12,28,10,10,2,10,62,0,0,0,0,0.008005078128337366,0.0030491355777979984,0.030384615384615385,0.016937939110070258,0.0016158192090395482,0.003,0.0031431127012522364,0.003214806110458284,0.02053846153846154,0.004688444040036397,0.07116279069767444,0.035937500000000004,0.0043231638418079095,0.0046,0.004857602862254024,0.004986650998824912,0.02348351648351649,0.004893357597816197,0.08616279069767438,0.05044642857142857,0.004661581920903955,0.0048,0.00639583333333333,0.007510204081632651,0.06937142857142882,0.00814799999999999,0.09816279069767438,0.09580357142857145,0.004932316384180791,0.00496,0.009723611111111115,0.009647165532879821,0.45899470899470896,0.375,0.3860281195079086,0.46054376657824936,0.867248062015504,0.375,0.4534646739130435,0.4885468861846814,2.1815841584158417,2.164214711729622,0.49485061511423556,2.130813953488372,2.111038961038961,0.475,2.111038961038961,2.1916230366492147,2.34079207920792,2.332107355864811,0.6916334661354575,2.3154069767441863,2.3055194805194805,0.4875,2.3055194805194805,2.345811518324607,2.4681584158415846,2.466421471172962,0.9383266932270912,2.4630813953488375,2.4611038961038965,0.4975,2.4611038961038965,2.4691623036649215,395.91596638655966,397.5798319327696,397.57983193277266,392.1008403361353,397.04201680670883,116155194.08403361,28970354.01680672,0,0,18025979.69747899,3391467072.537815,2948287651.495798,953544944.9411764,4327078628.033613,4537083370.487394,0,0,0,0,0,15.22689075630252,2.571428571428571,4.773109243697479,0.48739495798319327,16.92436974789916,0,0,0,0,0,62661.91596638655,23422.9243697479,1056897.075630252,36898.42016806723,73745.2100840336,1593.7310924369747,267.0252100840336,2802.890756302521,1741.714285714286,461.42857142857144,1795.327731092437,377.47899159663865,1884.4033613445376,2113.9663865546213,564.4201680672269,0,0,0,0,0,0,0,0,0,0,0,0,0,0,0,0,0,0,0,0
1693105988,0.6026637738805526,0.4338822601321369,0.13969732246798602,0.03572576899717769,1.2594386611545567,0.7164567954841512,0.15414654197924155,0.17814726840855122,0.21308744333811183,0.04502780466938339,0,0.1289629231595916,0.1462996635107736,0.6099364187490759,0.20107687839317226,7.871711647481859,3.2731116181836115,0.9179704819557633,0.4492131167160872,7.982066086564091,7.825701854103342,0.3113270921111225,0.6511813212589072,1.7843840533106021,0.9513257063736874,0.000049819015185591125,0.28979324234282644,2.499462827345484,2.750725694957858,1.0565343841462054,6.93063339962634,3.056897741840055,0.9313154831199077,0.3215319209745992,6.237220036193982,6.752062527138512,0.4110574452779776,0.4156769596199528,1.7434427182209173,0.6754170700407498,0,0.1289629231595916,2.1526950488013905,1.4231849770811766,0.5585468844254786,50000,100000,50000,50000,50000,50000,10000,50000,50000,20000,50000,0,2027520,0,220594176,0,0,811008,0,0,2973696,0,0,0,0,1486848,1609.5944072801785,0,7.683352735739232,4.715801507627451,184.7176703026681,2041.9018671298304,2.260815949028877,1.9596199524940616,147.03033590329701,5.943670216358601,0,0,406.9220640792526,3.659618512494454,8.84738264929958,0,0,0,0,0,0,0,0,0,0,0,0,0,0,0,224342016,71905280,9547776,439984128,111349760,349663232,38031360,8531968,310304768,93900800,4952064,3993600,305532928,14602240,134160384,209510400,66908160,8515584,199372800,103809024,331296768,35143680,7434240,291557376,81911808,4055040,2568192,294666240,13381632,33927168,0,0,0,0,0,0,0,0,0,0,0,0,0,0,0,211021824,71634944,9285632,424857600,107528192,333889536,37888000,8212480,296271872,91492352,4796416,2940928,297062400,14225408,37113856,193990656,69607424,9285632,211562496,107528192,333889536,37076992,8212480,296271872,88518656,4796416,2940928,297062400,14225408,35627008,1073741824,1073741824,314572800,0,1073741824,1073741824,1073741824,314572800,1073741824,0,0,0,1073741824,314572800,2147483648,10.255398875850508,0,4.966944130442229,0,0,13.82962085837485,39865.41761167538,0,20414.75696228548,0,0,46053.57581715409,10.255398875850508,0,4.966944130442229,0,0,13.82962085837485,39865.41761167538,0,20414.75696228548,0,0,46053.57581715409,101.93069889730407,50.789114762616094,478.86848501215235,21.692667239278514,29.314250005700337,39.25432756324901,17.83245783798728,60.90502499342279,58.59401895756352,98.37602604019249,0,0,0,0,0,0,0,0,0,0,119624.8871796884,120611.74254724947,1577460.4824916737,100906.87733455848,284569.85822132154,550365.3528628496,3228.504285319325,9093.90072787863,602529.8707856144,125555.93688083783,0,0,0,0,0,0,0,0,0,0,120.6883020052584,41.63148665324414,463.6105860113422,29.343027784990916,40.23353569555601,53.95472703062584,15.712837526495253,74.10330614750505,79.89258910743385,131.7577129917917,0,0,0,0,0,0,0,0,0,0,24169.03425813287,6714.251694052954,143933.58988207762,6192.277730060126,10918.653635394576,6682.263648468709,2981.6606764353514,10476.27817241077,19892.382548025063,24919.49122558732,0,0,0,0,0,0,0,0,0,0,30,16,38,10,10,2,10,56,0,0,0,0,0.008005078128337366,0.0030491355777979984,0.030384615384615385,0.016937939110070258,0.0015219780219780218,0.003,0.0031385135135135137,0.003214806110458284,0.02053846153846154,0.004688444040036397,0.07116279069767444,0.035937500000000004,0.004304395604395605,0.0046,0.004849324324324324,0.004986650998824912,0.02348351648351649,0.004893357597816197,0.08616279069767438,0.05044642857142857,0.004652197802197802,0.0048,0.0062635135135135096,0.007510204081632651,0.06937142857142882,0.00814799999999999,0.09816279069767438,0.09580357142857145,0.004930439560439559,0.00496,0.009685135135135126,0.009647165532879821,0.45899470899470896,0.375,0.3860281195079086,0.46054376657824936,0.8808139534883721,0.375,0.45932539682539686,0.4885468861846814,2.1815841584158417,2.164214711729622,0.49485061511423556,2.130813953488372,2.1276470588235297,0.475,2.1276470588235297,2.1916230366492147,2.34079207920792,2.332107355864811,0.6916334661354575,2.3154069767441863,2.313823529411765,0.4875,2.313823529411765,2.345811518324607,2.4681584158415846,2.466421471172962,0.9383266932270912,2.4630813953488375,2.4627647058823525,0.4975,2.4627647058823525,2.4691623036649215,395.8991596638653,397.5294117646997,397.52941176469744,392.08403361345046,397.0756302520968,116155194.08403361,28970354.01680672,0,0,18025979.69747899,3391671803.697479,2891639145.4117646,953626038.8571428,4235263931.1596637,4458976712.067226,0,0,0,0,0,15.22689075630252,2.571428571428571,4.773109243697479,0.48739495798319327,16.857142857142858,0,0,0,0,0,62653.31092436975,23422.9243697479,1056897.075630252,36898.42016806723,73521.47899159664,1593.6974789915967,267.2436974789916,2804.1680672268903,1740.9747899159665,461.07563025210084,1795.159663865546,377.66386554621846,1885.9495798319326,2113.4453781512602,564.0672268907563,0,0,0,0,0,0,0,0,0,0,0,0,0,0,0,0,0,0,0,0
1693105989,0.6026637738805526,0.4338822601321369,0.13969732246798602,0.03572576899717769,1.6851471133429947,0.7164567954841512,0.18654541214876988,0.1808863430810973,0.21308744333811183,0.04502780466938339,0,0.1289629231595916,0.1462996635107736,0.609936418749076,0.20107687839317226,7.871711647481859,3.2731116181836115,0.9179704819557633,0.4492131167160872,10.00381539718917,7.825701854103342,0.3206631689401888,0.6527567480655208,1.7843840533106021,0.9513257063736874,0.00008335423759183171,0.28979324234282644,2.499462827345484,2.750725694957859,1.0565343841462054,6.93063339962634,3.056897741840055,0.9313154831199077,0.3215319209745992,7.8190826059114915,6.752062527138512,0.34977264777894346,0.40196965129132783,1.7434427182209173,0.6754170700407498,0,0.1289629231595916,2.1526950488013905,1.423184977081177,0.5585468844254786,50000,100000,50000,50000,50000,50000,10000,50000,50000,20000,50000,0,2027520,0,220594176,0,0,811008,0,0,2973696,0,0,0,0,1486848,1609.5944072801785,0,7.683352735739232,4.715801507627451,259.1419230898857,2041.9018671298304,3.0779993004547044,1.3264998492613806,147.03033590329701,5.943670216358601,0,0,406.9220640792526,3.6596185124944554,8.84738264929958,0,0,0,0,0,0,0,0,0,0,0,0,0,0,0,224342016,71905280,9547776,439984128,111349760,349663232,38031360,8617984,310304768,93900800,4952064,3993600,305532928,14602240,134160384,209510400,66908160,8515584,199372800,103538688,331296768,35143680,7434240,291557376,81911808,4055040,2568192,294666240,13381632,33927168,0,0,0,0,0,0,0,0,0,0,0,0,0,0,0,211021824,71634944,9285632,424857600,107270144,333889536,37888000,8482816,296271872,91492352,4796416,2940928,297062400,14225408,37113856,193990656,69607424,9285632,211562496,107270144,333889536,37076992,8482816,296271872,88518656,4796416,2940928,297062400,14225408,35627008,1073741824,1073741824,314572800,0,1073741824,1073741824,1073741824,314572800,1073741824,0,0,0,1073741824,314572800,2147483648,10.255398875850508,0,5.199953363646963,0,0,13.82962085837485,39865.41761167538,0,21872.07648361898,0,0,46053.57581715409,10.255398875850508,0,5.199953363646963,0,0,13.82962085837485,39865.41761167538,0,21872.07648361898,0,0,46053.57581715409,101.93069889730407,50.789114762616094,478.86848501215235,21.692667239278514,28.739227774357566,39.365475308882566,17.83245783798728,60.90502499342279,58.59401895756352,98.37602604019249,0,0,0,0,0,0,0,0,0,0,119624.8871796884,120611.74254724947,1577460.4824916737,100906.87733455848,278987.795067207,553084.5188447597,3228.504285319325,9093.90072787863,602529.8707856144,125555.93688083783,0,0,0,0,0,0,0,0,0,0,120.6883020052584,41.63148665324414,463.6105860113422,29.343027784990916,39.44432302711083,53.57212456639514,15.712837526495253,74.10330614750505,79.89258910743385,131.7577129917917,0,0,0,0,0,0,0,0,0,0,24169.03425813287,6714.251694052954,143933.58988207762,6192.277730060126,10704.47559654103,6649.7252211872,2981.6606764353514,10476.27817241077,19892.382548025063,24919.49122558732,0,0,0,0,0,0,0,0,0,0,28,22,48,10,10,2,10,54,0,0,0,0,0.008005078128337366,0.0030491355777979984,0.030384615384615385,0.016937939110070258,0.0015219780219780218,0.003,0.0031385135135135137,0.003214806110458284,0.02053846153846154,0.004688444040036397,0.07116279069767444,0.035937500000000004,0.004304395604395605,0.0046,0.004849324324324324,0.004986650998824912,0.02348351648351649,0.004893357597816197,0.08616279069767438,0.05044642857142857,0.004652197802197802,0.0048,0.0062635135135135096,0.007510204081632651,0.06937142857142882,0.00814799999999999,0.09816279069767438,0.09580357142857145,0.004930439560439559,0.00496,0.009685135135135126,0.009647165532879821,0.45899470899470896,0.375,0.3860281195079086,0.46054376657824936,0.8808139534883721,0.375,0.45932539682539686,0.4885468861846814,2.1815841584158417,2.164214711729622,0.49485061511423556,2.130813953488372,2.1276470588235297,0.475,2.1276470588235297,2.1916230366492147,2.34079207920792,2.332107355864811,0.6916334661354575,2.3154069767441863,2.313823529411765,0.4875,2.313823529411765,2.345811518324607,2.4681584158415846,2.466421471172962,0.9383266932270912,2.4630813953488375,2.4627647058823525,0.4975,2.4627647058823525,2.4691623036649215,395.86554621849865,397.49579831932647,397.49579831933994,392.10084033612696,397.159663865544,116155194.08403361,28970354.01680672,0,0,18025979.69747899,3462371723.8319325,2948358144,1007347522.6890756,4327346692.302521,4459025519.865546,0,0,0,0,0,15.109243697478991,2.53781512605042,4.773109243697479,0.48739495798319327,16.823529411764707,0,0,0,0,0,62291.899159663866,18948.3025210084,1056897.075630252,36898.42016806723,73461.24369747899,1593.0588235294117,267.3613445378151,2803.731092436975,1738.7563025210086,460.5546218487395,1794.9915966386554,377.66386554621846,1886.7394957983192,2111.932773109243,563.5798319327731,0,0,0,0,0,0,0,0,0,0,0,0,0,0,0,0,0,0,0,0
1693105990,0.6026637738805526,0.4338822601321369,0.13969732246798602,0.026008478764077112,1.7401896806751929,0.7164567954841512,0.18654541214876988,0.1808863430810973,0.21308744333811183,0.04502780466938339,0,0.1289629231595916,0.1462996635107736,0.609936418749076,0.20107687839317226,7.871711647481859,3.2731116181836115,0.9179704819557633,0.4535797680043699,10.023426742364913,7.825701854103342,0.3206631689401888,0.6527567480655208,1.7843840533106021,0.9513257063736874,0.00008335423759183171,0.28979324234282644,2.499462827345484,2.750725694957859,1.0565343841462054,6.93063339962634,3.056897741840055,0.9313154831199077,0.31210174516892536,7.743844079004608,6.752062527138512,0.34977264777894346,0.40196965129132783,1.7434427182209173,0.6754170700407498,0,0.1289629231595916,2.1526950488013905,1.423184977081177,0.5585468844254786,50000,100000,50000,50000,50000,50000,10000,50000,50000,20000,50000,0,2027520,0,220594176,0,0,811008,0,0,2973696,0,0,0,0,1486848,1609.5944072801785,0,7.683352735739232,5.149678795287263,264.1607935264944,2041.9018671298304,3.0779993004547044,1.3264998492613806,147.03033590329701,5.943670216358601,0,0,406.9220640792526,3.6596185124944554,8.84738264929958,0,0,0,0,0,0,0,0,0,0,0,0,0,0,0,224342016,71905280,9547776,439984128,111349760,349663232,38031360,8617984,310304768,93900800,4952064,3993600,305532928,14602240,134160384,209510400,66908160,8515584,199372800,103538688,331296768,35143680,7434240,291557376,81911808,4055040,2568192,294666240,13381632,33927168,0,0,0,0,0,0,0,0,0,0,0,0,0,0,0,211021824,71634944,9285632,424857600,107270144,333889536,37888000,8482816,296271872,91492352,4796416,2940928,297062400,14225408,37113856,193990656,69607424,9285632,211562496,107270144,333889536,37076992,8482816,296271872,88518656,4796416,2940928,297062400,14225408,35627008,1073741824,1073741824,314572800,0,1073741824,1073741824,1073741824,314572800,1073741824,0,0,0,1073741824,314572800,2147483648,10.255398875850508,0,5.199953363646963,0,0,13.82962085837485,39865.41761167538,0,21872.07648361898,0,0,46053.57581715409,10.255398875850508,0,5.199953363646963,0,0,13.82962085837485,39865.41761167538,0,21872.07648361898,0,0,46053.57581715409,101.93069889730407,50.789114762616094,478.86848501215235,21.692667239278514,28.164205543014795,39.365475308882566,17.83245783798728,60.5668016194332,58.59401895756352,83.65524871982443,0,0,0,0,0,0,0,0,0,0,119624.8871796884,120611.74254724947,1577460.4824916737,100906.87733455848,273405.73191309255,553084.5188447597,3228.504285319325,9045.31174089069,602529.8707856144,107317.01792245793,0,0,0,0,0,0,0,0,0,0,120.6883020052584,41.63148665324414,463.6105860113422,29.343027784990916,38.65511035866566,53.57212456639514,15.712837526495253,74.10526315789474,79.89258910743385,112.09678127286027,0,0,0,0,0,0,0,0,0,0,24169.03425813287,6714.251694052954,143933.58988207762,6192.277730060126,10490.297557687483,6649.7252211872,2981.6606764353514,10443.983805668016,19892.382548025063,21222.6,0,0,0,0,0,0,0,0,0,0,12,6,30,2,2,2,2,26,0,0,0,0,0.008005078128337366,0.0030491355777979984,0.030384615384615385,0.016937939110070258,0.0015219780219780218,0.003,0.0031385135135135137,0.0032162290040217644,0.02053846153846154,0.004688444040036397,0.07116279069767444,0.035937500000000004,0.004304395604395605,0.0046,0.004849324324324324,0.004989212207239176,0.02348351648351649,0.004893357597816197,0.08616279069767438,0.05044642857142857,0.004652197802197802,0.0048,0.0062635135135135096,0.0075260770975056615,0.06937142857142882,0.00814799999999999,0.09816279069767438,0.09580357142857145,0.004930439560439559,0.00496,0.009685135135135126,0.009650340136054422,0.45899470899470896,0.375,0.3860281195079086,0.46054376657824936,0.8808139534883721,0.375,0.45932539682539686,0.4860415175375805,2.1815841584158417,2.164214711729622,0.49485061511423556,2.130813953488372,2.1276470588235297,0.475,2.1276470588235297,2.189664310954064,2.34079207920792,2.332107355864811,0.6916334661354575,2.3154069767441863,2.313823529411765,0.4875,2.313823529411765,2.3448321554770315,2.4681584158415846,2.466421471172962,0.9383266932270912,2.4630813953488375,2.4627647058823525,0.4975,2.4627647058823525,2.4689664310954065,395.8319327731122,397.54621848738003,397.3949579831919,392.1848739495806,397.1764705882372,116155194.08403361,28970354.01680672,0,0,18025979.69747899,3533057531.697479,2834982860.3697476,1007332928.5378151,4327414637.714286,4380904818.016807,0,0,0,0,0,15.092436974789916,2.571428571428571,4.773109243697479,0.47058823529411764,16.73949579831933,0,0,0,0,0,62205.8487394958,23698.285714285714,1056897.075630252,36623.05882352941,73142.85714285714,1585.6974789915967,267.1596638655462,2803.63025210084,1727.9159663865548,458.31932773109236,1787.2100840336134,377.44537815126046,1886.5882352941176,2099.9999999999995,561.3613445378151,0,0,0,0,0,0,0,0,0,0,0,0,0,0,0,0,0,0,0,0
1693105991,0.6026637738805526,0.5086613728205271,0.13969732246798602,0.026008478764077112,1.7401896806751929,0.7164567954841512,0.18654541214876988,0.1808863430810973,0.21308744333811183,0.04502780466938339,0,0.1289629231595916,0.1462996635107736,0.6124448799608035,0.20107687839317226,7.871711647481859,3.31892243196654,0.9179704819557633,0.4535797680043699,10.023426742364913,7.825701854103342,0.3206631689401888,0.6527567480655208,1.7843840533106021,0.9513257063736874,0.00008335423759183171,0.28979324234282644,2.499462827345484,2.751344341009308,1.0565343841462054,6.93063339962634,3.1367451323932523,0.9313154831199077,0.3121017451689254,7.743844079004608,6.752062527138512,0.34977264777894346,0.40196965129132783,1.7434427182209173,0.6754170700407498,0,0.1289629231595916,2.1526950488013905,1.445369916707496,0.5585468844254786,50000,100000,50000,50000,50000,50000,10000,50000,50000,20000,50000,0,2027520,0,220594176,0,0,811008,0,0,2973696,0,0,0,0,1486848,1609.5944072801785,0,7.683352735739232,5.149678795287264,264.1607935264944,2041.9018671298304,3.0779993004547044,1.3264998492613806,147.03033590329701,5.943670216358601,0,0,406.9220640792526,3.2337089661930425,8.84738264929958,0,0,0,0,0,0,0,0,0,0,0,0,0,0,0,224342016,71905280,9547776,439984128,111349760,349663232,38031360,8617984,310304768,93900800,4952064,3993600,305532928,14602240,134160384,209510400,66908160,8515584,199372800,103538688,331296768,35143680,7434240,291557376,81911808,4055040,2568192,294666240,13381632,33927168,0,0,0,0,0,0,0,0,0,0,0,0,0,0,0,211021824,71634944,9285632,424857600,107270144,333889536,37888000,8482816,296271872,91492352,4796416,2940928,297062400,14225408,37113856,193990656,69607424,9285632,211562496,107270144,333889536,37076992,8482816,296271872,88518656,4796416,2940928,297062400,14225408,35627008,1073741824,1073741824,314572800,0,1073741824,1073741824,1073741824,314572800,1073741824,0,0,0,1073741824,314572800,2147483648,10.371040212507419,0,5.199953363646963,0,0,13.82962085837485,41336.762087772346,0,21872.07648361898,0,0,46053.57581715409,10.371040212507419,0,5.199953363646963,0,0,13.82962085837485,41336.762087772346,0,21872.07648361898,0,0,46053.57581715409,101.93069889730407,50.789114762616094,478.86848501215235,21.692667239278514,34.397338806709605,39.365475308882566,17.83245783798728,60.508863941745034,58.59401895756352,97.75664472079981,0,0,0,0,0,0,0,0,0,0,119624.8871796884,120611.74254724947,1577460.4824916737,100906.87733455848,334597.4945148276,553084.5188447597,3228.504285319325,9033.938710935805,602529.8707856144,125406.97390880273,0,0,0,0,0,0,0,0,0,0,120.6883020052584,41.63148665324414,463.6105860113422,29.343027784990916,47.703305258687806,53.57212456639514,15.712837526495253,74.03233496597458,79.89258910743385,130.99244086808096,0,0,0,0,0,0,0,0,0,0,24169.03425813287,6714.251694052954,143933.58988207762,6192.277730060126,12718.75221176304,6649.7252211872,2981.6606764353514,10450.739023015905,19892.382548025063,24800,0,0,0,0,0,0,0,0,0,0,40,18,56,6,6,2,6,72,0,0,0,0,0.008005078128337366,0.0030491131416080348,0.030384615384615385,0.016937939110070258,0.0015219780219780218,0.003,0.0031385135135135137,0.0032161595767653504,0.02053846153846154,0.004688403654894462,0.07116279069767444,0.035937500000000004,0.004304395604395605,0.0046,0.004849324324324324,0.00498908723817763,0.02348351648351649,0.004893314969055267,0.08616279069767438,0.05044642857142857,0.004652197802197802,0.0048,0.0062635135135135096,0.007525328174360771,0.06937142857142882,0.008146939423711023,0.09816279069767438,0.09580357142857145,0.004930439560439559,0.00496,0.009685135135135126,0.009650224361301777,0.45899470899470896,0.3756340336134456,0.3860281195079086,0.46054376657824936,0.8808139534883721,0.375,0.45932539682539686,0.486213608070208,2.1815841584158417,2.164396224334664,0.49485061511423556,2.130813953488372,2.1276470588235297,0.475,2.1276470588235297,2.189800048994863,2.34079207920792,2.332198112167332,0.6916334661354575,2.3154069767441863,2.313823529411765,0.4875,2.313823529411765,2.344900024497431,2.4681584158415846,2.466439622433466,0.9383266932270912,2.4630813953488375,2.4627647058823525,0.4975,2.4627647058823525,2.4689800048994863,395.88235294119164,397.61344537814847,397.2993248312028,392.0665602151274,397.22984230634455,116155194.08403361,28970354.01680672,0,0,36101036.503475316,3533159897.277311,2891715145.142857,999201668.150371,4327779762.332969,4543414326.59587,0,0,0,0,0,15.042016806722689,2.571428571428571,4.734516962573977,0.470627783847382,16.846463252494992,0,0,0,0,0,61982.11764705882,23698.285714285714,1048351.6879219805,36626.13665013866,73638.93704034064,1590.4033613445379,266.9243697478991,2804.401100275069,1734.313807883015,460.27364984264295,1791.8319327731092,377.1596638655462,1887.805284654497,2107.4039835280273,563.4561335599724,0,0,0,0,0,0,0,0,0,0,0,0,0,0,0,0,0,0,0,0
1693105992,0.6026637738805526,0.5086613728205271,0.13969732246798602,0.026008478764077112,1.7401896806751929,0.7164567954841512,0.18654541214876988,0.1808863430810973,0.21308744333811183,0.04502780466938339,0,0.1289629231595916,0.1462996635107736,0.6124448799608035,0.20107687839317226,7.871711647481859,3.31892243196654,0.9179704819557633,0.4535797680043699,10.023426742364913,7.825701854103342,0.3206631689401888,0.6527567480655208,1.7843840533106021,0.9513257063736874,0.00008335423759183171,0.28979324234282644,2.499462827345484,2.751344341009308,1.0565343841462054,6.93063339962634,3.1367451323932523,0.9313154831199077,0.3121017451689254,7.743844079004608,6.752062527138512,0.34977264777894346,0.40196965129132783,1.7434427182209173,0.6754170700407498,0,0.1289629231595916,2.1526950488013905,1.445369916707496,0.5585468844254786,50000,100000,50000,50000,50000,50000,10000,50000,50000,20000,50000,0,2027520,0,220594176,0,0,811008,0,0,2973696,0,0,0,0,1486848,1609.5944072801785,0,7.683352735739232,5.149678795287264,264.1607935264944,2041.9018671298304,3.0779993004547044,1.3264998492613806,147.03033590329701,5.943670216358601,0,0,406.9220640792526,3.2337089661930425,8.84738264929958,0,0,0,0,0,0,0,0,0,0,0,0,0,0,0,224342016,71905280,9547776,439984128,111349760,349663232,38031360,8617984,310304768,93900800,4952064,3993600,305532928,14602240,134160384,209510400,66908160,8515584,199372800,103538688,331296768,35143680,7434240,291557376,81911808,4055040,2568192,294666240,13381632,33927168,0,0,0,0,0,0,0,0,0,0,0,0,0,0,0,211021824,71634944,9285632,424857600,107270144,333889536,37888000,8482816,296271872,91492352,4796416,2940928,297062400,14225408,37113856,193990656,69607424,9285632,211562496,107270144,333889536,37076992,8482816,296271872,88518656,4796416,2940928,297062400,14225408,35627008,1073741824,1073741824,314572800,0,1073741824,1073741824,1073741824,314572800,1073741824,0,0,0,1073741824,314572800,2147483648,10.371040212507419,0,5.199953363646963,0,0,13.82962085837485,41336.762087772346,0,21872.07648361898,0,0,46053.57581715409,10.371040212507419,0,5.199953363646963,0,0,13.82962085837485,41336.762087772346,0,21872.07648361898,0,0,46053.57581715409,101.93069889730407,43.091272263329586,478.86848501215235,21.692667239278514,34.397338806709605,39.365475308882566,17.83245783798728,60.508863941745034,58.59401895756352,97.75664472079981,0,0,0,0,0,0,0,0,0,0,119624.8871796884,103583.27003685455,1577460.4824916737,100906.87733455848,334597.4945148276,553084.5188447597,3228.504285319325,9033.938710935805,602529.8707856144,125406.97390880273,0,0,0,0,0,0,0,0,0,0,120.6883020052584,35.23276971732533,463.6105860113422,29.343027784990916,47.703305258687806,53.57212456639514,15.712837526495253,74.03233496597458,79.89258910743385,130.99244086808096,0,0,0,0,0,0,0,0,0,0,24169.03425813287,5672.881898790648,143933.58988207762,6192.277730060126,12718.75221176304,6649.7252211872,2981.6606764353514,10450.739023015905,19892.382548025063,24800,0,0,0,0,0,0,0,0,0,0,22,18,42,6,6,2,6,38,0,0,0,0,0.008074588031222896,0.0030476626947754356,0.030559845559845557,0.016903614457831326,0.0015862068965517245,0.003,0.003144144144144144,0.003214678460435094,0.021130111524163567,0.004685792850595784,0.07157587548638134,0.03669811320754717,0.004317241379310345,0.0046,0.004859459459459459,0.00498642122878317,0.024068773234200733,0.004890559120073327,0.08651750972762642,0.05483333333333332,0.004658620689655173,0.0048,0.006423611111111107,0.007510392609699767,0.07804166666666648,0.00808958333333332,0.09847081712062254,0.09629999999999994,0.004931724137931035,0.00496,0.009729166666666667,0.009649884526558895,0.4588948787061995,0.3739583333333334,0.3859773371104816,0.45956873315363883,0.8725099601593627,0.375,0.45602493074792244,0.49049707602339176,2.181570996978852,2.16355421686747,0.4947592067988669,2.1282868525896417,2.117596566523605,0.475,2.1185897435897436,2.1931095406360424,2.3407854984894256,2.3317771084337346,0.6903225806451606,2.3141434262948204,2.308798283261803,0.4875,2.3092948717948723,2.3465547703180207,2.468157099697885,2.466355421686747,0.938064516129032,2.462828685258964,2.4617596566523607,0.4975,2.4618589743589747,2.4693109540636042,395.8319327731056,397.66386554622255,397.29411764704696,392.08403361344506,397.176470588228,132748881.74789916,28970354.01680672,0,0,36051890.554621845,3603849973.243697,2948443781.378151,901767236.8403361,4327523474.285714,4537255195.966387,0,0,0,0,0,15.07563025210084,2.571428571428571,4.773109243697479,0.48739495798319327,16.80672268907563,0,0,0,0,0,62137.00840336134,23698.285714285714,1056897.075630252,36898.42016806723,73461.24369747899,1578.941176470588,267.109243697479,2804.1008403361343,1723.7983193277312,458.1512605042017,1780.067226890756,377.3781512605042,1888.7563025210084,2095.63025210084,561.3949579831933,0,0,0,0,0,0,0,0,0,0,0,0,0,0,0,0,0,0,0,0
1693105993,0.6026637738805526,0.5086613728205271,0.13969732246798602,0.026008478764077112,1.7401896806751929,0.7164567954841512,0.18654541214876988,0.1808863430810973,0.21308744333811183,0.051086438253525,0,0.1289629231595916,0.1462996635107736,0.6124448799608035,0.20107687839317226,7.871711647481859,3.31892243196654,0.9179704819557633,0.4535797680043699,10.023426742364913,7.825701854103342,0.3206631689401888,0.6527567480655208,1.7843840533106021,0.9459768220829636,0.000051626936565012295,0.28979324234282644,2.499462827345484,2.751344341009308,1.0565343841462054,6.93063339962634,3.1367451323932523,0.9313154831199077,0.3121017451689254,7.743844079004608,6.752062527138512,0.34977264777894346,0.40196965129132783,1.7434427182209173,0.6811525100470001,0,0.1289629231595916,2.1526950488013905,1.445369916707496,0.5585468844254786,50000,100000,50000,50000,50000,50000,10000,50000,50000,20000,50000,0,2027520,0,220594176,0,0,811008,0,0,2973696,0,0,0,0,1486848,1609.5944072801785,0,7.683352735739232,5.149678795287264,264.1607935264944,2041.9018671298304,3.0779993004547044,1.3264998492613806,147.03033590329701,5.619508207887745,0,0,406.9220640792526,3.2337089661930425,8.84738264929958,0,0,0,0,0,0,0,0,0,0,0,0,0,0,0,224342016,71905280,9547776,439984128,111349760,349663232,38031360,8617984,310304768,93900800,4952064,3993600,305532928,14602240,134160384,209510400,66908160,8515584,199372800,103538688,331296768,35143680,7434240,291557376,82046976,4055040,2568192,294666240,13381632,33927168,0,0,0,0,0,0,0,0,0,0,0,0,0,0,0,211021824,71634944,9285632,424857600,107270144,333889536,37888000,8482816,296271872,91672576,4796416,2940928,297062400,14225408,37113856,193990656,69607424,9285632,211562496,107270144,333889536,37076992,8482816,296271872,88698880,4796416,2940928,297062400,14225408,35627008,1073741824,1073741824,314572800,0,1073741824,1073741824,1073741824,314572800,1073741824,0,0,0,1073741824,314572800,2147483648,10.371040212507419,0,5.199953363646963,0,0,13.82962085837485,41336.762087772346,0,21872.07648361898,0,0,46053.57581715409,10.371040212507419,0,5.199953363646963,0,0,13.82962085837485,41336.762087772346,0,21872.07648361898,0,0,46053.57581715409,100.60689791286327,50.67003102942681,478.86848501215235,21.692667239278514,34.397338806709605,39.365475308882566,17.83245783798728,60.508863941745034,58.59401895756352,97.75664472079981,0,0,0,0,0,0,0,0,0,0,119203.58217792469,121801.1729805299,1577460.4824916737,100906.87733455848,334597.4945148276,553084.5188447597,3228.504285319325,9033.938710935805,602529.8707856144,125406.97390880273,0,0,0,0,0,0,0,0,0,0,119.62796664528543,41.429399529443856,463.6105860113422,29.343027784990916,47.703305258687806,53.57212456639514,15.712837526495253,74.03233496597458,79.89258910743385,130.99244086808096,0,0,0,0,0,0,0,0,0,0,23874.20437163862,6670.610700037509,143933.58988207762,6192.277730060126,12718.75221176304,6649.7252211872,2981.6606764353514,10450.739023015905,19892.382548025063,24800,0,0,0,0,0,0,0,0,0,0,28,36,68,2,6,2,2,28,0,0,0,0,0.008074588031222896,0.0030476626947754356,0.030559845559845557,0.016903614457831326,0.001547486033519553,0.003,0.0031381692573402417,0.003214678460435094,0.021130111524163567,0.004685792850595784,0.07157587548638134,0.03669811320754717,0.004309497206703912,0.0046,0.004848704663212435,0.00498642122878317,0.024068773234200733,0.004890559120073327,0.08651750972762642,0.05483333333333332,0.0046547486033519546,0.0048,0.006256944444444441,0.007510392609699767,0.07804166666666648,0.00808958333333332,0.09847081712062254,0.09629999999999994,0.004930949720670391,0.00496,0.009695833333333336,0.009649884526558895,0.4588948787061995,0.3739583333333334,0.3859773371104816,0.45956873315363883,0.8764940239043824,0.375,0.4585579514824798,0.49049707602339176,2.181570996978852,2.16355421686747,0.4947592067988669,2.1282868525896417,2.1246963562753036,0.475,2.1256048387096773,2.1931095406360424,2.3407854984894256,2.3317771084337346,0.6903225806451606,2.3141434262948204,2.312348178137652,0.4875,2.312802419354839,2.3465547703180207,2.468157099697885,2.466355421686747,0.938064516129032,2.462828685258964,2.4624696356275297,0.4975,2.4625604838709676,2.4693109540636042,395.865546218475,397.69747899160564,397.3109243697474,392.2352941176494,397.1596638655696,132748881.74789916,28970354.01680672,0,0,36051890.554621845,3674509208.7394958,2948476274.0168066,849388139.5630251,4327529325.714286,4537211826.554622,0,0,0,0,0,14.991596638655462,2.571428571428571,4.773109243697479,0.48739495798319327,16.823529411764707,0,0,0,0,0,61939.09243697479,23698.285714285714,1056897.075630252,36898.42016806723,73547.29411764705,1586.8403361344538,267.17647058823525,2805.378151260504,1729.2605042016808,459.0756302521008,1787.9831932773109,377.4117647058823,1889.7142857142856,2102.941176470588,562.3193277310925,0,0,0,0,0,0,0,0,0,0,0,0,0,0,0,0,0,0,0,0
1693105994,0.6026637738805526,0.5086613728205271,0.13969732246798602,0.026008478764077112,1.7401896806751929,0.7164567954841512,0.18654541214876988,0.1808863430810973,0.21308744333811183,0.06180342390968466,0,0.1289629231595916,0.1462996635107736,0.6124448799608035,0.20107687839317226,7.871711647481859,3.31892243196654,0.9179704819557633,0.4535797680043699,10.023426742364913,7.825701854103342,0.3206631689401888,0.6527567480655208,1.7843840533106021,0.9609961022640622,0.000051626936565012295,0.28979324234282644,2.499462827345484,2.751344341009308,1.0565343841462054,6.93063339962634,3.1367451323932523,0.9313154831199077,0.3121017451689254,7.743844079004608,6.752062527138512,0.34977264777894346,0.40196965129132783,1.7434427182209173,0.6798376630065307,0,0.1289629231595916,2.1526950488013905,1.445369916707496,0.5585468844254786,50000,100000,50000,50000,50000,50000,10000,50000,50000,20000,50000,0,2027520,0,220594176,0,0,811008,0,0,2973696,0,0,0,0,1486848,1609.5944072801785,0,7.683352735739232,5.149678795287264,264.1607935264944,2041.9018671298304,3.0779993004547044,1.3264998492613806,147.03033590329701,5.438701304052245,0,0,406.9220640792526,3.2337089661930425,8.84738264929958,0,0,0,0,0,0,0,0,0,0,0,0,0,0,0,224342016,71905280,9547776,439984128,111349760,349663232,38031360,8617984,310304768,93900800,4952064,3993600,305532928,14602240,134160384,209510400,66908160,8515584,199372800,103538688,331296768,35143680,7434240,291557376,82046976,4055040,2568192,294666240,13381632,33927168,0,0,0,0,0,0,0,0,0,0,0,0,0,0,0,211021824,71634944,9285632,424857600,107270144,333889536,37888000,8482816,296271872,91672576,4796416,2940928,297062400,14225408,37113856,193990656,69607424,9285632,211562496,107270144,333889536,37076992,8482816,296271872,88698880,4796416,2940928,297062400,14225408,35627008,1073741824,1073741824,314572800,0,1073741824,1073741824,1073741824,314572800,1073741824,0,0,0,1073741824,314572800,2147483648,10.371040212507419,0,5.199953363646963,0,0,13.82962085837485,41336.762087772346,0,21872.07648361898,0,0,46053.57581715409,10.371040212507419,0,5.199953363646963,0,0,13.82962085837485,41336.762087772346,0,21872.07648361898,0,0,46053.57581715409,100.60689791286327,43.03975773178299,488.27127181147694,21.692667239278514,34.22829329565081,39.365475308882566,15.119843793198784,60.508863941745034,58.59401895756352,97.75664472079981,0,0,0,0,0,0,0,0,0,0,119203.58217792469,103459.43884432434,1586455.1358157943,100906.87733455848,334025.3684139694,553084.5188447597,2737.394975117501,9033.938710935805,602529.8707856144,125406.97390880273,0,0,0,0,0,0,0,0,0,0,119.62796664528543,35.190649827803725,473.75427235114233,29.343027784990916,47.260166431150886,53.57212456639514,13.322653058089884,74.03233496597458,79.89258910743385,130.99244086808096,0,0,0,0,0,0,0,0,0,0,23874.20437163862,5666.10011124561,146586.09462133478,6192.277730060126,12547.675122804656,6649.7252211872,2528.1003932049275,10450.739023015905,19892.382548025063,24800,0,0,0,0,0,0,0,0,0,0,34,22,52,4,2,2,2,74,0,0,0,0,0.008074588031222896,0.0030476626947754356,0.030559845559845557,0.016903614457831326,0.001547486033519553,0.003,0.0031381692573402417,0.003214678460435094,0.021130111524163567,0.004685792850595784,0.07157587548638134,0.03669811320754717,0.004309497206703912,0.0046,0.004848704663212435,0.00498642122878317,0.024068773234200733,0.004890559120073327,0.08651750972762642,0.05483333333333332,0.0046547486033519546,0.0048,0.006256944444444441,0.007510392609699767,0.07804166666666648,0.00808958333333332,0.09847081712062254,0.09629999999999994,0.004930949720670391,0.00496,0.009695833333333336,0.009649884526558895,0.4588948787061995,0.3739583333333334,0.3859773371104816,0.45956873315363883,0.8764940239043824,0.375,0.4585579514824798,0.49049707602339176,2.181570996978852,2.16355421686747,0.4947592067988669,2.1282868525896417,2.1246963562753036,0.475,2.1256048387096773,2.1931095406360424,2.3407854984894256,2.3317771084337346,0.6903225806451606,2.3141434262948204,2.312348178137652,0.4875,2.312802419354839,2.3465547703180207,2.468157099697885,2.466355421686747,0.938064516129032,2.462828685258964,2.4624696356275297,0.4975,2.4625604838709676,2.4693109540636042,395.8319327731163,397.6974789915869,397.36134453781034,392.3529411764694,397.21008403361304,132748881.74789916,28970354.01680672,0,0,36051890.554621845,3745181248.537815,2948473107.3613443,903278557.5798318,4327602847.193277,4615376517.378151,0,0,0,0,0,15.042016806722689,2.571428571428571,4.773109243697479,0.48739495798319327,16.89075630252101,0,0,0,0,0,62102.58823529411,23698.285714285714,1056897.075630252,36898.42016806723,73728,1593.5126050420167,267.6470588235294,2803.81512605042,1737.7815126050418,460.26890756302515,1794.487394957983,377.8823529411764,1888.5714285714284,2111.4957983193276,563.5126050420167,0,0,0,0,0,0,0,0,0,0,0,0,0,0,0,0,0,0,0,0
1693105995,0.6026637738805526,0.5086613728205271,0.13969732246798602,0.026008478764077112,1.7401896806751929,0.7164567954841512,0.18654541214876988,0.1808863430810973,0.19580419580419597,0.06180342390968466,0,0.11358758731864589,0.13825760848901691,0.6124448799608035,0.22349222566329288,7.871711647481859,3.31892243196654,0.9179704819557633,0.4535797680043699,10.023426742364913,7.825701854103342,0.3206631689401888,0.6527567480655208,1.5127646405594342,0.9609961022640622,0.000051626936565012295,0.25524324676042454,2.319518258645412,2.751344341009308,1.0101932696912619,6.93063339962634,3.1367451323932523,0.9313154831199077,0.3121017451689254,7.743844079004608,6.752062527138512,0.34977264777894346,0.40196965129132783,1.4825174825174858,0.6798376630065307,0,0.11358758731864589,1.9528887199073717,1.445369916707496,0.44698445132658576,50000,100000,50000,50000,50000,50000,10000,50000,50000,20000,50000,0,2027520,0,220594176,0,0,811008,0,0,2973696,0,0,0,0,1486848,1609.5944072801785,0,7.683352735739232,5.149678795287264,264.1607935264944,2041.9018671298304,3.0779993004547044,1.3264998492613806,35.07692307692308,5.438701304052245,0,0,366.1407116810397,3.2337089661930425,10.536062066983813,0,0,0,0,0,0,0,0,0,0,0,0,0,0,0,224342016,71905280,9547776,439984128,111349760,349663232,38031360,8617984,310304768,93900800,4952064,3993600,305532928,14602240,134160384,209510400,66908160,8515584,199372800,103538688,331296768,35143680,7434240,291557376,82046976,4055040,2568192,294531072,13381632,33927168,0,0,0,0,0,0,0,0,0,0,0,0,0,0,0,211021824,71634944,9285632,424857600,107270144,333889536,37888000,8482816,296271872,91672576,4796416,2940928,296759296,14225408,37113856,193990656,69607424,9285632,211562496,107270144,333889536,37076992,8482816,296271872,88698880,4796416,2940928,296759296,14225408,35627008,1073741824,1073741824,314572800,0,1073741824,1073741824,1073741824,314572800,1073741824,0,0,0,1073741824,314572800,2147483648,10.371040212507419,0,5.199953363646963,0,0,13.824590530315126,41336.762087772346,0,21872.07648361898,0,0,47994.380766897615,10.371040212507419,0,5.199953363646963,0,0,13.824590530315126,41336.762087772346,0,21872.07648361898,0,0,47994.380766897615,100.60689791286327,51.471060920993416,488.27127181147694,17.61717523600628,34.22829329565081,39.365475308882566,13.891465397259616,60.508863941745034,58.59401895756352,97.75664472079981,0,0,0,0,0,0,0,0,0,0,119203.58217792469,122507.63923114834,1586455.1358157943,82329.09272520052,334025.3684139694,553084.5188447597,2538.4793877330644,9033.938710935805,602529.8707856144,125406.97390880273,0,0,0,0,0,0,0,0,0,0,119.62796664528543,42.14969893072192,473.75427235114233,23.79910570285788,47.260166431150886,53.57212456639514,12.404156468216831,74.03233496597458,79.89258910743385,130.99244086808096,0,0,0,0,0,0,0,0,0,0,23874.20437163862,6809.737073306619,146586.09462133478,5001.181747682945,12547.675122804656,6649.7252211872,2345.6051658147962,10450.739023015905,19892.382548025063,24800,0,0,0,0,0,0,0,0,0,0,18,16,36,8,8,2,6,64,0,0,0,0,0.008074588031222896,0.0030476626947754356,0.030559845559845557,0.016903614457831326,0.001547486033519553,0.003,0.0031381692573402417,0.0032150383141762453,0.021130111524163567,0.004685792850595784,0.07157587548638134,0.03669811320754717,0.004309497206703912,0.0046,0.004848704663212435,0.0049870689655172416,0.024068773234200733,0.004890559120073327,0.08651750972762642,0.05483333333333332,0.0046547486033519546,0.0048,0.006256944444444441,0.00750287356321839,0.07804166666666648,0.00808958333333332,0.09847081712062254,0.09629999999999994,0.004930949720670391,0.00496,0.009695833333333336,0.009629310344827589,0.4588948787061995,0.3739583333333334,0.3859773371104816,0.45956873315363883,0.8764940239043824,0.375,0.4585579514824798,0.4898574561403509,2.181570996978852,2.16355421686747,0.4947592067988669,2.1282868525896417,2.1246963562753036,0.475,2.1256048387096773,2.192622950819672,2.3407854984894256,2.3317771084337346,0.6903225806451606,2.3141434262948204,2.312348178137652,0.4875,2.312802419354839,2.346311475409836,2.468157099697885,2.466355421686747,0.938064516129032,2.462828685258964,2.4624696356275297,0.4975,2.4625604838709676,2.469262295081968,395.86554621847995,397.57983193275777,397.26050420168593,392.5378151260425,397.27731092436125,132748881.74789916,28970354.01680672,0,12898613.781512605,36051890.554621845,3815816940.638655,2891778340.5714283,850846590.9243697,4419748046.5210085,4615347466.756302,0,0,0,0,0,14.873949579831931,2.571428571428571,4.773109243697479,0.48739495798319327,16.857142857142858,0,0,0,0,0,61637.91596638655,23698.285714285714,1056897.075630252,36898.42016806723,73590.3193277311,1580.0672268907563,263.74789915966386,2804.235294117647,1728.2352941176468,458.40336134453776,1781.0420168067226,374.3193277310924,1888.218487394958,2100.9915966386557,561.6134453781513,0,0,0,0,0,0,0,0,0,0,0,0,0,0,0,0,0,0,0,0
1693105996,0.6026637738805526,0.4256181597081475,0.13969732246798602,0.026008478764077112,1.7401896806751929,0.7164567954841512,0.18654541214876988,0.1808863430810973,0.19580419580419597,0.06180342390968466,0,0.10191278389289984,0.13825760848901691,0.6124448799608035,0.22349222566329288,7.871711647481859,3.5138391690312125,0.9179704819557633,0.4535797680043699,10.023426742364913,7.825701854103342,0.3206631689401888,0.6527567480655208,1.5127646405594342,0.9609961022640622,0.000051626936565012295,0.24704529150813387,2.319518258645412,2.751344341009308,1.0101932696912619,6.93063339962634,3.2833400891771385,0.9313154831199077,0.3121017451689254,7.743844079004608,6.752062527138512,0.34977264777894346,0.40196965129132783,1.4825174825174858,0.6798376630065307,0,0.10191278389289984,1.9528887199073717,1.445369916707496,0.44698445132658576,50000,100000,50000,50000,50000,50000,10000,50000,50000,20000,50000,0,2027520,0,220594176,0,0,811008,0,0,2973696,0,0,0,0,1486848,1609.5944072801785,0,7.683352735739232,5.149678795287264,264.1607935264944,2041.9018671298304,3.0779993004547044,1.3264998492613806,35.07692307692308,5.438701304052245,0,0,366.1407116810397,3.2337089661930425,10.536062066983813,0,0,0,0,0,0,0,0,0,0,0,0,0,0,0,224342016,72003584,9547776,439984128,111349760,349663232,38031360,8617984,310304768,93900800,4952064,3993600,305532928,14602240,134160384,209510400,66908160,8515584,199372800,103538688,331296768,35143680,7434240,291557376,82046976,4055040,2568192,294531072,13381632,33927168,0,0,0,0,0,0,0,0,0,0,0,0,0,0,0,211021824,71761920,9285632,424857600,107270144,333889536,37888000,8482816,296271872,91672576,4796416,2940928,296759296,14225408,37113856,193990656,69734400,9285632,211562496,107270144,333889536,37076992,8482816,296271872,88698880,4796416,2940928,296759296,14225408,35627008,1073741824,1073741824,314572800,0,1073741824,1073741824,1073741824,314572800,1073741824,0,0,0,1073741824,314572800,2147483648,10.518848804215647,0,5.199953363646963,0,0,13.824590530315126,40750.38508309688,0,21872.07648361898,0,0,47994.380766897615,10.518848804215647,0,5.199953363646963,0,0,13.824590530315126,40750.38508309688,0,21872.07648361898,0,0,47994.380766897615,100.60689791286327,51.471060920993416,488.27127181147694,17.38951191583769,34.22829329565081,39.365475308882566,13.611307981186858,60.508863941745034,58.59401895756352,97.75664472079981,0,0,0,0,0,0,0,0,0,0,119203.58217792469,122507.63923114834,1586455.1358157943,81838.15820391709,334025.3684139694,553084.5188447597,2487.2843693758546,9033.938710935805,602529.8707856144,125406.97390880273,0,0,0,0,0,0,0,0,0,0,119.62796664528543,42.14969893072192,473.75427235114233,23.42260788663852,47.260166431150886,53.57212456639514,12.153994492837088,74.03233496597458,79.89258910743385,130.99244086808096,0,0,0,0,0,0,0,0,0,0,23874.20437163862,6809.737073306619,146586.09462133478,4837.636032586656,12547.675122804656,6649.7252211872,2298.2999562066566,10450.739023015905,19892.382548025063,24800,0,0,0,0,0,0,0,0,0,0,32,18,48,2,2,2,2,28,0,0,0,0,0.008074588031222896,0.0030476626947754356,0.030559845559845557,0.016903614457831326,0.001547486033519553,0.003,0.0031381692573402417,0.0032150383141762453,0.021130111524163567,0.004685792850595784,0.07157587548638134,0.03669811320754717,0.004309497206703912,0.0046,0.004848704663212435,0.0049870689655172416,0.024068773234200733,0.004890559120073327,0.08651750972762642,0.05483333333333332,0.0046547486033519546,0.0048,0.006256944444444441,0.00750287356321839,0.07804166666666648,0.00808958333333332,0.09847081712062254,0.09629999999999994,0.004930949720670391,0.00496,0.009695833333333336,0.009629310344827589,0.4588948787061995,0.3739583333333334,0.3859773371104816,0.45956873315363883,0.8764940239043824,0.375,0.4585579514824798,0.4898574561403509,2.181570996978852,2.16355421686747,0.4947592067988669,2.1282868525896417,2.1246963562753036,0.475,2.1256048387096773,2.192622950819672,2.3407854984894256,2.3317771084337346,0.6903225806451606,2.3141434262948204,2.312348178137652,0.4875,2.312802419354839,2.346311475409836,2.468157099697885,2.466355421686747,0.938064516129032,2.462828685258964,2.4624696356275297,0.4975,2.4625604838709676,2.469262295081968,395.89915966386985,397.5462184873954,397.2268907562821,392.52100840335,397.2100840336015,132748881.74789916,28970354.01680672,0,12898613.781512605,36051890.554621845,3815812259.495798,2891762163.092437,904716288,4511787713.613445,4615338586.352941,0,0,0,0,0,14.773109243697478,2.6218487394957983,4.773109243697479,0.48739495798319327,16.386554621848738,0,0,0,0,0,59521.0756302521,23904.806722689074,1056897.075630252,36898.42016806723,71309.98319327731,1573.4621848739496,267.1428571428571,2805.5966386554624,1713.8991596638655,455.44537815126046,1774.5210084033613,377.4621848739496,1889.09243697479,2085.781512605042,558.7058823529412,0,0,0,0,0,0,0,0,0,0,0,0,0,0,0,0,0,0,0,0
1693105997,0.5000785073623637,0.4256181597081475,0.13969732246798602,0.026008478764077112,1.7401896806751929,0.7164567954841512,0.18654541214876988,0.1808863430810973,0.19580419580419597,0.06180342390968466,0,0.09994016385897075,0.07040435568280445,0.6124448799608035,0.2683012403772729,7.726111904466055,3.5138391690312125,0.9179704819557633,0.4535797680043699,10.023426742364913,7.825701854103342,0.3206631689401888,0.6527567480655208,1.5127646405594342,0.9609961022640622,0.000051626936565012295,0.24226349208413886,1.7892033629813846,2.751344341009308,1.0003934224918996,6.816859652992198,3.2833400891771385,0.9313154831199077,0.3121017451689254,7.743844079004608,6.752062527138512,0.34977264777894346,0.40196965129132783,1.4825174825174858,0.6798376630065307,0,0.09994016385897075,1.478491469338909,1.445369916707496,0.5778795946587416,50000,100000,50000,50000,50000,50000,10000,50000,50000,20000,50000,0,2027520,0,220594176,0,0,811008,0,0,2973696,0,0,0,0,1622016,1822.2334409855694,0,7.683352735739232,5.149678795287264,264.1607935264944,2041.9018671298304,3.0779993004547044,1.3264998492613806,35.07692307692308,5.438701304052245,0,0,167.28074910234446,3.2337089661930425,10.897158070707698,0,0,0,0,0,0,0,0,0,0,0,0,0,0,0,224342016,72003584,9547776,439984128,111349760,349663232,38031360,8617984,310304768,93900800,4952064,3993600,305532928,14602240,134160384,209510400,66908160,8515584,199372800,103538688,331296768,35143680,7434240,291557376,82046976,4055040,2568192,294531072,13381632,33927168,0,0,0,0,0,0,0,0,0,0,0,0,0,0,0,211021824,71761920,9285632,424857600,107270144,333889536,37888000,8482816,296271872,91672576,4796416,2940928,296759296,14225408,37343232,193990656,69734400,9285632,211562496,107270144,333889536,37076992,8482816,296271872,88698880,4796416,2940928,296759296,14225408,35721216,1073741824,1073741824,314572800,0,1073741824,1073741824,1073741824,314572800,1073741824,0,0,0,1073741824,314572800,2147483648,10.518848804215647,0,5.199953363646963,0,0,13.704001816193015,40750.38508309688,0,21872.07648361898,0,0,45141.97263327349,10.518848804215647,0,5.199953363646963,0,0,13.704001816193015,40750.38508309688,0,21872.07648361898,0,0,45141.97263327349,100.60689791286327,51.471060920993416,488.27127181147694,17.74018822013884,34.22829329565081,34.20768668541833,13.331150565114102,60.508863941745034,58.59401895756352,97.75664472079981,0,0,0,0,0,0,0,0,0,0,119203.58217792469,122507.63923114834,1586455.1358157943,83488.50371152302,334025.3684139694,484165.99107723223,2436.089351018645,9033.938710935805,602529.8707856144,125406.97390880273,0,0,0,0,0,0,0,0,0,0,119.62796664528543,42.14969893072192,473.75427235114233,23.894947398554358,47.260166431150886,46.133517180540196,11.903832517457346,74.03233496597458,79.89258910743385,130.99244086808096,0,0,0,0,0,0,0,0,0,0,23874.20437163862,6809.737073306619,146586.09462133478,4935.1916358532735,12547.675122804656,5687.637089432866,2250.994746598517,10450.739023015905,19892.382548025063,24800,0,0,0,0,0,0,0,0,0,0,24,14,42,8,6,2,6,64,0,0,0,0,0.00804701230228471,0.0030423183072677096,0.030237814465408804,0.016796875,0.0015639534883720933,0.003,0.0031374321880650994,0.0032147327876745307,0.021104007633587784,0.004676172953081876,0.07128230616302186,0.035265957446808466,0.0043127906976744195,0.0046,0.004847377938517179,0.004986519017814155,0.024082538167938927,0.004880404783808647,0.08643638170974152,0.05524999999999982,0.00465639534883721,0.0048,0.0062426470588235255,0.007488479262672812,0.07832291666666644,0.007704545454545455,0.09855964214711731,0.09638333333333327,0.004931279069767441,0.00496,0.00971911764705882,0.009608294930875576,0.460258152173913,0.375,0.386018915060671,0.45901084010840104,0.873991935483871,0.375,0.45635474860335196,0.4920605612998522,2.1821283095723016,2.1636363636363636,0.4948340471092077,2.1268145161290324,2.119527896995708,0.475,2.119527896995708,2.194284448382809,2.3410641547861504,2.331818181818182,0.6913967611336028,2.313407258064516,2.3097639484978543,0.4875,2.309763948497854,2.3471422241914044,2.46821283095723,2.4663636363636363,0.9382793522267209,2.462681451612903,2.4619527896995708,0.4975,2.4619527896995708,2.469428444838281,395.89915966387025,397.56302521007785,397.19327731093466,392.43697478989844,397.24369747898993,132748881.74789916,28970354.01680672,0,12898613.781512605,36051890.554621845,3956990365.0420165,2891756587.02521,852276473.5462184,4511844851.092437,4615319035.697479,0,0,0,0,0,14.907563025210083,2.3193277310924367,4.773109243697479,0.31932773109243695,16.521008403361343,0,0,0,0,0,59891.09243697479,21297.47899159664,1056897.075630252,35788.36974789916,71834.89075630251,1577.0756302521008,266.77310924369743,2805.0084033613443,1722.3361344537814,456.4201680672269,1778.235294117647,377.1596638655462,1888.8067226890757,2094.7394957983197,559.6806722689075,0,0,0,0,0,0,0,0,0,0,0,0,0,0,0,0,0,0,0,0
1693105998,0.5678039351473606,0.4256181597081475,0.13969732246798602,0.026008478764077112,1.7401896806751929,0.7979784545817254,0.18471314049281462,0.1808863430810973,0.19580419580419597,0.06180342390968466,0,0.0979675438250417,0.07040435568280445,0.6124448799608035,0.2683012403772729,8.943212511319963,3.5138391690312125,0.9179704819557633,0.4535797680043699,10.023426742364913,8.753760443543014,0.314420039528612,0.6527567480655208,1.5127646405594342,0.9609961022640622,0.000051626936565012295,0.23748169266014393,1.7892033629813846,2.751344341009308,1.0003934224918996,8.047152322260866,3.2833400891771385,0.9313154831199077,0.3121017451689254,7.743844079004608,7.481048011703684,0.35095496693634776,0.40196965129132783,1.4825174825174858,0.6798376630065307,0,0.0979675438250417,1.478491469338909,1.445369916707496,0.5778795946587416,50000,100000,50000,50000,50000,50000,10000,50000,50000,20000,50000,0,2027520,0,220594176,0,0,811008,0,0,2973696,0,0,0,0,1622016,2379.020170483282,0,7.683352735739232,5.149678795287264,264.1607935264944,2369.9960101077268,3.6573201817577305,1.3264998492613806,35.07692307692308,5.438701304052245,0,0,167.28074910234446,3.2337089661930425,10.897158070707698,0,0,0,0,0,0,0,0,0,0,0,0,0,0,0,224342016,72003584,9547776,439984128,111349760,349663232,38166528,8617984,310304768,93900800,4952064,3993600,305532928,14602240,134160384,204509184,66908160,8515584,199372800,103538688,331296768,35278848,7434240,291557376,82046976,4055040,2568192,294531072,13381632,33927168,0,0,0,0,0,0,0,0,0,0,0,0,0,0,0,206069760,71761920,9285632,424857600,107270144,333889536,37994496,8482816,296271872,91672576,4796416,2940928,296759296,14225408,37343232,187416576,69734400,9285632,211562496,107270144,333889536,37183488,8482816,296271872,88698880,4796416,2940928,296759296,14225408,35721216,1073741824,1073741824,314572800,0,1073741824,1073741824,1073741824,314572800,1073741824,0,0,0,1073741824,314572800,2147483648,10.518848804215647,0,4.765599024714619,0,0,13.704001816193015,40750.38508309688,0,19727.954486682185,0,0,45141.97263327349,10.518848804215647,0,4.765599024714619,0,0,13.704001816193015,40750.38508309688,0,19727.954486682185,0,0,45141.97263327349,100.60689791286327,51.471060920993416,488.27127181147694,18.090864524439993,34.22829329565081,39.36052624484404,16.17569422447471,60.508863941745034,58.59401895756352,97.75664472079981,0,0,0,0,0,0,0,0,0,0,119203.58217792469,122507.63923114834,1586455.1358157943,85138.84921912897,334025.3684139694,557097.8351710564,2970.351599619892,9033.938710935805,602529.8707856144,125406.97390880273,0,0,0,0,0,0,0,0,0,0,119.62796664528543,42.14969893072192,473.75427235114233,24.367286910470195,47.260166431150886,53.08279190143692,14.465209587160807,74.03233496597458,79.89258910743385,130.99244086808096,0,0,0,0,0,0,0,0,0,0,23874.20437163862,6809.737073306619,146586.09462133478,5032.747239119891,12547.675122804656,6544.388429083654,2735.9729701193114,10450.739023015905,19892.382548025063,24800,0,0,0,0,0,0,0,0,0,0,30,24,60,14,14,2,14,96,0,0,0,0,0.00804701230228471,0.0030423183072677096,0.030237814465408804,0.016796875,0.0015197740112994351,0.003,0.003131487889273356,0.0032147327876745307,0.021104007633587784,0.004676172953081876,0.07128230616302186,0.035265957446808466,0.0043039548022598875,0.0046,0.004836678200692042,0.004986519017814155,0.024082538167938927,0.004880404783808647,0.08643638170974152,0.05524999999999982,0.004651977401129944,0.0048,0.006058823529411761,0.007488479262672812,0.07832291666666644,0.007704545454545455,0.09855964214711731,0.09638333333333327,0.004930395480225989,0.00496,0.009682352941176468,0.009608294930875576,0.460258152173913,0.375,0.386018915060671,0.45901084010840104,0.8790322580645161,0.375,0.45923913043478265,0.4920605612998522,2.1821283095723016,2.1636363636363636,0.4948340471092077,2.1268145161290324,2.1274193548387097,0.475,2.1274193548387097,2.194284448382809,2.3410641547861504,2.331818181818182,0.6913967611336028,2.313407258064516,2.313709677419355,0.4875,2.313709677419355,2.3471422241914044,2.46821283095723,2.4663636363636363,0.9382793522267209,2.462681451612903,2.462741935483871,0.4975,2.462741935483871,2.469428444838281,395.9327731092503,397.512605042002,397.1260504201729,392.4201680672118,397.1428571428544,132748881.74789916,28970354.01680672,0,12898613.781512605,36051890.554621845,4027568713.142857,2891742405.915966,852288314.0840336,4419836644.033613,4615281173.512605,0,0,0,0,0,15.747899159663865,2.3193277310924367,4.773109243697479,0.31932773109243695,16.554621848739494,0,0,0,0,0,65527.39495798319,21297.47899159664,1056897.075630252,35788.36974789916,72024.20168067227,1580.1680672268908,266.7394957983193,2807.27731092437,1725.0084033613446,457.3781512605042,1781.2941176470586,377.1428571428571,1889.798319327731,2097.563025210084,560.672268907563,0,0,0,0,0,0,0,0,0,0,0,0,0,0,0,0,0,0,0,0
1693105999,0.5790864892063567,0.4256181597081475,0.11834769111369808,0.026008478764077112,1.7401896806751929,0.7979784545817254,0.18471314049281462,0.14938751120406316,0.19580419580419597,0.06180342390968466,0,0.09599492379111263,0.07040435568280445,0.6124448799608035,0.2683012403772729,9.1209187094883,3.5138391690312125,0.7776790931328682,0.4535797680043699,10.023426742364913,8.753760443543014,0.314420039528612,0.6535932835374961,1.5127646405594342,0.9609961022640622,0.000051626936565012295,0.23269989323614895,1.7892033629813846,2.751344341009308,1.0003934224918996,8.207053347028019,3.2833400891771385,0.7889846074246547,0.3121017451689254,7.743844079004608,7.481048011703684,0.35095496693634776,0.3585300268897524,1.4825174825174858,0.6798376630065307,0,0.09599492379111263,1.478491469338909,1.445369916707496,0.5778795946587416,50000,100000,50000,50000,50000,50000,10000,50000,50000,20000,50000,0,2027520,0,220594176,0,0,811008,0,0,2973696,0,0,0,0,1622016,2426.2925157761233,0,6.509123011253395,5.149678795287264,264.1607935264944,2369.9960101077268,3.6573201817577305,1.971915147893636,35.07692307692308,5.438701304052245,0,0,167.28074910234446,3.2337089661930425,10.897158070707698,0,0,0,0,0,0,0,0,0,0,0,0,0,0,0,224342016,72003584,9547776,439984128,111349760,349663232,38166528,8617984,310304768,93900800,4952064,3993600,305532928,14602240,134160384,204509184,66908160,8515584,199372800,103538688,331296768,35278848,7434240,291557376,82046976,4055040,2568192,294531072,13381632,33927168,0,0,0,0,0,0,0,0,0,0,0,0,0,0,0,206069760,71761920,9285632,424857600,107270144,333889536,37994496,8482816,296271872,91672576,4796416,2940928,296759296,14225408,37343232,187416576,69734400,9285632,211562496,107270144,333889536,37183488,8482816,296271872,88698880,4796416,2940928,296759296,14225408,35721216,1073741824,1073741824,314572800,0,1073741824,1073741824,1073741824,314572800,1073741824,0,0,0,1073741824,314572800,2147483648,10.518848804215647,0,4.765599024714619,0,0,13.704001816193015,40750.38508309688,0,19727.954486682185,0,0,45141.97263327349,10.518848804215647,0,4.765599024714619,0,0,13.704001816193015,40750.38508309688,0,19727.954486682185,0,0,45141.97263327349,86.20781511269003,51.471060920993416,396.4690576899425,21.040578258069132,34.22829329565081,39.36052624484404,16.17569422447471,60.508863941745034,58.59401895756352,94.47855071372075,0,0,0,0,0,0,0,0,0,0,102142.90059977084,122507.63923114834,1273266.630096355,99020.7304563563,334025.36841396947,557097.8351710564,2970.351599619892,9033.938710935805,602529.8707856144,124003.78516816691,0,0,0,0,0,0,0,0,0,0,102.50654621908632,42.14969893072192,385.0990517502573,28.34037071495026,47.26016643115089,53.08279190143692,14.465209587160807,74.03233496597458,79.89258910743385,126.83138111558885,0,0,0,0,0,0,0,0,0,0,20457.27518818221,6809.737073306619,118723.57633147945,5853.336195997042,12547.675122804658,6544.388429083654,2735.9729701193114,10450.739023015905,19892.382548025063,24025.25328612858,0,0,0,0,0,0,0,0,0,0,30,14,38,12,8,2,12,122,0,0,0,0,0.00804701230228471,0.0030423183072677096,0.030237814465408804,0.016796875,0.0015197740112994351,0.003,0.003131487889273356,0.0032147327876745307,0.021104007633587784,0.004676172953081876,0.07128230616302186,0.035265957446808466,0.0043039548022598875,0.0046,0.004836678200692042,0.004986519017814155,0.024082538167938927,0.004880404783808647,0.08643638170974152,0.05524999999999982,0.004651977401129944,0.0048,0.006058823529411761,0.007488479262672812,0.07832291666666644,0.007704545454545455,0.09855964214711731,0.09638333333333327,0.004930395480225989,0.00496,0.009682352941176468,0.009608294930875576,0.460258152173913,0.375,0.386018915060671,0.45901084010840104,0.8790322580645161,0.375,0.45923913043478265,0.4920605612998522,2.1821283095723016,2.1636363636363636,0.4948340471092077,2.1268145161290324,2.1274193548387097,0.475,2.1274193548387097,2.194284448382809,2.3410641547861504,2.331818181818182,0.6913967611336028,2.313407258064516,2.313709677419355,0.4875,2.313709677419355,2.3471422241914044,2.46821283095723,2.4663636363636363,0.9382793522267209,2.462681451612903,2.462741935483871,0.4975,2.462741935483871,2.469428444838281,395.8151260504142,397.3781512604936,397.0252100840283,392.4873949579972,397.159663865556,132748881.74789916,28970354.01680672,0,12898613.781512605,36051890.554621845,4027566097.210084,2891743645.0420165,853781874.0168067,4511956303.596639,4693491298.957983,0,0,0,0,0,15.76470588235294,1.3109243697478992,4.773109243697479,0.38655462184873945,16.436974789915965,0,0,0,0,0,65596.23529411765,16513.0756302521,1056897.075630252,36080.94117647059,71611.15966386555,1584.3865546218487,265.6974789915966,2803.714285714286,1725.831932773109,457.4621848739496,1785.5462184873948,375.9663865546218,1886.638655462185,2098.9915966386557,560.8067226890756,0,0,0,0,0,0,0,0,0,0,0,0,0,0,0,0,0,0,0,0
1693106000,0.6769532435397652,0.4256181597081475,0.11524591678795013,0.026008478764077112,1.7401896806751929,0.7979784545817254,0.18471314049281462,0.14938751120406316,0.20499784752260117,0.06180342390968466,0,0.13677217663149668,0.07040435568280445,0.5275532146551255,0.2683012403772729,10.662371890100138,3.5138391690312125,0.760090487894403,0.4535797680043699,10.023426742364913,8.753760443543014,0.314420039528612,0.6535932835374961,1.5441160164818157,0.9609961022640622,0.000051626936565012295,0.2950877784290737,1.7892033629813846,2.3699774448527404,1.0003934224918996,9.594061486029085,3.2833400891771385,0.8643443759096272,0.3121017451689254,7.743844079004608,7.481048011703684,0.35095496693634776,0.3585300268897524,1.4349849326581983,0.6798376630065307,0,0.13677217663149668,1.478491469338909,1.2450255865860957,0.5778795946587416,50000,100000,50000,50000,50000,50000,10000,50000,50000,20000,50000,0,2027520,0,220594176,0,0,811008,0,0,2973696,0,0,0,0,1622016,2836.3407175704383,0,9.50778813500589,5.149678795287264,264.1607935264944,2369.9960101077268,3.6573201817577305,1.971915147893636,87.94407658719584,5.438701304052245,0,0,167.28074910234446,2.7854809733790624,10.897158070707698,0,0,0,0,0,0,0,0,0,0,0,0,0,0,0,224342016,72003584,9547776,439984128,111349760,349663232,38166528,8617984,310304768,93900800,4952064,3993600,305532928,14602240,134160384,204509184,66908160,8515584,199372800,103538688,331296768,35278848,7434240,291827712,82046976,4055040,2568192,294531072,13381632,33927168,0,0,0,0,0,0,0,0,0,0,0,0,0,0,0,206069760,71761920,9285632,424857600,107270144,333889536,37994496,8482816,296194048,91672576,4796416,2940928,296759296,14225408,37343232,187416576,69734400,9285632,211562496,107270144,333889536,37183488,8482816,296194048,88698880,4796416,2940928,296759296,14225408,35721216,1073741824,1073741824,314572800,0,1073741824,1073741824,1073741824,314572800,1073741824,0,0,0,1073741824,314572800,2147483648,10.518848804215647,0,4.765599024714619,0,0,13.704001816193015,40750.38508309688,0,19727.954486682185,0,0,45141.97263327349,10.518848804215647,0,4.765599024714619,0,0,13.704001816193015,40750.38508309688,0,19727.954486682185,0,0,45141.97263327349,103.19092359510724,51.471060920993416,404.6595235952495,21.040578258069132,34.22829329565081,39.36052624484404,16.17569422447471,60.508863941745034,48.097570206705534,94.47855071372075,0,0,0,0,0,0,0,0,0,0,119964.91756780712,122507.63923114834,1299570.4404944037,99020.7304563563,334025.36841396947,557097.8351710564,2970.351599619892,9033.938710935805,506625.8510008733,124003.78516816691,0,0,0,0,0,0,0,0,0,0,122.44282928558765,42.14969893072192,393.0546301046045,28.34037071495026,47.26016643115089,53.08279190143692,14.465209587160807,74.03233496597458,65.19320574557986,126.83138111558885,0,0,0,0,0,0,0,0,0,0,24553.678425811024,6809.737073306619,121176.23029081959,5853.336195997042,12547.675122804658,6544.388429083654,2735.9729701193114,10450.739023015905,15756.649104367803,24025.25328612858,0,0,0,0,0,0,0,0,0,0,34,16,52,18,6,2,20,110,0,0,0,0,0.00804701230228471,0.0030423183072677096,0.030237814465408804,0.016796875,0.0015197740112994351,0.003,0.003131487889273356,0.0032165697674418603,0.021104007633587784,0.004676172953081876,0.07128230616302186,0.035265957446808466,0.0043039548022598875,0.0046,0.004836678200692042,0.004989825581395349,0.024082538167938927,0.004880404783808647,0.08643638170974152,0.05524999999999982,0.004651977401129944,0.0048,0.006058823529411761,0.007502866972477064,0.07832291666666644,0.007704545454545455,0.09855964214711731,0.09638333333333327,0.004930395480225989,0.00496,0.009682352941176468,0.009601490825688078,0.460258152173913,0.375,0.386018915060671,0.45901084010840104,0.8790322580645161,0.375,0.45923913043478265,0.4897525849335303,2.1821283095723016,2.1636363636363636,0.4948340471092077,2.1268145161290324,2.1274193548387097,0.475,2.1274193548387097,2.192540322580645,2.3410641547861504,2.331818181818182,0.6913967611336028,2.313407258064516,2.313709677419355,0.4875,2.313709677419355,2.346270161290322,2.46821283095723,2.4663636363636363,0.9382793522267209,2.462681451612903,2.462741935483871,0.4975,2.462741935483871,2.4692540322580645,395.94957983194206,397.49579831930635,397.10924369748125,392.55462184873704,397.1596638655496,132748881.74789916,28970354.01680672,0,12898613.781512605,36051890.554621845,4098206883.495798,2948433179.9663863,853779877.6470588,4512009792.537815,4693464864.268908,0,0,0,0,0,15.798319327731091,1.3109243697478992,4.773109243697479,0.38655462184873945,16.554621848739494,0,0,0,0,0,65690.89075630251,16513.0756302521,1056897.075630252,36080.94117647059,71963.96638655462,1582.7899159663864,266.3361344537815,2800.4033613445376,1728.5714285714287,458.75630252100837,1783.5126050420165,376.7899159663865,1883.4957983193278,2100.6050420168067,562.016806722689,0,0,0,0,0,0,0,0,0,0,0,0,0,0,0,0,0,0,0,0
1693106001,0.6769532435397652,0.4256181597081475,0.1505085037304608,0.026008478764077112,1.7401896806751929,0.8333155274459941,0.18471314049281462,0.14938751120406316,0.20499784752260117,0.06180342390968466,0,0.13677217663149668,0.07040435568280445,0.545544136280445,0.2683012403772729,10.662371890100138,3.5138391690312125,0.9301533832161519,0.4535797680043699,10.023426742364913,8.55074408666482,0.314420039528612,0.6535932835374961,1.5441160164818157,0.9609961022640622,0.000051626936565012295,0.2950877784290737,1.7892033629813846,2.692345679642404,1.0003934224918996,9.594061486029085,3.2833400891771385,1.032058311294588,0.3121017451689254,7.743844079004608,7.286169098950869,0.35095496693634776,0.3585300268897524,1.4349849326581983,0.6798376630065307,0,0.13677217663149668,1.478491469338909,1.425454033506969,0.5778795946587416,50000,100000,50000,50000,50000,50000,10000,50000,50000,20000,50000,0,2027520,0,220594176,0,0,811008,0,0,2973696,0,0,0,0,1622016,2836.3407175704383,0,7.095400890150294,5.149678795287264,264.1607935264944,2281.7461165359714,3.6573201817577305,1.971915147893636,87.94407658719584,5.438701304052245,0,0,167.28074910234446,3.4844431930170354,10.897158070707698,0,0,0,0,0,0,0,0,0,0,0,0,0,0,0,224342016,72003584,9687040,439984128,111349760,349663232,38166528,8617984,310304768,93900800,4952064,3993600,305532928,14635008,134160384,204509184,66908160,8515584,199372800,103538688,330215424,35278848,7434240,291827712,82046976,4055040,2568192,294531072,13516800,33927168,0,0,0,0,0,0,0,0,0,0,0,0,0,0,0,206069760,71761920,9310208,424857600,107270144,332812288,37994496,8482816,296194048,91672576,4796416,2940928,296759296,14278656,37343232,187416576,69734400,9310208,211562496,107270144,332812288,37183488,8482816,296194048,88698880,4796416,2940928,296759296,14278656,35721216,1073741824,1073741824,314572800,0,1073741824,1073741824,1073741824,314572800,1073741824,0,0,0,1073741824,314572800,2147483648,10.518848804215647,0,4.765599024714619,0,0,13.704001816193015,40750.38508309688,0,19727.954486682185,0,0,45141.97263327349,10.518848804215647,0,4.765599024714619,0,0,13.704001816193015,40750.38508309688,0,19727.954486682185,0,0,45141.97263327349,103.19092359510724,51.471060920993416,412.84998950055643,21.040578258069132,34.22829329565081,39.36052624484404,16.17569422447471,60.508863941745034,49.052806301096076,94.47855071372075,0,0,0,0,0,0,0,0,0,0,119964.91756780712,122507.63923114834,1325874.2508924527,99020.7304563563,334025.36841396947,557097.8351710564,2970.351599619892,9033.938710935805,516687.63368859614,124003.78516816691,0,0,0,0,0,0,0,0,0,0,122.44282928558765,42.14969893072192,401.01020845895164,28.34037071495026,47.26016643115089,53.08279190143692,14.465209587160807,74.03233496597458,66.48796768406392,126.83138111558885,0,0,0,0,0,0,0,0,0,0,24553.678425811024,6809.737073306619,123628.88425015974,5853.336195997042,12547.675122804658,6544.388429083654,2735.9729701193114,10450.739023015905,16069.582167024682,24025.25328612858,0,0,0,0,0,0,0,0,0,0,32,22,66,14,8,2,14,108,0,0,0,0,0.00804701230228471,0.0030423183072677096,0.030237814465408804,0.016796875,0.0015197740112994351,0.003,0.003131487889273356,0.0032165697674418603,0.021104007633587784,0.004676172953081876,0.07128230616302186,0.035265957446808466,0.0043039548022598875,0.0046,0.004836678200692042,0.004989825581395349,0.024082538167938927,0.004880404783808647,0.08643638170974152,0.05524999999999982,0.004651977401129944,0.0048,0.006058823529411761,0.007502866972477064,0.07832291666666644,0.007704545454545455,0.09855964214711731,0.09638333333333327,0.004930395480225989,0.00496,0.009682352941176468,0.009601490825688078,0.460258152173913,0.375,0.386018915060671,0.45901084010840104,0.8790322580645161,0.375,0.45923913043478265,0.4897525849335303,2.1821283095723016,2.1636363636363636,0.4948340471092077,2.1268145161290324,2.1274193548387097,0.475,2.1274193548387097,2.192540322580645,2.3410641547861504,2.331818181818182,0.6913967611336028,2.313407258064516,2.313709677419355,0.4875,2.313709677419355,2.346270161290322,2.46821283095723,2.4663636363636363,0.9382793522267209,2.462681451612903,2.462741935483871,0.4975,2.462741935483871,2.4692540322580645,395.98319327731144,397.478991596636,396.89075630251614,392.7226890756231,397.17647058823826,132748812.90756302,28970354.01680672,0,12898613.781512605,36051890.554621845,4098179966.9243693,2948372049.747899,853792406.5882353,4604080231.260504,4693424730.352941,0,0,0,0,0,15.647058823529411,1.3277310924369747,4.773109243697479,0.38655462184873945,16.554621848739494,0,0,0,0,0,63918.252100840335,16581.915966386554,1056897.075630252,36080.94117647059,71783.26050420168,1582.1848739495797,266.5546218487395,2802,1729.6806722689073,460.10084033613447,1782.9747899159663,377.04201680672264,1884.218487394958,2101.529411764706,563.3949579831932,0,0,0,0,0,0,0,0,0,0,0,0,0,0,0,0,0,0,0,0
1693106002,0.6769532435397652,0.4256181597081475,0.1505085037304608,0.026008478764077112,1.7401896806751929,0.8333155274459941,0.18471314049281462,0.14938751120406316,0.20499784752260117,0.06180342390968466,0,0.13677217663149668,0.07040435568280445,0.545544136280445,0.2683012403772729,10.662371890100138,3.5138391690312125,0.9301533832161519,0.4535797680043699,10.023426742364913,8.55074408666482,0.314420039528612,0.6535932835374961,1.5441160164818157,0.9609961022640622,0.000051626936565012295,0.2950877784290737,1.7892033629813846,2.692345679642404,1.0003934224918996,9.594061486029085,3.2833400891771385,1.032058311294588,0.3121017451689254,7.743844079004608,7.286169098950869,0.35095496693634776,0.3585300268897524,1.4349849326581983,0.6798376630065307,0,0.13677217663149668,1.478491469338909,1.425454033506969,0.5778795946587416,50000,100000,50000,50000,50000,50000,10000,50000,50000,20000,50000,0,2027520,0,220594176,0,0,811008,0,0,2973696,0,0,0,0,1622016,2836.3407175704383,0,7.095400890150294,5.149678795287264,264.1607935264944,2281.7461165359714,3.6573201817577305,1.971915147893636,87.94407658719584,5.438701304052245,0,0,167.28074910234446,3.4844431930170354,10.897158070707698,0,0,0,0,0,0,0,0,0,0,0,0,0,0,0,224342016,72003584,9687040,439984128,111349760,349663232,38166528,8617984,310304768,93900800,4952064,3993600,305532928,14635008,134160384,204509184,66908160,8515584,199372800,103538688,330215424,35278848,7434240,291827712,82046976,4055040,2568192,294531072,13516800,33927168,0,0,0,0,0,0,0,0,0,0,0,0,0,0,0,206069760,71761920,9310208,424857600,107270144,332812288,37994496,8482816,296194048,91672576,4796416,2940928,296759296,14278656,37343232,187416576,69734400,9310208,211562496,107270144,332812288,37183488,8482816,296194048,88698880,4796416,2940928,296759296,14278656,35721216,1073741824,1073741824,314572800,0,1073741824,1073741824,1073741824,314572800,1073741824,0,0,0,1073741824,314572800,2147483648,10.518848804215647,0,4.765599024714619,0,0,13.704001816193015,40750.38508309688,0,19727.954486682185,0,0,45141.97263327349,10.518848804215647,0,4.765599024714619,0,0,13.704001816193015,40750.38508309688,0,19727.954486682185,0,0,45141.97263327349,103.19092359510724,51.471060920993416,421.0404554058635,21.040578258069132,34.22829329565081,34.317240150133145,16.17569422447471,60.366455006315206,57.3141656634327,94.47855071372075,0,0,0,0,0,0,0,0,0,0,119964.91756780712,122507.63923114834,1352178.0612905016,99020.7304563563,334025.36841396947,485716.5800517917,2970.351599619892,9012.630413343253,603706.9612633665,124003.78516816691,0,0,0,0,0,0,0,0,0,0,122.44282928558765,42.14969893072192,408.9657868132989,28.34037071495026,47.26016643115089,46.281264284665866,14.465209587160807,73.75815353738084,77.68571630904326,126.83138111558885,0,0,0,0,0,0,0,0,0,0,24553.678425811024,6809.737073306619,126081.53820949991,5853.336195997042,12547.675122804658,5705.852303893816,2735.9729701193114,10432.098551827949,18775.983759412695,24025.25328612858,0,0,0,0,0,0,0,0,0,0,22,24,54,2,2,2,2,34,0,0,0,0,0.008071366024518389,0.0030422018348623854,0.03044401544401544,0.016864406779661018,0.0015730994152046787,0.003,0.0031270417422867513,0.0032193704600484265,0.021183615819209037,0.004675963302752294,0.07118000000000001,0.0373404255319149,0.004314619883040936,0.0046,0.0048286751361161515,0.004994866828087167,0.0241370056497175,0.004880183486238531,0.08648999999999998,0.06183333333333334,0.0046573099415204685,0.0048,0.005949999999999997,0.007543749999999998,0.07821874999999998,0.007697727272727258,0.098738,0.13412500000000033,0.004931461988304093,0.00496,0.009856666666666665,0.009626931818181821,0.45833333333333337,0.3760416666666666,0.38611308677098144,0.45934959349593496,0.8674698795180724,0.375,0.45403899721448465,0.4890625,2.18125,2.164084507042254,0.4950035561877667,2.1277108433734937,2.112775330396476,0.475,2.1127753303964756,2.1920026881720434,2.340625,2.3320422535211263,0.6937999999999998,2.313855421686747,2.306387665198238,0.4875,2.306387665198238,2.3460013440860212,2.468125,2.4664084507042254,0.9387600000000003,2.4627710843373487,2.4612775330396475,0.4975,2.4612775330396475,2.4692002688172043,395.8319327730926,397.3277310924497,396.82352941176185,392.75630252099165,397.22689075629137,132748950.58823529,28970354.01680672,0,12898613.781512605,36051890.554621845,4168793630.1176467,2948305894.184874,853792337.7478992,4512041252.571428,4771647315.899159,0,0,0,0,0,15.61344537815126,1.3277310924369747,4.773109243697479,0.38655462184873945,16.386554621848738,0,0,0,0,0,63875.2268907563,16581.915966386554,1056897.075630252,36080.94117647059,71146.48739495798,1578.2689075630249,266.453781512605,2801.0588235294117,1721.2268907563023,457.5462184873949,1778.6218487394956,376.97478991596637,1883.9663865546217,2093.8655462184875,560.7731092436975,0,0,0,0,0,0,0,0,0,0,0,0,0,0,0,0,0,0,0,0
1693106003,0.6769532435397652,0.4256181597081475,0.1505085037304608,0.026008478764077112,1.810733792448348,0.8333155274459941,0.18471314049281462,0.14938751120406316,0.20499784752260117,0.06180342390968466,0,0.13677217663149668,0.07040435568280445,0.545544136280445,0.2683012403772729,10.662371890100138,3.5138391690312125,0.9301533832161519,0.4535797680043699,9.886537232842551,8.55074408666482,0.314420039528612,0.6535932835374961,1.5441160164818157,0.9609961022640622,0.000051626936565012295,0.2950877784290737,1.7892033629813846,2.692345679642404,1.0003934224918996,9.594061486029085,3.2833400891771385,1.032058311294588,0.3121017451689254,7.658513417240556,7.286169098950869,0.35095496693634776,0.3585300268897524,1.4349849326581983,0.6798376630065307,0,0.13677217663149668,1.478491469338909,1.425454033506969,0.5778795946587416,50000,100000,50000,50000,50000,50000,10000,50000,50000,20000,50000,0,2027520,0,220594176,0,0,811008,0,0,2973696,0,0,0,0,1622016,2836.3407175704383,0,7.095400890150294,5.149678795287264,266.44502493469486,2281.7461165359714,3.6573201817577305,1.971915147893636,87.94407658719584,5.438701304052245,0,0,167.28074910234446,3.4844431930170354,10.897158070707698,0,0,0,0,0,0,0,0,0,0,0,0,0,0,0,224342016,72003584,9687040,439984128,111349760,349663232,38166528,8617984,310304768,93900800,4952064,3993600,305532928,14635008,134160384,204509184,66908160,8515584,199372800,103538688,330215424,35278848,7434240,291827712,82046976,4055040,2568192,294531072,13516800,33927168,0,0,0,0,0,0,0,0,0,0,0,0,0,0,0,206069760,71761920,9310208,424857600,107270144,332812288,37994496,8482816,296194048,91672576,4796416,2940928,296759296,14278656,37343232,187416576,69734400,9310208,211562496,107270144,332812288,37183488,8482816,296194048,88698880,4796416,2940928,296759296,14278656,35721216,1073741824,1073741824,314572800,0,1073741824,1073741824,1073741824,314572800,1073741824,0,0,0,1073741824,314572800,2147483648,10.518848804215647,0,4.765599024714619,0,0,13.704001816193015,40750.38508309688,0,19727.954486682185,0,0,45141.97263327349,10.518848804215647,0,4.765599024714619,0,0,13.704001816193015,40750.38508309688,0,19727.954486682185,0,0,45141.97263327349,103.19092359510724,51.471060920993416,429.2309213111705,21.040578258069132,34.01692141638522,33.66123137938575,16.17569422447471,60.366455006315206,57.3141656634327,94.47855071372075,0,0,0,0,0,0,0,0,0,0,119964.91756780712,122507.63923114834,1378481.8716885506,99020.7304563563,332821.07168970443,476431.61613227415,2970.351599619892,9012.630413343253,603706.9612633665,124003.78516816691,0,0,0,0,0,0,0,0,0,0,122.44282928558765,42.14969893072192,416.9213651676461,28.34037071495026,46.81243689286585,45.396551086308584,14.465209587160807,73.75815353738084,77.68571630904326,126.83138111558885,0,0,0,0,0,0,0,0,0,0,24553.678425811024,6809.737073306619,128534.19216884005,5853.336195997042,12221.980432436198,5596.779163409089,2735.9729701193114,10432.098551827949,18775.983759412695,24025.25328612858,0,0,0,0,0,0,0,0,0,0,52,22,68,10,10,2,10,104,0,0,0,0,0.008071366024518389,0.0030422018348623854,0.03044401544401544,0.016864406779661018,0.001494318181818182,0.003,0.0031349480968858134,0.0032193704600484265,0.021183615819209037,0.004675963302752294,0.07118000000000001,0.0373404255319149,0.004298863636363636,0.0046,0.0048429065743944635,0.004994866828087167,0.0241370056497175,0.004880183486238531,0.08648999999999998,0.06183333333333334,0.004649431818181818,0.0048,0.006358333333333329,0.007543749999999998,0.07821874999999998,0.007697727272727258,0.098738,0.13412500000000033,0.004929886363636364,0.00496,0.07074999999999895,0.009626931818181821,0.45833333333333337,0.3760416666666666,0.38611308677098144,0.45934959349593496,0.8785140562248996,0.375,0.45901084010840104,0.4890625,2.18125,2.164084507042254,0.4950035561877667,2.1277108433734937,2.1268145161290324,0.475,2.1268145161290324,2.1920026881720434,2.340625,2.3320422535211263,0.6937999999999998,2.313855421686747,2.313407258064516,0.4875,2.313407258064516,2.3460013440860212,2.468125,2.4664084507042254,0.9387600000000003,2.4627710843373487,2.462681451612903,0.4975,2.462681451612903,2.4692002688172043,395.8151260504315,397.4453781512557,396.85714285712504,392.7899159663922,397.14285714286524,132748950.58823529,28970354.01680672,0,12898613.781512605,36051890.554621845,4098142930.8235292,2948267687.7983193,853776366.7899159,4512129299.361344,4771617370.352941,0,0,0,0,0,15.630252100840336,1.3277310924369747,4.756302521008403,0.42016806722689076,16.30252100840336,0,0,0,0,0,64864.80672268907,16581.915966386554,1056621.7142857143,36631.663865546216,71051.8319327731,1577.831932773109,266.35294117647055,2802.1176470588234,1714.689075630252,456.3361344537815,1778.3193277310922,376.73949579831924,1884.873949579832,2087.310924369748,559.546218487395,0,0,0,0,0,0,0,0,0,0,0,0,0,0,0,0,0,0,0,0
1693106004,0.6769532435397652,0.4256181597081475,0.1505085037304608,0.052712960359853865,1.810733792448348,0.8333155274459941,0.1900327806546628,0.14938751120406316,0.20499784752260117,0.06283972727558368,0,0.13677217663149668,0.07040435568280445,0.545544136280445,0.2683012403772729,10.662371890100138,3.5138391690312125,0.9301533832161519,0.4561031487208325,9.886537232842551,8.55074408666482,0.3118027768540071,0.6535932835374961,1.5441160164818157,0.9819034247651341,0.000051626936565012295,0.2950877784290737,1.7892033629813846,2.692345679642404,1.0003934224918996,9.594061486029085,3.2833400891771385,1.032058311294588,0.36899072251897663,7.658513417240556,7.286169098950869,0.3563114637274928,0.3585300268897524,1.4349849326581983,0.6912370000314191,0,0.13677217663149668,1.478491469338909,1.425454033506969,0.5778795946587416,50000,100000,50000,50000,50000,50000,10000,50000,50000,20000,50000,0,2027520,0,220594176,0,0,811008,0,0,2973696,0,0,0,0,1622016,2836.3407175704383,0,7.095400890150294,4.638740511667136,266.44502493469486,2281.7461165359714,3.1355408808019383,1.971915147893636,87.94407658719584,4.147422000188519,0,0,167.28074910234446,3.4844431930170354,10.897158070707698,0,0,0,0,0,0,0,0,0,0,0,0,0,0,0,224342016,72003584,9687040,439984128,111349760,349663232,38166528,8617984,310304768,93900800,4952064,3993600,305532928,14635008,134160384,204509184,66908160,8515584,199372800,103538688,330215424,35278848,7434240,291827712,82046976,4055040,2568192,294531072,13516800,33927168,0,0,0,0,0,0,0,0,0,0,0,0,0,0,0,206069760,71761920,9310208,424857600,107270144,332812288,37994496,8482816,296194048,91672576,4796416,2940928,296759296,14278656,37343232,187416576,69734400,9310208,211562496,107270144,332812288,37183488,8482816,296194048,88698880,4796416,2940928,296759296,14278656,35721216,1073741824,1073741824,314572800,0,1073741824,1073741824,1073741824,314572800,1073741824,0,0,0,1073741824,314572800,2147483648,10.518848804215647,0,4.798327711530239,0,0,13.704001816193015,40750.38508309688,0,20335.02779229417,0,0,45141.97263327349,10.518848804215647,0,4.798327711530239,0,0,13.704001816193015,40750.38508309688,0,20335.02779229417,0,0,45141.97263327349,103.84606718788726,51.471060920993416,491.4279543184211,21.040578258069132,34.01692141638522,33.00522260863835,16.17569422447471,60.366455006315206,57.3141656634327,94.47855071372075,0,0,0,0,0,0,0,0,0,0,120208.52578690038,122507.63923114834,1578228.623882934,99020.7304563563,332821.07168970443,467146.6522127565,2970.351599619892,9012.630413343253,603706.9612633665,124003.78516816691,0,0,0,0,0,0,0,0,0,0,123.67347858414257,42.14969893072192,477.3347012608331,28.34037071495026,46.81243689286585,44.5118378879513,14.465209587160807,73.75815353738084,77.68571630904326,126.83138111558885,0,0,0,0,0,0,0,0,0,0,24759.817948313543,6809.737073306619,147159.2375604093,5853.336195997042,12221.980432436198,5487.706022924362,2735.9729701193114,10432.098551827949,18775.983759412695,24025.25328612858,0,0,0,0,0,0,0,0,0,0,58,24,70,12,10,2,10,128,0,0,0,0,0.008071366024518389,0.0030422018348623854,0.03044401544401544,0.016864406779661018,0.001494318181818182,0.003,0.0031349480968858134,0.0032193704600484265,0.021183615819209037,0.004675963302752294,0.07118000000000001,0.0373404255319149,0.004298863636363636,0.0046,0.0048429065743944635,0.004994866828087167,0.0241370056497175,0.004880183486238531,0.08648999999999998,0.06183333333333334,0.004649431818181818,0.0048,0.006358333333333329,0.007543749999999998,0.07821874999999998,0.007697727272727258,0.098738,0.13412500000000033,0.004929886363636364,0.00496,0.07074999999999895,0.009626931818181821,0.45833333333333337,0.3760416666666666,0.38611308677098144,0.45934959349593496,0.8785140562248996,0.375,0.45901084010840104,0.4890625,2.18125,2.164084507042254,0.4950035561877667,2.1277108433734937,2.1268145161290324,0.475,2.1268145161290324,2.1920026881720434,2.340625,2.3320422535211263,0.6937999999999998,2.313855421686747,2.313407258064516,0.4875,2.313407258064516,2.3460013440860212,2.468125,2.4664084507042254,0.9387600000000003,2.4627710843373487,2.462681451612903,0.4975,2.462681451612903,2.4692002688172043,395.81512605041854,397.41176470589016,396.7731092437092,392.70588235295,397.07563025208333,132748950.58823529,28970354.01680672,0,12898613.781512605,36051890.554621845,4098139075.7647057,2948177644.638655,853777605.9159664,4420173066.756302,4615132478.386555,0,0,0,0,0,15.697478991596638,1.3277310924369747,4.756302521008403,0.42016806722689076,16.386554621848738,0,0,0,0,0,65062.72268907563,16581.915966386554,1056621.7142857143,36631.663865546216,71309.98319327731,1580.521008403361,266,2802.8235294117644,1726,457.7647058823529,1781.0420168067224,376.4201680672269,1885.81512605042,2099.2100840336134,560.9579831932773,0,0,0,0,0,0,0,0,0,0,0,0,0,0,0,0,0,0,0,0
1693106005,0.6769532435397652,0.4256181597081475,0.1505085037304608,0.052712960359853865,1.810733792448348,0.8333155274459941,0.1900327806546628,0.14938751120406316,0.20499784752260117,0.06283972727558368,0,0.13677217663149668,0.07040435568280445,0.5544306238549804,0.2683012403772728,10.662371890100138,3.5138391690312125,0.9301533832161519,0.4561031487208325,9.886537232842551,8.55074408666482,0.3118027768540071,0.6535932835374961,1.5441160164818157,0.9819034247651341,0.000051626936565012295,0.2950877784290737,1.7892033629813846,2.7223911098254736,1.0003934224918993,9.594061486029085,3.2833400891771385,1.032058311294588,0.36899072251897663,7.658513417240556,7.286169098950869,0.3563114637274928,0.3585300268897524,1.4349849326581983,0.6912370000314191,0,0.13677217663149668,1.478491469338909,1.398129399286472,0.5778795946587415,50000,100000,50000,50000,50000,50000,10000,50000,50000,20000,50000,0,2027520,0,220594176,0,0,811008,0,0,2973696,0,0,0,0,1622016,2836.3407175704383,0,7.095400890150294,4.638740511667136,266.44502493469486,2281.7461165359714,3.1355408808019383,1.971915147893636,87.94407658719584,4.147422000188519,0,0,167.28074910234446,4.772924501012438,10.897158070707697,0,0,0,0,0,0,0,0,0,0,0,0,0,0,0,224342016,72003584,9687040,439984128,111349760,349663232,38166528,8617984,310304768,93900800,4952064,3993600,305532928,14635008,134160384,204509184,66908160,8515584,199372800,103538688,330215424,35278848,7434240,291827712,82046976,4055040,2568192,294531072,13516800,33927168,0,0,0,0,0,0,0,0,0,0,0,0,0,0,0,206069760,71761920,9310208,424857600,107270144,332812288,37994496,8482816,296194048,91672576,4796416,2940928,296759296,14278656,37343232,187416576,69734400,9310208,211562496,107270144,332812288,37183488,8482816,296194048,88698880,4796416,2940928,296759296,14278656,35721216,1073741824,1073741824,314572800,0,1073741824,1073741824,1073741824,314572800,1073741824,0,0,0,1073741824,314572800,2147483648,10.518848804215647,0,4.798327711530239,0,0,13.704001816193012,40750.38508309688,0,20335.02779229417,0,0,45141.97263327348,10.518848804215647,0,4.798327711530239,0,0,13.704001816193012,40750.38508309688,0,20335.02779229417,0,0,45141.97263327348,103.84606718788726,51.471060920993416,491.4279543184211,21.040578258069132,34.01692141638522,32.34921383789094,16.17569422447471,60.02153882972358,57.3141656634327,94.47855071372075,0,0,0,0,0,0,0,0,0,0,120208.52578690038,122507.63923114834,1578228.623882934,99020.7304563563,332821.07168970443,457861.6882932389,2970.351599619892,8959.746320449922,603706.9612633665,124003.78516816691,0,0,0,0,0,0,0,0,0,0,123.67347858414257,42.14969893072192,477.3347012608331,28.34037071495026,46.81243689286585,43.62712468959402,14.465209587160807,73.32774919229388,77.68571630904326,126.83138111558885,0,0,0,0,0,0,0,0,0,0,24759.817948313543,6809.737073306619,147159.2375604093,5853.336195997042,12221.980432436198,5378.632882439633,2735.9729701193114,10378.724422639703,18775.983759412695,24025.25328612858,0,0,0,0,0,0,0,0,0,0,38,14,46,22,18,2,18,148,0,0,0,0,0.008071366024518389,0.0030422018348623854,0.03044401544401544,0.016864406779661018,0.001494318181818182,0.003,0.0031349480968858134,0.0032159420289855074,0.021183615819209037,0.004675963302752294,0.07118000000000001,0.0373404255319149,0.004298863636363636,0.0046,0.0048429065743944635,0.0049886956521739126,0.0241370056497175,0.004880183486238531,0.08648999999999998,0.06183333333333334,0.004649431818181818,0.0048,0.006358333333333329,0.007507488479262676,0.07821874999999998,0.007697727272727258,0.098738,0.13412500000000033,0.004929886363636364,0.00496,0.07074999999999895,0.009621313364055303,0.45833333333333337,0.3760416666666666,0.38611308677098144,0.45934959349593496,0.8785140562248996,0.375,0.45901084010840104,0.48943014705882354,2.18125,2.164084507042254,0.4950035561877667,2.1277108433734937,2.1268145161290324,0.475,2.1268145161290324,2.1922853309481214,2.340625,2.3320422535211263,0.6937999999999998,2.313855421686747,2.313407258064516,0.4875,2.313407258064516,2.3461426654740607,2.468125,2.4664084507042254,0.9387600000000003,2.4627710843373487,2.462681451612903,0.4975,2.462681451612903,2.469228533094812,395.8487394958039,397.46218487395043,396.6722689075604,392.6218487395047,397.0084033613465,149342638.25210083,38627001.00840336,0,12898613.781512605,36051890.554621845,4098129644.638655,2891482602.487395,853775334.1848739,4604188792.470588,4536885041.4789915,0,0,0,0,0,15.798319327731091,1.3277310924369747,5.260504201680672,0.42016806722689076,16.470588235294116,0,0,0,0,0,65295.058823529405,16581.915966386554,1059237.6470588234,36631.663865546216,71602.55462184874,1582.6050420168067,263.00840336134456,2803.0420168067226,1733.9495798319326,459.39495798319325,1783.2268907563025,373.59663865546213,1885.6974789915967,2106.1680672268913,562.5210084033613,0,0,0,0,0,0,0,0,0,0,0,0,0,0,0,0,0,0,0,0
1693106006,0.6769532435397652,0.2926541892940263,0.1505085037304608,0.052712960359853865,1.726844583987441,0.8333155274459941,0.1900327806546628,0.14938751120406316,0.20499784752260117,0.06283972727558368,0,0.13677217663149668,0.07040435568280445,0.5544306238549804,0.2683012403772728,10.662371890100138,3.020604336186482,0.9301533832161519,0.4561031487208325,9.913861718995285,8.55074408666482,0.3118027768540071,0.6535932835374961,1.5441160164818157,0.9819034247651341,0.000051626936565012295,0.2950877784290737,1.7892033629813846,2.7223911098254736,1.0003934224918993,9.594061486029085,2.8999369666408064,1.032058311294588,0.36899072251897663,7.790423861852432,7.286169098950869,0.3563114637274928,0.3585300268897524,1.4349849326581983,0.6912370000314191,0,0.13677217663149668,1.478491469338909,1.398129399286472,0.5778795946587415,50000,100000,50000,50000,50000,50000,10000,50000,50000,20000,50000,0,2027520,0,220594176,0,0,811008,0,0,2973696,0,0,0,0,1622016,2836.3407175704383,0,7.095400890150294,4.638740511667136,265.50235478806906,2281.7461165359714,3.1355408808019383,1.971915147893636,87.94407658719584,4.147422000188519,0,0,167.28074910234446,4.772924501012438,10.897158070707697,0,0,0,0,0,0,0,0,0,0,0,0,0,0,0,224342016,72003584,9687040,439984128,111349760,349663232,38166528,8617984,310304768,93900800,4952064,3993600,305532928,14635008,134160384,204509184,66908160,8515584,199372800,103809024,330215424,35278848,7434240,291827712,82046976,4055040,2568192,294531072,13516800,33927168,0,0,0,0,0,0,0,0,0,0,0,0,0,0,0,206069760,71761920,9310208,424857600,107286528,332812288,37994496,8482816,296194048,91672576,4796416,2940928,296759296,14278656,37343232,187416576,69734400,9310208,211562496,107286528,332812288,37183488,8482816,296194048,88698880,4796416,2940928,296759296,14278656,35721216,1073741824,1073741824,314572800,0,1073741824,1073741824,1073741824,314572800,1073741824,0,0,0,1073741824,314572800,2147483648,8.832835531419706,0,4.798327711530239,0,0,13.704001816193012,35648.047168347555,0,20335.02779229417,0,0,45141.97263327348,8.832835531419706,0,4.798327711530239,0,0,13.704001816193012,35648.047168347555,0,20335.02779229417,0,0,45141.97263327348,103.84606718788726,51.471060920993416,491.4279543184211,21.040578258069132,34.174430036047006,39.171827340789356,16.17569422447471,60.02153882972358,57.3141656634327,95.57661927330173,0,0,0,0,0,0,0,0,0,0,120208.52578690038,122507.63923114834,1578228.623882934,99020.7304563563,333958.8268339498,555174.0641464092,2970.351599619892,8959.746320449922,603706.9612633665,125070.946431136,0,0,0,0,0,0,0,0,0,0,123.67347858414257,42.14969893072192,477.3347012608331,28.34037071495026,47.35265202939938,53.369072927257605,14.465209587160807,73.32774919229388,77.68571630904326,128.2732538656709,0,0,0,0,0,0,0,0,0,0,24759.817948313543,6809.737073306619,147159.2375604093,5853.336195997042,12291.18486962221,6546.224235141881,2735.9729701193114,10378.724422639703,18775.983759412695,24289.554310881325,0,0,0,0,0,0,0,0,0,0,32,24,50,12,10,2,10,84,0,0,0,0,0.008071366024518389,0.0030422018348623854,0.03044401544401544,0.016864406779661018,0.001494318181818182,0.003,0.0031349480968858134,0.0032159420289855074,0.021183615819209037,0.004675963302752294,0.07118000000000001,0.0373404255319149,0.004298863636363636,0.0046,0.0048429065743944635,0.0049886956521739126,0.0241370056497175,0.004880183486238531,0.08648999999999998,0.06183333333333334,0.004649431818181818,0.0048,0.006358333333333329,0.007507488479262676,0.07821874999999998,0.007697727272727258,0.098738,0.13412500000000033,0.004929886363636364,0.00496,0.07074999999999895,0.009621313364055303,0.45833333333333337,0.3760416666666666,0.38611308677098144,0.45934959349593496,0.8785140562248996,0.375,0.45901084010840104,0.48943014705882354,2.18125,2.164084507042254,0.4950035561877667,2.1277108433734937,2.1268145161290324,0.475,2.1268145161290324,2.1922853309481214,2.340625,2.3320422535211263,0.6937999999999998,2.313855421686747,2.313407258064516,0.4875,2.313407258064516,2.3461426654740607,2.468125,2.4664084507042254,0.9387600000000003,2.4627710843373487,2.462681451612903,0.4975,2.462681451612903,2.469228533094812,395.8487394957963,397.41176470589244,396.67226890755956,392.6050420167984,397.05882352941023,149342638.25210083,38627069.8487395,0,12898613.781512605,36051890.554621845,4098145271.394958,2891504769.07563,801182281.1428571,4512186781.042017,4536881805.983193,0,0,0,0,0,15.831932773109243,1.3277310924369747,5.260504201680672,0.40336134453781514,16.521008403361343,0,0,0,0,0,65122.95798319327,16581.915966386554,1059237.6470588234,33051.96638655462,71731.63025210083,1581.7142857142858,265.5462184873949,2803.5126050420167,1734.9243697478992,459.2941176470587,1781.9159663865546,375.81512605042013,1886.7058823529408,2107.3949579831933,562.3697478991596,0,0,0,0,0,0,0,0,0,0,0,0,0,0,0,0,0,0,0,0
1693106007,0.6769532435397652,0.29858040255150414,0.1505085037304608,0.052742616033755324,1.726844583987441,0.8333155274459941,0.1900327806546628,0.12413728712279638,0.20499784752260117,0.08724671188954575,0,0.13677217663149668,0.07040435568280445,0.5544306238549804,0.2683012403772728,10.662371890100138,3.081771222284663,0.9301533832161519,0.4513293723628694,9.913861718995285,8.55074408666482,0.3118027768540071,0.543119678787571,1.5441160164818157,1.016947047789387,0.000051626936565012295,0.2950877784290737,1.7892033629813846,2.7223911098254736,1.0003934224918993,9.594061486029085,2.958660352555814,1.032058311294588,0.39556962025316433,7.790423861852432,7.286169098950869,0.3563114637274928,0.297929489094712,1.4349849326581983,0.6761620171439781,0,0.13677217663149668,1.478491469338909,1.398129399286472,0.5778795946587415,50000,100000,50000,50000,50000,50000,10000,50000,50000,20000,50000,0,2027520,0,220594176,0,0,811008,0,0,2973696,0,0,0,0,1622016,2836.3407175704383,0,7.095400890150294,3.481012658227848,265.50235478806906,2281.7461165359714,3.1355408808019383,1.6386121900209143,87.94407658719584,2.8791414923550067,0,0,167.28074910234446,4.772924501012438,10.897158070707697,0,0,0,0,0,0,0,0,0,0,0,0,0,0,0,224342016,72003584,9687040,439984128,111349760,349663232,38166528,8617984,310304768,93900800,4952064,3993600,305532928,14635008,134160384,204509184,66908160,8515584,199372800,103809024,330215424,35278848,7434240,291827712,82046976,4055040,2568192,294531072,13516800,33927168,0,0,0,0,0,0,0,0,0,0,0,0,0,0,0,206069760,71761920,9310208,424857600,107286528,332812288,37994496,8482816,296194048,91701248,4796416,2940928,296759296,14278656,37343232,187416576,69734400,9310208,211562496,107286528,332812288,37183488,8482816,296194048,88727552,4796416,2940928,296759296,14278656,35721216,1073741824,1073741824,314572800,0,1073741824,1073741824,1073741824,314572800,1073741824,0,0,0,1073741824,314572800,2147483648,9.01169942246358,0,4.798327711530239,0,0,13.704001816193012,36369.915972760966,0,20335.02779229417,0,0,45141.97263327348,9.01169942246358,0,4.798327711530239,0,0,13.704001816193012,36369.915972760966,0,20335.02779229417,0,0,45141.97263327348,103.84606718788726,51.471060920993416,491.4279543184211,21.217260222347843,34.174430036047006,39.171827340789356,16.17569422447471,60.02153882972358,57.3141656634327,95.57661927330173,0,0,0,0,0,0,0,0,0,0,120208.52578690038,122507.63923114834,1578228.623882934,99857.6220086678,333958.8268339498,555174.0641464092,2970.351599619892,8959.746320449922,603706.9612633665,125070.946431136,0,0,0,0,0,0,0,0,0,0,123.67347858414257,42.14969893072192,477.3347012608331,28.67910307141511,47.35265202939938,53.369072927257605,14.465209587160807,73.32774919229388,77.68571630904326,128.2732538656709,0,0,0,0,0,0,0,0,0,0,24759.817948313543,6809.737073306619,147159.2375604093,5937.3280572828335,12291.18486962221,6546.224235141881,2735.9729701193114,10378.724422639703,18775.983759412695,24289.554310881325,0,0,0,0,0,0,0,0,0,0,36,14,40,12,14,2,14,104,0,0,0,0,0.008093994778067885,0.003038321167883212,0.03048195084485407,0.016888888888888887,0.0016411764705882353,0.003,0.003134328358208955,0.003210094180149722,0.021209647495361778,0.004668978102189781,0.07103413654618472,0.03816326530612242,0.004328235294117647,0.0046,0.004841791044776119,0.0049781695242695,0.02413450834879405,0.004872810218978103,0.08642068273092365,0.06233333333333329,0.004664117647058824,0.0048,0.006370370370370365,0.007443127962085304,0.07810416666666663,0.007340476190476182,0.09872991967871483,0.1352499999999992,0.004932823529411765,0.00496,0.08199999999999895,0.009611848341232219,0.45901639344262296,0.3760416666666666,0.3859081234480312,0.45901639344262296,0.8567073170731707,0.375,0.4508426966292135,0.49039172209903914,2.1818365287588293,2.1642284569138273,0.4946346222064562,2.126829268292683,2.101627906976744,0.475,2.102777777777778,2.1930232558139533,2.340918264379414,2.332114228456913,0.6885162601626011,2.3134146341463415,2.300813953488372,0.4875,2.3013888888888885,2.3465116279069766,2.468183652875883,2.4664228456913824,0.9377032520325199,2.462682926829268,2.4601627906976744,0.4975,2.4602777777777773,2.469302325581395,395.86554621848416,397.42857142857537,396.7226890756371,392.45378151260707,397.075630252102,149342638.25210083,38627069.8487395,0,12898613.781512605,36051890.554621845,4168728576,2891465805.445378,748599691.8319328,4512196212.168067,4615102739.361344,0,0,0,0,0,15.714285714285714,1.3277310924369747,5.260504201680672,0.40336134453781514,16.352941176470587,0,0,0,0,0,64770.1512605042,16581.915966386554,1059237.6470588234,33051.96638655462,71180.9075630252,1574.1344537815125,266.30252100840335,2802.8907563025214,1719.5966386554621,454.85714285714283,1774.201680672269,376.4033613445378,1886.3025210084031,2091.6134453781515,558,0,0,0,0,0,0,0,0,0,0,0,0,0,0,0,0,0,0,0,0
1693106008,0.6769532435397652,0.35557279544866816,0.1505085037304608,0.052742616033755324,1.726844583987441,0.8333155274459941,0.1900327806546628,0.15339776039269817,0.20499784752260117,0.08724671188954575,0,0.13677217663149668,0.07040435568280445,0.5544306238549804,0.29627873903768653,10.662371890100138,3.6700131658908717,0.9301533832161519,0.4513293723628694,9.913861718995285,8.55074408666482,0.3118027768540071,0.643427120724037,1.5441160164818157,1.016947047789387,0,0.2950877784290737,1.7892033629813846,2.7223911098254736,1.0389174271154298,9.594061486029085,3.5234031549004388,1.032058311294588,0.39556962025316433,7.790423861852432,7.286169098950869,0.3563114637274928,0.40266912103083286,1.4349849326581983,0.6761620171439781,0,0.13677217663149668,1.478491469338909,1.398129399286472,0.6814410997866792,50000,100000,50000,50000,50000,50000,10000,50000,50000,20000,50000,0,2027520,0,220594176,0,0,811008,0,0,2973696,0,0,0,0,1622016,2836.3407175704383,0,7.095400890150294,3.481012658227848,265.50235478806906,2281.7461165359714,3.1355408808019383,1.2655315232397606,87.94407658719584,2.8791414923550067,0,0,167.28074910234446,4.772924501012438,9.777198388243658,0,0,0,0,0,0,0,0,0,0,0,0,0,0,0,224342016,72003584,9687040,439984128,111349760,349663232,38166528,8617984,310304768,93900800,4952064,3993600,305532928,14635008,134160384,204509184,66908160,8515584,199372800,103809024,330215424,35278848,7434240,291827712,82046976,4055040,2568192,294531072,13516800,33927168,0,0,0,0,0,0,0,0,0,0,0,0,0,0,0,206069760,71761920,9310208,424857600,107286528,332812288,37994496,8228864,296194048,91701248,4796416,2940928,296759296,14278656,37343232,187416576,69734400,9310208,211562496,107286528,332812288,37183488,8228864,296194048,88727552,4796416,2940928,296759296,14278656,35721216,1073741824,1073741824,314572800,0,1073741824,1073741824,1073741824,314572800,1073741824,0,0,0,1073741824,314572800,2147483648,10.731833462632531,0,4.798327711530239,0,0,14.132495852097652,43312.128264804756,0,20335.02779229417,0,0,48269.25811803745,10.731833462632531,0,4.798327711530239,0,0,14.132495852097652,43312.128264804756,0,20335.02779229417,0,0,48269.25811803745,103.84606718788726,51.471060920993416,425.73359236960437,21.217260222347843,34.174430036047006,39.171827340789356,16.17569422447471,60.02153882972358,57.3141656634327,95.57661927330173,0,0,0,0,0,0,0,0,0,0,120208.52578690038,122507.63923114834,1367250.1446485834,99857.6220086678,333958.8268339498,555174.0641464092,2970.351599619892,8959.746320449922,603706.9612633665,125070.946431136,0,0,0,0,0,0,0,0,0,0,123.67347858414257,42.14969893072192,413.5243332103398,28.67910307141511,47.35265202939938,53.369072927257605,14.465209587160807,73.32774919229388,77.68571630904326,128.2732538656709,0,0,0,0,0,0,0,0,0,0,24759.817948313543,6809.737073306619,127486.9089282018,5937.3280572828335,12291.18486962221,6546.224235141881,2735.9729701193114,10378.724422639703,18775.983759412695,24289.554310881325,0,0,0,0,0,0,0,0,0,0,36,16,60,12,10,2,10,106,0,0,0,0,0.008093994778067885,0.003038321167883212,0.03048195084485407,0.016888888888888887,0.0015142857142857143,0.003,0.003125217391304348,0.003210094180149722,0.021209647495361778,0.004668978102189781,0.07103413654618472,0.03816326530612242,0.004302857142857142,0.0046,0.004825391304347826,0.0049781695242695,0.02413450834879405,0.004872810218978103,0.08642068273092365,0.06233333333333329,0.004651428571428571,0.0048,0.006009259259259255,0.007443127962085304,0.07810416666666663,0.007340476190476182,0.09872991967871483,0.1352499999999992,0.004930285714285714,0.00496,0.07224999999999947,0.009611848341232219,0.45901639344262296,0.3760416666666666,0.3859081234480312,0.45901639344262296,0.8760162601626016,0.375,0.45867486338797814,0.49039172209903914,2.1818365287588293,2.1642284569138273,0.4946346222064562,2.126829268292683,2.125,0.475,2.1259183673469386,2.1930232558139533,2.340918264379414,2.332114228456913,0.6885162601626011,2.3134146341463415,2.3125,0.4875,2.3129591836734695,2.3465116279069766,2.468183652875883,2.4664228456913824,0.9377032520325199,2.462682926829268,2.4625,0.4975,2.462591836734694,2.469302325581395,395.8991596638703,397.3613445378146,396.72268907564313,392.45378151261207,397.1260504201824,149342638.25210083,38627069.8487395,0,12898613.781512605,36051890.554621845,4168725478.1848736,2891423262.117647,748597764.302521,4512213353.411764,4615089522.016807,0,0,0,0,0,15.394957983193276,1.3277310924369747,3.210084033613445,0.47058823529411764,16.016806722689076,0,0,0,0,0,61052.773109243695,16581.915966386554,602765.9831932773,36631.663865546216,67532.36974789915,1572.5546218487393,266.5042016806722,2802.4033613445376,1715.831932773109,453.36134453781506,1772.655462184874,376.5210084033613,1886.3193277310922,2088.285714285714,556.5042016806723,0,0,0,0,0,0,0,0,0,0,0,0,0,0,0,0,0,0,0,0
1693106009,0.6769532435397652,0.35557279544866816,0.1505085037304608,0.052742616033755324,1.726844583987441,0.8333155274459941,0.1900327806546628,0.15339776039269817,0.20499784752260117,0.08724671188954575,0,0.14967445805373314,0.07040435568280445,0.5544306238549804,0.29627873903768653,10.662371890100138,3.6700131658908717,0.9301533832161519,0.4513293723628694,9.913861718995285,8.55074408666482,0.3118027768540071,0.643427120724037,1.5441160164818157,1.016947047789387,0,0.2983352408511486,1.7892033629813846,2.7223911098254736,1.0389174271154298,9.594061486029085,3.5234031549004388,1.032058311294588,0.39556962025316433,7.790423861852432,7.286169098950869,0.3563114637274928,0.40266912103083286,1.4349849326581983,0.6761620171439781,0,0.12472871504477759,1.478491469338909,1.398129399286472,0.6814410997866792,50000,100000,50000,50000,50000,50000,10000,50000,50000,20000,50000,0,2027520,0,220594176,0,0,811008,0,0,2973696,0,0,0,0,1622016,2836.3407175704383,0,7.095400890150294,3.481012658227848,265.50235478806906,2281.7461165359714,3.1355408808019383,1.2655315232397606,87.94407658719584,2.8791414923550067,0,0,167.28074910234446,4.772924501012438,9.777198388243658,0,0,0,0,0,0,0,0,0,0,0,0,0,0,0,224342016,72003584,9687040,439984128,111349760,349663232,38166528,8617984,310304768,93900800,4952064,3993600,305532928,14635008,134160384,204509184,66908160,8515584,199372800,103809024,330215424,35278848,7434240,291827712,82046976,4055040,2568192,294531072,13516800,33927168,0,0,0,0,0,0,0,0,0,0,0,0,0,0,0,206069760,71761920,9310208,424857600,107286528,332812288,37994496,8228864,296194048,91701248,4796416,2940928,296759296,14278656,37343232,187416576,69734400,9310208,211562496,107286528,332812288,37183488,8228864,296194048,88727552,4796416,2940928,296759296,14278656,35721216,1073741824,1073741824,314572800,0,1073741824,1073741824,1073741824,314572800,1073741824,0,0,0,1073741824,314572800,2147483648,10.731833462632531,0,4.798327711530239,0,0,14.132495852097652,43312.128264804756,0,20335.02779229417,0,0,48269.25811803745,10.731833462632531,0,4.798327711530239,0,0,14.132495852097652,43312.128264804756,0,20335.02779229417,0,0,48269.25811803745,103.84606718788726,51.18518945729281,417.5431264642974,21.217260222347843,34.174430036047006,39.171827340789356,16.17569422447471,60.02153882972358,57.3141656634327,95.57661927330173,0,0,0,0,0,0,0,0,0,0,120208.52578690038,122359.94001960898,1340946.334250535,99857.6220086678,333958.8268339498,555174.0641464092,2970.351599619892,8959.746320449922,603706.9612633665,125070.946431136,0,0,0,0,0,0,0,0,0,0,123.67347858414257,41.9574369917527,405.56875485599267,28.67910307141511,47.35265202939938,53.369072927257605,14.465209587160807,73.32774919229388,77.68571630904326,128.2732538656709,0,0,0,0,0,0,0,0,0,0,24759.817948313543,6784.041755579907,125034.25496886166,5937.3280572828335,12291.18486962221,6546.224235141881,2735.9729701193114,10378.724422639703,18775.983759412695,24289.554310881325,0,0,0,0,0,0,0,0,0,0,30,20,56,8,2,2,6,64,0,0,0,0,0.008093994778067885,0.003038321167883212,0.03048195084485407,0.016888888888888887,0.0015142857142857143,0.003,0.003125217391304348,0.003210094180149722,0.021209647495361778,0.004668978102189781,0.07103413654618472,0.03816326530612242,0.004302857142857142,0.0046,0.004825391304347826,0.0049781695242695,0.02413450834879405,0.004872810218978103,0.08642068273092365,0.06233333333333329,0.004651428571428571,0.0048,0.006009259259259255,0.007443127962085304,0.07810416666666663,0.007340476190476182,0.09872991967871483,0.1352499999999992,0.004930285714285714,0.00496,0.07224999999999947,0.009611848341232219,0.45901639344262296,0.3760416666666666,0.3859081234480312,0.45901639344262296,0.8760162601626016,0.375,0.45867486338797814,0.49039172209903914,2.1818365287588293,2.1642284569138273,0.4946346222064562,2.126829268292683,2.125,0.475,2.1259183673469386,2.1930232558139533,2.340918264379414,2.332114228456913,0.6885162601626011,2.3134146341463415,2.3125,0.4875,2.3129591836734695,2.3465116279069766,2.468183652875883,2.4664228456913824,0.9377032520325199,2.462682926829268,2.4625,0.4975,2.462591836734694,2.469302325581395,395.8487394957985,397.4789915966391,396.7226890756267,392.571428571416,397.092436974781,149342638.25210083,38627069.8487395,0,12898613.781512605,36051890.554621845,4168720246.3193274,2834718375.7983193,748594941.8487395,4512244882.285714,4693283745.344538,0,0,0,0,0,15.478991596638656,1.3109243697478992,3.210084033613445,0.47058823529411764,16.067226890756302,0,0,0,0,0,61250.68907563025,16513.0756302521,602765.9831932773,36631.663865546216,67764.70588235294,1565.2941176470588,266.3697478991596,2804.0336134453783,1714.9075630252098,453.52941176470586,1765.4957983193276,376.3697478991596,1887.361344537815,2087.075630252101,556.7226890756302,0,0,0,0,0,0,0,0,0,0,0,0,0,0,0,0,0,0,0,0
1693106010,0.6896927237417652,0.35557279544866816,0.1505085037304608,0.052742616033755324,1.726844583987441,0.8333155274459941,0.1900327806546628,0.15339776039269817,0.20499784752260117,0.08724671188954575,0,0.14967445805373314,0.07040435568280445,0.5544306238549804,0.29627873903768653,9.537341688295191,3.6700131658908717,0.9301533832161519,0.4513293723628694,9.913861718995285,8.55074408666482,0.3118027768540071,0.643427120724037,1.5441160164818157,1.016947047789387,0,0.2983352408511486,1.7892033629813846,2.7223911098254736,1.0389174271154298,8.439660961576854,3.5234031549004388,1.032058311294588,0.39556962025316433,7.790423861852432,7.286169098950869,0.3563114637274928,0.40266912103083286,1.4349849326581983,0.6761620171439781,0,0.12472871504477759,1.478491469338909,1.398129399286472,0.6814410997866792,50000,100000,50000,50000,50000,50000,10000,50000,50000,20000,50000,0,2027520,0,220594176,0,0,811008,0,0,2973696,0,0,0,0,1622016,2401.764161388098,0,7.095400890150294,3.481012658227848,265.50235478806906,2281.7461165359714,3.1355408808019383,1.2655315232397606,87.94407658719584,2.8791414923550067,0,0,167.28074910234446,4.772924501012438,9.777198388243658,0,0,0,0,0,0,0,0,0,0,0,0,0,0,0,224342016,72003584,9687040,439984128,111349760,349663232,38166528,8617984,310304768,93900800,4952064,3993600,305532928,14635008,134160384,203563008,66908160,8515584,199372800,103809024,330215424,35278848,7434240,291827712,82046976,4055040,2568192,294531072,13516800,33927168,0,0,0,0,0,0,0,0,0,0,0,0,0,0,0,205086720,71761920,9310208,424857600,107286528,332812288,37994496,8228864,296194048,91701248,4796416,2940928,296759296,14278656,37343232,187244544,69734400,9310208,211562496,107286528,332812288,37183488,8228864,296194048,88727552,4796416,2940928,296759296,14278656,35721216,1073741824,1073741824,314572800,0,1073741824,1073741824,1073741824,314572800,1073741824,0,0,0,1073741824,314572800,2147483648,10.731833462632531,0,4.798327711530239,0,0,14.132495852097652,43312.128264804756,0,20335.02779229417,0,0,48269.25811803745,10.731833462632531,0,4.798327711530239,0,0,14.132495852097652,43312.128264804756,0,20335.02779229417,0,0,48269.25811803745,103.84606718788726,51.18518945729281,488.7957288415987,21.217260222347843,34.174430036047006,39.171827340789356,16.464246281743197,60.02153882972358,57.3141656634327,95.57661927330173,0,0,0,0,0,0,0,0,0,0,120208.52578690038,122359.94001960898,1571766.402225815,99857.6220086678,333958.8268339498,555174.0641464092,3017.1786711697087,8959.746320449922,603706.9612633665,125070.946431136,0,0,0,0,0,0,0,0,0,0,123.67347858414257,41.9574369917527,474.03842538632176,28.67910307141511,47.35265202939938,53.369072927257605,14.7106579203741,73.32774919229388,77.68571630904326,128.2732538656709,0,0,0,0,0,0,0,0,0,0,24759.817948313543,6784.041755579907,145862.8604729857,5937.3280572828335,12291.18486962221,6546.224235141881,2784.373579268689,10378.724422639703,18775.983759412695,24289.554310881325,0,0,0,0,0,0,0,0,0,0,46,12,64,20,22,2,18,148,0,0,0,0,0.008093994778067885,0.003038321167883212,0.03048195084485407,0.016888888888888887,0.0015142857142857143,0.003,0.003125217391304348,0.003208585981081736,0.021209647495361778,0.004668978102189781,0.07103413654618472,0.03816326530612242,0.004302857142857142,0.0046,0.004825391304347826,0.004975454765947125,0.02413450834879405,0.004872810218978103,0.08642068273092365,0.06233333333333329,0.004651428571428571,0.0048,0.006009259259259255,0.007426258992805744,0.07810416666666663,0.007340476190476182,0.09872991967871483,0.1352499999999992,0.004930285714285714,0.00496,0.07224999999999947,0.0096099520383693,0.45901639344262296,0.3760416666666666,0.3859081234480312,0.45901639344262296,0.8760162601626016,0.375,0.45867486338797814,0.4882668144863266,2.1818365287588293,2.1642284569138273,0.4946346222064562,2.126829268292683,2.125,0.475,2.1259183673469386,2.19139177586986,2.340918264379414,2.332114228456913,0.6885162601626011,2.3134146341463415,2.3125,0.4875,2.3129591836734695,2.3456958879349297,2.468183652875883,2.4664228456913824,0.9377032520325199,2.462682926829268,2.4625,0.4975,2.462591836734694,2.469139177586986,395.84873949580725,397.5126050420019,396.6050420168162,392.5042016806708,397.142857142857,149342638.25210083,38627069.8487395,0,12898613.781512605,36051890.554621845,4168745992.605042,2777998757.6470585,748584340.4369748,4512210117.915966,4693269701.915966,0,0,0,0,0,15.91596638655462,1.3109243697478992,5.3277310924369745,0.47058823529411764,16.352941176470587,0,0,0,0,0,65553.2100840336,16513.0756302521,1061827.7647058824,36631.663865546216,70690.42016806723,1570.218487394958,266.1512605042017,2802.403361344538,1715.764705882353,453.17647058823525,1770.487394957983,376.10084033613447,1886.4537815126048,2087.4957983193276,556.4033613445378,0,0,0,0,0,0,0,0,0,0,0,0,0,0,0,0,0,0,0,0
1693106011,0.6896927237417652,0.3257611953264128,0.1505085037304608,0.052742616033755324,1.726844583987441,0.8333155274459941,0.1900327806546628,0.15339776039269817,0.19119838010495113,0.08724671188954575,0,0.14967445805373314,0.05975198110034146,0.5544306238549804,0.29627873903768653,9.537341688295191,3.870614563697171,0.9301533832161519,0.4513293723628694,9.913861718995285,8.55074408666482,0.3118027768540071,0.643427120724037,1.2877332256411678,1.016947047789387,0,0.2983352408511486,1.5184919241529595,2.7223911098254736,1.0389174271154298,8.439660961576854,3.4747860834817343,1.032058311294588,0.39556962025316433,7.790423861852432,7.286169098950869,0.3563114637274928,0.40266912103083286,1.1471902806297007,0.6761620171439781,0,0.12472871504477759,1.254791603107184,1.398129399286472,0.6814410997866792,50000,100000,50000,50000,50000,50000,10000,50000,50000,20000,50000,0,2162688,0,220594176,0,0,811008,0,0,2973696,0,0,0,0,1622016,2401.764161388098,1.433349259436216,7.095400890150294,3.481012658227848,265.50235478806906,2281.7461165359714,3.1355408808019383,1.2655315232397606,109.9663826146475,2.8791414923550067,0,0,141.97070709441226,4.772924501012438,9.777198388243658,0,0,0,0,0,0,0,0,0,0,0,0,0,0,0,224342016,72081408,9687040,439984128,111349760,349663232,38166528,8617984,310304768,93900800,4952064,3993600,305532928,14635008,134160384,203563008,66908160,8515584,199372800,103809024,330215424,35278848,7434240,291827712,82046976,4055040,2568192,294531072,13516800,33927168,0,0,0,0,0,0,0,0,0,0,0,0,0,0,0,205086720,71852032,9310208,424857600,107286528,332812288,37994496,8228864,296194048,91701248,4796416,2940928,296759296,14278656,37343232,187244544,69689344,9310208,211562496,107286528,332812288,37183488,8228864,296194048,88727552,4796416,2940928,296759296,14278656,35721216,1073741824,1073741824,314572800,0,1073741824,1073741824,1073741824,314572800,1073741824,0,0,0,1073741824,314572800,2147483648,10.815271684836903,0,4.798327711530239,0,0,14.132495852097652,42231.160144203626,0,20335.02779229417,0,0,48269.25811803745,10.815271684836903,0,4.798327711530239,0,0,14.132495852097652,42231.160144203626,0,20335.02779229417,0,0,48269.25811803745,103.84606718788726,51.18518945729281,488.7957288415987,21.217260222347843,34.174430036047006,39.171827340789356,16.464246281743197,60.02153882972358,57.3141656634327,95.57661927330173,0,0,0,0,0,0,0,0,0,0,120208.52578690038,122359.94001960898,1571766.402225815,99857.6220086678,333958.8268339498,555174.0641464092,3017.1786711697087,8959.746320449922,603706.9612633665,125070.946431136,0,0,0,0,0,0,0,0,0,0,123.67347858414257,41.9574369917527,474.03842538632176,28.67910307141511,47.35265202939938,53.369072927257605,14.7106579203741,73.32774919229388,77.68571630904326,128.2732538656709,0,0,0,0,0,0,0,0,0,0,24759.817948313543,6784.041755579907,145862.8604729857,5937.3280572828335,12291.18486962221,6546.224235141881,2784.373579268689,10378.724422639703,18775.983759412695,24289.554310881325,0,0,0,0,0,0,0,0,0,0,68,42,102,4,2,2,2,86,0,0,0,0,0.008093994778067885,0.003038321167883212,0.03048195084485407,0.016888888888888887,0.0015142857142857143,0.003,0.003125217391304348,0.003208585981081736,0.021209647495361778,0.004668978102189781,0.07103413654618472,0.03816326530612242,0.004302857142857142,0.0046,0.004825391304347826,0.004975454765947125,0.02413450834879405,0.004872810218978103,0.08642068273092365,0.06233333333333329,0.004651428571428571,0.0048,0.006009259259259255,0.007426258992805744,0.07810416666666663,0.007340476190476182,0.09872991967871483,0.1352499999999992,0.004930285714285714,0.00496,0.07224999999999947,0.0096099520383693,0.45901639344262296,0.3760416666666666,0.3859081234480312,0.45901639344262296,0.8760162601626016,0.375,0.45867486338797814,0.4882668144863266,2.1818365287588293,2.1642284569138273,0.4946346222064562,2.126829268292683,2.125,0.475,2.1259183673469386,2.19139177586986,2.340918264379414,2.332114228456913,0.6885162601626011,2.3134146341463415,2.3125,0.4875,2.3129591836734695,2.3456958879349297,2.468183652875883,2.4664228456913824,0.9377032520325199,2.462682926829268,2.4625,0.4975,2.462591836734694,2.469139177586986,395.8319327731016,397.46218487394316,396.6722689075759,392.4201680672237,397.10924369749915,149342569.4117647,38627069.8487395,0,12898613.781512605,36051890.554621845,4098135771.428571,2721321338.6218486,748589434.6218487,4604248821.243697,4693252285.310925,0,0,0,0,0,16.050420168067227,1.3109243697478992,5.3277310924369745,0.36974789915966383,16.588235294117645,0,0,0,0,0,65940.43697478992,16513.0756302521,1061827.7647058824,21899.831932773108,71490.68907563025,1584.7394957983195,266.82352941176464,2803.747899159664,1737.7310924369747,458.1848739495798,1784.941176470588,376.7899159663865,1887.9495798319324,2110.050420168067,561.4117647058822,0,0,0,0,0,0,0,0,0,0,0,0,0,0,0,0,0,0,0,0
1693106012,0.6896927237417652,0.3257611953264128,0.1505085037304608,0.052742616033755324,1.726844583987441,0.8333155274459941,0.19003278065466286,0.15339776039269817,0.19519107916951878,0.08724671188954575,0,0.14967445805373314,0.05857857517229473,0.5544306238549804,0.29627873903768653,9.537341688295191,3.870614563697171,0.9301533832161519,0.4513293723628694,9.913861718995285,8.55074408666482,0.31180277685400715,0.643427120724037,1.3146243072633441,1.016947047789387,0,0.2983352408511486,1.4886718681032698,2.7223911098254736,1.0389174271154298,8.439660961576854,3.4747860834817343,1.032058311294588,0.39556962025316433,7.790423861852432,7.286169098950869,0.35631146372749284,0.40266912103083286,1.1711464750171066,0.6761620171439781,0,0.12472871504477759,1.2301500786182022,1.398129399286472,0.6814410997866792,50000,100000,50000,50000,50000,50000,10000,50000,50000,20000,50000,0,2162688,0,220594176,0,0,811008,0,0,2973696,0,0,0,0,1622016,2401.764161388098,1.433349259436216,7.095400890150294,3.481012658227848,265.50235478806906,2281.7461165359714,3.1355408808019387,1.2655315232397606,112.26275496235456,2.8791414923550067,0,0,139.1826946093732,4.772924501012438,9.777198388243658,0,0,0,0,0,0,0,0,0,0,0,0,0,0,0,224342016,72081408,9687040,439984128,111349760,349663232,38166528,8617984,310304768,93900800,4952064,3993600,305532928,14635008,134160384,203563008,66908160,8515584,199372800,103809024,330215424,35278848,7434240,291827712,82046976,4055040,2568192,294531072,13516800,33927168,0,0,0,0,0,0,0,0,0,0,0,0,0,0,0,205086720,71852032,9310208,424857600,107286528,332812288,37994496,8228864,296194048,91701248,4796416,2940928,296759296,14278656,37343232,187244544,69689344,9310208,211562496,107286528,332812288,37183488,8228864,296194048,88727552,4796416,2940928,296759296,14278656,35721216,1073741824,1073741824,314572800,0,1073741824,1073741824,1073741824,314572800,1073741824,0,0,0,1073741824,314572800,2147483648,10.815271684836903,0,4.79832771153024,0,0,14.132495852097652,42231.160144203626,0,20335.02779229417,0,0,48269.25811803745,10.815271684836903,0,4.79832771153024,0,0,14.132495852097652,42231.160144203626,0,20335.02779229417,0,0,48269.25811803745,103.84606718788726,51.18518945729281,488.7957288415987,21.217260222347843,34.174430036047006,39.27555339671085,17.431725740848343,60.02153882972358,57.3141656634327,95.57661927330173,0,0,0,0,0,0,0,0,0,0,120208.52578690038,122359.94001960898,1571766.402225815,99857.6220086678,333958.8268339498,554469.9650729768,3171.769543646359,8959.746320449922,603706.9612633665,125070.946431136,0,0,0,0,0,0,0,0,0,0,123.67347858414257,41.9574369917527,474.03842538632176,28.67910307141511,47.35265202939938,53.96340758217103,15.398024404416034,73.32774919229388,77.68571630904326,128.2732538656709,0,0,0,0,0,0,0,0,0,0,24759.817948313543,6784.041755579907,145862.8604729857,5937.3280572828335,12291.18486962221,6638.632526079616,2927.6359898091446,10378.724422639703,18775.983759412695,24289.554310881325,0,0,0,0,0,0,0,0,0,0,21.08,6,24,5.442,5.418,2,5.105,49.164,0,0,0,0,0.008107041706419118,0.0030366300366300365,0.030352986811481766,0.016888904182950266,0.0015733859638542068,0.003,0.003129380072730618,0.0032119490317546904,0.021196736796325017,0.0046659340659340656,0.07129740518962077,0.038218579103863705,0.004314677192770842,0.0046,0.004832884130915114,0.004981508257158444,0.02412033929467526,0.004869597069597069,0.08659680638722554,0.062423412075253946,0.004657338596385421,0.0048,0.006310384691545288,0.007475950627498413,0.07794931926825877,0.00721999999999999,0.09883632734530937,0.1354526771693206,0.004931467719277084,0.00496,0.08637519929177953,0.009637407443128064,0.45782560548447404,0.375,0.3863393810032017,0.45859837070603443,0.8664046794714259,0.375,0.45855223093480474,0.4879328760569243,2.181483929135311,2.163709677419355,0.4954108858057631,2.1257133321900192,2.1123869298877644,0.475,2.1255894751077262,2.1911205983693036,2.3407419645676555,2.331854838709677,0.6994117647058821,2.312856666095009,2.306193464943882,0.4875,2.3127947375538627,2.3455602991846516,2.4681483929135317,2.4663709677419354,0.9398823529411765,2.462571333219002,2.4612386929887764,0.4975,2.4625589475107725,2.4691120598369305,395.7910282444139,397.44537815125744,396.67796610167784,392.47058823530114,397.12629190824856,132555267.96113247,38627069.8487395,0,12898613.781512605,36048861.23855138,4162679212.0428953,2721313628.5042014,754930011.1186441,4604163115.025209,4614622709.889925,0,0,0,0,0,15.909510463691745,1.3109243697478992,5.372881355932203,0.36974789915966383,16.46920426854886,0,0,0,0,0,65552.01637941162,16513.0756302521,1070826.3050847459,21899.831932773108,71088.88328711873,1573.46401060634,265.96638655462186,2805.4237288135596,1729.764705882353,456.06251575497856,1773.6754661251618,375.563025210084,1889.8135593220336,2101.495798319328,559.3143433324931,0,0,0,0,0,0,0,0,0,0,0,0,0,0,0,0,0,0,0,0
1693106013,0.6896927237417652,0.3257611953264128,0.1505085037304608,0.052742616033755324,1.726844583987441,0.8333155274459941,0.19003278065466286,0.15339776039269817,0.19918377823408645,0.08724671188954575,0,0.14967445805373314,0.0499999999999995,0.5544306238549804,0.29627873903768653,9.537341688295191,3.870614563697171,0.9301533832161519,0.4513293723628694,9.913861718995285,8.55074408666482,0.31180277685400715,0.643427120724037,1.3415153888855207,1.016947047789387,0,0.2983352408511486,0.9526472549999989,2.7223911098254736,1.0389174271154298,8.439660961576854,3.4747860834817343,1.032058311294588,0.39556962025316433,7.790423861852432,7.286169098950869,0.35631146372749284,0.40266912103083286,1.1951026694045124,0.6761620171439781,0,0.12472871504477759,0.700000000000003,1.398129399286472,0.6814410997866792,50000,100000,50000,50000,50000,50000,10000,50000,50000,20000,50000,0,2162688,0,220594176,0,0,811008,0,0,2973696,0,0,0,0,1622016,2401.764161388098,1.433349259436216,7.095400890150294,3.481012658227848,265.50235478806906,2281.7461165359714,3.1355408808019387,1.2655315232397606,114.55912731006161,2.8791414923550067,0,0,47.85000000000001,4.772924501012438,9.777198388243658,0,0,0,0,0,0,0,0,0,0,0,0,0,0,0,224342016,72081408,9687040,439984128,111349760,349663232,38166528,8617984,310304768,93900800,4952064,3993600,305532928,14635008,134160384,203563008,66908160,8515584,199372800,103809024,330215424,35278848,7434240,291827712,82046976,4055040,2568192,294531072,13516800,33927168,0,0,0,0,0,0,0,0,0,0,0,0,0,0,0,205086720,71852032,9310208,424857600,107286528,332812288,37994496,8228864,296194048,91701248,4796416,2940928,296759296,14278656,37343232,187244544,69689344,9310208,211562496,107286528,332812288,37183488,8228864,296194048,88727552,4796416,2940928,296759296,14278656,35721216,1073741824,1073741824,314572800,0,1073741824,1073741824,1073741824,314572800,1073741824,0,0,0,1073741824,314572800,2147483648,10.815271684836903,0,4.79832771153024,0,0,14.132495852097652,42231.160144203626,0,20335.02779229417,0,0,48269.25811803745,10.815271684836903,0,4.79832771153024,0,0,14.132495852097652,42231.160144203626,0,20335.02779229417,0,0,48269.25811803745,103.84606718788726,50.37500966519755,488.7957288415987,21.217260222347843,34.174430036047006,39.27555339671085,17.431725740848343,60.02153882972358,57.3141656634327,95.57661927330173,0,0,0,0,0,0,0,0,0,0,120208.52578690038,121150.17783963504,1571766.402225815,99857.6220086678,333958.8268339498,554469.9650729768,3171.769543646359,8959.746320449922,603706.9612633665,125070.946431136,0,0,0,0,0,0,0,0,0,0,123.67347858414257,41.309054357071055,474.03842538632176,28.67910307141511,47.35265202939938,53.96340758217103,15.398024404416034,73.32774919229388,77.68571630904326,128.2732538656709,0,0,0,0,0,0,0,0,0,0,24759.817948313543,6674.572798267996,145862.8604729857,5937.3280572828335,12291.18486962221,6638.632526079616,2927.6359898091446,10378.724422639703,18775.983759412695,24289.554310881325,0,0,0,0,0,0,0,0,0,0,22,18,50,4,4,2,2,54,0,0,0,0,0.008106775300171527,0.0030366300366300365,0.030352986811481766,0.016887376237623763,0.0015,0.003,0.003129370629370629,0.0032120844455229315,0.02119613259668508,0.0046659340659340656,0.07129740518962077,0.03821428571428569,0.0043,0.0046,0.0048328671328671325,0.004981752001941277,0.024120165745856348,0.004869597069597069,0.08659680638722554,0.06241666666666662,0.0046500000000000005,0.0048,0.006309999999999994,0.0074774881516587646,0.07794791666666652,0.00721999999999999,0.09883632734530937,0.1354374999999996,0.00493,0.00496,0.08637500000000026,0.009637677725118485,0.4578767123287671,0.375,0.3863393810032017,0.45867486338797814,0.8765306122448979,0.375,0.45856164383561643,0.4878497790868926,2.181494483450351,2.163709677419355,0.4954108858057631,2.1259183673469386,2.1256147540983608,0.475,2.1256147540983608,2.191052869408044,2.340747241725176,2.331854838709677,0.6994117647058821,2.3129591836734695,2.31280737704918,0.4875,2.31280737704918,2.3455264347040217,2.4681494483450352,2.4663709677419354,0.9398823529411765,2.462591836734694,2.462561475409836,0.4975,2.462561475409836,2.469105286940804,395.8319327730906,397.47899159663405,396.65546218486674,392.3193277310875,397.24369747898595,132749088.26890756,38627069.8487395,0,12898613.781512605,36051890.554621845,4098120144.672269,2607972283.1596637,695979584.5378151,4604125459.361344,4693244437.512605,0,0,0,0,0,15.983193277310924,1.3109243697478992,5.3277310924369745,0.8739495798319328,16.57142857142857,0,0,0,0,0,65880.20168067227,16513.0756302521,1061827.7647058824,38077.31092436975,71464.87394957982,1576.2016806722688,266.40336134453776,2805.27731092437,1728.5546218487395,456.7226890756302,1776.8067226890755,376.47058823529414,1890.1680672268906,2100.0840336134456,559.9495798319326,0,0,0,0,0,0,0,0,0,0,0,0,0,0,0,0,0,0,0,0
1693106014,0.6896927237417652,0.3257611953264128,0.17507513641271044,0.052742616033755324,1.726844583987441,0.9054286149333136,0.16155742421123193,0.15339776039269817,0.17669861233582418,0.08724671188954575,0,0.14967445805373314,0.1360636778012106,0.5544306238549804,0.29627873903768653,9.537341688295191,3.870614563697171,0.9276102681567514,0.4513293723628694,9.913861718995285,8.619239140386343,0.2650808629800834,0.643427120724037,1.4275779197135259,1.016947047789387,0,0.2983352408511486,2.6878636006984586,2.7223911098254736,1.0389174271154298,8.439660961576854,3.4747860834817343,0.9920924396720253,0.39556962025316433,7.790423861852432,7.447880542193376,0.30292017039605984,0.40266912103083286,1.335056182092899,0.6761620171439781,0,0.12472871504477759,2.267727963353516,1.398129399286472,0.6814410997866792,50000,100000,50000,50000,50000,50000,10000,50000,50000,20000,50000,0,2162688,0,220594176,0,0,811008,0,0,2973696,0,0,0,0,1622016,2401.764161388098,1.433349259436216,9.629132502699074,3.481012658227848,265.50235478806906,2498.2820002237386,2.665697499485328,1.2655315232397606,93.29686731331508,2.8791414923550067,0,0,339.75100346962375,4.772924501012438,9.777198388243658,0,0,0,0,0,0,0,0,0,0,0,0,0,0,0,224342016,72081408,9687040,439984128,111349760,349663232,38166528,8617984,310304768,93900800,4952064,3993600,305532928,14635008,134160384,203563008,66908160,8515584,199372800,103809024,330215424,35278848,7434240,291827712,82046976,4055040,2568192,294801408,13516800,33927168,0,0,0,0,0,0,0,0,0,0,0,0,0,0,0,205086720,71852032,9310208,424857600,107286528,332812288,37994496,8228864,296099840,91701248,4796416,2940928,297418752,14278656,37343232,187244544,69689344,9310208,211562496,107286528,332812288,37183488,8228864,296099840,88727552,4796416,2940928,297418752,14278656,35721216,1073741824,1073741824,314572800,0,1073741824,1073741824,1073741824,314572800,1073741824,0,0,0,1073741824,314572800,2147483648,10.815271684836903,0,4.079324961333608,0,0,14.132495852097652,42231.160144203626,0,17287.936849995516,0,0,48269.25811803745,10.815271684836903,0,4.079324961333608,0,0,14.132495852097652,42231.160144203626,0,17287.936849995516,0,0,48269.25811803745,103.84606718788726,50.37500966519755,488.7957288415987,21.421120919937923,34.174430036047006,39.27555339671085,17.431725740848343,60.346929207688696,57.3141656634327,82.12421011058451,0,0,0,0,0,0,0,0,0,0,120208.52578690038,121150.17783963504,1571766.402225815,100527.69226855267,333958.8268339498,554469.9650729768,3171.769543646359,9017.308954524144,603706.9612633665,107467.2107209536,0,0,0,0,0,0,0,0,0,0,123.67347858414257,41.309054357071055,474.03842538632176,28.90070470908489,47.35265202939938,53.96340758217103,15.398024404416034,73.53023909985934,77.68571630904326,110.21879338407774,0,0,0,0,0,0,0,0,0,0,24759.817948313543,6674.572798267996,145862.8604729857,5979.0622535426255,12291.18486962221,6638.632526079616,2927.6359898091446,10432.648851383028,18775.983759412695,20870.799541624776,0,0,0,0,0,0,0,0,0,0,46,16,52,10,10,2,10,82,0,0,0,0,0.008106775300171527,0.0030366300366300365,0.030352986811481766,0.016887376237623763,0.0015,0.003,0.003129370629370629,0.0032120844455229315,0.02119613259668508,0.0046659340659340656,0.07129740518962077,0.03821428571428569,0.0043,0.0046,0.0048328671328671325,0.004981752001941277,0.024120165745856348,0.004869597069597069,0.08659680638722554,0.06241666666666662,0.0046500000000000005,0.0048,0.006309999999999994,0.0074774881516587646,0.07794791666666652,0.00721999999999999,0.09883632734530937,0.1354374999999996,0.00493,0.00496,0.08637500000000026,0.009637677725118485,0.4578767123287671,0.375,0.3863393810032017,0.45867486338797814,0.8765306122448979,0.375,0.45856164383561643,0.4878497790868926,2.181494483450351,2.163709677419355,0.4954108858057631,2.1259183673469386,2.1256147540983608,0.475,2.1256147540983608,2.191052869408044,2.340747241725176,2.331854838709677,0.6994117647058821,2.3129591836734695,2.31280737704918,0.4875,2.31280737704918,2.3455264347040217,2.4681494483450352,2.4663709677419354,0.9398823529411765,2.462591836734694,2.462561475409836,0.4975,2.462561475409836,2.469105286940804,395.8823529411904,397.5462184873877,396.5714285714218,392.3361344537826,397.2605042016846,132748950.58823529,38627069.8487395,0,12898613.781512605,36051890.554621845,4027471648.2689075,2721349838.5210085,695965609.9495798,4604160361.411764,4771479414.319327,0,0,0,0,0,16,1.2941176470588234,5.3277310924369745,0.8739495798319328,16.554621848739494,0,0,0,0,0,65923.2268907563,16237.714285714284,1061827.7647058824,38077.31092436975,71396.03361344537,1578.5882352941176,266.2689075630252,2804.6050420168067,1733.6806722689078,456.77310924369743,1779.6470588235293,376.4369747899159,1890.1176470588234,2105.4453781512602,560.0504201680671,0,0,0,0,0,0,0,0,0,0,0,0,0,0,0,0,0,0,0,0
1693106015,0.7239556939115331,0.3257611953264128,0.17507513641271044,0.052742616033755324,1.755348326933625,0.9246950006836461,0.1583902112003209,0.15339776039269817,0.20884577899475582,0.08724671188954575,0,0.12746318424094263,0.1360636778012106,0.5544306238549804,0.24623726001422133,10.56624731533098,3.870614563697171,0.9276102681567514,0.4513293723628694,10.05260431431705,8.80264574297674,0.2598841500325166,0.643427120724037,1.6873003063071486,1.016947047789387,0,0.2540631198178405,2.6878636006984586,2.7223911098254736,0.8634442736756337,9.459687733777363,3.4747860834817343,0.9920924396720253,0.39556962025316433,7.981349424026331,7.606362102397725,0.2969816460006016,0.40266912103083286,1.5779458857381614,0.6761620171439781,0,0.1062193202007855,2.267727963353516,1.398129399286472,0.5663456980327091,50000,100000,50000,50000,50000,50000,10000,50000,50000,20000,50000,0,2162688,0,220594176,0,0,811008,0,0,2973696,0,0,0,0,1622016,2836.6031998841668,1.433349259436216,9.629132502699074,3.481012658227848,293.2528798683489,2551.442308983108,2.613438484805296,1.2655315232397606,110.27057130923097,2.8791414923550067,0,0,339.75100346962375,4.772924501012438,8.125829580469306,0,0,0,0,0,0,0,0,0,0,0,0,0,0,0,224342016,72081408,9687040,439984128,111349760,349663232,38166528,8617984,310304768,93900800,4952064,3993600,305532928,14635008,134160384,203563008,66908160,8515584,199372800,103809024,330215424,35278848,7434240,291827712,82046976,4055040,2568192,294801408,13516800,33927168,0,0,0,0,0,0,0,0,0,0,0,0,0,0,0,205086720,71852032,9310208,424857600,107286528,332812288,37994496,8228864,296099840,91701248,4796416,2940928,297418752,14278656,37343232,187244544,69689344,9310208,211562496,107286528,332812288,37183488,8228864,296099840,88727552,4796416,2940928,297418752,14278656,35721216,1073741824,1073741824,314572800,0,1073741824,1073741824,1073741824,314572800,1073741824,0,0,0,1073741824,314572800,2147483648,10.815271684836903,0,3.9993528328081043,0,0,11.74551730267836,42231.160144203626,0,16949.019720123946,0,0,40116.58042190092,10.815271684836903,0,3.9993528328081043,0,0,11.74551730267836,42231.160144203626,0,16949.019720123946,0,0,40116.58042190092,103.84606718788726,50.37500966519755,488.7957288415987,21.421120919937923,34.174430036047006,39.27555339671085,17.431725740848343,60.346929207688696,48.84360959642456,80.5312664560295,0,0,0,0,0,0,0,0,0,0,120208.52578690038,121150.17783963504,1571766.402225815,100527.69226855267,333958.8268339498,554469.9650729768,3171.769543646359,9017.308954524144,514484.1032799849,105382.69494710135,0,0,0,0,0,0,0,0,0,0,123.67347858414257,41.309054357071055,474.03842538632176,28.90070470908489,47.35265202939938,53.96340758217103,15.398024404416034,73.53023909985934,66.20441481953591,108.0809058196499,0,0,0,0,0,0,0,0,0,0,24759.817948313543,6674.572798267996,145862.8604729857,5979.0622535426255,12291.18486962221,6638.632526079616,2927.6359898091446,10432.648851383028,16001.049826302828,20465.973636443425,0,0,0,0,0,0,0,0,0,0,34,32,54,6,10,2,10,52,0,0,0,0,0.008106775300171527,0.0030366300366300365,0.030352986811481766,0.016887376237623763,0.0015,0.003,0.003129370629370629,0.0032140096618357493,0.02119613259668508,0.0046659340659340656,0.07129740518962077,0.03821428571428569,0.0043,0.0046,0.0048328671328671325,0.0049852173913043476,0.024120165745856348,0.004869597069597069,0.08659680638722554,0.06241666666666662,0.0046500000000000005,0.0048,0.006309999999999994,0.007509976525821595,0.07794791666666652,0.00721999999999999,0.09883632734530937,0.1354374999999996,0.00493,0.00496,0.08637500000000026,0.009661619718309861,0.4578767123287671,0.375,0.3863393810032017,0.45867486338797814,0.8765306122448979,0.375,0.45856164383561643,0.49015095729013264,2.181494483450351,2.163709677419355,0.4954108858057631,2.1259183673469386,2.1256147540983608,0.475,2.1256147540983608,2.192828418230563,2.340747241725176,2.331854838709677,0.6994117647058821,2.3129591836734695,2.31280737704918,0.4875,2.31280737704918,2.3464142091152813,2.4681494483450352,2.4663709677419354,0.9398823529411765,2.462591836734694,2.462561475409836,0.4975,2.462561475409836,2.4692828418230564,395.8455876174178,397.5126050420195,396.53781512603297,392.2689075630302,397.2773109243626,116149613.16236158,28970216.336134452,0,25797296.403361343,36051890.554621845,4097916349.4949837,2778046119.7983193,643230883.4957983,4604128006.453781,4771485816.470588,0,0,0,0,0,15.999193317983968,1.2941176470588234,5.899159663865546,0.8739495798319328,16.57142857142857,0,0,0,0,0,65971.53084718419,16237.714285714284,1202881.6134453781,38077.31092436975,71516.50420168067,1587.9367426852427,265.327731092437,2805.6974789915967,1739.3781512605042,457.71428571428567,1788.716535300741,375.74789915966386,1891.5294117647056,2111.126050420168,561.0084033613446,0,0,0,0,0,0,0,0,0,0,0,0,0,0,0,0,0,0,0,0
1693106016,0.7239556939115331,0.3257611953264128,0.17507513641271044,0.052742616033755324,1.755348326933625,0.7587793604972161,0.11982962990259279,0.1726270966999452,0.20884577899475582,0.08724671188954575,0,0.12476828746613433,0.1360636778012106,0.5544306238549804,0.3005033430996918,10.56624731533098,3.870614563697171,0.9276102681567514,0.4513293723628694,10.05260431431705,7.438873941169315,0.2478800517350237,0.6394789279857289,1.6873003063071486,1.016947047789387,0,0.29831738378725237,2.6878636006984586,2.7223911098254736,1.054839786642627,9.459687733777363,3.4747860834817343,0.9920924396720253,0.39556962025316433,7.981349424026331,6.362073099553571,0.3594888897077793,0.43156774174986307,1.5779458857381614,0.6761620171439781,0,0.12476828746613433,2.267727963353516,1.398129399286472,0.7136954398617682,50000,100000,50000,50000,50000,50000,10000,50000,50000,20000,50000,0,2162688,0,220594176,0,0,811008,0,0,2973696,0,0,0,0,1757184,2836.6031998841668,1.433349259436216,9.629132502699074,3.481012658227848,293.2528798683489,2161.120353982301,3.954377786785569,0,110.27057130923097,2.8791414923550067,0,0,339.75100346962375,4.772924501012438,11.156186612576064,0,0,0,0,0,0,0,0,0,0,0,0,0,0,0,224342016,72081408,9687040,439984128,111349760,349663232,38166528,8617984,310304768,93900800,4952064,3993600,305532928,14635008,134160384,203563008,66908160,8515584,199372800,103809024,330620928,35278848,7434240,291827712,82046976,4055040,2568192,294801408,13516800,34062336,0,0,0,0,0,0,0,0,0,0,0,0,0,0,0,205086720,71852032,9310208,424857600,107286528,333217792,37994496,8228864,296099840,91701248,4796416,2940928,297418752,14278656,37666816,187244544,69689344,9310208,211562496,107286528,333217792,37183488,8228864,296099840,88727552,4796416,2940928,297418752,14278656,36044800,1073741824,1073741824,314572800,0,1073741824,1073741824,1073741824,314572800,1073741824,0,0,0,1073741824,314572800,2147483648,10.815271684836903,0,3.2653574148456594,0,0,14.123657125685522,42231.160144203626,0,12224.539524142929,0,0,45945.759146570505,10.815271684836903,0,3.2653574148456594,0,0,14.123657125685522,42231.160144203626,0,12224.539524142929,0,0,45945.759146570505,88.69808172107685,50.37500966519755,488.7957288415987,21.421120919937923,34.174430036047006,39.27555339671085,17.431725740848343,60.346929207688696,47.88837350203401,78.93832280147447,0,0,0,0,0,0,0,0,0,0,102255.73408864347,121150.17783963504,1571766.402225815,100527.69226855267,333958.8268339498,554469.9650729768,3171.769543646359,9017.308954524144,504422.3205922621,103298.17917324908,0,0,0,0,0,0,0,0,0,0,105.9717632349829,41.309054357071055,474.03842538632176,28.90070470908489,47.35265202939938,53.96340758217103,15.398024404416034,73.53023909985934,64.90965288105185,105.94301825522206,0,0,0,0,0,0,0,0,0,0,21192.90370331696,6674.572798267996,145862.8604729857,5979.0622535426255,12291.18486962221,6638.632526079616,2927.6359898091446,10432.648851383028,15688.116763645949,20061.14773126207,0,0,0,0,0,0,0,0,0,0,48,24,66,16,14,2,14,110,0,0,0,0,0.008106775300171527,0.0030366300366300365,0.030352986811481766,0.016887376237623763,0.0015,0.003,0.003129370629370629,0.0032140096618357493,0.02119613259668508,0.0046659340659340656,0.07129740518962077,0.03821428571428569,0.0043,0.0046,0.0048328671328671325,0.0049852173913043476,0.024120165745856348,0.004869597069597069,0.08659680638722554,0.06241666666666662,0.0046500000000000005,0.0048,0.006309999999999994,0.007509976525821595,0.07794791666666652,0.00721999999999999,0.09883632734530937,0.1354374999999996,0.00493,0.00496,0.08637500000000026,0.009661619718309861,0.4578767123287671,0.375,0.3863393810032017,0.45867486338797814,0.8765306122448979,0.375,0.45856164383561643,0.49015095729013264,2.181494483450351,2.163709677419355,0.4954108858057631,2.1259183673469386,2.1256147540983608,0.475,2.1256147540983608,2.192828418230563,2.340747241725176,2.331854838709677,0.6994117647058821,2.3129591836734695,2.31280737704918,0.4875,2.31280737704918,2.3464142091152813,2.4681494483450352,2.4663709677419354,0.9398823529411765,2.462591836734694,2.462561475409836,0.4975,2.462561475409836,2.4692828418230564,395.8823529411589,397.42857142857537,396.48739495798526,392.20168067226365,397.2436974789891,116155469.44537814,28970216.336134452,0,25797296.403361343,36051890.554621845,4168704344.2016807,2834715209.142857,644854758.1848739,4604135716.571428,4771537859.764706,0,0,0,0,0,15.949579831932773,1.3109243697478992,5.899159663865546,0.8739495798319328,16.554621848739494,0,0,0,0,0,65811.36134453781,16513.0756302521,1202881.6134453781,38077.31092436975,71413.24369747899,1587.7983193277312,263.9663865546218,2809.075630252101,1741.7310924369747,457.5126050420168,1788.9915966386554,374.63865546218483,1894.9411764705883,2112.9747899159665,560.8235294117646,0,0,0,0,0,0,0,0,0,0,0,0,0,0,0,0,0,0,0,0
1693106017,0.7239556939115331,0.3257611953264128,0.17507513641271044,0.052742616033755324,1.755348326933625,0.7741596075276451,0.08774816277284178,0.1726270966999452,0.20884577899475582,0.08724671188954575,0,0.12476828746613433,0.1360636778012106,0.4693994471764216,0.3005033430996918,10.56624731533098,3.870614563697171,0.9276102681567514,0.4513293723628694,10.05260431431705,7.589657851222473,0.3095210990457391,0.6394789279857289,1.6873003063071486,1.016947047789387,0,0.29831738378725237,2.6878636006984586,2.304867059948573,1.054839786642627,9.459687733777363,3.4747860834817343,0.9920924396720253,0.39556962025316433,7.981349424026331,6.491030555424092,0.5045519359438416,0.43156774174986307,1.5779458857381614,0.6761620171439781,0,0.12476828746613433,2.267727963353516,1.1837029537492367,0.7136954398617682,50000,100000,50000,50000,50000,50000,10000,50000,50000,20000,50000,0,2162688,0,220594176,0,0,946176,0,0,2973696,0,0,0,0,1757184,2836.6031998841668,1.433349259436216,9.629132502699074,3.481012658227848,293.2528798683489,2204.9256637168137,4.343534057255677,0,110.27057130923097,2.8791414923550067,0,0,339.75100346962375,4.040916980040498,11.156186612576064,0,0,0,0,0,0,0,0,0,0,0,0,0,0,0,224342016,72081408,9687040,439984128,111349760,349663232,38371328,8617984,310304768,93900800,4952064,3993600,305532928,14635008,134160384,203563008,66908160,8515584,199372800,103809024,330620928,35414016,7434240,291827712,82046976,4055040,2568192,294801408,13516800,34062336,0,0,0,0,0,0,0,0,0,0,0,0,0,0,0,205086720,71852032,9310208,424857600,107286528,333217792,38223872,8228864,296099840,91701248,4796416,2940928,297418752,14278656,37666816,187244544,69689344,9310208,211562496,107286528,333217792,37277696,8228864,296099840,88727552,4796416,2940928,297418752,14278656,36044800,1073741824,1073741824,314572800,0,1073741824,1073741824,1073741824,314572800,1073741824,0,0,0,1073741824,314572800,2147483648,10.815271684836903,0,4.365471097948887,0,0,14.123657125685522,42231.160144203626,0,16308.522540309314,0,0,45945.759146570505,10.815271684836903,0,4.365471097948887,0,0,14.123657125685522,42231.160144203626,0,16308.522540309314,0,0,45945.759146570505,86.95940650026175,50.37500966519755,491.5588631936466,21.421120919937923,34.26807760141093,39.27555339671085,17.431725740848343,60.346929207688696,46.121617870197944,57.625,0,0,0,0,0,0,0,0,0,0,100251.29940870006,121150.17783963504,1574205.1845562158,100527.69226855267,333465.9082892416,554469.9650729768,3171.769543646359,9017.308954524144,494134.3141164908,77035.675,0,0,0,0,0,0,0,0,0,0,103.89448630556576,41.309054357071055,476.4497277858248,28.90070470908489,47.70723104056437,53.96340758217103,15.398024404416034,73.53023909985934,62.4782088419891,77.45,0,0,0,0,0,0,0,0,0,0,20777.476719879483,6674.572798267996,146493.15718495578,5979.0622535426255,12593.350970017636,6638.632526079616,2927.6359898091446,10432.648851383028,14823.833824746533,14722.050000000001,0,0,0,0,0,0,0,0,0,0,52,32,82,16,14,2,14,140,0,0,0,0,0.008126582278481013,0.0030380434782608695,0.030450913242009128,0.01686899038461539,0.001543859649122807,0.003,0.0031335740072202167,0.003220941402497599,0.021198555956678702,0.004668478260869566,0.07104581673306773,0.03718085106382979,0.004308771929824561,0.0046,0.00484043321299639,0.004997694524495677,0.024101083032490977,0.004872282608695652,0.08646912350597608,0.06158333333333333,0.004654385964912281,0.0048,0.006490000000000015,0.007582392776523699,0.07766666666666677,0.007321428571428573,0.09880776892430278,0.13356250000000114,0.004930877192982456,0.00496,0.08862500000000105,0.009669977426636561,0.4594594594594596,0.3739583333333334,0.38592872191011235,0.45923180592991913,0.871,0.375,0.4552083333333334,0.4865454545454545,2.182213438735178,2.1638446215139444,0.4946716994382023,2.1274,2.116233766233766,0.475,2.116233766233766,2.1900804289544236,2.341106719367589,2.3319223107569713,0.689056224899598,2.3137,2.3081168831168832,0.4875,2.3081168831168832,2.3450402144772116,2.468221343873518,2.4663844621513946,0.9378112449799196,2.4627399999999997,2.4616233766233764,0.4975,2.4616233766233764,2.469008042895442,395.94957983193126,397.3109243697535,396.4033613445334,392.2857142857114,397.0756302521015,116155469.44537814,28970216.336134452,0,25797296.403361343,36051890.554621845,4239302242.957983,2721365878.319328,699187750.722689,4604123462.991596,4849734423.663865,0,0,0,0,0,16.03361344537815,1.3109243697478992,5.899159663865546,0.8739495798319328,16.655462184873947,0,0,0,0,0,66069.51260504201,16513.0756302521,1202881.6134453781,38077.31092436975,71636.97478991597,1594.7226890756301,267.4621848739495,2810.789915966386,1756.72268907563,458.90756302521004,1795.7142857142858,377.781512605042,1897.0420168067228,2128.689075630252,562.1512605042017,0,0,0,0,0,0,0,0,0,0,0,0,0,0,0,0,0,0,0,0
1693106018,0.7239556939115331,0.3257611953264128,0.17507513641271044,0.052742616033755324,1.755348326933625,0.7895398545580745,0.08774816277284178,0.1726270966999452,0.20884577899475582,0.08724671188954575,0,0.12476828746613433,0.1360636778012106,0.4601589367788386,0.3005033430996918,10.56624731533098,3.870614563697171,0.9276102681567514,0.4513293723628694,10.05260431431705,7.740441761275633,0.3095210990457391,0.6394789279857289,1.6873003063071486,1.016947047789387,0,0.29831738378725237,2.6878636006984586,2.2594938747848157,1.054839786642627,9.459687733777363,3.4747860834817343,0.9920924396720253,0.39556962025316433,7.981349424026331,6.619988011294614,0.5045519359438416,0.43156774174986307,1.5779458857381614,0.6761620171439781,0,0.12476828746613433,2.267727963353516,1.1604007970944623,0.7136954398617682,50000,100000,50000,50000,50000,50000,10000,50000,50000,20000,50000,0,2162688,0,220594176,0,0,946176,0,0,2973696,0,0,0,0,1757184,2836.6031998841668,1.433349259436216,9.629132502699074,3.481012658227848,293.2528798683489,2248.7309734513274,4.343534057255677,0,110.27057130923097,2.8791414923550067,0,0,339.75100346962375,3.961368238356957,11.156186612576064,0,0,0,0,0,0,0,0,0,0,0,0,0,0,0,224342016,72081408,9687040,439984128,111349760,349663232,38371328,8617984,310304768,93900800,4952064,3993600,305532928,14635008,134160384,203563008,66908160,8515584,199372800,103809024,330620928,35414016,7434240,291827712,82046976,4055040,2568192,294801408,13516800,34062336,0,0,0,0,0,0,0,0,0,0,0,0,0,0,0,205086720,71852032,9310208,424857600,107286528,333217792,38223872,8228864,296099840,91701248,4796416,2940928,297418752,14278656,37666816,187244544,69689344,9310208,211562496,107286528,333217792,37277696,8228864,296099840,88727552,4796416,2940928,297418752,14278656,36044800,1073741824,1073741824,314572800,0,1073741824,1073741824,1073741824,314572800,1073741824,0,0,0,1073741824,314572800,2147483648,10.815271684836903,0,4.365471097948887,0,0,14.123657125685522,42231.160144203626,0,16308.522540309314,0,0,45945.759146570505,10.815271684836903,0,4.365471097948887,0,0,14.123657125685522,42231.160144203626,0,16308.522540309314,0,0,45945.759146570505,85.22073127944665,50.37500966519755,491.5588631936466,21.421120919937923,34.26807760141093,39.27555339671085,17.431725740848343,60.346929207688696,45.18649590776375,57.625,0,0,0,0,0,0,0,0,0,0,98246.86472875664,121150.17783963504,1574205.1845562158,100527.69226855267,333465.9082892416,554469.9650729768,3171.769543646359,9017.308954524144,484115.67489999306,77035.675,0,0,0,0,0,0,0,0,0,0,101.81720937614863,41.309054357071055,476.4497277858248,28.90070470908489,47.70723104056437,53.96340758217103,15.398024404416034,73.53023909985934,61.2114548129756,77.45,0,0,0,0,0,0,0,0,0,0,20362.049736442008,6674.572798267996,146493.15718495578,5979.0622535426255,12593.350970017636,6638.632526079616,2927.6359898091446,10432.648851383028,14523.278614042347,14722.050000000001,0,0,0,0,0,0,0,0,0,0,34,14,38,18,18,2,18,104,0,0,0,0,0.008126582278481013,0.0030380434782608695,0.030450913242009128,0.01686899038461539,0.0014715909090909092,0.003,0.003126712328767123,0.003220941402497599,0.021198555956678702,0.004668478260869566,0.07104581673306773,0.03718085106382979,0.004294318181818182,0.0046,0.004828082191780821,0.004997694524495677,0.024101083032490977,0.004872282608695652,0.08646912350597608,0.06158333333333333,0.0046471590909090916,0.0048,0.006189999999999995,0.007582392776523699,0.07766666666666677,0.007321428571428573,0.09880776892430278,0.13356250000000114,0.004929431818181818,0.00496,0.08487499999999974,0.009669977426636561,0.4594594594594596,0.3739583333333334,0.38592872191011235,0.45923180592991913,0.881,0.375,0.4597972972972973,0.4865454545454545,2.182213438735178,2.1638446215139444,0.4946716994382023,2.1274,2.1288844621513943,0.475,2.1288844621513943,2.1900804289544236,2.341106719367589,2.3319223107569713,0.689056224899598,2.3137,2.3144422310756974,0.4875,2.3144422310756974,2.3450402144772116,2.468221343873518,2.4663844621513946,0.9378112449799196,2.4627399999999997,2.462888446215139,0.4975,2.462888446215139,2.469008042895442,396.0504201680736,397.4621848739481,396.4369747899023,392.21848739497415,397.02521008404005,116155469.44537814,28970216.336134452,0,25797296.403361343,36051890.554621845,4239345956.5714283,2721352247.932773,699186924.6386554,4512093846.588235,4771510185.949579,0,0,0,0,0,15.91596638655462,1.3109243697478992,5.3277310924369745,0.8739495798319328,16.63865546218487,0,0,0,0,0,65725.31092436974,16513.0756302521,1061758.9243697478,38077.31092436975,71576.73949579832,1592.235294117647,267.76470588235287,2811.848739495798,1752.4033613445379,457.12605042016804,1793.1932773109243,377.99999999999994,1898.924369747899,2124.5378151260506,560.3865546218486,0,0,0,0,0,0,0,0,0,0,0,0,0,0,0,0,0,0,0,0
1693106019,0.7239556939115331,0.3257611953264128,0.17030939540164636,0.052742616033755324,1.7659237608086698,0.9228148218257539,0.08774816277284178,0.1726270966999452,0.20884577899475582,0.08724671188954575,0,0.12476828746613433,0.1360636778012106,0.4509184263812556,0.3005033430996918,10.56624731533098,3.870614563697171,0.947150918724572,0.4513293723628694,10.324578041651437,9.04703460318962,0.3095210990457391,0.6394789279857289,1.6873003063071486,1.016947047789387,0,0.29831738378725237,2.6878636006984586,2.214120689621058,1.054839786642627,9.459687733777363,3.4747860834817343,1.059702904721355,0.39556962025316433,8.18008362765396,7.737447352231309,0.5045519359438416,0.43156774174986307,1.5779458857381614,0.6761620171439781,0,0.12476828746613433,2.267727963353516,1.137098640439688,0.7136954398617682,50000,100000,50000,50000,50000,50000,10000,50000,50000,20000,50000,0,2162688,0,220594176,0,0,946176,0,0,2973696,0,0,0,0,1757184,2836.6031998841668,1.433349259436216,8.742548963951178,3.481012658227848,277.31092436974785,2628.318584070796,4.343534057255677,0,110.27057130923097,2.8791414923550067,0,0,339.75100346962375,3.8818194966734163,11.156186612576064,0,0,0,0,0,0,0,0,0,0,0,0,0,0,0,224342016,72081408,9723904,439984128,111349760,349663232,38371328,8617984,310304768,93900800,4952064,3993600,305532928,14635008,134160384,203563008,66908160,8515584,199372800,103673856,330620928,35414016,7434240,291827712,82046976,4055040,2568192,294801408,13516800,34062336,0,0,0,0,0,0,0,0,0,0,0,0,0,0,0,205086720,71852032,9334784,424857600,107556864,333217792,38223872,8228864,296099840,91701248,4796416,2940928,297418752,14278656,37666816,187244544,69689344,9334784,211562496,107556864,333217792,37277696,8228864,296099840,88727552,4796416,2940928,297418752,14278656,36044800,1073741824,1073741824,314572800,0,1073741824,1073741824,1073741824,314572800,1073741824,0,0,0,1073741824,314572800,2147483648,10.815271684836903,0,4.365471097948887,0,0,14.123657125685522,42231.160144203626,0,16308.522540309314,0,0,45945.759146570505,10.815271684836903,0,4.365471097948887,0,0,14.123657125685522,42231.160144203626,0,16308.522540309314,0,0,45945.759146570505,105.91381260927697,50.37500966519755,491.5588631936466,21.421120919937923,34.26807760141094,39.10909378793477,17.431725740848343,60.346929207688696,55.09782675362378,96.01711725767268,0,0,0,0,0,0,0,0,0,0,121187.90496760259,121150.17783963504,1574205.1845562158,100527.69226855267,333465.90828924166,552604.6691648634,3171.769543646359,9017.308954524144,601095.2098624087,124873.04700559433,0,0,0,0,0,0,0,0,0,0,125.5990949295485,41.309054357071055,476.4497277858248,28.90070470908489,47.70723104056438,53.517707288752845,15.398024404416034,73.53023909985934,74.23384376341667,129.09265161477256,0,0,0,0,0,0,0,0,0,0,25285.83770441222,6674.572798267996,146493.15718495578,5979.0622535426255,12593.350970017638,6586.073432909344,2927.6359898091446,10432.648851383028,17612.761433565716,24461.252145229235,0,0,0,0,0,0,0,0,0,0,32,18,56,12,14,2,14,58,0,0,0,0,0.008126582278481013,0.0030380434782608695,0.030450913242009128,0.01686899038461539,0.0014715909090909092,0.003,0.003126712328767123,0.003220941402497599,0.021198555956678702,0.004668478260869566,0.07104581673306773,0.03718085106382979,0.004294318181818182,0.0046,0.004828082191780821,0.004997694524495677,0.024101083032490977,0.004872282608695652,0.08646912350597608,0.06158333333333333,0.0046471590909090916,0.0048,0.006189999999999995,0.007582392776523699,0.07766666666666677,0.007321428571428573,0.09880776892430278,0.13356250000000114,0.004929431818181818,0.00496,0.08487499999999974,0.009669977426636561,0.4594594594594596,0.3739583333333334,0.38592872191011235,0.45923180592991913,0.881,0.375,0.4597972972972973,0.4865454545454545,2.182213438735178,2.1638446215139444,0.4946716994382023,2.1274,2.1288844621513943,0.475,2.1288844621513943,2.1900804289544236,2.341106719367589,2.3319223107569713,0.689056224899598,2.3137,2.3144422310756974,0.4875,2.3144422310756974,2.3450402144772116,2.468221343873518,2.4663844621513946,0.9378112449799196,2.4627399999999997,2.462888446215139,0.4975,2.462888446215139,2.469008042895442,396.0840336134586,397.3277310924391,396.45378151261934,392.3529411764699,397.0252100840427,116155469.44537814,28970216.336134452,0,25797296.403361343,36051890.554621845,4239291228.5042014,2608001471.462185,753607482.0840336,4420047157.781512,4693299096.739495,0,0,0,0,0,15.983193277310924,1.2773109243697478,5.3277310924369745,0.8739495798319328,16.60504201680672,0,0,0,0,0,65914.6218487395,11969.61344537815,1061758.9243697478,38077.31092436975,71507.89915966387,1595.781512605042,267.57983193277306,2812.4033613445376,1752.1344537815123,456.8067226890756,1796.9243697478992,377.781512605042,1899.9495798319329,2124.9579831932774,559.9831932773109,0,0,0,0,0,0,0,0,0,0,0,0,0,0,0,0,0,0,0,0
1693106020,0.7239556939115331,0.3257611953264128,0.17030939540164636,0.052742616033755324,1.7659237608086698,0.9228148218257539,0.08774816277284178,0.1726270966999452,0.20884577899475582,0.06791978673186971,0,0.13344008540165467,0.1360636778012106,0.5860243301135674,0.3005033430996918,10.56624731533098,3.870614563697171,0.947150918724572,0.4513293723628694,10.324578041651437,9.04703460318962,0.3095210990457391,0.6394789279857289,1.6873003063071486,1.0505848895454484,0,0.29987667689707315,2.6878636006984586,2.7615514872893354,1.054839786642627,9.459687733777363,3.4747860834817343,1.059702904721355,0.39556962025316433,8.18008362765396,7.737447352231309,0.5045519359438416,0.43156774174986307,1.5779458857381614,0.7301377073675983,0,0.13344008540165467,2.267727963353516,1.5559956351291275,0.7136954398617682,50000,100000,50000,50000,50000,50000,10000,50000,50000,20000,50000,0,2162688,0,220594176,0,0,946176,0,0,2973696,0,0,0,0,1757184,2836.6031998841668,1.433349259436216,8.742548963951178,3.481012658227848,277.31092436974785,2628.318584070796,4.343534057255677,0,110.27057130923097,2.2413529621516988,0,0,339.75100346962375,2.66742108879279,11.156186612576064,0,0,0,0,0,0,0,0,0,0,0,0,0,0,0,224342016,72081408,9723904,439984128,111349760,349663232,38371328,8617984,310304768,93900800,4952064,3993600,305532928,14680064,134160384,203563008,66908160,8515584,199372800,103673856,330620928,35414016,7434240,291827712,82046976,4055040,2568192,294801408,13516800,34062336,0,0,0,0,0,0,0,0,0,0,0,0,0,0,0,205086720,71852032,9334784,424857600,107556864,333217792,38223872,8228864,296099840,91701248,4796416,2940928,297418752,14303232,37666816,187244544,69689344,9334784,211562496,107556864,333217792,37277696,8228864,296099840,88727552,4796416,2940928,297418752,14303232,36044800,1073741824,1073741824,314572800,0,1073741824,1073741824,1073741824,314572800,1073741824,0,0,0,1073741824,314572800,2147483648,10.815271684836903,0,4.365471097948887,0,0,14.123657125685522,42231.160144203626,0,16308.522540309314,0,0,45945.759146570505,10.815271684836903,0,4.365471097948887,0,0,14.123657125685522,42231.160144203626,0,16308.522540309314,0,0,45945.759146570505,105.91381260927697,50.37500966519755,491.5588631936466,21.421120919937923,34.26807760141094,39.10909378793477,17.431725740848343,60.346929207688696,55.09782675362378,96.01711725767268,0,0,0,0,0,0,0,0,0,0,121187.90496760259,121150.17783963504,1574205.1845562158,100527.69226855267,333465.90828924166,552604.6691648634,3171.769543646359,9017.308954524144,601095.2098624087,124873.04700559433,0,0,0,0,0,0,0,0,0,0,125.5990949295485,41.309054357071055,476.4497277858248,28.90070470908489,47.70723104056438,53.517707288752845,15.398024404416034,73.53023909985934,74.23384376341667,129.09265161477256,0,0,0,0,0,0,0,0,0,0,25285.83770441222,6674.572798267996,146493.15718495578,5979.0622535426255,12593.350970017638,6586.073432909344,2927.6359898091446,10432.648851383028,17612.761433565716,24461.252145229235,0,0,0,0,0,0,0,0,0,0,66,18,54,18,24,2,26,116,0,0,0,0,0.008126582278481013,0.0030380434782608695,0.030450913242009128,0.01686899038461539,0.0014715909090909092,0.003,0.003126712328767123,0.003223124701385571,0.021198555956678702,0.004668478260869566,0.07104581673306773,0.03718085106382979,0.004294318181818182,0.0046,0.004828082191780821,0.0050188888888888965,0.024101083032490977,0.004872282608695652,0.08646912350597608,0.06158333333333333,0.0046471590909090916,0.0048,0.006189999999999995,0.007603888888888894,0.07766666666666677,0.007321428571428573,0.09880776892430278,0.13356250000000114,0.004929431818181818,0.00496,0.08487499999999974,0.009671888888888891,0.4594594594594596,0.3739583333333334,0.38592872191011235,0.45923180592991913,0.881,0.375,0.4597972972972973,0.48918181818181816,2.182213438735178,2.1638446215139444,0.4946716994382023,2.1274,2.1288844621513943,0.475,2.1288844621513943,2.1921261579179534,2.341106719367589,2.3319223107569713,0.689056224899598,2.3137,2.3144422310756974,0.4875,2.3144422310756974,2.3460630789589767,2.468221343873518,2.4663844621513946,0.9378112449799196,2.4627399999999997,2.462888446215139,0.4975,2.462888446215139,2.469212615791795,396.20168067228565,397.3277310924364,396.436974789933,392.25210084034046,396.9747899159782,116155469.44537814,28970216.336134452,0,25797296.403361343,36051890.554621845,4239242902.588235,2608065699.495798,808006079.4621848,4328013342.117647,4693296136.6050415,0,0,0,0,0,16.016806722689076,1.2773109243697478,5.3277310924369745,0.8739495798319328,16.621848739495796,0,0,0,0,0,66009.27731092437,11969.61344537815,1061758.9243697478,38077.31092436975,71542.3193277311,1599.5462184873952,267.89915966386553,2812.974789915966,1752.6554621848738,457.0252100840336,1800.672268907563,378.1344537815126,1900.857142857143,2124.7899159663866,560.1176470588235,0,0,0,0,0,0,0,0,0,0,0,0,0,0,0,0,0,0,0,0
1693106021,0.7239556939115331,0.3257611953264128,0.17030939540164636,0.07282260413632399,1.7659237608086698,0.9228148218257539,0.08774816277284178,0.1726270966999452,0.20884577899475582,0.060608972034902044,0,0.13344008540165467,0.1360636778012106,0.5860243301135674,0.3005033430996918,10.56624731533098,3.870614563697171,0.947150918724572,0.460762692979901,10.324578041651437,9.04703460318962,0.3095210990457391,0.6394789279857289,1.6873003063071486,0.8872661482274686,0,0.29987667689707315,2.6878636006984586,2.7615514872893354,1.054839786642627,9.459687733777363,3.4747860834817343,1.059702904721355,0.34590736964753854,8.18008362765396,7.737447352231309,0.5045519359438416,0.43156774174986307,1.5779458857381614,0.6262927110273215,0,0.13344008540165467,2.267727963353516,1.5559956351291275,0.7136954398617682,50000,100000,50000,50000,50000,50000,10000,50000,50000,20000,50000,0,2162688,0,220594176,0,0,946176,0,0,2973696,0,0,0,0,1757184,2836.6031998841668,1.433349259436216,8.742548963951178,3.6047189047480344,277.31092436974785,2628.318584070796,4.343534057255677,0,110.27057130923097,1.3333973847678438,0,0,339.75100346962375,2.66742108879279,11.156186612576064,0,0,0,0,0,0,0,0,0,0,0,0,0,0,0,224342016,72081408,9723904,439984128,111349760,349663232,38371328,8617984,310304768,93900800,4952064,3993600,305532928,14680064,134160384,203563008,66908160,8515584,199372800,103673856,330620928,35414016,7434240,291827712,82046976,4055040,2568192,294801408,13516800,34062336,0,0,0,0,0,0,0,0,0,0,0,0,0,0,0,205086720,71852032,9334784,424857600,107556864,333217792,38223872,8228864,296099840,91701248,4796416,2940928,297418752,14303232,37666816,187244544,69689344,9334784,211562496,107556864,333217792,37277696,8228864,296099840,88727552,4796416,2940928,297418752,14303232,36044800,1073741824,1073741824,314572800,0,1073741824,1073741824,1073741824,314572800,1073741824,0,0,0,1073741824,314572800,2147483648,10.815271684836903,0,4.365471097948887,0,0,14.123657125685522,42231.160144203626,0,16308.522540309314,0,0,45945.759146570505,10.815271684836903,0,4.365471097948887,0,0,14.123657125685522,42231.160144203626,0,16308.522540309314,0,0,45945.759146570505,105.91381260927697,50.79374309472583,491.5588631936466,21.370242732993706,34.03277062814127,39.10909378793477,17.431725740848343,60.553273360719665,55.09782675362378,96.01711725767268,0,0,0,0,0,0,0,0,0,0,121187.90496760259,121217.18904460082,1574205.1845562158,100200.8540605334,331754.73866889044,552604.6691648634,3171.769543646359,9050.335395975248,601095.2098624087,124873.04700559433,0,0,0,0,0,0,0,0,0,0,125.5990949295485,41.69331860208176,476.4497277858248,28.918189991009886,47.64587887939778,53.517707288752845,15.398024404416034,73.63111642660287,74.23384376341667,129.09265161477256,0,0,0,0,0,0,0,0,0,0,25285.83770441222,6750.974007094262,146493.15718495578,6031.072070722205,12383.037706506795,6586.073432909344,2927.6359898091446,10481.306224325308,17612.761433565716,24461.252145229235,0,0,0,0,0,0,0,0,0,0,52,16,52,12,14,2,14,94,0,0,0,0,0.008126582278481013,0.0030380434782608695,0.030450913242009128,0.01686899038461539,0.0014715909090909092,0.003,0.003126712328767123,0.003223124701385571,0.021198555956678702,0.004668478260869566,0.07104581673306773,0.03718085106382979,0.004294318181818182,0.0046,0.004828082191780821,0.0050188888888888965,0.024101083032490977,0.004872282608695652,0.08646912350597608,0.06158333333333333,0.0046471590909090916,0.0048,0.006189999999999995,0.007603888888888894,0.07766666666666677,0.007321428571428573,0.09880776892430278,0.13356250000000114,0.004929431818181818,0.00496,0.08487499999999974,0.009671888888888891,0.4594594594594596,0.3739583333333334,0.38592872191011235,0.45923180592991913,0.881,0.375,0.4597972972972973,0.48918181818181816,2.182213438735178,2.1638446215139444,0.4946716994382023,2.1274,2.1288844621513943,0.475,2.1288844621513943,2.1921261579179534,2.341106719367589,2.3319223107569713,0.689056224899598,2.3137,2.3144422310756974,0.4875,2.3144422310756974,2.3460630789589767,2.468221343873518,2.4663844621513946,0.9378112449799196,2.4627399999999997,2.462888446215139,0.4975,2.462888446215139,2.469212615791795,396.11764705883803,397.1932773109155,396.4537815125907,392.21848739496727,396.957983193293,99562125.98319328,28970216.336134452,0,25797296.403361343,36051890.554621845,4097934275.7647057,2608115884.10084,808008488.8739495,4235970095.327731,4771563606.05042,0,0,0,0,0,16.050420168067227,2.1848739495798317,5.3277310924369745,0.8739495798319328,16.756302521008404,0,0,0,0,0,65983.46218487395,21194.218487394955,1061758.9243697478,38077.31092436975,72032.80672268907,1598.924369747899,267.5126050420168,2814.1344537815125,1761.4789915966387,460.1344537815126,1800.1176470588236,377.69747899159665,1902.3025210084031,2133.0084033613443,563.2268907563025,0,0,0,0,0,0,0,0,0,0,0,0,0,0,0,0,0,0,0,0
1693106022,0.7477893477407421,0.3127280308558323,0.17030939540164636,0.07282260413632399,1.7659237608086698,0.9228148218257539,0.08774816277284178,0.1726270966999452,0.20884577899475582,0.06181748966717429,0,0.13344008540165467,0.1360636778012106,0.5860243301135674,0.3005033430996918,9.913627146622794,3.968428183745091,0.947150918724572,0.460762692979901,10.324578041651437,9.04703460318962,0.3095210990457391,0.6394789279857289,1.6873003063071486,0.9049578652893205,0,0.29987667689707315,2.6878636006984586,2.7615514872893354,1.054839786642627,8.73044063487316,3.5963723548420736,1.059702904721355,0.34590736964753854,8.18008362765396,7.737447352231309,0.5045519359438416,0.43156774174986307,1.5779458857381614,0.6387807265608015,0,0.13344008540165467,2.267727963353516,1.5559956351291275,0.7136954398617682,50000,100000,50000,50000,50000,50000,10000,50000,50000,20000,50000,0,2433024,0,220594176,0,0,946176,0,0,2973696,0,0,0,0,1757184,2681.1613168570416,1.1466694464713856,8.742548963951178,3.6047189047480344,277.31092436974785,2628.318584070796,4.343534057255677,0,110.27057130923097,1.3599847726778334,0,0,339.75100346962375,2.66742108879279,11.156186612576064,0,0,0,0,0,0,0,0,0,0,0,0,0,0,0,224342016,72286208,9723904,439984128,111349760,349663232,38371328,8617984,310304768,93900800,4952064,3993600,305532928,14680064,134160384,203563008,66908160,8515584,199372800,103673856,330620928,35414016,7434240,291827712,82046976,4055040,2568192,294801408,13516800,34062336,0,0,0,0,0,0,0,0,0,0,0,0,0,0,0,205377536,71987200,9334784,424857600,107556864,333217792,38223872,8228864,296099840,91701248,4796416,2940928,297418752,14303232,37666816,187535360,69554176,9334784,211562496,107556864,333217792,37277696,8228864,296099840,88727552,4796416,2940928,297418752,14303232,36044800,1073741824,1073741824,314572800,0,1073741824,1073741824,1073741824,314572800,1073741824,0,0,0,1073741824,314572800,2147483648,10.719621946558256,0,4.365471097948887,0,0,14.123657125685522,41150.00521213385,0,16308.522540309314,0,0,45945.759146570505,10.719621946558256,0,4.365471097948887,0,0,14.123657125685522,41150.00521213385,0,16308.522540309314,0,0,45945.759146570505,105.91381260927697,50.79374309472583,491.5588631936466,21.370242732993706,34.03277062814127,38.986794068598726,17.431725740848343,60.553273360719665,55.09782675362378,96.01711725767268,0,0,0,0,0,0,0,0,0,0,121187.90496760259,121217.18904460082,1574205.1845562158,100200.8540605334,331754.73866889044,552613.5349529004,3171.769543646359,9050.335395975248,601095.2098624087,124873.04700559433,0,0,0,0,0,0,0,0,0,0,125.5990949295485,41.69331860208176,476.4497277858248,28.918189991009886,47.64587887939778,52.95893991977284,15.398024404416034,73.63111642660287,74.23384376341667,129.09265161477256,0,0,0,0,0,0,0,0,0,0,25285.83770441222,6750.974007094262,146493.15718495578,6031.072070722205,12383.037706506795,6513.34114571596,2927.6359898091446,10481.306224325308,17612.761433565716,24461.252145229235,0,0,0,0,0,0,0,0,0,0,24,12,26,10,12,2,10,36,0,0,0,0,0.008117128463476071,0.003038251366120219,0.030488750969743985,0.016909307875894987,0.0015523255813953488,0.003,0.003136936936936937,0.003218207748989779,0.02112929475587704,0.004668852459016394,0.07194174757281555,0.03855555555555555,0.00431046511627907,0.0046,0.004846486486486487,0.0049927739481816025,0.02404113924050633,0.004872677595628415,0.0868932038834951,0.06573529411764702,0.004655232558139534,0.0048,0.006605769230769244,0.007558956916099773,0.07666304347826115,0.007335714285714318,0.09885436893203883,0.1326249999999996,0.004931046511627906,0.00496,0.08837500000000054,0.009675056689342404,0.4594504021447721,0.3760416666666666,0.3862349610757254,0.4597855227882038,0.8685770750988142,0.375,0.45420110192837465,0.4880952380952381,2.1820829220138203,2.1643000000000003,0.4952229299363058,2.1288537549407116,2.113260869565217,0.475,2.113260869565217,2.1912659902955447,2.34104146100691,2.3321499999999995,0.6968503937007867,2.314426877470356,2.3066304347826088,0.4875,2.3066304347826088,2.345632995147773,2.4682082922013824,2.4664300000000003,0.9393700787401577,2.462885375494071,2.461326086956521,0.4975,2.461326086956521,2.469126599029554,396.18487394958385,397.04201680673805,396.4705882352991,392.2521008403305,396.99159663864816,116155607.12605041,28970216.336134452,0,25797296.403361343,36051890.554621845,4168532243.3613443,2664846929.747899,862444948.4369748,4143923200,4771591279.865546,0,0,0,0,0,15.983193277310924,2.1848739495798317,5.3277310924369745,0.8739495798319328,16.588235294117645,0,0,0,0,0,65794.1512605042,21194.218487394955,1061758.9243697478,38077.31092436975,71430.4537815126,1593.546218487395,267.781512605042,2816.4201680672268,1752.3193277310927,457.8823529411764,1795.0252100840335,378.05042016806726,1904.7394957983192,2123.1428571428573,560.8907563025209,0,0,0,0,0,0,0,0,0,0,0,0,0,0,0,0,0,0,0,0
1693106023,0.7477893477407421,0.3127280308558323,0.17030939540164636,0.07282260413632399,1.7659237608086698,0.9228148218257539,0.08774816277284178,0.1726270966999452,0.20884577899475582,0.07251105793633536,0,0.13344008540165467,0.1360636778012106,0.5860243301135674,0.327653997378768,9.913627146622794,3.968428183745091,0.947150918724572,0.460762692979901,10.324578041651437,9.04703460318962,0.3095210990457391,0.6394789279857289,1.6873003063071486,1.0615030237111178,0,0.29987667689707315,2.6878636006984586,2.7615514872893354,1.035663709589341,8.73044063487316,3.5963723548420736,1.059702904721355,0.34590736964753854,8.18008362765396,7.737447352231309,0.5045519359438416,0.43156774174986307,1.5779458857381614,0.7492809320087993,0,0.13344008540165467,2.267727963353516,1.5559956351291275,0.7918304936653562,50000,100000,50000,50000,50000,50000,10000,50000,50000,20000,50000,0,2433024,0,220594176,0,0,946176,0,0,2973696,0,0,0,0,1757184,2681.1613168570416,1.1466694464713856,8.742548963951178,3.6047189047480344,277.31092436974785,2628.318584070796,4.343534057255677,0,110.27057130923097,1.5952432745993765,0,0,339.75100346962375,2.66742108879279,12.614678899082568,0,0,0,0,0,0,0,0,0,0,0,0,0,0,0,224342016,72286208,9723904,439984128,111349760,349663232,38371328,8617984,310304768,93900800,4952064,3993600,305532928,14680064,134160384,203563008,66908160,8515584,199372800,103673856,330620928,35414016,7434240,291827712,82046976,4055040,2568192,294801408,13516800,34062336,0,0,0,0,0,0,0,0,0,0,0,0,0,0,0,205377536,71987200,9334784,424857600,107556864,333217792,38223872,8228864,296099840,91701248,4796416,2940928,297418752,14303232,37666816,187535360,69554176,9334784,211562496,107556864,333217792,37277696,8228864,296099840,88727552,4796416,2940928,297418752,14303232,36044800,1073741824,1073741824,314572800,0,1073741824,1073741824,1073741824,314572800,1073741824,0,0,0,1073741824,314572800,2147483648,10.719621946558256,0,4.365471097948887,0,0,13.816076889471384,41150.00521213385,0,16308.522540309314,0,0,40989.07820008737,10.719621946558256,0,4.365471097948887,0,0,13.816076889471384,41150.00521213385,0,16308.522540309314,0,0,40989.07820008737,105.91381260927697,50.79374309472583,491.5588631936466,21.370242732993706,34.03277062814127,38.986794068598726,17.431725740848343,60.553273360719665,55.09782675362378,96.01711725767268,0,0,0,0,0,0,0,0,0,0,121187.90496760259,121217.18904460082,1574205.1845562158,100200.8540605334,331754.73866889044,552613.5349529004,3171.769543646359,9050.335395975248,601095.2098624087,124873.04700559433,0,0,0,0,0,0,0,0,0,0,125.5990949295485,41.69331860208176,476.4497277858248,28.918189991009886,47.64587887939778,52.95893991977284,15.398024404416034,73.63111642660287,74.23384376341667,129.09265161477256,0,0,0,0,0,0,0,0,0,0,25285.83770441222,6750.974007094262,146493.15718495578,6031.072070722205,12383.037706506795,6513.34114571596,2927.6359898091446,10481.306224325308,17612.761433565716,24461.252145229235,0,0,0,0,0,0,0,0,0,0,22,12,38,10,6,2,6,72,0,0,0,0,0.008117128463476071,0.003038251366120219,0.030488750969743985,0.016909307875894987,0.0014563380281690144,0.003,0.003128813559322034,0.003218207748989779,0.02112929475587704,0.004668852459016394,0.07194174757281555,0.03855555555555555,0.004291267605633803,0.0046,0.004831864406779661,0.0049927739481816025,0.02404113924050633,0.004872677595628415,0.0868932038834951,0.06573529411764702,0.004645633802816901,0.0048,0.006269230769230769,0.007558956916099773,0.07666304347826115,0.007335714285714318,0.09885436893203883,0.1326249999999996,0.004929126760563381,0.00496,0.08400000000000055,0.009675056689342404,0.4594504021447721,0.3760416666666666,0.3862349610757254,0.4597855227882038,0.8843873517786561,0.375,0.46045576407506705,0.4880952380952381,2.1820829220138203,2.1643000000000003,0.4952229299363058,2.1288537549407116,2.1314453125,0.475,2.130588235294118,2.1912659902955447,2.34104146100691,2.3321499999999995,0.6968503937007867,2.314426877470356,2.31572265625,0.4875,2.315294117647059,2.345632995147773,2.4682082922013824,2.4664300000000003,0.9393700787401577,2.462885375494071,2.46314453125,0.4975,2.4630588235294115,2.469126599029554,396.21848739495323,397.0420168067273,396.4705882352992,392.18487394958686,396.8739495798117,116155607.12605041,28970216.336134452,0,25797296.403361343,36051890.554621845,4168488598.588235,2664857737.680672,862445154.9579831,4236035631.327731,4771605736.336134,0,0,0,0,0,15.983193277310924,2.1848739495798317,5.3277310924369745,0.907563025210084,16.73949579831933,0,0,0,0,0,65802.75630252101,21194.218487394955,1061758.9243697478,38249.41176470588,71981.17647058824,1600,268.5378151260504,2816.1680672268903,1765.5966386554621,460.82352941176464,1801.2268907563025,378.78991596638656,1905.0252100840337,2135.563025210084,563.781512605042,0,0,0,0,0,0,0,0,0,0,0,0,0,0,0,0,0,0,0,0
1693106024,0.7477893477407421,0.3127280308558323,0.17030939540164636,0.07282260413632399,1.7659237608086698,0.9228148218257539,0.08774816277284178,0.1726270966999452,0.20884577899475582,0.07251105793633536,0,0.13344008540165467,0.1360636778012106,0.5860243301135674,0.327653997378768,9.913627146622794,3.968428183745091,0.947150918724572,0.460762692979901,10.324578041651437,9.04703460318962,0.3095210990457391,0.6394789279857289,1.6873003063071486,1.0615030237111178,0,0.29987667689707315,2.6878636006984586,2.7615514872893354,1.035663709589341,8.73044063487316,3.5963723548420736,1.059702904721355,0.34590736964753854,8.18008362765396,7.737447352231309,0.5045519359438416,0.43156774174986307,1.5779458857381614,0.7492809320087993,0,0.13344008540165467,2.267727963353516,1.5559956351291275,0.7918304936653562,50000,100000,50000,50000,50000,50000,10000,50000,50000,20000,50000,0,2433024,0,220594176,0,0,946176,0,0,2973696,0,0,0,0,1757184,2681.1613168570416,1.1466694464713856,8.742548963951178,3.6047189047480344,277.31092436974785,2628.318584070796,4.343534057255677,0,110.27057130923097,1.5952432745993765,0,0,339.75100346962375,2.66742108879279,12.614678899082568,0,0,0,0,0,0,0,0,0,0,0,0,0,0,0,224342016,72286208,9723904,439984128,111349760,349663232,38371328,8617984,310304768,93900800,4952064,3993600,305532928,14680064,134160384,203563008,66908160,8515584,199372800,103673856,330620928,35414016,7434240,291827712,82046976,4055040,2568192,294801408,13516800,34062336,0,0,0,0,0,0,0,0,0,0,0,0,0,0,0,205377536,71987200,9334784,424857600,107556864,333217792,38223872,8228864,296099840,91701248,4796416,2940928,297418752,14303232,37666816,187535360,69554176,9334784,211562496,107556864,333217792,37277696,8228864,296099840,88727552,4796416,2940928,297418752,14303232,36044800,1073741824,1073741824,314572800,0,1073741824,1073741824,1073741824,314572800,1073741824,0,0,0,1073741824,314572800,2147483648,10.719621946558256,0,4.365471097948887,0,0,13.816076889471384,41150.00521213385,0,16308.522540309314,0,0,40989.07820008737,10.719621946558256,0,4.365471097948887,0,0,13.816076889471384,41150.00521213385,0,16308.522540309314,0,0,40989.07820008737,105.91381260927697,50.79374309472583,497.8809621175509,21.370242732993706,34.03277062814127,38.986794068598726,17.431725740848343,60.553273360719665,55.09782675362378,96.01711725767268,0,0,0,0,0,0,0,0,0,0,121187.90496760259,121217.18904460082,1573664.0767314772,100200.8540605334,331754.73866889044,552613.5349529004,3171.769543646359,9050.335395975248,601095.2098624087,124873.04700559433,0,0,0,0,0,0,0,0,0,0,125.5990949295485,41.69331860208176,481.635005018774,28.918189991009886,47.64587887939778,52.95893991977284,15.398024404416034,73.63111642660287,74.23384376341667,129.09265161477256,0,0,0,0,0,0,0,0,0,0,25285.83770441222,6750.974007094262,147884.92137254175,6031.072070722205,12383.037706506795,6513.34114571596,2927.6359898091446,10481.306224325308,17612.761433565716,24461.252145229235,0,0,0,0,0,0,0,0,0,0,52,22,90,10,6,2,8,112,0,0,0,0,0.008117128463476071,0.003038251366120219,0.030488750969743985,0.016909307875894987,0.0014563380281690144,0.003,0.003128813559322034,0.003218207748989779,0.02112929475587704,0.004668852459016394,0.07194174757281555,0.03855555555555555,0.004291267605633803,0.0046,0.004831864406779661,0.0049927739481816025,0.02404113924050633,0.004872677595628415,0.0868932038834951,0.06573529411764702,0.004645633802816901,0.0048,0.006269230769230769,0.007558956916099773,0.07666304347826115,0.007335714285714318,0.09885436893203883,0.1326249999999996,0.004929126760563381,0.00496,0.08400000000000055,0.009675056689342404,0.4594504021447721,0.3760416666666666,0.3862349610757254,0.4597855227882038,0.8843873517786561,0.375,0.46045576407506705,0.4880952380952381,2.1820829220138203,2.1643000000000003,0.4952229299363058,2.1288537549407116,2.1314453125,0.475,2.130588235294118,2.1912659902955447,2.34104146100691,2.3321499999999995,0.6968503937007867,2.314426877470356,2.31572265625,0.4875,2.315294117647059,2.345632995147773,2.4682082922013824,2.4664300000000003,0.9393700787401577,2.462885375494071,2.46314453125,0.4975,2.4630588235294115,2.469126599029554,396.2016806722851,396.89075630251665,396.4873949579675,392.3529411764809,396.9579831932846,99562194.8235294,28970216.336134452,0,25797296.403361343,36051890.554621845,4097781863.2605042,2608182590.3865547,862440336.1344538,4236117964.3697476,4771634580.436975,0,0,0,0,0,15.848739495798318,2.1512605042016806,5.3277310924369745,0.907563025210084,16.63865546218487,0,0,0,0,0,65320.87394957983,20987.697478991595,1061758.9243697478,38249.41176470588,71662.78991596638,1593.4453781512607,268.33613445378154,2814.504201680672,1764.18487394958,459.42857142857144,1794.3865546218485,378.5546218487395,1904.3025210084033,2134.890756302521,562.3697478991596,0,0,0,0,0,0,0,0,0,0,0,0,0,0,0,0,0,0,0,0
1693106025,0.7477893477407421,0.20714109673444234,0.17030939540164636,0.07282260413632399,1.7659237608086698,0.9228148218257539,0.08774816277284178,0.1726270966999452,0.20522005186470416,0.07251105793633536,0,0.13344008540165467,0.1360636778012106,0.5860243301135674,0.327653997378768,9.913627146622794,3.5380813451345654,0.947150918724572,0.460762692979901,10.324578041651437,9.04703460318962,0.3095210990457391,0.6394789279857289,1.6224695173597523,1.0615030237111178,0,0.29987667689707315,2.6878636006984586,2.7615514872893354,1.035663709589341,8.73044063487316,3.086402341343192,1.059702904721355,0.34590736964753854,8.18008362765396,7.737447352231309,0.5045519359438416,0.43156774174986307,1.5671349415122846,0.7492809320087993,0,0.13344008540165467,2.267727963353516,1.5559956351291275,0.7918304936653562,50000,100000,50000,50000,50000,50000,10000,50000,50000,20000,50000,0,2433024,0,220594176,0,0,946176,0,0,2973696,0,0,0,0,1757184,2681.1613168570416,1.3671312384473198,8.742548963951178,3.6047189047480344,277.31092436974785,2628.318584070796,4.343534057255677,0,89.88638271674034,1.5952432745993765,0,0,339.75100346962375,2.66742108879279,12.614678899082568,0,0,0,0,0,0,0,0,0,0,0,0,0,0,0,224342016,72286208,9723904,439984128,111349760,349663232,38371328,8617984,310304768,93900800,4952064,3993600,305532928,14680064,134160384,203563008,66908160,8515584,199372800,103673856,330620928,35414016,7434240,291827712,82046976,4055040,2568192,294801408,13516800,34062336,0,0,0,0,0,0,0,0,0,0,0,0,0,0,0,205377536,71987200,9334784,424857600,107556864,333217792,38223872,8228864,296202240,91701248,4796416,2940928,297418752,14303232,37666816,187535360,69554176,9334784,211562496,107556864,333217792,37277696,8228864,296202240,88727552,4796416,2940928,297418752,14303232,36044800,1073741824,1073741824,314572800,0,1073741824,1073741824,1073741824,314572800,1073741824,0,0,0,1073741824,314572800,2147483648,9.052065927295132,0,4.365471097948887,0,0,13.816076889471384,32654.716766481823,0,16308.522540309314,0,0,40989.07820008737,9.052065927295132,0,4.365471097948887,0,0,13.816076889471384,32654.716766481823,0,16308.522540309314,0,0,40989.07820008737,105.91381260927697,50.79374309472583,497.8809621175509,21.370242732993706,34.03277062814127,38.986794068598726,17.431725740848343,61.67858671067913,55.09782675362378,96.01711725767268,0,0,0,0,0,0,0,0,0,0,121187.90496760259,121217.18904460082,1573664.0767314772,100200.8540605334,331754.73866889044,552613.5349529004,3171.769543646359,9219.634451983617,601095.2098624087,124873.04700559433,0,0,0,0,0,0,0,0,0,0,125.5990949295485,41.69331860208176,481.635005018774,28.918189991009886,47.64587887939778,52.95893991977284,15.398024404416034,74.76007090897976,74.23384376341667,129.09265161477256,0,0,0,0,0,0,0,0,0,0,25285.83770441222,6750.974007094262,147884.92137254175,6031.072070722205,12383.037706506795,6513.34114571596,2927.6359898091446,10640.99272571673,17612.761433565716,24461.252145229235,0,0,0,0,0,0,0,0,0,0,50,18,54,6,6,2,6,60,0,0,0,0,0.008117128463476071,0.003038251366120219,0.030488750969743985,0.016909307875894987,0.0014563380281690144,0.003,0.003128813559322034,0.003219895287958115,0.02112929475587704,0.004668852459016394,0.07194174757281555,0.03855555555555555,0.004291267605633803,0.0046,0.004831864406779661,0.004995811518324608,0.02404113924050633,0.004872677595628415,0.0868932038834951,0.06573529411764702,0.004645633802816901,0.0048,0.006269230769230769,0.007582392776523699,0.07666304347826115,0.007335714285714318,0.09885436893203883,0.1326249999999996,0.004929126760563381,0.00496,0.08400000000000055,0.00968803611738148,0.4594504021447721,0.3760416666666666,0.3862349610757254,0.4597855227882038,0.8843873517786561,0.375,0.46045576407506705,0.48791486291486286,2.1820829220138203,2.1643000000000003,0.4952229299363058,2.1288537549407116,2.1314453125,0.475,2.130588235294118,2.1911258278145698,2.34104146100691,2.3321499999999995,0.6968503937007867,2.314426877470356,2.31572265625,0.4875,2.315294117647059,2.345562913907284,2.4682082922013824,2.4664300000000003,0.9393700787401577,2.462885375494071,2.46314453125,0.4975,2.4630588235294115,2.469112582781457,396.2689075630226,397.0252100840326,396.5546218487352,392.26890756300236,397.02521008403085,116155882.48739496,19313431.663865544,0,25797296.403361343,36051890.554621845,4097787232.8067226,2551517356.10084,863930935.9327731,4236183844.5714283,4771671341.176471,0,0,0,0,0,15.848739495798318,2.1512605042016806,5.3277310924369745,0.907563025210084,16.403361344537814,0,0,0,0,0,65277.84873949579,20987.697478991595,1061758.9243697478,38249.41176470588,70853.91596638656,1581.798319327731,267.5126050420168,2814.7394957983192,1745.2436974789916,455.47899159663865,1782.8907563025207,377.7310924369748,1904.0840336134452,2115.596638655462,558.3865546218487,0,0,0,0,0,0,0,0,0,0,0,0,0,0,0,0,0,0,0,0
1693106026,0.7477893477407421,0.21124871636886422,0.17030939540164636,0.11276817682050136,1.7659237608086698,0.9228148218257539,0.08774816277284178,0.1726270966999452,0.20522005186470416,0.07251105793633536,0,0.13344008540165467,0.1360636778012106,0.5860243301135674,0.327653997378768,9.913627146622794,3.6082416978147873,0.947150918724572,0.47115720729610094,10.324578041651437,9.04703460318962,0.3095210990457391,0.6394789279857289,1.6224695173597523,1.0615030237111178,0,0.29987667689707315,2.6878636006984586,2.7615514872893354,1.035663709589341,8.73044063487316,3.1476058738960777,1.059702904721355,0.3664965746666288,8.18008362765396,7.737447352231309,0.5045519359438416,0.43156774174986307,1.5671349415122846,0.7492809320087993,0,0.13344008540165467,2.267727963353516,1.5559956351291275,0.7918304936653562,50000,100000,50000,50000,50000,50000,10000,50000,50000,20000,50000,0,2433024,0,220594176,0,0,946176,0,0,2973696,0,0,0,0,1757184,2681.1613168570416,1.3942415280345042,8.742548963951178,3.721349835076542,277.31092436974785,2628.318584070796,4.343534057255677,0,89.88638271674034,1.5952432745993765,0,0,339.75100346962375,2.66742108879279,12.614678899082568,0,0,0,0,0,0,0,0,0,0,0,0,0,0,0,224342016,72286208,9723904,439984128,111349760,349663232,38371328,8617984,310304768,93900800,4952064,3993600,305532928,14680064,134160384,203563008,66908160,8515584,199372800,103673856,330620928,35414016,7434240,291827712,82046976,4055040,2568192,294801408,13516800,34062336,0,0,0,0,0,0,0,0,0,0,0,0,0,0,0,205377536,71987200,9334784,424857600,107556864,333217792,38223872,8228864,296202240,91701248,4796416,2940928,297418752,14303232,37666816,187535360,69554176,9334784,211562496,107556864,333217792,37277696,8228864,296202240,88727552,4796416,2940928,297418752,14303232,36044800,1073741824,1073741824,314572800,0,1073741824,1073741824,1073741824,314572800,1073741824,0,0,0,1073741824,314572800,2147483648,9.231568905319367,0,4.365471097948887,0,0,13.816076889471384,33302.26164222633,0,16308.522540309314,0,0,40989.07820008737,9.231568905319367,0,4.365471097948887,0,0,13.816076889471384,33302.26164222633,0,16308.522540309314,0,0,40989.07820008737,105.91381260927697,50.79374309472583,497.8809621175509,21.370242732993706,34.03277062814127,38.986794068598726,17.431725740848343,61.67858671067913,55.09782675362378,96.01711725767268,0,0,0,0,0,0,0,0,0,0,121187.90496760259,121217.18904460082,1573664.0767314772,100200.8540605334,331754.73866889044,552613.5349529004,3171.769543646359,9219.634451983617,601095.2098624087,124873.04700559433,0,0,0,0,0,0,0,0,0,0,125.5990949295485,41.69331860208176,481.635005018774,28.918189991009886,47.64587887939778,52.95893991977284,15.398024404416034,74.76007090897976,74.23384376341667,129.09265161477256,0,0,0,0,0,0,0,0,0,0,25285.83770441222,6750.974007094262,147884.92137254175,6031.072070722205,12383.037706506795,6513.34114571596,2927.6359898091446,10640.99272571673,17612.761433565716,24461.252145229235,0,0,0,0,0,0,0,0,0,0,32,8,34,24,20,2,22,100,0,0,0,0,0.008117128463476071,0.003038251366120219,0.030488750969743985,0.016909307875894987,0.0014563380281690144,0.003,0.003128813559322034,0.003219895287958115,0.02112929475587704,0.004668852459016394,0.07194174757281555,0.03855555555555555,0.004291267605633803,0.0046,0.004831864406779661,0.004995811518324608,0.02404113924050633,0.004872677595628415,0.0868932038834951,0.06573529411764702,0.004645633802816901,0.0048,0.006269230769230769,0.007582392776523699,0.07666304347826115,0.007335714285714318,0.09885436893203883,0.1326249999999996,0.004929126760563381,0.00496,0.08400000000000055,0.00968803611738148,0.4594504021447721,0.3760416666666666,0.3862349610757254,0.4597855227882038,0.8843873517786561,0.375,0.46045576407506705,0.48791486291486286,2.1820829220138203,2.1643000000000003,0.4952229299363058,2.1288537549407116,2.1314453125,0.475,2.130588235294118,2.1911258278145698,2.34104146100691,2.3321499999999995,0.6968503937007867,2.314426877470356,2.31572265625,0.4875,2.315294117647059,2.345562913907284,2.4682082922013824,2.4664300000000003,0.9393700787401577,2.462885375494071,2.46314453125,0.4975,2.4630588235294115,2.469112582781457,396.2689075630429,396.99159663865026,396.5378151260401,392.2857142857154,397.0252100840282,116155882.48739496,19313431.663865544,0,25797296.403361343,36051890.554621845,4168402203.9663863,2551568710.9915967,863934446.7899159,4328293178.084033,4771676641.882353,0,0,0,0,0,15.848739495798318,2.1512605042016806,5.3277310924369745,0.907563025210084,16.168067226890756,0,0,0,0,0,65234.82352941176,20987.697478991595,1061758.9243697478,38249.41176470588,68246.58823529411,1584.7731092436975,265.04201680672264,2817.4285714285716,1744.9579831932772,454.94117647058823,1786.1176470588234,375.66386554621846,1906.3697478991596,2115.0588235294117,557.8319327731092,0,0,0,0,0,0,0,0,0,0,0,0,0,0,0,0,0,0,0,0
1693106027,0.7477893477407421,0.24645717806531112,0.16563146997929623,0.11276817682050136,1.7659237608086698,0.9228148218257539,0.08774816277284178,0.16604553337515215,0.20522005186470416,0.07251105793633536,0,0.13344008540165467,0.1360636778012106,0.5860243301135674,0.327653997378768,9.913627146622794,4.209621160813309,0.9700772091097302,0.47115720729610094,10.324578041651437,9.04703460318962,0.3095210990457391,0.6433349950186339,1.6224695173597523,1.0615030237111178,0,0.29987667689707315,2.6878636006984586,2.7615514872893354,1.035663709589341,8.73044063487316,3.672211953173137,1.1042097998619735,0.3664965746666288,8.18008362765396,7.737447352231309,0.5045519359438416,0.3689900741670048,1.5671349415122846,0.7492809320087993,0,0.13344008540165467,2.267727963353516,1.5559956351291275,0.7918304936653562,50000,100000,50000,50000,50000,50000,10000,50000,50000,20000,50000,0,2433024,0,220594176,0,0,946176,0,0,2973696,0,0,0,0,1757184,2681.1613168570416,1.6266173752310538,3.643892339544514,3.721349835076542,277.31092436974785,2628.318584070796,4.343534057255677,0,89.88638271674034,1.5952432745993765,0,0,339.75100346962375,2.66742108879279,12.614678899082568,0,0,0,0,0,0,0,0,0,0,0,0,0,0,0,224342016,72286208,9723904,439984128,111349760,349663232,38371328,8617984,310304768,93900800,4952064,3993600,305532928,14680064,134160384,203563008,66908160,8515584,199372800,103673856,330620928,35414016,7434240,291827712,82046976,4055040,2568192,294801408,13516800,34062336,0,0,0,0,0,0,0,0,0,0,0,0,0,0,0,205377536,71987200,9334784,424857600,107556864,333217792,38223872,8372224,296202240,91701248,4796416,2940928,297418752,14303232,37666816,187535360,69554176,9334784,211562496,107556864,333217792,37277696,8372224,296202240,88727552,4796416,2940928,297418752,14303232,36044800,1073741824,1073741824,314572800,0,1073741824,1073741824,1073741824,314572800,1073741824,0,0,0,1073741824,314572800,2147483648,10.770178681454098,0,4.365471097948887,0,0,13.816076889471384,38852.69254467037,0,16308.522540309314,0,0,40989.07820008737,10.770178681454098,0,4.365471097948887,0,0,13.816076889471384,38852.69254467037,0,16308.522540309314,0,0,40989.07820008737,105.91381260927697,50.79374309472583,497.8809621175509,21.370242732993706,34.03277062814127,38.986794068598726,17.446358047310774,61.67858671067913,55.09782675362378,96.01711725767268,0,0,0,0,0,0,0,0,0,0,121187.90496760259,121217.18904460082,1573664.0767314772,100200.8540605334,331754.73866889044,552613.5349529004,3174.9928748829443,9219.634451983617,601095.2098624087,124873.04700559433,0,0,0,0,0,0,0,0,0,0,125.5990949295485,41.69331860208176,481.635005018774,28.918189991009886,47.64587887939778,52.95893991977284,15.30882293066243,74.76007090897976,74.23384376341667,129.09265161477256,0,0,0,0,0,0,0,0,0,0,25285.83770441222,6750.974007094262,147884.92137254175,6031.072070722205,12383.037706506795,6513.34114571596,2914.9871747893,10640.99272571673,17612.761433565716,24461.252145229235,0,0,0,0,0,0,0,0,0,0,30,20,62,18,18,2,18,122,0,0,0,0,0.008108510638297872,0.0030406654343807763,0.030340375586854464,0.01713680387409201,0.0015449275362318846,0.003,0.003143884892086331,0.003224761904761905,0.021181066176470587,0.004673197781885397,0.07146881287726359,0.04259803921568626,0.004308985507246376,0.0046,0.004858992805755396,0.0050530973451327526,0.024110753676470583,0.004877264325323475,0.08679074446680078,0.0716447368421052,0.004654492753623188,0.0048,0.00688888888888889,0.007637168141592929,0.07690217391304359,0.0074909090909090715,0.09904828973843058,0.15534999999999968,0.004930898550724638,0.00496,0.08799999999999975,0.009704424778761074,0.4604388297872339,0.375,0.386371776504298,0.46033333333333337,0.8671875,0.375,0.453551912568306,0.4872210223182146,2.1822033898305087,2.163414634146341,0.4954691977077364,2.1302734375,2.111304347826087,0.475,2.111304347826087,2.190596026490066,2.3411016949152543,2.331707317073171,0.7001968503937005,2.31513671875,2.3056521739130433,0.4875,2.3056521739130433,2.345298013245033,2.468220338983051,2.4663414634146337,0.9400393700787402,2.46302734375,2.461130434782609,0.4975,2.461130434782609,2.469059602649007,396.2184873949425,396.97478991598143,396.63865546217454,392.4201680672223,396.99159663866953,116155882.48739496,19313431.663865544,0,25797296.403361343,36052165.915966384,4097800243.630252,2608266093.7142854,863932243.8991597,4236309891.2268906,4849907006.386555,0,0,0,0,0,15.781512605042016,2.033613445378151,5.3277310924369745,0.907563025210084,16.45378151260504,0,0,0,0,0,63212.63865546218,20015.327731092435,1061758.9243697478,38249.41176470588,70346.21848739496,1591.7478991596636,268.2857142857143,2817.3445378151264,1748.90756302521,453.78151260504194,1793.142857142857,378.52100840336135,1906.6386554621847,2119.378151260504,556.6050420168067,0,0,0,0,0,0,0,0,0,0,0,0,0,0,0,0,0,0,0,0
1693106028,0.7477893477407421,0.24645717806531112,0.16563146997929623,0.11276817682050136,1.7659237608086698,0.9228148218257539,0.08774816277284178,0.16604553337515215,0.20522005186470416,0.07251105793633536,0,0.13344008540165467,0.1360636778012106,0.5860243301135674,0.327653997378768,9.913627146622794,4.209621160813309,0.9700772091097302,0.47115720729610094,10.324578041651437,9.04703460318962,0.3095210990457391,0.6433349950186339,1.6224695173597523,1.0615030237111178,0,0.29987667689707315,2.6878636006984586,2.7615514872893354,1.035663709589341,8.73044063487316,3.672211953173137,1.1042097998619735,0.3664965746666288,8.18008362765396,7.737447352231309,0.5045519359438416,0.3689900741670048,1.5671349415122846,0.7492809320087993,0,0.13344008540165467,2.267727963353516,1.5559956351291275,0.7918304936653562,50000,100000,50000,50000,50000,50000,10000,50000,50000,20000,50000,0,2433024,0,220594176,0,0,946176,0,0,2973696,0,0,0,0,1757184,2681.1613168570416,1.6266173752310538,3.643892339544514,3.721349835076542,277.31092436974785,2628.318584070796,4.343534057255677,0,89.88638271674034,1.5952432745993765,0,0,339.75100346962375,2.66742108879279,12.614678899082568,0,0,0,0,0,0,0,0,0,0,0,0,0,0,0,224342016,72286208,9723904,439984128,111349760,349663232,38371328,8617984,310304768,93900800,4952064,3993600,305532928,14680064,134160384,203563008,66908160,8515584,199372800,103673856,330620928,35414016,7434240,291827712,82046976,4055040,2568192,294801408,13516800,34062336,0,0,0,0,0,0,0,0,0,0,0,0,0,0,0,205377536,71987200,9334784,424857600,107556864,333217792,38223872,8372224,296202240,91701248,4796416,2940928,297418752,14303232,37666816,187535360,69554176,9334784,211562496,107556864,333217792,37277696,8372224,296202240,88727552,4796416,2940928,297418752,14303232,36044800,1073741824,1073741824,314572800,0,1073741824,1073741824,1073741824,314572800,1073741824,0,0,0,1073741824,314572800,2147483648,10.770178681454098,0,4.365471097948887,0,0,13.816076889471384,38852.69254467037,0,16308.522540309314,0,0,40989.07820008737,10.770178681454098,0,4.365471097948887,0,0,13.816076889471384,38852.69254467037,0,16308.522540309314,0,0,40989.07820008737,105.91381260927697,50.79374309472583,497.8809621175509,17.40980716215344,34.03277062814127,38.986794068598726,17.446358047310774,61.67858671067913,55.09782675362378,96.01711725767268,0,0,0,0,0,0,0,0,0,0,121187.90496760259,121217.18904460082,1573664.0767314772,82242.51062659622,331754.73866889044,552613.5349529004,3174.9928748829443,9219.634451983617,601095.2098624087,124873.04700559433,0,0,0,0,0,0,0,0,0,0,125.5990949295485,41.69331860208176,481.635005018774,23.63249776413207,47.64587887939778,52.95893991977284,15.30882293066243,74.76007090897976,74.23384376341667,129.09265161477256,0,0,0,0,0,0,0,0,0,0,25285.83770441222,6750.974007094262,147884.92137254175,4886.390672742696,12383.037706506795,6513.34114571596,2914.9871747893,10640.99272571673,17612.761433565716,24461.252145229235,0,0,0,0,0,0,0,0,0,0,26,12,30,16,14,2,14,116,0,0,0,0,0.008108510638297872,0.0030406654343807763,0.030340375586854464,0.01713680387409201,0.0014450704225352116,0.003,0.0031389830508474575,0.003224761904761905,0.021181066176470587,0.004673197781885397,0.07146881287726359,0.04259803921568626,0.004289014084507043,0.0046,0.004850169491525424,0.0050530973451327526,0.024110753676470583,0.004877264325323475,0.08679074446680078,0.0716447368421052,0.004644507042253521,0.0048,0.006687499999999994,0.007637168141592929,0.07690217391304359,0.0074909090909090715,0.09904828973843058,0.15534999999999968,0.004928901408450704,0.00496,0.08362499999999974,0.009704424778761074,0.4604388297872339,0.375,0.386371776504298,0.46033333333333337,0.8818359375,0.375,0.4597739361702128,0.4872210223182146,2.1822033898305087,2.163414634146341,0.4954691977077364,2.1302734375,2.128823529411765,0.475,2.128823529411765,2.190596026490066,2.3411016949152543,2.331707317073171,0.7001968503937005,2.31513671875,2.3144117647058824,0.4875,2.3144117647058824,2.345298013245033,2.468220338983051,2.4663414634146337,0.9400393700787402,2.46302734375,2.4628823529411767,0.4975,2.4628823529411767,2.469059602649007,396.45378151261,396.9579831932809,396.6386554621744,392.5042016806623,396.92436974790337,116155882.48739496,19313431.663865544,0,25797296.403361343,36052097.07563025,4168487497.142857,2608292046.5210085,810998431.1932772,4236427126.3193274,4771665076.705882,0,0,0,0,0,15.747899159663865,2.0168067226890756,5.3277310924369745,0.8571428571428571,16.504201680672267,0,0,0,0,0,63117.98319327731,19998.11764705882,1061758.9243697478,37844.97478991596,70509.71428571429,1594.504201680672,268.70588235294116,2818.9915966386557,1757.6470588235293,455.8823529411764,1795.5630252100837,378.92436974789916,1908.1848739495797,2128.084033613445,558.8235294117648,0,0,0,0,0,0,0,0,0,0,0,0,0,0,0,0,0,0,0,0
1693106029,0.6599386097854089,0.24645717806531112,0.16563146997929623,0.11276817682050136,1.7659237608086698,0.9228148218257539,0.08774816277284178,0.16604553337515215,0.20522005186470416,0.07251105793633536,0,0.13344008540165467,0.1360636778012106,0.5860243301135674,0.327653997378768,7.381478454531478,4.209621160813309,0.9700772091097302,0.47115720729610094,10.324578041651437,9.04703460318962,0.3095210990457391,0.6433349950186339,1.6224695173597523,1.0615030237111178,0,0.29987667689707315,2.6878636006984586,2.7615514872893354,1.035663709589341,6.394577563782759,3.672211953173137,1.1042097998619735,0.3664965746666288,8.18008362765396,7.737447352231309,0.5045519359438416,0.3689900741670048,1.5671349415122846,0.7492809320087993,0,0.13344008540165467,2.267727963353516,1.5559956351291275,0.7918304936653562,50000,100000,50000,50000,50000,50000,10000,50000,50000,20000,50000,0,2433024,0,220594176,0,0,946176,0,0,2973696,0,0,0,0,1757184,2024.6006288064914,1.6266173752310538,3.643892339544514,3.721349835076542,277.31092436974785,2628.318584070796,4.343534057255677,0,89.88638271674034,1.5952432745993765,0,0,339.75100346962375,2.66742108879279,12.614678899082568,0,0,0,0,0,0,0,0,0,0,0,0,0,0,0,224342016,72286208,9723904,439984128,111349760,349663232,38371328,8617984,310304768,93900800,4952064,3993600,305532928,14680064,134160384,203563008,66908160,8515584,199372800,103673856,330620928,35414016,7434240,291827712,82046976,4055040,2568192,294801408,13516800,34062336,0,0,0,0,0,0,0,0,0,0,0,0,0,0,0,205377536,71987200,9334784,424857600,107556864,333217792,38223872,8372224,296202240,91701248,4796416,2940928,297418752,14303232,37666816,187535360,69554176,9334784,211562496,107556864,333217792,37277696,8372224,296202240,88727552,4796416,2940928,297418752,14303232,36044800,1073741824,1073741824,314572800,0,1073741824,1073741824,1073741824,314572800,1073741824,0,0,0,1073741824,314572800,2147483648,10.770178681454098,0,4.365471097948887,0,0,13.816076889471384,38852.69254467037,0,16308.522540309314,0,0,40989.07820008737,10.770178681454098,0,4.365471097948887,0,0,13.816076889471384,38852.69254467037,0,16308.522540309314,0,0,40989.07820008737,105.91381260927697,50.79374309472583,497.8809621175509,17.760630975760428,34.03277062814127,38.986794068598726,17.446358047310774,61.67858671067913,55.09782675362378,98.25773885984117,0,0,0,0,0,0,0,0,0,0,121187.90496760259,121217.18904460082,1573664.0767314772,83899.77373984641,331754.73866889044,552613.5349529004,3174.9928748829443,9219.634451983617,601095.2098624087,125848.73265427968,0,0,0,0,0,0,0,0,0,0,125.5990949295485,41.69331860208176,481.635005018774,24.108714583390963,47.64587887939778,52.95893991977284,15.30882293066243,74.76007090897976,74.23384376341667,131.78224449550416,0,0,0,0,0,0,0,0,0,0,25285.83770441222,6750.974007094262,147884.92137254175,4984.855991434552,12383.037706506795,6513.34114571596,2914.9871747893,10640.99272571673,17612.761433565716,24912.145170336335,0,0,0,0,0,0,0,0,0,0,28,14,26,2,2,2,2,16,0,0,0,0,0.008108510638297872,0.0030406654343807763,0.030340375586854464,0.01713680387409201,0.0014450704225352116,0.003,0.0031389830508474575,0.003224761904761905,0.021181066176470587,0.004673197781885397,0.07146881287726359,0.04259803921568626,0.004289014084507043,0.0046,0.004850169491525424,0.0050530973451327526,0.024110753676470583,0.004877264325323475,0.08679074446680078,0.0716447368421052,0.004644507042253521,0.0048,0.006687499999999994,0.007637168141592929,0.07690217391304359,0.0074909090909090715,0.09904828973843058,0.15534999999999968,0.004928901408450704,0.00496,0.08362499999999974,0.009704424778761074,0.4604388297872339,0.375,0.386371776504298,0.46033333333333337,0.8818359375,0.375,0.4597739361702128,0.4872210223182146,2.1822033898305087,2.163414634146341,0.4954691977077364,2.1302734375,2.128823529411765,0.475,2.128823529411765,2.190596026490066,2.3411016949152543,2.331707317073171,0.7001968503937005,2.31513671875,2.3144117647058824,0.4875,2.3144117647058824,2.345298013245033,2.468220338983051,2.4663414634146337,0.9400393700787402,2.46302734375,2.4628823529411767,0.4975,2.4628823529411767,2.469059602649007,396.33613445378234,396.8739495798283,396.53781512602745,392.47058823532046,396.94117647058454,116155744.80672269,19313431.663865544,0,25797296.403361343,18026392.7394958,4097882920.8739495,2608313937.747899,811021768.0672269,4328675173.109243,4771702938.890756,0,0,0,0,0,15.411764705882351,2.0672268907563023,5.3277310924369745,0.8571428571428571,16.436974789915965,0,0,0,0,0,60613.91596638655,20686.52100840336,1061758.9243697478,37844.97478991596,70440.87394957982,1587.8823529411764,266.92436974789916,2817.4789915966385,1746.6050420168067,454.47058823529403,1788.7899159663864,377.0924369747899,1906.8739495798318,2116.3865546218485,557.5294117647059,0,0,0,0,0,0,0,0,0,0,0,0,0,0,0,0,0,0,0,0
1693106030,0.6735878524877708,0.24645717806531112,0.16563146997929623,0.11276817682050136,1.3537164483454127,0.9228148218257539,0.08774816277284178,0.16604553337515215,0.20522005186470416,0.07251105793633536,0,0.13344008540165467,0.14719504609768302,0.5860243301135674,0.327653997378768,7.53414658067872,4.209621160813309,0.9700772091097302,0.47115720729610094,8.509067267527595,9.04703460318962,0.3095210990457391,0.6433349950186339,1.6224695173597523,1.0615030237111178,0,0.29987667689707315,2.797981117801251,2.7615514872893354,1.035663709589341,6.526834018933231,3.672211953173137,1.1042097998619735,0.3664965746666288,6.795656570693977,7.737447352231309,0.5045519359438416,0.3689900741670048,1.5671349415122846,0.7492809320087993,0,0.13344008540165467,2.4139987560020004,1.5559956351291275,0.7918304936653562,50000,100000,50000,50000,50000,50000,10000,50000,50000,20000,50000,0,2433024,0,220594176,0,0,946176,0,0,2973696,0,0,0,0,1757184,2066.4746227631717,1.6266173752310538,3.643892339544514,3.721349835076542,203.70725114701773,2628.318584070796,4.343534057255677,0,89.88638271674034,1.5952432745993765,0,0,435.2263123016288,2.66742108879279,12.614678899082568,0,0,0,0,0,0,0,0,0,0,0,0,0,0,0,224342016,72286208,9723904,439984128,111349760,349663232,38371328,8617984,310304768,93900800,4952064,3993600,305532928,14680064,134160384,203563008,66908160,8515584,199372800,103673856,330620928,35414016,7434240,291827712,82046976,4055040,2568192,294801408,13516800,34062336,0,0,0,0,0,0,0,0,0,0,0,0,0,0,0,205377536,71987200,9334784,424857600,107556864,333217792,38223872,8372224,296202240,91701248,4796416,2940928,297418752,14303232,37666816,187535360,69554176,9334784,211562496,107556864,333217792,37277696,8372224,296202240,88727552,4796416,2940928,297418752,14303232,36044800,1073741824,1073741824,314572800,0,1073741824,1073741824,1073741824,314572800,1073741824,0,0,0,1073741824,314572800,2147483648,10.770178681454098,0,4.365471097948887,0,0,13.816076889471384,38852.69254467037,0,16308.522540309314,0,0,40989.07820008737,10.770178681454098,0,4.365471097948887,0,0,13.816076889471384,38852.69254467037,0,16308.522540309314,0,0,40989.07820008737,109.0730239555607,50.79374309472583,505.66175575307443,18.111454789367414,34.03277062814127,38.986794068598726,17.446358047310774,61.67858671067913,55.09782675362378,98.25773885984117,0,0,0,0,0,0,0,0,0,0,122317.15079273233,121217.18904460082,1579768.5376841594,85557.03685309658,331754.73866889044,552613.5349529004,3174.9928748829443,9219.634451983617,601095.2098624087,125848.73265427968,0,0,0,0,0,0,0,0,0,0,128.283763453304,41.69331860208176,489.5653232679898,24.584931402649854,47.64587887939778,52.95893991977284,15.30882293066243,74.76007090897976,74.23384376341667,131.78224449550416,0,0,0,0,0,0,0,0,0,0,26058.268718898275,6750.974007094262,149794.71569463046,5083.321310126408,12383.037706506795,6513.34114571596,2914.9871747893,10640.99272571673,17612.761433565716,24912.145170336335,0,0,0,0,0,0,0,0,0,0,34,28,64,6,6,2,6,60,0,0,0,0,0.008108510638297872,0.0030406654343807763,0.030340375586854464,0.01713680387409201,0.0014450704225352116,0.003,0.0031389830508474575,0.0032195929957406534,0.021181066176470587,0.004673197781885397,0.07146881287726359,0.04259803921568626,0.004289014084507043,0.0046,0.004850169491525424,0.004995267392333177,0.024110753676470583,0.004877264325323475,0.08679074446680078,0.0716447368421052,0.004644507042253521,0.0048,0.006687499999999994,0.007578651685393267,0.07690217391304359,0.0074909090909090715,0.09904828973843058,0.15534999999999968,0.004928901408450704,0.00496,0.08362499999999974,0.009686516853932594,0.4604388297872339,0.375,0.386371776504298,0.46033333333333337,0.8818359375,0.375,0.4597739361702128,0.4888408927285817,2.1822033898305087,2.163414634146341,0.4954691977077364,2.1302734375,2.128823529411765,0.475,2.128823529411765,2.191852825229961,2.3411016949152543,2.331707317073171,0.7001968503937005,2.31513671875,2.3144117647058824,0.4875,2.3144117647058824,2.3459264126149804,2.468220338983051,2.4663414634146337,0.9400393700787402,2.46302734375,2.4628823529411767,0.4975,2.4628823529411767,2.469185282522996,396.2857142857137,396.87394957982065,396.5042016806859,392.40336134453804,396.8403361344673,116155813.64705881,19313431.663865544,0,25797296.403361343,18026392.7394958,4239189895.529412,2608332455.7983193,758070332.2352941,4236722657.882353,4771782862.5210085,0,0,0,0,0,15.865546218487394,2.0672268907563023,5.294117647058823,1.0252100840336134,16.45378151260504,0,0,0,0,0,65441.34453781512,20686.52100840336,1061595.4285714286,39325.04201680672,70423.66386554622,1581.3277310924368,267.66386554621846,2814.705882352941,1748.436974789916,454.63865546218483,1782.3697478991594,377.79831932773106,1905.5462184873948,2118.168067226891,557.7983193277311,0,0,0,0,0,0,0,0,0,0,0,0,0,0,0,0,0,0,0,0
1693106031,0.6872370951901324,0.24645717806531112,0.16563146997929623,0.11276817682050136,1.38142219119179,0.9228148218257539,0.06733780007407165,0.16604553337515215,0.15788086413153252,0.07251105793633536,0,0.11975689350618254,0.1442885087137992,0.5126014523707816,0.2734214792102025,7.686814706825961,4.209621160813309,0.9700772091097302,0.47115720729610094,8.683217496598678,9.04703460318962,0.306573361166291,0.6433349950186339,1.3772338375451403,1.0615030237111178,0,0.30489160803568743,2.7427317263720488,2.7699198661540665,1.0620700310528681,6.659090474083702,3.672211953173137,1.1042097998619735,0.3664965746666288,6.9347393997827895,7.737447352231309,0.5050335005555373,0.3689900741670048,1.330710140537193,0.7492809320087993,0,0.1496961168827282,2.366331542906306,1.5947600740424321,0.8202644376306079,50000,100000,50000,50000,50000,50000,10000,50000,50000,20000,50000,0,2433024,0,220594176,0,0,946176,0,0,2973696,0,0,0,0,1892352,2108.3486167198516,1.6266173752310538,3.643892339544514,3.721349835076542,207.87641133054058,2628.318584070796,4.444294804888725,0,86.33827827078656,1.5952432745993765,0,0,426.6322625649611,1.8795386586928664,11.600882760775734,0,0,0,0,0,0,0,0,0,0,0,0,0,0,0,224342016,72286208,9723904,439984128,111349760,349663232,38371328,8617984,310304768,93900800,4952064,3993600,305532928,14680064,134160384,203563008,66908160,8515584,199372800,103673856,330620928,35414016,7434240,291827712,82046976,4055040,2568192,294801408,13516800,34197504,0,0,0,0,0,0,0,0,0,0,0,0,0,0,0,205377536,71987200,9334784,424857600,107556864,333217792,38223872,8372224,296202240,91701248,4796416,2940928,297418752,14303232,37801984,187535360,69554176,9334784,211562496,107556864,333217792,37277696,8372224,296202240,88727552,4796416,2940928,297418752,14303232,36044800,1073741824,1073741824,314572800,0,1073741824,1073741824,1073741824,314572800,1073741824,0,0,0,1073741824,314572800,2147483648,10.770178681454098,0,4.208612504629474,0,0,14.256977130246273,38852.69254467037,0,15669.775428436755,0,0,46217.291955549474,10.770178681454098,0,4.208612504629474,0,0,14.256977130246273,38852.69254467037,0,15669.775428436755,0,0,46217.291955549474,109.0730239555607,42.01108163245528,505.66175575307443,18.462278602974397,34.03277062814127,38.986794068598726,17.446358047310774,61.67858671067913,54.48233383728092,98.25773885984117,0,0,0,0,0,0,0,0,0,0,122317.15079273233,100257.7269155473,1579768.5376841594,87214.29996634675,331754.73866889044,552613.5349529004,3174.9928748829443,9219.634451983617,603384.260036956,125848.73265427968,0,0,0,0,0,0,0,0,0,0,128.283763453304,34.48419637146014,489.5653232679898,25.061148221908745,47.64587887939778,52.95893991977284,15.30882293066243,74.76007090897976,73.1283946469567,131.78224449550416,0,0,0,0,0,0,0,0,0,0,26058.268718898275,5583.6743431509385,149794.71569463046,5181.786628818264,12383.037706506795,6513.34114571596,2914.9871747893,10640.99272571673,17017.974130690407,24912.145170336335,0,0,0,0,0,0,0,0,0,0,24,24,42,6,6,2,6,52,0,0,0,0,0.008108510638297872,0.0030406654343807763,0.030340375586854464,0.01713680387409201,0.0014450704225352116,0.003,0.0031389830508474575,0.0032195929957406534,0.021181066176470587,0.004673197781885397,0.07146881287726359,0.04259803921568626,0.004289014084507043,0.0046,0.004850169491525424,0.004995267392333177,0.024110753676470583,0.004877264325323475,0.08679074446680078,0.0716447368421052,0.004644507042253521,0.0048,0.006687499999999994,0.007578651685393267,0.07690217391304359,0.0074909090909090715,0.09904828973843058,0.15534999999999968,0.004928901408450704,0.00496,0.08362499999999974,0.009686516853932594,0.4604388297872339,0.375,0.386371776504298,0.46033333333333337,0.8818359375,0.375,0.4597739361702128,0.4888408927285817,2.1822033898305087,2.163414634146341,0.4954691977077364,2.1302734375,2.128823529411765,0.475,2.128823529411765,2.191852825229961,2.3411016949152543,2.331707317073171,0.7001968503937005,2.31513671875,2.3144117647058824,0.4875,2.3144117647058824,2.3459264126149804,2.468220338983051,2.4663414634146337,0.9400393700787402,2.46302734375,2.4628823529411767,0.4975,2.4628823529411767,2.469185282522996,396.21848739494783,396.873949579831,396.52100840336504,392.35294117645185,396.80672268907983,116155813.64705881,19313431.663865544,0,25797296.403361343,18026392.7394958,4098012271.865546,2665051454.3865547,758094701.7142857,4328779741.579832,4850064788.436975,0,0,0,0,0,16.03361344537815,2.1176470588235294,5.294117647058823,0.9747899159663865,16.521008403361343,0,0,0,0,0,65957.64705882352,20893.04201680672,1061595.4285714286,39118.52100840336,70690.42016806723,1589.6638655462186,267.34453781512605,2815.025210084034,1752.3529411764703,456.43697478991595,1790.3529411764707,377.546218487395,1905.5294117647056,2121.5462184873945,559.563025210084,0,0,0,0,0,0,0,0,0,0,0,0,0,0,0,0,0,0,0,0
1693106032,0.7008863378924942,0.24645717806531112,0.16563146997929623,0.11276817682050136,1.4091279340381675,0.7846181755083371,0.06733780007407165,0.16604553337515215,0.1609992931560879,0.07251105793633536,0,0.11975689350618254,0.14984159602705724,0.5126014523707816,0.2734214792102025,7.8394828329732045,4.209621160813309,0.9700772091097302,0.47115720729610094,8.85736772566976,7.692190910058623,0.306573361166291,0.6433349950186339,1.404436665425678,1.0615030237111178,0,0.30489160803568743,2.7520861846048517,2.7699198661540665,1.0620700310528681,6.791346929234172,3.672211953173137,1.1042097998619735,0.3664965746666288,7.073822228871605,6.578721625416048,0.5050335005555373,0.3689900741670048,1.3569940423155884,0.7492809320087993,0,0.1496961168827282,2.333247709564167,1.5947600740424321,0.8202644376306079,50000,100000,50000,50000,50000,50000,10000,50000,50000,20000,50000,0,2433024,0,220594176,0,0,946176,0,0,2973696,0,0,0,0,1892352,2150.2226106765315,1.6266173752310538,3.643892339544514,3.721349835076542,212.04557151406343,2234.7132743362836,4.444294804888725,0,88.04361345735772,1.5952432745993765,0,0,372.9771384536347,1.8795386586928664,11.600882760775734,0,0,0,0,0,0,0,0,0,0,0,0,0,0,0,224342016,72286208,9723904,439984128,111349760,349663232,38371328,8617984,310304768,93900800,4952064,3993600,305532928,14680064,134160384,203563008,66908160,8515584,199372800,103673856,330620928,35414016,7434240,291827712,82046976,4055040,2568192,293990400,13516800,34197504,0,0,0,0,0,0,0,0,0,0,0,0,0,0,0,205377536,71987200,9334784,424857600,107556864,333217792,38223872,8372224,296202240,91701248,4796416,2940928,296607744,14303232,37801984,187535360,69554176,9334784,211562496,107556864,333217792,37277696,8372224,296202240,88727552,4796416,2940928,296607744,14303232,36044800,1073741824,1073741824,314572800,0,1073741824,1073741824,1073741824,314572800,1073741824,0,0,0,1073741824,314572800,2147483648,10.770178681454098,0,4.208612504629474,0,0,14.256977130246273,38852.69254467037,0,15669.775428436755,0,0,46217.291955549474,10.770178681454098,0,4.208612504629474,0,0,14.256977130246273,38852.69254467037,0,15669.775428436755,0,0,46217.291955549474,109.0730239555607,51.5568211622766,505.66175575307443,21.04942881641911,34.09843864149918,38.986794068598726,17.446358047310774,61.67858671067913,54.48233383728092,98.25773885984117,0,0,0,0,0,0,0,0,0,0,122317.15079273233,122464.55468545094,1579768.5376841594,99435.7867950101,332634.8731714776,552613.5349529004,3174.9928748829443,9219.634451983617,603384.260036956,125848.73265427968,0,0,0,0,0,0,0,0,0,0,128.283763453304,42.583086664918135,489.5653232679898,28.57300915553343,47.67325302842386,52.95893991977284,15.30882293066243,74.76007090897976,73.1283946469567,131.78224449550416,0,0,0,0,0,0,0,0,0,0,26058.268718898275,6925.99947543932,149794.71569463046,5907.919121511355,12613.568018484853,6513.34114571596,2914.9871747893,10640.99272571673,17017.974130690407,24912.145170336335,0,0,0,0,0,0,0,0,0,0,22,18,36,6,6,2,4,44,0,0,0,0,0.008195504664970314,0.0030469314079422387,0.030668826219512193,0.01736503856041131,0.0014747774480712169,0.003,0.003164233576642336,0.0032134724857685007,0.021361646234676016,0.00468447653429603,0.07191382765531061,0.052830188679245375,0.004294955489614243,0.0046,0.004895620437956205,0.004984250474383302,0.024179071803852897,0.004889169675090253,0.08735971943887774,0.08207547169811327,0.004647477744807121,0.0048,0.007398437500000009,0.007502309468822171,0.07765625000000032,0.007932,0.09971643286573144,0.17250000000000068,0.004929495548961425,0.00496,0.08837499999999952,0.009657505773672052,0.45912162162162173,0.375,0.38612681031437657,0.4594594594594595,0.874,0.375,0.4559027777777778,0.4909222948438634,2.182065217391305,2.164497041420118,0.4950282585658778,2.128,2.1192307692307697,0.475,2.1182403433476393,2.1934296977660974,2.3410326086956523,2.332248520710059,0.6941468253968253,2.314,2.309615384615385,0.4875,2.3091201716738197,2.346714848883049,2.468206521739131,2.4664497041420117,0.9388293650793649,2.4628,2.4619230769230773,0.4975,2.4618240343347635,2.4693429697766094,396.28571428570905,396.9411764705762,396.5546218487346,392.4537815126171,396.75630252100433,132749570.1512605,19313431.663865544,0,25797296.403361343,18026392.7394958,4168632612.5714283,2721785322.487395,758036462.7899159,4328762944.537815,4771847021.714286,0,0,0,0,0,16.016806722689076,2.1176470588235294,5.294117647058823,0.9747899159663865,16.48739495798319,0,0,0,0,0,64993.882352941175,20893.04201680672,1061595.4285714286,39118.52100840336,70458.08403361344,1582.873949579832,267.6470588235294,2816.4873949579833,1750.5042016806722,454.8907563025209,1783.9495798319326,377.89915966386553,1906.521008403361,2120.3025210084033,558.0672268907563,0,0,0,0,0,0,0,0,0,0,0,0,0,0,0,0,0,0,0,0
1693106033,0.714535580594856,0.24645717806531112,0.20187746038154833,0.11276817682050136,1.6623445707826319,0.7692379284779078,0.05708702288362911,0.15736879376819587,0.18710574147332426,0.07342952601240925,0,0.11975689350618254,0.14984159602705724,0.5126014523707816,0.2734214792102025,7.992150959120446,4.209621160813309,0.9582204966185521,0.47115720729610094,10.449013744264914,7.541407000005462,0.2599039538737475,0.6379709470978571,1.6321696728322435,1.0215797536439388,0,0.30489160803568743,2.7520861846048517,2.7699198661540665,1.0620700310528681,6.923603384384644,3.672211953173137,1.069950540022206,0.3664965746666288,8.344969745328818,6.449764169545526,0.4281526716272183,0.3671938521257898,1.5770341067037217,0.679223115614789,0,0.1496961168827282,2.333247709564167,1.5947600740424321,0.8202644376306079,50000,100000,50000,50000,50000,50000,10000,50000,50000,20000,50000,0,2433024,0,220594176,0,0,946176,0,0,2973696,0,0,0,0,1892352,2192.096604633212,1.6266173752310538,2.6647824770364386,3.721349835076542,250.14961101137044,2190.90796460177,3.767743510319518,0,102.32011119426923,1.2115871792047583,0,0,372.9771384536347,1.8795386586928664,11.600882760775734,0,0,0,0,0,0,0,0,0,0,0,0,0,0,0,224342016,72286208,9723904,439984128,111349760,349663232,38371328,8617984,310304768,93900800,4952064,3993600,305532928,14680064,134160384,203563008,66908160,8515584,199372800,103673856,330620928,35414016,7434240,291827712,82046976,4055040,2568192,293990400,13516800,34197504,0,0,0,0,0,0,0,0,0,0,0,0,0,0,0,205377536,71987200,9330688,424857600,107556864,333217792,38223872,8372224,296202240,91717632,4796416,2940928,296607744,14303232,37801984,187535360,69554176,9330688,211562496,107556864,333217792,37277696,8372224,296202240,88743936,4796416,2940928,296607744,14303232,36044800,1073741824,1073741824,314572800,0,1073741824,1073741824,1073741824,314572800,1073741824,0,0,0,1073741824,314572800,2147483648,10.770178681454098,0,3.5679389302268163,0,0,14.256977130246273,38852.69254467037,0,13284.378573112017,0,0,46217.291955549474,10.770178681454098,0,3.5679389302268163,0,0,14.256977130246273,38852.69254467037,0,13284.378573112017,0,0,46217.291955549474,109.0730239555607,51.5568211622766,505.66175575307443,21.04942881641911,28.31980599177831,38.986794068598726,17.446358047310774,61.678586710679134,54.48233383728092,98.25773885984117,0,0,0,0,0,0,0,0,0,0,122317.15079273233,122464.55468545094,1579768.5376841594,99435.7867950101,276060.04074945627,552613.5349529004,3174.9928748829443,9219.634451983617,603384.260036956,125848.73265427968,0,0,0,0,0,0,0,0,0,0,128.283763453304,42.583086664918135,489.5653232679898,28.57300915553343,39.3420032101693,52.95893991977284,15.30882293066243,74.76007090897977,73.1283946469567,131.78224449550416,0,0,0,0,0,0,0,0,0,0,26058.268718898275,6925.99947543932,149794.71569463046,5907.919121511355,10551.139081794792,6513.34114571596,2914.9871747893,10640.992725716731,17017.974130690407,24912.145170336335,0,0,0,0,0,0,0,0,0,0,68,38,86,20,18,2,18,124,0,0,0,0,0.008195504664970314,0.0030469314079422387,0.030668826219512193,0.01736503856041131,0.0014149855907780978,0.003,0.0031565217391304346,0.0032134724857685007,0.021361646234676016,0.00468447653429603,0.07191382765531061,0.052830188679245375,0.004282997118155619,0.0046,0.004881739130434782,0.004984250474383302,0.024179071803852897,0.004889169675090253,0.08735971943887774,0.08207547169811327,0.00464149855907781,0.0048,0.007187500000000009,0.007502309468822171,0.07765625000000032,0.007932,0.09971643286573144,0.17250000000000068,0.004928299711815562,0.00496,0.08500000000000132,0.009657505773672052,0.45912162162162173,0.375,0.38612681031437657,0.4594594594594595,0.882,0.375,0.4594594594594595,0.4909222948438634,2.182065217391305,2.164497041420118,0.4950282585658778,2.128,2.1297619047619047,0.475,2.128,2.1934296977660974,2.3410326086956523,2.332248520710059,0.6941468253968253,2.314,2.3148809523809524,0.4875,2.314,2.346714848883049,2.468206521739131,2.4664497041420117,0.9388293650793649,2.4628,2.46297619047619,0.4975,2.4628,2.4693429697766094,396.30252100841415,396.8907563025281,396.655462184872,392.3529411764809,396.85714285715403,132749570.1512605,19313431.663865544,0,25797296.403361343,18026392.7394958,4168635848.067227,2721819260.773109,757984419.4957982,4328823868.235294,4771855902.117647,0,0,0,0,0,16.067226890756302,2.1176470588235294,5.243697478991597,0.9747899159663865,16.621848739495796,0,0,0,0,0,65165.98319327731,20893.04201680672,1061320.0672268907,39118.52100840336,70922.75630252101,1596.941176470588,267.66386554621846,2815.949579831933,1761.8319327731092,457.4621848739496,1797.8991596638655,378.01680672268907,1906.0672268907563,2132.067226890756,560.5378151260504,0,0,0,0,0,0,0,0,0,0,0,0,0,0,0,0,0,0,0,0
1693106034,0.8189545621417074,0.24645717806531112,0.20187746038154833,0.11276817682050136,1.6623445707826319,0.5959540462128278,0.10609179061724214,0.15736879376819587,0.18710574147332426,0.07342952601240925,0,0.09936279352913593,0.14984159602705724,0.5126014523707816,0.2734214792102025,9.160087568834543,4.209621160813309,0.9582204966185521,0.47115720729610094,10.449013744264914,5.807861337247231,0.3170977763160688,0.6379709470978571,1.6321696728322435,1.0215797536439388,0,0.25296983756891006,2.7520861846048517,2.7699198661540665,1.0620700310528681,7.9353873090282745,3.672211953173137,1.069950540022206,0.3664965746666288,8.344969745328818,4.8712765516526675,0.46680387871586493,0.3671938521257898,1.5770341067037217,0.679223115614789,0,0.12420349191141991,2.333247709564167,1.5947600740424321,0.8202644376306079,50000,100000,50000,50000,50000,50000,10000,50000,50000,20000,50000,0,2433024,0,220594176,0,0,946176,0,0,2973696,0,0,0,0,1892352,2512.4396374008074,1.6266173752310538,2.6647824770364386,3.721349835076542,250.14961101137044,1581.869327012745,4.2012349084427845,0,102.32011119426923,1.2115871792047583,0,0,372.9771384536347,1.8795386586928664,11.600882760775734,0,0,0,0,0,0,0,0,0,0,0,0,0,0,0,224342016,72286208,9723904,439984128,111349760,349663232,38658048,8617984,310304768,93900800,4952064,3993600,305532928,14680064,134160384,203563008,66908160,8515584,199372800,103673856,330620928,35549184,7434240,291827712,82046976,4055040,2568192,293990400,13516800,34197504,0,0,0,0,0,0,0,0,0,0,0,0,0,0,0,205377536,71987200,9330688,424857600,107556864,333217792,38400000,8372224,296202240,91717632,4796416,2940928,296607744,14303232,37801984,187535360,69554176,9330688,211562496,107556864,333217792,37453824,8372224,296202240,88743936,4796416,2940928,296607744,14303232,36044800,1073741824,1073741824,314572800,0,1073741824,1073741824,1073741824,314572800,1073741824,0,0,0,1073741824,314572800,2147483648,10.770178681454098,0,4.901440726516582,0,0,14.256977130246273,38852.69254467037,0,20478.261792102527,0,0,46217.291955549474,10.770178681454098,0,4.901440726516582,0,0,14.256977130246273,38852.69254467037,0,20478.261792102527,0,0,46217.291955549474,109.0730239555607,51.5568211622766,505.66175575307443,18.445789883734868,28.887634933309677,38.986794068598726,17.446358047310774,61.678586710679134,54.8024864648085,97.58285336606552,0,0,0,0,0,0,0,0,0,0,122317.15079273233,122464.55468545094,1579768.5376841594,87136.40860002398,281595.20863808435,552613.5349529004,3174.9928748829443,9219.634451983617,600734.2690996592,125496.15239354168,0,0,0,0,0,0,0,0,0,0,128.283763453304,42.583086664918135,489.5653232679898,25.038766031403572,40.130833756785314,52.95893991977284,15.30882293066243,74.76007090897977,73.53118107078404,130.98385421584362,0,0,0,0,0,0,0,0,0,0,26058.268718898275,6925.99947543932,149794.71569463046,5177.158758839746,10762.695691275278,6513.34114571596,2914.9871747893,10640.992725716731,17321.255263685583,24710.320083089413,0,0,0,0,0,0,0,0,0,0,52,20,74,12,16,2,14,108,0,0,0,0,0.008195504664970314,0.0030469314079422387,0.030668826219512193,0.01736503856041131,0.0014149855907780978,0.003,0.0031565217391304346,0.0032134724857685007,0.021361646234676016,0.00468447653429603,0.07191382765531061,0.052830188679245375,0.004282997118155619,0.0046,0.004881739130434782,0.004984250474383302,0.024179071803852897,0.004889169675090253,0.08735971943887774,0.08207547169811327,0.00464149855907781,0.0048,0.007187500000000009,0.007502309468822171,0.07765625000000032,0.007932,0.09971643286573144,0.17250000000000068,0.004928299711815562,0.00496,0.08500000000000132,0.009657505773672052,0.45912162162162173,0.375,0.38612681031437657,0.4594594594594595,0.882,0.375,0.4594594594594595,0.4909222948438634,2.182065217391305,2.164497041420118,0.4950282585658778,2.128,2.1297619047619047,0.475,2.128,2.1934296977660974,2.3410326086956523,2.332248520710059,0.6941468253968253,2.314,2.3148809523809524,0.4875,2.314,2.346714848883049,2.468206521739131,2.4664497041420117,0.9388293650793649,2.4628,2.46297619047619,0.4975,2.4628,2.4693429697766094,396.2184873949559,396.890756302512,396.60504201680294,392.4201680672265,396.77310924369846,132749432.47058822,19313431.663865544,0,25797296.403361343,18026392.7394958,4239245587.3613443,2778492067.495798,757883017.6806723,4236765132.3697476,4850069882.621848,0,0,0,0,0,16.11764705882353,2.1176470588235294,6.773109243697479,0.9747899159663865,16.722689075630253,0,0,0,0,0,66155.56302521008,20893.04201680672,1423437.4453781513,39118.52100840336,71327.19327731091,1602.1680672268906,267.5126050420168,2814.7731092436975,1768.151260504202,458.9411764705882,1802.9243697478992,377.96638655462186,1905.2268907563023,2138.3193277310925,562.0672268907563,0,0,0,0,0,0,0,0,0,0,0,0,0,0,0,0,0,0,0,0
1693106035,0.7215649405865723,0.24645717806531112,0.20187746038154833,0.11276817682050136,1.6623445707826319,0.5840381825717542,0.10609179061724214,0.15736879376819587,0.1669344573586797,0.07342952601240925,0,0.19134727617152375,0.14984159602705724,0.5126014523707816,0.2734214792102025,8.070775044086275,4.209621160813309,0.9582204966185521,0.47115720729610094,10.449013744264914,5.691735464487931,0.3170977763160688,0.6379709470978571,1.5404335955595432,1.0215797536439388,0,0.30507568741508956,2.7520861846048517,2.7699198661540665,1.0620700310528681,6.9917154587871355,3.672211953173137,1.069950540022206,0.3664965746666288,8.344969745328818,4.7738773184125884,0.46680387871586493,0.3671938521257898,1.4606765018884373,0.679223115614789,0,0.1722125485543715,2.333247709564167,1.5947600740424321,0.8202644376306079,50000,100000,50000,50000,50000,50000,10000,50000,50000,20000,50000,0,2433024,0,220594176,0,0,946176,0,0,2973696,0,0,0,0,1892352,2213.661711520902,1.6266173752310538,2.6647824770364386,3.721349835076542,250.14961101137044,1550.2404802611131,4.2012349084427845,0,79.87813784612817,1.2115871792047583,0,0,372.9771384536347,1.8795386586928664,11.600882760775734,0,0,0,0,0,0,0,0,0,0,0,0,0,0,0,224342016,72286208,9723904,439984128,111349760,349663232,38658048,8617984,310304768,93900800,4952064,3993600,305532928,14680064,134160384,203563008,66908160,8515584,199372800,103673856,330620928,35549184,7434240,291827712,82046976,4055040,2568192,293990400,13516800,34197504,0,0,0,0,0,0,0,0,0,0,0,0,0,0,0,205377536,71987200,9330688,424857600,107556864,333217792,38400000,8372224,296198144,91717632,4796416,3072000,296607744,14303232,37801984,187535360,69554176,9330688,211562496,107556864,333217792,37453824,8372224,296198144,88743936,4796416,3072000,296607744,14303232,36044800,1073741824,1073741824,314572800,0,1073741824,1073741824,1073741824,314572800,1073741824,0,0,0,1073741824,314572800,2147483648,10.770178681454098,0,4.901440726516582,0,0,14.256977130246273,38852.69254467037,0,20478.261792102527,0,0,46217.291955549474,10.770178681454098,0,4.901440726516582,0,0,14.256977130246273,38852.69254467037,0,20478.261792102527,0,0,46217.291955549474,109.0730239555607,51.5568211622766,502.4534998739308,21.235752849430117,34.06973649188182,38.85775862068966,17.446358047310774,52.33030415064576,54.8024864648085,97.58285336606552,0,0,0,0,0,0,0,0,0,0,122317.15079273233,122464.55468545094,1579589.0339223025,99855.06898620276,332110.07331768575,546335.5387931035,3174.9928748829443,7828.464340924775,600734.2690996592,125496.15239354168,0,0,0,0,0,0,0,0,0,0,128.283763453304,42.583086664918135,487.17003820865415,28.87422515496901,47.32983279696082,54.15948275862069,15.30882293066243,63.16926501035196,73.53118107078404,130.98385421584362,0,0,0,0,0,0,0,0,0,0,26058.268718898275,6925.99947543932,150169.35937469694,5980.603879224156,12693.396568829094,6629.5905172413795,2914.9871747893,9010.955194715567,17321.255263685583,24710.320083089413,0,0,0,0,0,0,0,0,0,0,10,8,16,2,2,2,2,10,0,0,0,0,0.008195504664970314,0.0030469314079422387,0.030668826219512193,0.01736503856041131,0.0014149855907780978,0.003,0.0031565217391304346,0.003211735505038857,0.021361646234676016,0.00468447653429603,0.07191382765531061,0.052830188679245375,0.004282997118155619,0.0046,0.004881739130434782,0.004981123909069943,0.024179071803852897,0.004889169675090253,0.08735971943887774,0.08207547169811327,0.00464149855907781,0.0048,0.007187500000000009,0.007483008506927406,0.07765625000000032,0.007932,0.09971643286573144,0.17250000000000068,0.004928299711815562,0.00496,0.08500000000000132,0.009654764132788119,0.45912162162162173,0.375,0.38612681031437657,0.4594594594594595,0.882,0.375,0.4594594594594595,0.49125981782070427,2.182065217391305,2.164497041420118,0.4950282585658778,2.128,2.1297619047619047,0.475,2.128,2.1936840862034095,2.3410326086956523,2.332248520710059,0.6941468253968253,2.314,2.3148809523809524,0.4875,2.314,2.346842043101704,2.468206521739131,2.4664497041420117,0.9388293650793649,2.4628,2.46297619047619,0.4975,2.4628,2.469368408620341,396.2857142857052,396.8571428571297,396.54913728433274,392.4705882352837,396.75630252101047,132749638.99159664,19313362.82352941,0,38695910.184873946,18026392.7394958,4168620152.470588,2721841978.0840335,805843564.3577561,4236790878.655462,4850068574.655462,0,0,0,0,0,15.88235294117647,2.1176470588235294,6.718346253229974,0.9747899159663865,16.554621848739494,0,0,0,0,0,65527.39495798319,20893.04201680672,1411928.4487788614,39118.52100840336,70716.23529411765,1587.764705882353,267.4621848739496,2815.4538634658666,1758.9411764705883,455.78151260504194,1788.8739495798318,378,1905.9431524547804,2130.1008403361343,558.9579831932774,0,0,0,0,0,0,0,0,0,0,0,0,0,0,0,0,0,0,0,0
1693106036,0.7079156978842105,0.29657089898053757,0.20187746038154833,0.11276817682050136,1.3923936653589557,0.8073972971414289,0.10609179061724214,0.15736879376819587,0.1669344573586797,0.07342952601240925,0,0.19134727617152375,0.14984159602705724,0.5126014523707815,0.2734214792102025,7.918106917939034,4.280508585727525,0.9582204966185521,0.47115720729610094,8.752180987310828,10.30493402602895,0.3170977763160688,0.6379709470978571,1.5404335955595432,1.0215797536439388,0,0.30507568741508956,2.7520861846048517,2.769919866154066,1.0620700310528681,6.859459003636665,3.744207599629285,1.069950540022206,0.3664965746666288,6.989816200101961,8.95826524923585,0.46680387871586493,0.3671938521257898,1.4606765018884373,0.679223115614789,0,0.1722125485543715,2.333247709564167,1.594760074042432,0.8202644376306079,50000,100000,50000,50000,50000,50000,10000,50000,50000,20000,50000,0,2568192,0,220594176,0,0,946176,0,0,2973696,0,0,0,0,1892352,2171.787717564222,2.4467099165894344,2.6647824770364386,3.721349835076542,209.52739876321564,3070.4165785578343,4.2012349084427845,0,79.87813784612817,1.2115871792047583,0,0,372.9771384536347,1.8795386586928662,11.600882760775734,0,0,0,0,0,0,0,0,0,0,0,0,0,0,0,224342016,72536064,9723904,439984128,111349760,349663232,38658048,8617984,310304768,93900800,4952064,3993600,305532928,14680064,134160384,203563008,66908160,8515584,199372800,103673856,331702272,35549184,7434240,291827712,82046976,4055040,2568192,293990400,13516800,34197504,0,0,0,0,0,0,0,0,0,0,0,0,0,0,0,205377536,72314880,9330688,424857600,107556864,334143488,38400000,8372224,296198144,91717632,4796416,3072000,296607744,14303232,37801984,187535360,69746688,9330688,211562496,107556864,334143488,37453824,8372224,296198144,88743936,4796416,3072000,296607744,14303232,36044800,1073741824,1073741824,314572800,0,1073741824,1073741824,1073741824,314572800,1073741824,0,0,0,1073741824,314572800,2147483648,10.936051899907321,0,4.901440726516582,0,0,14.256977130246273,42079.8517145505,0,20478.261792102527,0,0,46217.291955549474,10.936051899907321,0,4.901440726516582,0,0,14.256977130246273,42079.8517145505,0,20478.261792102527,0,0,46217.291955549474,109.0730239555607,51.5568211622766,502.4534998739308,21.235752849430117,34.06973649188182,38.85775862068966,17.446358047310774,53.367965592033904,54.8024864648085,97.58285336606552,0,0,0,0,0,0,0,0,0,0,122317.15079273233,122464.55468545094,1579589.0339223025,99855.06898620276,332110.07331768575,546335.5387931035,3174.9928748829443,7983.69553485162,600734.2690996592,125496.15239354168,0,0,0,0,0,0,0,0,0,0,128.283763453304,42.583086664918135,487.17003820865415,28.87422515496901,47.32983279696082,54.15948275862069,15.30882293066243,64.42185300207038,73.53118107078404,130.98385421584362,0,0,0,0,0,0,0,0,0,0,26058.268718898275,6925.99947543932,150169.35937469694,5980.603879224156,12693.396568829094,6629.5905172413795,2914.9871747893,9189.63408656216,17321.255263685583,24710.320083089413,0,0,0,0,0,0,0,0,0,0,10,8,28,8,6,2,6,32,0,0,0,0,0.008195504664970314,0.0030469314079422387,0.030668826219512193,0.01736503856041131,0.0014149855907780978,0.003,0.0031565217391304346,0.003211798152096659,0.021361646234676016,0.00468447653429603,0.07191382765531061,0.052830188679245375,0.004282997118155619,0.0046,0.004881739130434782,0.004981236673773987,0.024179071803852897,0.004889169675090253,0.08735971943887774,0.08207547169811327,0.00464149855907781,0.0048,0.007187500000000009,0.007483720930232549,0.07765625000000032,0.007932,0.09971643286573144,0.17250000000000068,0.004928299711815562,0.00496,0.08500000000000132,0.009654883720930221,0.45912162162162173,0.375,0.38612681031437657,0.4594594594594595,0.882,0.375,0.4594594594594595,0.4911038489469862,2.182065217391305,2.164497041420118,0.4950282585658778,2.128,2.1297619047619047,0.475,2.128,2.193566739606127,2.3410326086956523,2.332248520710059,0.6941468253968253,2.314,2.3148809523809524,0.4875,2.314,2.346783369803063,2.468206521739131,2.4664497041420117,0.9388293650793649,2.4628,2.46297619047619,0.4975,2.4628,2.469356673960612,396.4033613445401,396.8739495798344,396.5210084033622,392.52100840334253,396.7731092437045,132749638.99159664,19313431.663865544,0,38695910.184873946,18026186.218487393,4168552551.2605042,2778499915.2941175,813627168.2689075,4236959881.680672,4928284345.008403,0,0,0,0,0,15.815126050420167,2.1176470588235294,6.773109243697479,0.9579831932773109,16.33613445378151,0,0,0,0,0,65338.08403361344,20893.04201680672,1423437.4453781513,35607.663865546216,69890.1512605042,1570.3529411764705,263.109243697479,2816.016806722689,1737.8991596638652,450.5882352941176,1771.5294117647056,374,1906.252100840336,2108.689075630252,553.8487394957983,0,0,0,0,0,0,0,0,0,0,0,0,0,0,0,0,0,0,0,0
1693106037,0.6942664551818487,0.29657089898053757,0.20187746038154833,0.11276817682050136,1.3646879225125785,0.8073972971414289,0.10609179061724214,0.15736879376819587,0.1669344573586797,0.07342952601240925,0,0.19134727617152375,0.14984159602705724,0.5126014523707815,0.2734214792102025,7.765438791791792,4.280508585727525,0.9582204966185521,0.47115720729610094,8.578030758239747,10.30493402602895,0.3170977763160688,0.6379709470978571,1.5404335955595432,1.0215797536439388,0,0.30507568741508956,2.7520861846048517,2.769919866154066,1.0620700310528681,6.727202548486194,3.744207599629285,1.069950540022206,0.3664965746666288,6.850733371013148,8.95826524923585,0.46680387871586493,0.3671938521257898,1.4606765018884373,0.679223115614789,0,0.1722125485543715,2.333247709564167,1.594760074042432,0.8202644376306079,50000,100000,50000,50000,50000,50000,10000,50000,50000,20000,50000,0,2568192,0,220594176,0,0,946176,0,0,2973696,0,0,0,0,1892352,2129.9137236075417,2.4467099165894344,2.6647824770364386,3.721349835076542,205.35823857969282,3070.4165785578343,4.2012349084427845,0,79.87813784612817,1.2115871792047583,0,0,372.9771384536347,1.8795386586928662,11.600882760775734,0,0,0,0,0,0,0,0,0,0,0,0,0,0,0,224342016,72536064,9723904,439984128,111349760,349663232,38658048,8617984,310304768,93900800,4952064,3993600,305532928,14680064,134160384,203563008,66908160,8515584,199372800,103673856,331702272,35549184,7434240,291827712,82046976,4055040,2568192,293990400,13516800,34197504,0,0,0,0,0,0,0,0,0,0,0,0,0,0,0,205377536,72314880,9330688,424857600,107556864,334143488,38400000,8372224,296198144,91717632,4796416,3072000,296607744,14303232,37801984,187535360,69746688,9330688,211562496,107556864,334143488,37453824,8372224,296198144,88743936,4796416,3072000,296607744,14303232,36044800,1073741824,1073741824,314572800,0,1073741824,1073741824,1073741824,314572800,1073741824,0,0,0,1073741824,314572800,2147483648,10.936051899907321,0,4.901440726516582,0,0,14.256977130246273,42079.8517145505,0,20478.261792102527,0,0,46217.291955549474,10.936051899907321,0,4.901440726516582,0,0,14.256977130246273,42079.8517145505,0,20478.261792102527,0,0,46217.291955549474,109.0730239555607,51.5568211622766,502.4534998739308,21.235752849430117,34.06973649188182,38.85775862068966,17.446358047310774,53.39845384529544,54.8024864648085,97.58285336606552,0,0,0,0,0,0,0,0,0,0,122317.15079273233,122464.55468545094,1579589.0339223025,99855.06898620276,332110.07331768575,546335.5387931035,3174.9928748829443,7981.128636642621,600734.2690996592,125496.15239354168,0,0,0,0,0,0,0,0,0,0,128.283763453304,42.583086664918135,487.17003820865415,28.87422515496901,47.32983279696082,54.15948275862069,15.30882293066243,64.85044412406316,73.53118107078404,130.98385421584362,0,0,0,0,0,0,0,0,0,0,26058.268718898275,6925.99947543932,150169.35937469694,5980.603879224156,12693.396568829094,6629.5905172413795,2914.9871747893,9217.5650085585,17321.255263685583,24710.320083089413,0,0,0,0,0,0,0,0,0,0,22,8,24,10,10,2,8,42,0,0,0,0,0.008123393316195372,0.003051423324150597,0.030561970746728253,0.017102272727272726,0.0014850299401197606,0.003,0.003142857142857143,0.003211331580205594,0.02107948243992606,0.004692561983471075,0.07120833333333335,0.04737804878048781,0.004297005988023952,0.0046,0.004857142857142857,0.004980396844370069,0.023982439926062832,0.004897704315886134,0.08701041666666665,0.07803191489361701,0.004648502994011976,0.0048,0.006805555555555548,0.007467798594847774,0.07507142857142822,0.008116666666666654,0.09965208333333331,0.15804999999999905,0.004929700598802394,0.00496,0.089375,0.009634074941451997,0.45912806539509543,0.3760416666666666,0.3863227893601725,0.45935792349726773,0.8714574898785427,0.375,0.4548319327731092,0.49493367722918197,2.181762917933131,2.1642284569138273,0.4953810208483106,2.1277327935222674,2.1171739130434784,0.475,2.115131578947368,2.196389496717724,2.3408814589665647,2.332114228456913,0.6990079365079362,2.3138663967611337,2.308586956521739,0.4875,2.307565789473684,2.348194748358862,2.4681762917933128,2.4664228456913824,0.9398015873015869,2.4627732793522266,2.461717391304348,0.4975,2.461513157894737,2.4696389496717726,396.386554621846,396.9579831932824,396.5714285714291,392.5378151260558,396.6890756302618,132749638.99159664,19313431.663865544,0,38695910.184873946,18026186.218487393,4239069975.6638656,2778491860.9747896,813639972.5714285,4237056258.1512604,4850068712.336134,0,0,0,0,0,15.647058823529411,2.1176470588235294,6.773109243697479,0.9579831932773109,16.285714285714285,0,0,0,0,0,64770.1512605042,20893.04201680672,1423437.4453781513,35607.663865546216,69752.47058823529,1573.9999999999998,267.17647058823525,2814.7899159663866,1729.0420168067226,448.3361344537815,1774.672268907563,377.79831932773106,1905.6302521008402,2099.7142857142853,551.546218487395,0,0,0,0,0,0,0,0,0,0,0,0,0,0,0,0,0,0,0,0
1693106038,0.680617212479487,0.29657089898053757,0.20187746038154833,0.11276817682050136,1.6357911094753215,0.8073972971414289,0.10609179061724214,0.15736879376819587,0.1669344573586797,0.07468817686160231,0,0.19134727617152375,0.14984159602705724,0.47523999619808005,0.2734214792102025,7.6127706656445495,4.280508585727525,0.9582204966185521,0.47115720729610094,10.203255130249872,10.30493402602895,0.3170977763160688,0.6379709470978571,1.5404335955595432,1.0544234446187173,0,0.30507568741508956,2.7520861846048517,2.706745727592434,1.0620700310528681,6.5949460933357225,3.744207599629285,1.069950540022206,0.3664965746666288,8.281192491718809,8.95826524923585,0.46680387871586493,0.3671938521257898,1.4606765018884373,0.6721935917544242,0,0.1722125485543715,2.333247709564167,1.4447295884421638,0.8202644376306079,50000,100000,50000,50000,50000,50000,10000,50000,50000,20000,50000,0,2568192,0,220594176,0,0,946176,0,0,2973696,0,0,0,0,1892352,2088.039729650862,2.4467099165894344,2.6647824770364386,3.721349835076542,261.80836707152497,3070.4165785578343,4.2012349084427845,0,79.87813784612817,0,0,0,372.9771384536347,1.2546335899629313,11.600882760775734,0,0,0,0,0,0,0,0,0,0,0,0,0,0,0,224342016,72536064,9723904,439984128,111349760,349663232,38658048,8617984,310304768,93900800,4952064,3993600,305532928,14680064,134160384,203563008,66908160,8515584,199372800,104079360,331702272,35549184,7434240,291827712,82046976,4055040,2568192,293990400,13516800,34197504,0,0,0,0,0,0,0,0,0,0,0,0,0,0,0,205377536,72314880,9330688,424857600,108019712,334143488,38400000,8372224,296198144,91717632,4796416,3072000,296607744,14348288,37801984,187535360,69746688,9330688,211562496,108019712,334143488,37453824,8372224,296198144,88743936,4796416,3072000,296607744,14348288,36044800,1073741824,1073741824,314572800,0,1073741824,1073741824,1073741824,314572800,1073741824,0,0,0,1073741824,314572800,2147483648,10.936051899907321,0,4.901440726516582,0,0,14.256977130246273,42079.8517145505,0,20478.261792102527,0,0,46217.291955549474,10.936051899907321,0,4.901440726516582,0,0,14.256977130246273,42079.8517145505,0,20478.261792102527,0,0,46217.291955549474,104.6903052064632,50.94622343082302,502.4534998739308,21.235752849430117,34.06973649188182,38.85775862068966,15.162266912585878,60.93004168556556,54.8024864648085,97.58285336606552,0,0,0,0,0,0,0,0,0,0,120209.56762417714,121868.91614407014,1579589.0339223025,99855.06898620276,332110.07331768575,546335.5387931035,2734.615376013853,9106.827361282101,600734.2690996592,125496.15239354168,0,0,0,0,0,0,0,0,0,0,123.31687612208259,42.20544980298573,487.17003820865415,28.87422515496901,47.32983279696082,54.15948275862069,13.151500332780582,73.99727855893217,73.53118107078404,130.98385421584362,0,0,0,0,0,0,0,0,0,0,24902.11699581089,6868.721904656196,150169.35937469694,5980.603879224156,12693.396568829094,6629.5905172413795,2512.9691193723424,10517.65696883302,17321.255263685583,24710.320083089413,0,0,0,0,0,0,0,0,0,0,52,20,52,16,18,2,18,78,0,0,0,0,0.008123393316195372,0.003051423324150597,0.030561970746728253,0.017102272727272726,0.0014302325581395348,0.003,0.0031356521739130433,0.003211331580205594,0.02107948243992606,0.004692561983471075,0.07120833333333335,0.04737804878048781,0.004286046511627907,0.0046,0.004844173913043479,0.004980396844370069,0.023982439926062832,0.004897704315886134,0.08701041666666665,0.07803191489361701,0.004643023255813954,0.0048,0.006537037037037031,0.007467798594847774,0.07507142857142822,0.008116666666666654,0.09965208333333331,0.15804999999999905,0.004928604651162791,0.00496,0.08575000000000026,0.009634074941451997,0.45912806539509543,0.3760416666666666,0.3863227893601725,0.45935792349726773,0.8785425101214575,0.375,0.45912806539509543,0.49493367722918197,2.181762917933131,2.1642284569138273,0.4953810208483106,2.1277327935222674,2.1271255060728746,0.475,2.1271255060728746,2.196389496717724,2.3408814589665647,2.332114228456913,0.6990079365079362,2.3138663967611337,2.3135627530364373,0.4875,2.3135627530364373,2.348194748358862,2.4681762917933128,2.4664228456913824,0.9398015873015869,2.4627732793522266,2.462712550607288,0.4975,2.462712550607288,2.4696389496717726,396.31932773109514,396.9075630252111,396.53781512603877,392.5042016806786,396.68907563024874,132749638.99159664,19313431.663865544,0,38695910.184873946,18026186.218487393,4239001892.5714283,2665069284.033613,868148921.0084033,4237102243.495798,4771903470.789916,0,0,0,0,0,15.680672268907562,2.1176470588235294,6.773109243697479,0.9915966386554621,16.369747899159663,0,0,0,0,0,64847.59663865546,20893.04201680672,1423437.4453781513,39462.72268907563,70053.64705882352,1578.4369747899157,267.66386554621846,2817.3949579831933,1733.8823529411764,449.0588235294117,1779.4117647058822,378.30252100840335,1907.109243697479,2105.529411764706,552.3025210084033,0,0,0,0,0,0,0,0,0,0,0,0,0,0,0,0,0,0,0,0
1693106039,0.6669679697771251,0.29657089898053757,0.20187746038154833,0.11276817682050136,1.6357911094753215,0.8073972971414289,0.10609179061724214,0.15736879376819587,0.1669344573586797,0.07468817686160231,0,0.19134727617152375,0.14984159602705724,0.47523999619808005,0.2734214792102025,7.460102539497307,4.280508585727525,0.9582204966185521,0.47115720729610094,10.203255130249872,10.30493402602895,0.3170977763160688,0.6379709470978571,1.5404335955595432,1.0544234446187173,0,0.30507568741508956,2.7520861846048517,2.706745727592434,1.0620700310528681,6.462689638185252,3.744207599629285,1.069950540022206,0.3664965746666288,8.281192491718809,8.95826524923585,0.46680387871586493,0.3671938521257898,1.4606765018884373,0.6721935917544242,0,0.1722125485543715,2.333247709564167,1.4447295884421638,0.8202644376306079,50000,100000,50000,50000,50000,50000,10000,50000,50000,20000,50000,0,2568192,0,220594176,0,0,946176,0,0,2973696,0,0,0,0,1892352,2046.1657356941816,2.4467099165894344,2.6647824770364386,3.721349835076542,261.80836707152497,3070.4165785578343,4.2012349084427845,0,79.87813784612817,0,0,0,372.9771384536347,1.2546335899629313,11.600882760775734,0,0,0,0,0,0,0,0,0,0,0,0,0,0,0,224342016,72536064,9723904,439984128,111349760,349663232,38658048,8617984,310304768,93900800,4952064,3993600,305532928,14680064,134160384,203563008,66908160,8515584,199372800,104079360,331702272,35549184,7434240,291827712,82046976,4055040,2568192,293990400,13516800,34197504,0,0,0,0,0,0,0,0,0,0,0,0,0,0,0,205377536,72314880,9330688,424857600,108019712,334143488,38400000,8372224,296198144,91717632,4796416,3072000,296607744,14348288,37801984,187535360,69746688,9330688,211562496,108019712,334143488,37453824,8372224,296198144,88743936,4796416,3072000,296607744,14348288,36044800,1073741824,1073741824,314572800,0,1073741824,1073741824,1073741824,314572800,1073741824,0,0,0,1073741824,314572800,2147483648,10.936051899907321,0,4.901440726516582,0,0,14.256977130246273,42079.8517145505,0,20478.261792102527,0,0,46217.291955549474,10.936051899907321,0,4.901440726516582,0,0,14.256977130246273,42079.8517145505,0,20478.261792102527,0,0,46217.291955549474,104.6903052064632,50.94622343082302,502.4534998739308,21.235752849430117,34.06973649188182,38.85775862068966,15.476998375579548,60.93004168556556,54.8024864648085,97.58285336606552,0,0,0,0,0,0,0,0,0,0,120209.56762417714,121868.91614407014,1579589.0339223025,99855.06898620276,332110.07331768575,546335.5387931035,2791.379282293817,9106.827361282101,600734.2690996592,125496.15239354168,0,0,0,0,0,0,0,0,0,0,123.31687612208259,42.20544980298573,487.17003820865415,28.87422515496901,47.32983279696082,54.15948275862069,13.424493214660396,73.99727855893217,73.53118107078404,130.98385421584362,0,0,0,0,0,0,0,0,0,0,24902.11699581089,6868.721904656196,150169.35937469694,5980.603879224156,12693.396568829094,6629.5905172413795,2565.132193136824,10517.65696883302,17321.255263685583,24710.320083089413,0,0,0,0,0,0,0,0,0,0,22,18,40,8,4,2,6,86,0,0,0,0,0.008123393316195372,0.003051423324150597,0.030561970746728253,0.017102272727272726,0.0014302325581395348,0.003,0.0031356521739130433,0.003211331580205594,0.02107948243992606,0.004692561983471075,0.07120833333333335,0.04737804878048781,0.004286046511627907,0.0046,0.004844173913043479,0.004980396844370069,0.023982439926062832,0.004897704315886134,0.08701041666666665,0.07803191489361701,0.004643023255813954,0.0048,0.006537037037037031,0.007467798594847774,0.07507142857142822,0.008116666666666654,0.09965208333333331,0.15804999999999905,0.004928604651162791,0.00496,0.08575000000000026,0.009634074941451997,0.45912806539509543,0.3760416666666666,0.3863227893601725,0.45935792349726773,0.8785425101214575,0.375,0.45912806539509543,0.49493367722918197,2.181762917933131,2.1642284569138273,0.4953810208483106,2.1277327935222674,2.1271255060728746,0.475,2.1271255060728746,2.196389496717724,2.3408814589665647,2.332114228456913,0.6990079365079362,2.3138663967611337,2.3135627530364373,0.4875,2.3135627530364373,2.348194748358862,2.4681762917933128,2.4664228456913824,0.9398015873015869,2.4627732793522266,2.462712550607288,0.4975,2.462712550607288,2.4696389496717726,396.2689075630119,396.9747899159658,396.72268907563296,392.5042016806698,396.7899159663931,132749638.99159664,19313431.663865544,0,38695910.184873946,18026186.218487393,4238909026.957983,2608399299.7647057,868170674.5546218,4329215087.865546,4693761634.957983,0,0,0,0,0,15.142857142857142,2.1176470588235294,4.722689075630252,0.9915966386554621,16.067226890756302,0,0,0,0,0,58651.96638655462,20893.04201680672,964848.9411764706,39462.72268907563,65389.71428571428,1576.4201680672268,267.2268907563025,2816.0504201680674,1744.5714285714284,453.15966386554624,1777.378151260504,377.96638655462186,1905.5126050420167,2114.7563025210084,556.4873949579832,0,0,0,0,0,0,0,0,0,0,0,0,0,0,0,0,0,0,0,0
1693106040,0.6533187270747634,0.29657089898053757,0.20187746038154833,0.11276817682050136,1.6357911094753215,0.8073972971414289,0.10609179061724214,0.17753580305361594,0.1669344573586797,0.07468817686160231,0,0.19134727617152375,0.14984159602705724,0.47523999619808005,0.23480379208124202,7.307434413350065,4.280508585727525,0.9582204966185521,0.47115720729610094,10.203255130249872,10.30493402602895,0.3170977763160688,0.6319420542865033,1.5404335955595432,1.0544234446187173,0,0.30507568741508956,2.7520861846048517,2.706745727592434,1.1020918875289842,6.330433183034781,3.744207599629285,1.069950540022206,0.3664965746666288,8.281192491718809,8.95826524923585,0.46680387871586493,0.35507160610723143,1.4606765018884373,0.6721935917544242,0,0.1722125485543715,2.333247709564167,1.4447295884421638,0.8218132722843474,50000,100000,50000,50000,50000,50000,10000,50000,50000,20000,50000,0,2568192,0,220594176,0,0,946176,0,0,2973696,0,0,0,0,1892352,2004.2917417375015,2.4467099165894344,2.6647824770364386,3.721349835076542,261.80836707152497,3070.4165785578343,4.2012349084427845,0,79.87813784612817,0,0,0,372.9771384536347,1.2546335899629313,11.622787708021484,0,0,0,0,0,0,0,0,0,0,0,0,0,0,0,224342016,72536064,9723904,439984128,111349760,349663232,38658048,8617984,310304768,93900800,4952064,3993600,305532928,14680064,134160384,203563008,66908160,8515584,199372800,104079360,331702272,35549184,7434240,291827712,82046976,4055040,2568192,293990400,13516800,34197504,0,0,0,0,0,0,0,0,0,0,0,0,0,0,0,205377536,72314880,9330688,424857600,108019712,334143488,38400000,8245248,296198144,91717632,4796416,3072000,296607744,14348288,37801984,187535360,69746688,9330688,211562496,108019712,334143488,37453824,8245248,296198144,88743936,4796416,3072000,296607744,14348288,36044800,1073741824,1073741824,314572800,0,1073741824,1073741824,1073741824,314572800,1073741824,0,0,0,1073741824,314572800,2147483648,10.936051899907321,0,4.901440726516582,0,0,14.645886531067477,42079.8517145505,0,20478.261792102527,0,0,49380.17668985354,10.936051899907321,0,4.901440726516582,0,0,14.645886531067477,42079.8517145505,0,20478.261792102527,0,0,49380.17668985354,104.6903052064632,50.946223430823025,502.4534998739308,21.235752849430117,34.06973649188182,38.85775862068966,15.791729838573218,60.93004168556556,54.8024864648085,97.58285336606552,0,0,0,0,0,0,0,0,0,0,120209.56762417714,121868.91614407016,1579589.0339223025,99855.06898620276,332110.07331768575,546335.5387931035,2848.1431885737816,9106.827361282101,600734.2690996592,125496.15239354168,0,0,0,0,0,0,0,0,0,0,123.31687612208259,42.20544980298574,487.17003820865415,28.87422515496901,47.32983279696082,54.15948275862069,13.697486096540212,73.99727855893217,73.53118107078404,130.98385421584362,0,0,0,0,0,0,0,0,0,0,24902.11699581089,6868.721904656197,150169.35937469694,5980.603879224156,12693.396568829094,6629.5905172413795,2617.2952669013052,10517.65696883302,17321.255263685583,24710.320083089413,0,0,0,0,0,0,0,0,0,0,50,16,64,12,14,2,14,104,0,0,0,0,0.008123393316195372,0.003051423324150597,0.030561970746728253,0.017102272727272726,0.0014302325581395348,0.003,0.0031356521739130433,0.003215771649733914,0.02107948243992606,0.004692561983471075,0.07120833333333335,0.04737804878048781,0.004286046511627907,0.0046,0.004844173913043479,0.004988388969521045,0.023982439926062832,0.004897704315886134,0.08701041666666665,0.07803191489361701,0.004643023255813954,0.0048,0.006537037037037031,0.007511574074074069,0.07507142857142822,0.008116666666666654,0.09965208333333331,0.15804999999999905,0.004928604651162791,0.00496,0.08575000000000026,0.009631944444444441,0.45912806539509543,0.3760416666666666,0.3863227893601725,0.45935792349726773,0.8785425101214575,0.375,0.45912806539509543,0.4907885040530582,2.181762917933131,2.1642284569138273,0.4953810208483106,2.1277327935222674,2.1271255060728746,0.475,2.1271255060728746,2.1933035714285714,2.3408814589665647,2.332114228456913,0.6990079365079362,2.3138663967611337,2.3135627530364373,0.4875,2.3135627530364373,2.3466517857142852,2.4681762917933128,2.4664228456913824,0.9398015873015869,2.4627732793522266,2.462712550607288,0.4975,2.462712550607288,2.469330357142857,396.26890756301225,396.8907563025365,396.6890756302494,392.5042016806764,396.7731092436948,132749638.99159664,19313431.663865544,0,38695910.184873946,18026186.218487393,4309502726.453781,2665092207.865546,814640153.8151261,4329279040.537815,4693827859.361344,0,0,0,0,0,15.260504201680671,1.2268907563025209,4.722689075630252,0.9915966386554621,16.050420168067227,0,0,0,0,0,58996.168067226885,16349.579831932773,964848.9411764706,39462.72268907563,65286.4537815126,1579.1092436974789,266.6050420168067,2812.9411764705883,1742.6722689075627,452.4705882352941,1779.9327731092435,377.34453781512605,1902.6050420168067,2112.6050420168067,555.7983193277311,0,0,0,0,0,0,0,0,0,0,0,0,0,0,0,0,0,0,0,0
1693106041,0.6396694843724017,0.29657089898053757,0.20187746038154833,0.0912708553904568,1.6357911094753215,0.8073972971414289,0.10609179061724214,0.17753580305361594,0.1669344573586797,0.07468817686160231,0,0.19134727617152375,0.14984159602705724,0.47523999619808005,0.23480379208124202,7.154766287202823,4.280508585727525,0.9582204966185521,0.46249539082180263,10.203255130249872,10.30493402602895,0.3170977763160688,0.6319420542865033,1.5404335955595432,1.0544234446187173,0,0.30507568741508956,2.7520861846048517,2.706745727592434,1.1020918875289842,6.198176727884309,3.744207599629285,1.069950540022206,0.3650834215618264,8.281192491718809,8.95826524923585,0.46680387871586493,0.35507160610723143,1.4606765018884373,0.6721935917544242,0,0.1722125485543715,2.333247709564167,1.4447295884421638,0.8218132722843474,50000,100000,50000,50000,50000,50000,10000,50000,50000,20000,50000,0,2568192,0,220594176,0,0,946176,0,0,2973696,0,0,0,0,1892352,1962.4177477808214,2.4467099165894344,2.6647824770364386,3.6143258734620862,261.80836707152497,3070.4165785578343,4.2012349084427845,0,79.87813784612817,0,0,0,372.9771384536347,1.2546335899629313,11.622787708021484,0,0,0,0,0,0,0,0,0,0,0,0,0,0,0,224342016,72536064,9723904,439984128,111349760,349663232,38658048,8617984,310304768,93900800,4952064,3993600,305532928,14680064,134160384,203563008,66908160,8515584,199372800,104079360,331702272,35549184,7434240,291827712,82046976,4055040,2568192,293990400,13516800,34197504,0,0,0,0,0,0,0,0,0,0,0,0,0,0,0,205377536,72314880,9330688,424910848,108019712,334143488,38400000,8245248,296198144,91717632,4796416,3072000,296607744,14348288,37801984,187535360,69746688,9330688,211615744,108019712,334143488,37453824,8245248,296198144,88743936,4796416,3072000,296607744,14348288,36044800,1073741824,1073741824,314572800,0,1073741824,1073741824,1073741824,314572800,1073741824,0,0,0,1073741824,314572800,2147483648,10.936051899907321,0,4.901440726516582,0,0,14.645886531067477,42079.8517145505,0,20478.261792102527,0,0,49380.17668985354,10.936051899907321,0,4.901440726516582,0,0,14.645886531067477,42079.8517145505,0,20478.261792102527,0,0,49380.17668985354,104.6903052064632,50.946223430823025,502.4534998739308,21.235752849430117,34.06973649188182,38.85775862068966,18.88388777962029,60.93004168556556,54.8024864648085,96.66378374399646,0,0,0,0,0,0,0,0,0,0,120209.56762417714,121868.91614407016,1579589.0339223025,99855.06898620276,332110.07331768575,546335.5387931035,3405.8343767978613,9106.827361282101,600734.2690996592,125198.79285280532,0,0,0,0,0,0,0,0,0,0,123.31687612208259,42.20544980298574,487.17003820865415,28.87422515496901,47.32983279696082,54.15948275862069,16.379572912788927,73.99727855893217,73.53118107078404,129.23467603923228,0,0,0,0,0,0,0,0,0,0,24902.11699581089,6868.721904656197,150169.35937469694,5980.603879224156,12693.396568829094,6629.5905172413795,3129.7844258688956,10517.65696883302,17321.255263685583,24480.172239294847,0,0,0,0,0,0,0,0,0,0,38,22,58,14,14,2,14,108,0,0,0,0,0.008123393316195372,0.003051423324150597,0.030561970746728253,0.017102272727272726,0.0014302325581395348,0.003,0.0031356521739130433,0.003215771649733914,0.02107948243992606,0.004692561983471075,0.07120833333333335,0.04737804878048781,0.004286046511627907,0.0046,0.004844173913043479,0.004988388969521045,0.023982439926062832,0.004897704315886134,0.08701041666666665,0.07803191489361701,0.004643023255813954,0.0048,0.006537037037037031,0.007511574074074069,0.07507142857142822,0.008116666666666654,0.09965208333333331,0.15804999999999905,0.004928604651162791,0.00496,0.08575000000000026,0.009631944444444441,0.45912806539509543,0.3760416666666666,0.3863227893601725,0.45935792349726773,0.8785425101214575,0.375,0.45912806539509543,0.4907885040530582,2.181762917933131,2.1642284569138273,0.4953810208483106,2.1277327935222674,2.1271255060728746,0.475,2.1271255060728746,2.1933035714285714,2.3408814589665647,2.332114228456913,0.6990079365079362,2.3138663967611337,2.3135627530364373,0.4875,2.3135627530364373,2.3466517857142852,2.4681762917933128,2.4664228456913824,0.9398015873015869,2.4627732793522266,2.462712550607288,0.4975,2.462712550607288,2.469330357142857,396.28571428572235,396.84033613445513,396.7394957983181,392.3529411764636,396.7058823529348,132749638.99159664,19313431.663865544,0,38695910.184873946,18026186.218487393,4238782429.5798316,2665085599.1932774,814636642.9579831,4237251007.462185,4693899109.109243,0,0,0,0,0,15.579831932773109,1.2268907563025209,4.857142857142857,0.9915966386554621,16.655462184873947,0,0,0,0,0,62360.73949579832,16349.579831932773,966191.3277310923,39462.72268907563,70810.89075630251,1591.9495798319329,267.86554621848734,2813.075630252101,1755.8991596638655,455.2941176470588,1793.2268907563025,378.62184873949576,1901.9327731092435,2127.2436974789916,558.5882352941176,0,0,0,0,0,0,0,0,0,0,0,0,0,0,0,0,0,0,0,0
1693106042,0.7448857236292289,0.32502437682826213,0.20187746038154833,0.0912708553904568,1.6357911094753215,0.8073972971414289,0.10609179061724214,0.17753580305361594,0.1669344573586797,0.07468817686160231,0,0.19134727617152375,0.14984159602705724,0.47523999619808005,0.23480379208124202,7.673879234039472,4.3755112058404375,0.9582204966185521,0.46249539082180263,10.203255130249872,10.30493402602895,0.3170977763160688,0.6319420542865033,1.5404335955595432,1.0544234446187173,0,0.30507568741508956,2.7520861846048517,2.706745727592434,1.1020918875289842,6.540460012354206,3.7752831462359673,1.069950540022206,0.3650834215618264,8.281192491718809,8.95826524923585,0.46680387871586493,0.35507160610723143,1.4606765018884373,0.6721935917544242,0,0.1722125485543715,2.333247709564167,1.4447295884421638,0.8218132722843474,50000,100000,50000,50000,50000,50000,10000,50000,50000,20000,50000,0,2568192,0,220594176,0,0,946176,0,0,2973696,0,0,0,0,1892352,1907.7431779368485,3.3002475185638924,2.6647824770364386,3.6143258734620862,261.80836707152497,3070.4165785578343,4.2012349084427845,0,79.87813784612817,0,0,0,372.9771384536347,1.2546335899629313,11.622787708021484,0,0,0,0,0,0,0,0,0,0,0,0,0,0,0,224342016,72536064,9723904,439984128,111349760,349663232,38658048,8617984,310304768,93900800,4952064,3993600,305532928,14680064,134160384,203833344,66908160,8515584,199372800,104079360,331702272,35549184,7434240,291827712,82046976,4055040,2568192,293990400,13516800,34197504,0,0,0,0,0,0,0,0,0,0,0,0,0,0,0,205443072,72314880,9330688,424910848,108019712,334143488,38400000,8245248,296198144,91717632,4796416,3072000,296607744,14348288,37801984,187600896,69746688,9330688,211615744,108019712,334143488,37453824,8245248,296198144,88743936,4796416,3072000,296607744,14348288,36044800,1073741824,1073741824,314572800,0,1073741824,1073741824,1073741824,314572800,1073741824,0,0,0,1073741824,314572800,2147483648,10.95082131159837,0,4.901440726516582,0,0,14.645886531067477,43062.42968222617,0,20478.261792102527,0,0,49380.17668985354,10.95082131159837,0,4.901440726516582,0,0,14.645886531067477,43062.42968222617,0,20478.261792102527,0,0,49380.17668985354,104.6903052064632,50.946223430823025,502.4534998739308,21.235752849430117,34.06973649188182,38.85775862068966,18.330680009097115,60.93004168556556,54.8024864648085,96.66378374399646,0,0,0,0,0,0,0,0,0,0,120209.56762417714,121868.91614407016,1579589.0339223025,99855.06898620276,332110.07331768575,546335.5387931035,3308.6649988628615,9106.827361282101,600734.2690996592,125198.79285280532,0,0,0,0,0,0,0,0,0,0,123.31687612208259,42.20544980298574,487.17003820865415,28.87422515496901,47.32983279696082,54.15948275862069,16.010916534000458,73.99727855893217,73.53118107078404,129.23467603923228,0,0,0,0,0,0,0,0,0,0,24902.11699581089,6868.721904656197,150169.35937469694,5980.603879224156,12693.396568829094,6629.5905172413795,3049.556515806232,10517.65696883302,17321.255263685583,24480.172239294847,0,0,0,0,0,0,0,0,0,0,28,20,48,2,2,2,2,40,0,0,0,0,0.008157131011608624,0.003059620596205962,0.03071161048689139,0.01702784503631961,0.0015380116959064333,0.003,0.0031449275362318845,0.0032177130580090716,0.021090509666080847,0.0047073170731707316,0.07144869215291752,0.04506578947368422,0.004307602339181287,0.0046,0.004860869565217392,0.004991883504416329,0.023941564147627416,0.004913279132791329,0.08708249496981887,0.07526595744680857,0.0046538011695906436,0.0048,0.006857142857142869,0.007536848072562361,0.07424999999999993,0.008375000000000011,0.09958953722334002,0.13281250000000153,0.004930760233918129,0.00496,0.08849999999999977,0.009643424036281182,0.46012064343163533,0.375,0.3861724500525762,0.46001344086021506,0.8675889328063242,0.375,0.45385674931129477,0.4851725377426312,2.182534246575343,2.164705882352941,0.49511041009463724,2.129446640316206,2.1122270742358076,0.475,2.1122270742358076,2.188950892857143,2.341267123287671,2.3323529411764703,0.6952941176470582,2.314723320158103,2.3061135371179042,0.4875,2.3061135371179042,2.3444754464285715,2.4682534246575343,2.4664705882352944,0.9390588235294116,2.462944664031621,2.461222707423581,0.4975,2.461222707423581,2.468895089285714,396.1848739495876,396.8235294117555,396.5882352941192,392.3193277310905,396.7731092437033,132749638.99159664,19313431.663865544,0,38695910.184873946,18026186.218487393,4309388451.495798,2665118367.1932774,814644421.9159664,4237317782.588235,4693970014.655462,0,0,0,0,0,15.630252100840336,1.2268907563025209,4.857142857142857,0.9243697478991596,16.672268907563023,0,0,0,0,0,62610.28571428571,16349.579831932773,966191.3277310923,26383.05882352941,70948.57142857142,1587.6134453781513,266.6554621848739,2813.3949579831933,1761.613445378151,457.4117647058824,1788.9747899159663,377.52941176470586,1902.1176470588234,2132.789915966386,560.6386554621849,0,0,0,0,0,0,0,0,0,0,0,0,0,0,0,0,0,0,0,0
1693106043,0.7448857236292289,0.32502437682826213,0.21954585371973387,0.0912708553904568,1.6357911094753215,0.8073972971414289,0.10609179061724214,0.17753580305361594,0.1669344573586797,0.07468817686160231,0,0.20070533589471576,0.14984159602705724,0.47523999619808005,0.23480379208124202,7.673879234039472,4.3755112058404375,0.9593044850081544,0.46249539082180263,10.203255130249872,10.30493402602895,0.3170977763160688,0.6319420542865033,1.5404335955595432,1.0544234446187173,0,0.30212775181351637,2.7520861846048517,2.706745727592434,1.1020918875289842,6.540460012354206,3.7752831462359673,1.0977292685986704,0.3650834215618264,8.281192491718809,8.95826524923585,0.46680387871586493,0.35507160610723143,1.4606765018884373,0.6721935917544242,0,0.17203314505261363,2.333247709564167,1.4447295884421638,0.8218132722843474,50000,100000,50000,50000,50000,50000,10000,50000,50000,20000,50000,0,2568192,0,220594176,0,0,946176,0,0,2973696,0,0,0,0,1892352,1907.7431779368485,3.3002475185638924,4.140007527286413,3.6143258734620862,261.80836707152497,3070.4165785578343,4.2012349084427845,0,79.87813784612817,0,0,0,372.9771384536347,1.2546335899629313,11.622787708021484,0,0,0,0,0,0,0,0,0,0,0,0,0,0,0,224342016,72536064,9723904,439984128,111349760,349663232,38658048,8617984,310304768,93900800,4952064,3993600,305532928,14680064,134160384,203833344,66908160,8515584,199372800,104079360,331702272,35549184,7434240,291827712,82046976,4055040,2568192,293990400,13516800,34197504,0,0,0,0,0,0,0,0,0,0,0,0,0,0,0,205443072,72314880,9330688,424910848,108019712,334143488,38400000,8245248,296198144,91717632,4796416,3072000,296607744,14348288,37801984,187600896,69746688,9330688,211615744,108019712,334143488,37453824,8245248,296198144,88743936,4796416,3072000,296607744,14348288,36044800,1073741824,1073741824,314572800,0,1073741824,1073741824,1073741824,314572800,1073741824,0,0,0,1073741824,314572800,2147483648,10.95082131159837,0,4.901440726516582,0,0,14.645886531067477,43062.42968222617,0,20478.261792102527,0,0,49380.17668985354,10.95082131159837,0,4.901440726516582,0,0,14.645886531067477,43062.42968222617,0,20478.261792102527,0,0,49380.17668985354,104.6903052064632,50.946223430823025,496.0277193416656,21.235752849430117,34.06973649188182,38.85775862068966,18.330680009097115,60.93004168556556,54.8024864648085,96.66378374399646,0,0,0,0,0,0,0,0,0,0,120209.56762417714,121868.91614407016,1567801.608711793,99855.06898620276,332110.0733176858,546335.5387931035,3308.6649988628615,9106.827361282101,600734.2690996592,125198.79285280532,0,0,0,0,0,0,0,0,0,0,123.31687612208259,42.20544980298574,479.7178567009033,28.87422515496901,47.32983279696083,54.15948275862069,16.010916534000458,73.99727855893217,73.53118107078404,129.23467603923228,0,0,0,0,0,0,0,0,0,0,24902.11699581089,6868.721904656197,148241.40576661305,5980.603879224156,12693.396568829095,6629.5905172413795,3049.556515806232,10517.65696883302,17321.255263685583,24480.172239294847,0,0,0,0,0,0,0,0,0,0,30,10,44,14,14,2,16,72,0,0,0,0,0.008157131011608624,0.003059620596205962,0.03071161048689139,0.01702784503631961,0.0014545454545454547,0.003,0.0031369863013698627,0.0032177130580090716,0.021090509666080847,0.0047073170731707316,0.07144869215291752,0.04506578947368422,0.004290909090909091,0.0046,0.004846575342465753,0.004991883504416329,0.023941564147627416,0.004913279132791329,0.08708249496981887,0.07526595744680857,0.0046454545454545455,0.0048,0.006571428571428571,0.007536848072562361,0.07424999999999993,0.008375000000000011,0.09958953722334002,0.13281250000000153,0.00492909090909091,0.00496,0.08450000000000069,0.009643424036281182,0.46012064343163533,0.375,0.3861724500525762,0.46001344086021506,0.8794466403162055,0.375,0.4591152815013405,0.4851725377426312,2.182534246575343,2.164705882352941,0.49511041009463724,2.129446640316206,2.1270916334661356,0.475,2.1270916334661356,2.188950892857143,2.341267123287671,2.3323529411764703,0.6952941176470582,2.314723320158103,2.313545816733068,0.4875,2.313545816733068,2.3444754464285715,2.4682534246575343,2.4664705882352944,0.9390588235294116,2.462944664031621,2.462709163346614,0.4975,2.462709163346614,2.468895089285714,396.2016806722759,396.8571428571377,396.65546218486395,392.31932773108775,396.7394957983091,132749638.99159664,19313431.663865544,0,38695910.184873946,18026186.218487393,4380033574.722689,2608492371.8991594,814672990.6554621,4237245569.07563,4694030525.310925,0,0,0,0,0,15.512605042016807,1.2268907563025209,4.857142857142857,0.9243697478991596,16.48739495798319,0,0,0,0,0,62283.294117647056,16349.579831932773,966191.3277310923,26383.05882352941,70234.35294117646,1581.142857142857,267.2436974789916,2815.2605042016803,1746.5882352941176,453.93277310924367,1782.5042016806722,378.1176470588235,1903.1260504201682,2117.3781512605037,557.2268907563025,0,0,0,0,0,0,0,0,0,0,0,0,0,0,0,0,0,0,0,0
1693106044,0.7448857236292289,0.32502437682826213,0.21954585371973387,0.0912708553904568,1.6357911094753215,0.7650025500085001,0.10609179061724214,0.17753580305361594,0.1669344573586797,0.07468817686160231,0,0.20070533589471576,0.13583265417006257,0.47523999619808005,0.23480379208124202,7.673879234039472,4.3755112058404375,0.9593044850081544,0.46249539082180263,10.203255130249872,11.30920519635064,0.3170977763160688,0.6319420542865033,1.5404335955595432,1.0544234446187173,0,0.30212775181351637,2.65281439316762,2.706745727592434,1.1020918875289842,6.540460012354206,3.7752831462359673,1.0977292685986704,0.3650834215618264,8.281192491718809,9.916699722332408,0.46680387871586493,0.35507160610723143,1.4606765018884373,0.6721935917544242,0,0.17203314505261363,2.241238793806031,1.4447295884421638,0.8218132722843474,50000,100000,50000,50000,50000,50000,10000,50000,50000,20000,50000,0,2568192,0,220594176,0,0,946176,0,0,2973696,0,0,0,0,1892352,1907.7431779368485,3.3002475185638924,4.140007527286413,3.6143258734620862,261.80836707152497,3519.351731172437,4.2012349084427845,0,79.87813784612817,0,0,0,381.0105949470252,1.2546335899629313,11.622787708021484,0,0,0,0,0,0,0,0,0,0,0,0,0,0,0,224342016,72536064,9723904,439984128,111349760,349663232,38658048,8617984,310304768,93900800,4952064,3993600,305532928,14680064,134160384,203833344,66908160,8515584,199372800,104079360,331702272,35549184,7434240,291827712,82046976,4055040,2568192,294395904,13516800,34197504,0,0,0,0,0,0,0,0,0,0,0,0,0,0,0,205443072,72314880,9330688,424910848,108019712,334143488,38400000,8245248,296198144,91717632,4796416,3072000,296943616,14348288,37801984,187600896,69746688,9330688,211615744,108019712,334143488,37453824,8245248,296198144,88743936,4796416,3072000,296943616,14348288,36044800,1073741824,1073741824,314572800,0,1073741824,1073741824,1073741824,314572800,1073741824,0,0,0,1073741824,314572800,2147483648,10.95082131159837,0,4.901440726516582,0,0,14.645886531067477,43062.42968222617,0,20478.261792102527,0,0,49380.17668985354,10.95082131159837,0,4.901440726516582,0,0,14.645886531067477,43062.42968222617,0,20478.261792102527,0,0,49380.17668985354,102.53750398978616,50.75732494620096,496.0277193416656,21.235752849430117,34.42739255442291,38.85775862068966,18.330680009097115,60.93004168556556,54.4515220007632,96.66378374399646,0,0,0,0,0,0,0,0,0,0,119492.0470262794,121089.30640622413,1567801.608711793,99855.06898620276,334284.04465852655,546335.5387931035,3308.6649988628615,9106.827361282101,598147.1512020429,125198.79285280532,0,0,0,0,0,0,0,0,0,0,120.65113309926589,41.98394305578547,479.7178567009033,28.87422515496901,47.62704902729547,54.15948275862069,16.010916534000458,73.99727855893217,72.85642997622332,129.23467603923228,0,0,0,0,0,0,0,0,0,0,24316.68262581126,6803.530044694587,148241.40576661305,5980.603879224156,12630.70833800082,6629.5905172413795,3049.556515806232,10517.65696883302,17451.668770364282,24480.172239294847,0,0,0,0,0,0,0,0,0,0,34,18,44,10,10,2,10,56,0,0,0,0,0.008157131011608624,0.003059620596205962,0.03071161048689139,0.01702784503631961,0.0014545454545454547,0.003,0.0031369863013698627,0.0032177130580090716,0.021090509666080847,0.0047073170731707316,0.07144869215291752,0.04506578947368422,0.004290909090909091,0.0046,0.004846575342465753,0.004991883504416329,0.023941564147627416,0.004913279132791329,0.08708249496981887,0.07526595744680857,0.0046454545454545455,0.0048,0.006571428571428571,0.007536848072562361,0.07424999999999993,0.008375000000000011,0.09958953722334002,0.13281250000000153,0.00492909090909091,0.00496,0.08450000000000069,0.009643424036281182,0.46012064343163533,0.375,0.3861724500525762,0.46001344086021506,0.8794466403162055,0.375,0.4591152815013405,0.4851725377426312,2.182534246575343,2.164705882352941,0.49511041009463724,2.129446640316206,2.1270916334661356,0.475,2.1270916334661356,2.188950892857143,2.341267123287671,2.3323529411764703,0.6952941176470582,2.314723320158103,2.313545816733068,0.4875,2.313545816733068,2.3444754464285715,2.4682534246575343,2.4664705882352944,0.9390588235294116,2.462944664031621,2.462709163346614,0.4975,2.462709163346614,2.468895089285714,396.3529411764645,396.8067226890916,396.70588235294645,392.470588235282,396.8403361344531,116156089.00840336,19313431.663865544,0,38695910.184873946,18026186.218487393,4309313484.369748,2608552331.8319325,814594856.8739495,4329409837.176471,4694084771.495798,0,0,0,0,0,15.495798319327731,1.2268907563025209,4.857142857142857,1.0084033613445378,16.42016806722689,0,0,0,0,0,62197.24369747899,16349.579831932773,966191.3277310923,40151.126050420164,70019.2268907563,1577.4117647058822,266.453781512605,2814.4873949579833,1741.529411764706,452.3865546218487,1778.7563025210081,377.52941176470586,1902.1008403361343,2112.5546218487393,555.6806722689075,0,0,0,0,0,0,0,0,0,0,0,0,0,0,0,0,0,0,0,0
1693106045,0.7448857236292289,0.32502437682826213,0.21954585371973387,0.0912708553904568,1.6357911094753215,0.7650025500085001,0.1212709192335679,0.17753580305361594,0.1669344573586797,0.07468817686160231,0,0.20070533589471576,0.14320785597381355,0.5191114996858007,0.23480379208124202,7.673879234039472,4.3755112058404375,0.9593044850081544,0.46249539082180263,10.203255130249872,11.30920519635064,0.31904635321021435,0.6319420542865033,1.5404335955595432,1.0544234446187173,0,0.30212775181351637,2.8972518289689044,2.778841673724761,1.1020918875289842,6.540460012354206,3.7752831462359673,1.0977292685986704,0.3650834215618264,8.281192491718809,9.916699722332408,0.4677592599009044,0.35507160610723143,1.4606765018884373,0.6721935917544242,0,0.17203314505261363,2.495908346972174,1.4753695254228028,0.8218132722843474,50000,100000,50000,50000,50000,50000,10000,50000,50000,20000,50000,0,2568192,0,220594176,0,0,946176,0,0,2973696,0,0,0,0,1892352,1907.7431779368485,3.3002475185638924,4.140007527286413,3.6143258734620862,261.80836707152497,3519.351731172437,3.430234572606632,0,79.87813784612817,0,0,0,423.97708674304414,0,11.622787708021484,0,0,0,0,0,0,0,0,0,0,0,0,0,0,0,224342016,72536064,9723904,439984128,111349760,349663232,38686720,8617984,310304768,93900800,4952064,3993600,305532928,14680064,134160384,203833344,66908160,8515584,199372800,104079360,331702272,35549184,7434240,291827712,82046976,4055040,2568192,294395904,13516800,34197504,0,0,0,0,0,0,0,0,0,0,0,0,0,0,0,205443072,72314880,9330688,424910848,108019712,334143488,38428672,8245248,296198144,91717632,4796416,3072000,296943616,14348288,37801984,187600896,69746688,9330688,211615744,108019712,334143488,37482496,8245248,296198144,88743936,4796416,3072000,296943616,14348288,36044800,1073741824,1073741824,314572800,0,1073741824,1073741824,1073741824,314572800,1073741824,0,0,0,1073741824,314572800,2147483648,10.95082131159837,0,4.833512352309345,0,0,14.645886531067477,43062.42968222617,0,19939.98821939642,0,0,49380.17668985354,10.95082131159837,0,4.833512352309345,0,0,14.645886531067477,43062.42968222617,0,19939.98821939642,0,0,49380.17668985354,102.53750398978616,50.75732494620096,496.0277193416656,21.58954288491546,34.42739255442291,38.85775862068966,18.330680009097115,60.93004168556556,54.4515220007632,96.66378374399646,0,0,0,0,0,0,0,0,0,0,119492.0470262794,121089.30640622413,1567801.608711793,100936.89407310772,334284.04465852655,546335.5387931035,3308.6649988628615,9106.827361282101,598147.1512020429,125198.79285280532,0,0,0,0,0,0,0,0,0,0,120.65113309926589,41.98394305578547,479.7178567009033,29.49377126339754,47.62704902729547,54.15948275862069,16.010916534000458,73.99727855893217,72.85642997622332,129.23467603923228,0,0,0,0,0,0,0,0,0,0,24316.68262581126,6803.530044694587,148241.40576661305,6196.019747780932,12630.70833800082,6629.5905172413795,3049.556515806232,10517.65696883302,17451.668770364282,24480.172239294847,0,0,0,0,0,0,0,0,0,0,22,18,46,8,6,2,6,76,0,0,0,0,0.008157131011608624,0.003059620596205962,0.03071161048689139,0.01702784503631961,0.0014545454545454547,0.003,0.0031369863013698627,0.0032186755597903766,0.021090509666080847,0.0047073170731707316,0.07144869215291752,0.04506578947368422,0.004290909090909091,0.0046,0.004846575342465753,0.004993616007622678,0.023941564147627416,0.004913279132791329,0.08708249496981887,0.07526595744680857,0.0046454545454545455,0.0048,0.006571428571428571,0.007541011235955054,0.07424999999999993,0.008375000000000011,0.09958953722334002,0.13281250000000153,0.00492909090909091,0.00496,0.08450000000000069,0.009634044943820221,0.46012064343163533,0.375,0.3861724500525762,0.46001344086021506,0.8794466403162055,0.375,0.4591152815013405,0.4862508986340762,2.182534246575343,2.164705882352941,0.49511041009463724,2.129446640316206,2.1270916334661356,0.475,2.1270916334661356,2.189809058614565,2.341267123287671,2.3323529411764703,0.6952941176470582,2.314723320158103,2.313545816733068,0.4875,2.313545816733068,2.344904529307282,2.4682534246575343,2.4664705882352944,0.9390588235294116,2.462944664031621,2.462709163346614,0.4975,2.462709163346614,2.4689809058614562,396.3025210084099,396.80672268907597,396.7394957983173,392.5546218487227,396.7731092436896,132749776.6722689,19313431.663865544,0,38695910.184873946,18026186.218487393,4238668361.142857,2608624407.6638656,760907104.8067226,4329448663.12605,4694137709.714286,0,0,0,0,0,15.46218487394958,1.1932773109243697,4.857142857142857,1.0084033613445378,16.504201680672267,0,0,0,0,0,62128.403361344535,15730.016806722688,966191.3277310923,40151.126050420164,70311.79831932773,1570.8235294117646,266.85714285714283,2811.0924369747895,1740.9411764705883,452.1512605042017,1772.2352941176468,377.93277310924367,1898.6554621848738,2111.4789915966385,555.4957983193277,0,0,0,0,0,0,0,0,0,0,0,0,0,0,0,0,0,0,0,0
1693106046,0.7448857236292289,0.32502437682826213,0.19807209824376065,0.08260139321016555,1.6357911094753215,0.7650025500085001,0.1212709192335679,0.17753580305361594,0.1669344573586797,0.07468817686160231,0,0.20070533589471576,0.14320785597381355,0.5191114996858007,0.23480379208124202,7.673879234039472,4.3755112058404375,0.9528131189753063,0.4630735592940331,10.203255130249872,11.30920519635064,0.31904635321021435,0.6319420542865033,1.5404335955595432,1.0544234446187173,0,0.30212775181351637,2.8972518289689044,2.778841673724761,1.1020918875289842,6.540460012354206,3.7752831462359673,1.1004005457986707,0.3028717751039397,8.281192491718809,9.916699722332408,0.4677592599009044,0.35507160610723143,1.4606765018884373,0.6721935917544242,0,0.17203314505261363,2.495908346972174,1.4753695254228028,0.8218132722843474,50000,100000,50000,50000,50000,50000,10000,50000,50000,20000,50000,0,2568192,0,220594176,0,0,946176,0,0,2973696,0,0,0,0,1892352,1907.7431779368485,3.3002475185638924,5.810114881816981,3.634461301247281,261.80836707152497,3519.351731172437,3.430234572606632,0,79.87813784612817,0,0,0,423.97708674304414,0,11.622787708021484,0,0,0,0,0,0,0,0,0,0,0,0,0,0,0,224342016,72536064,10133504,439984128,111349760,349663232,38686720,8617984,310304768,93900800,4952064,3993600,305532928,14680064,134160384,203833344,66908160,9056256,199372800,104079360,331702272,35549184,7434240,291827712,82046976,4055040,2568192,294395904,13516800,34197504,0,0,0,0,0,0,0,0,0,0,0,0,0,0,0,205443072,72314880,9748480,424910848,108019712,334143488,38428672,8245248,296198144,91717632,4796416,3072000,296943616,14348288,37801984,187600896,69746688,9748480,211615744,108019712,334143488,37482496,8245248,296198144,88743936,4796416,3072000,296943616,14348288,36044800,1073741824,1073741824,314572800,0,1073741824,1073741824,1073741824,314572800,1073741824,0,0,0,1073741824,314572800,2147483648,10.95082131159837,0,4.833512352309345,0,0,14.645886531067477,43062.42968222617,0,19939.98821939642,0,0,49380.17668985354,10.95082131159837,0,4.833512352309345,0,0,14.645886531067477,43062.42968222617,0,19939.98821939642,0,0,49380.17668985354,102.53750398978616,50.75732494620096,496.0277193416656,21.58954288491546,34.42739255442291,38.85775862068966,18.330680009097115,60.93004168556556,54.4515220007632,96.66378374399646,0,0,0,0,0,0,0,0,0,0,119492.0470262794,121089.30640622413,1567801.608711793,100936.89407310772,334284.04465852655,546335.5387931035,3308.6649988628615,9106.827361282101,598147.1512020429,125198.79285280532,0,0,0,0,0,0,0,0,0,0,120.65113309926589,41.98394305578547,479.7178567009033,29.49377126339754,47.62704902729547,54.15948275862069,16.010916534000458,73.99727855893217,72.85642997622332,129.23467603923228,0,0,0,0,0,0,0,0,0,0,24316.68262581126,6803.530044694587,148241.40576661305,6196.019747780932,12630.70833800082,6629.5905172413795,3049.556515806232,10517.65696883302,17451.668770364282,24480.172239294847,0,0,0,0,0,0,0,0,0,0,44,26,60,18,18,2,18,98,0,0,0,0,0.008157131011608624,0.003059620596205962,0.03071161048689139,0.01702784503631961,0.0014545454545454547,0.003,0.0031369863013698627,0.0032186755597903766,0.021090509666080847,0.0047073170731707316,0.07144869215291752,0.04506578947368422,0.004290909090909091,0.0046,0.004846575342465753,0.004993616007622678,0.023941564147627416,0.004913279132791329,0.08708249496981887,0.07526595744680857,0.0046454545454545455,0.0048,0.006571428571428571,0.007541011235955054,0.07424999999999993,0.008375000000000011,0.09958953722334002,0.13281250000000153,0.00492909090909091,0.00496,0.08450000000000069,0.009634044943820221,0.46012064343163533,0.375,0.3861724500525762,0.46001344086021506,0.8794466403162055,0.375,0.4591152815013405,0.4862508986340762,2.182534246575343,2.164705882352941,0.49511041009463724,2.129446640316206,2.1270916334661356,0.475,2.1270916334661356,2.189809058614565,2.341267123287671,2.3323529411764703,0.6952941176470582,2.314723320158103,2.313545816733068,0.4875,2.313545816733068,2.344904529307282,2.4682534246575343,2.4664705882352944,0.9390588235294116,2.462944664031621,2.462709163346614,0.4975,2.462709163346614,2.4689809058614562,396.30252100839914,396.7731092437131,396.67226890756496,392.45378151260945,396.9243697479083,132749776.6722689,19313431.663865544,0,38695910.184873946,18026186.218487393,4167967821.445378,2608606164.9747896,707286609.7478992,4329499398.453781,4537869527.12605,0,0,0,0,0,15.361344537815125,1.1932773109243697,4.857142857142857,1.0084033613445378,16.386554621848738,0,0,0,0,0,61810.016806722684,15730.016806722688,966191.3277310923,40151.126050420164,69898.75630252101,1567.5966386554621,263.47899159663865,2812.571428571429,1732.3193277310925,449.26050420168065,1769.5294117647056,375.0420168067227,1899.9831932773106,2103.4117647058824,552.672268907563,0,0,0,0,0,0,0,0,0,0,0,0,0,0,0,0,0,0,0,0
1693106047,0.7054914544502867,0.33259640404593754,0.19807209824376065,0.08260139321016555,1.6357911094753215,0.7650025500085001,0.10759861412985008,0.17753580305361594,0.14329932362719258,0.06462083302213217,0,0.20070533589471576,0.14320785597381355,0.5191114996858007,0.23480379208124202,5.8980558635443,4.30160880793536,0.9528131189753063,0.4630735592940331,10.203255130249872,11.30920519635064,0.3259282855236823,0.6319420542865033,1.5069360225839812,0.9122959511461526,0.00004566383017659652,0.30212775181351637,2.8972518289689044,2.778841673724761,1.1020918875289845,4.73362008147288,3.7955119049948154,1.1004005457986707,0.3028717751039397,8.281192491718809,9.916699722332408,0.49495362499730994,0.35507160610723143,1.5189728304482433,0.5815874971991924,0,0.17203314505261363,2.495908346972174,1.4753695254228028,0.8218132722843475,50000,100000,50000,50000,50000,50000,10000,50000,50000,20000,50000,0,2568192,0,220594176,0,0,946176,0,0,2973696,0,0,0,0,1892352,1200.1092373864954,2.582513254944926,5.810114881816981,3.634461301247281,261.80836707152497,3519.351731172437,2.84060341302804,0,22.698612862547286,0,0,0,423.97708674304414,0,11.622787708021486,0,0,0,0,0,0,0,0,0,0,0,0,0,0,0,224342016,72536064,10133504,439984128,111349760,349663232,38686720,8617984,310304768,93900800,4952064,3993600,305532928,14680064,134160384,203833344,66908160,9056256,199372800,104079360,331702272,35549184,7434240,291827712,82046976,4055040,2568192,294395904,13516800,34197504,0,0,0,0,0,0,0,0,0,0,0,0,0,0,0,205443072,72409088,9748480,424910848,108019712,334143488,38428672,8245248,296198144,91717632,4796416,3072000,296943616,14348288,37801984,187600896,69840896,9748480,211615744,108019712,334143488,37482496,8245248,296198144,88743936,4796416,3072000,296943616,14348288,36044800,1073741824,1073741824,314572800,0,1073741824,1073741824,1073741824,314572800,1073741824,0,0,0,1073741824,314572800,2147483648,10.623520435114356,0,5.250812369536679,0,0,14.645886531067479,41240.075910238105,0,21970.0875852719,0,0,49380.17668985354,10.623520435114356,0,5.250812369536679,0,0,14.645886531067479,41240.075910238105,0,21970.0875852719,0,0,49380.17668985354,102.53750398978616,50.75732494620096,496.0277193416656,21.58954288491546,34.42739255442291,38.85775862068966,18.330680009097115,61.05482401948671,54.4515220007632,100.47099476935458,0,0,0,0,0,0,0,0,0,0,119492.0470262794,121089.30640622413,1567801.608711793,100936.89407310772,334284.04465852655,546335.5387931035,3308.6649988628615,9124.333674586085,598147.1512020429,126902.77153203475,0,0,0,0,0,0,0,0,0,0,120.65113309926589,41.98394305578547,479.7178567009033,29.49377126339754,47.62704902729547,54.15948275862069,16.010916534000458,73.94005718925408,72.85642997622332,133.96132635913943,0,0,0,0,0,0,0,0,0,0,24316.68262581126,6803.530044694587,148241.40576661305,6196.019747780932,12630.70833800082,6629.5905172413795,3049.556515806232,10503.088925759876,17451.668770364282,25362.358287377814,0,0,0,0,0,0,0,0,0,0,12,8,26,6,2,2,4,44,0,0,0,0,0.008069806560134566,0.003061167747914736,0.030441729323308273,0.016782296650717704,0.0015325443786982254,0.003,0.003134790528233152,0.0032184185149469625,0.02014768683274021,0.004710101946246524,0.06938311688311688,0.037794117647058784,0.004306508875739645,0.0046,0.0048426229508196725,0.004993153326904533,0.022947508896797145,0.004916218721037998,0.0858820346320346,0.06918918918918913,0.004653254437869823,0.0048,0.006604166666666682,0.007533522727272729,0.03850000000000008,0.008418749999999992,0.09908116883116884,0.1344999999999996,0.004930650887573965,0.00496,0.08925000000000002,0.009624886363636367,0.45867208672086723,0.375,0.38572827635327633,0.45980926430517705,0.8674698795180724,0.375,0.4540389972144847,0.49107142857142855,2.1814777327935224,2.163709677419355,0.49431089743589746,2.1289156626506025,2.112775330396476,0.475,2.112775330396476,2.1935390763765543,2.3407388663967605,2.331854838709677,0.6837136929460577,2.3144578313253015,2.306387665198238,0.4875,2.306387665198238,2.3467695381882767,2.4681477732793526,2.4663709677419354,0.9367427385892119,2.46289156626506,2.4612775330396475,0.4975,2.4612775330396475,2.4693539076376556,396.252100840338,396.67226890758343,396.6218487394993,392.50420168065057,396.9243697478988,132749776.6722689,19313431.663865544,0,38695910.184873946,18026186.218487393,4167932644.033613,2608582208.537815,762141274.3529412,4329465184.806723,4694215981.176471,0,0,0,0,0,15.428571428571427,1.2268907563025209,4.857142857142857,1.0084033613445378,16.30252100840336,0,0,0,0,0,61990.72268907563,16280.739495798318,966191.3277310923,40151.126050420164,69692.23529411765,1567.1764705882354,267.3781512605042,2814.5378151260506,1731.4117647058824,447.47899159663865,1768.72268907563,378.6890756302521,1902.2016806722688,2102.873949579832,550.9243697478992,0,0,0,0,0,0,0,0,0,0,0,0,0,0,0,0,0,0,0,0
1693106048,0.7054914544502867,0.33259640404593754,0.19807209824376065,0.08260139321016555,1.6357911094753215,0.7650025500085001,0.10759861412985008,0.17753580305361594,0.16854524386389985,0.0633760300744388,0,0.20070533589471576,0.14320785597381355,0.5191114996858007,0.23480379208124202,5.8980558635443,4.30160880793536,0.9528131189753063,0.4630735592940331,10.203255130249872,11.30920519635064,0.3259282855236823,0.6319420542865033,1.479101727588751,0.8947222270691739,0.00004566383017659652,0.30212775181351637,2.8972518289689044,2.778841673724761,1.1020918875289845,4.73362008147288,3.7955119049948154,1.1004005457986707,0.3028717751039397,8.281192491718809,9.916699722332408,0.49495362499730994,0.35507160610723143,1.432634572843162,0.5703842706699521,0,0.17203314505261363,2.495908346972174,1.4753695254228028,0.8218132722843475,50000,100000,50000,50000,50000,50000,10000,50000,50000,20000,50000,0,2568192,0,220594176,0,0,946176,0,0,2973696,0,0,0,0,1892352,1200.1092373864954,2.582513254944926,5.810114881816981,3.634461301247281,261.80836707152497,3519.351731172437,2.84060341302804,0,26.41946697566628,0,0,0,423.97708674304414,0,11.622787708021486,0,0,0,0,0,0,0,0,0,0,0,0,0,0,0,224342016,72536064,10133504,439984128,111349760,349663232,38686720,8617984,310304768,93900800,4952064,3993600,305532928,14680064,134160384,203833344,66908160,9056256,199372800,104079360,331702272,35549184,7434240,292098048,82046976,4055040,2568192,294395904,13516800,34197504,0,0,0,0,0,0,0,0,0,0,0,0,0,0,0,205443072,72409088,9748480,424910848,108019712,334143488,38428672,8245248,296517632,91717632,4796416,3072000,296943616,14348288,37801984,187600896,69840896,9748480,211615744,108019712,334143488,37482496,8245248,296517632,88743936,4796416,3072000,296943616,14348288,36044800,1073741824,1073741824,314572800,0,1073741824,1073741824,1073741824,314572800,1073741824,0,0,0,1073741824,314572800,2147483648,10.623520435114356,0,5.250812369536679,0,0,14.645886531067479,41240.075910238105,0,21970.0875852719,0,0,49380.17668985354,10.623520435114356,0,5.250812369536679,0,0,14.645886531067479,41240.075910238105,0,21970.0875852719,0,0,49380.17668985354,102.53750398978616,50.75732494620096,496.0277193416656,21.58954288491546,34.42739255442291,38.85775862068966,18.330680009097115,61.05482401948671,53.62652733780392,100.47099476935458,0,0,0,0,0,0,0,0,0,0,119492.0470262794,121089.30640622413,1567801.608711793,100936.89407310772,334284.04465852655,546335.5387931035,3308.6649988628615,9124.333674586085,597483.0090097502,126902.77153203475,0,0,0,0,0,0,0,0,0,0,120.65113309926589,41.98394305578547,479.7178567009033,29.49377126339754,47.62704902729547,54.15948275862069,16.010916534000458,73.94005718925408,72.22199366437651,133.96132635913943,0,0,0,0,0,0,0,0,0,0,24316.68262581126,6803.530044694587,148241.40576661305,6196.019747780932,12630.70833800082,6629.5905172413795,3049.556515806232,10503.088925759876,16978.29843255029,25362.358287377814,0,0,0,0,0,0,0,0,0,0,36,12,34,2,4,2,2,30,0,0,0,0,0.008069806560134566,0.003061167747914736,0.030441729323308273,0.016782296650717704,0.001459770114942529,0.003,0.0031351819757365683,0.0032184185149469625,0.02014768683274021,0.004710101946246524,0.06938311688311688,0.037794117647058784,0.004291954022988506,0.0046,0.004843327556325823,0.004993153326904533,0.022947508896797145,0.004916218721037998,0.0858820346320346,0.06918918918918913,0.0046459770114942525,0.0048,0.006639999999999993,0.007533522727272729,0.03850000000000008,0.008418749999999992,0.09908116883116884,0.1344999999999996,0.00492919540229885,0.00496,0.08549999999999974,0.009624886363636367,0.45867208672086723,0.375,0.38572827635327633,0.45980926430517705,0.8775100401606426,0.375,0.4586720867208672,0.49107142857142855,2.1814777327935224,2.163709677419355,0.49431089743589746,2.1289156626506025,2.125910931174089,0.475,2.125910931174089,2.1935390763765543,2.3407388663967605,2.331854838709677,0.6837136929460577,2.3144578313253015,2.312955465587044,0.4875,2.312955465587044,2.3467695381882767,2.4681477732793526,2.4663709677419354,0.9367427385892119,2.46289156626506,2.462591093117409,0.4975,2.462591093117409,2.4693539076376556,396.2689075629931,396.7563025210164,396.773109243705,392.50420168067586,396.82352941177135,132749776.6722689,19313431.663865544,0,38695910.184873946,18026186.218487393,4097242912.2689075,2608569886.117647,708370363.1596638,4145306064.672269,4616075659.831933,0,0,0,0,0,15.428571428571427,1.2268907563025209,4.857142857142857,1.0084033613445378,16.33613445378151,0,0,0,0,0,62033.74789915966,16280.739495798318,966191.3277310923,40151.126050420164,69778.28571428571,1560.1848739495797,267.00840336134456,2814.8739495798322,1727.781512605042,447.21008403361344,1761.764705882353,378.25210084033614,1903.4117647058822,2098.689075630252,550.8067226890756,0,0,0,0,0,0,0,0,0,0,0,0,0,0,0,0,0,0,0,0
1693106049,0.7054914544502867,0.33259640404593754,0.19807209824376065,0.08260139321016555,1.675412530821269,0.7650025500085001,0.10759861412985008,0.1556603773584907,0.16854524386389985,0.06213122712674543,0,0.20070533589471576,0.14320785597381355,0.5191114996858007,0.23227005264787864,5.8980558635443,4.30160880793536,0.9528131189753063,0.4630735592940331,10.332163763672009,11.30920519635064,0.3259282855236823,0.5280888950471703,1.479101727588751,0.8771485029921955,0.00004566383017659652,0.30212775181351637,2.8972518289689044,2.778841673724761,1.0652837507742339,4.73362008147288,3.7955119049948154,1.1004005457986707,0.3028717751039397,8.408674211291649,9.916699722332408,0.49495362499730994,0.23349056603773607,1.432634572843162,0.5591810441407117,0,0.17203314505261363,2.495908346972174,1.4753695254228028,0.7935893465469185,50000,100000,50000,50000,50000,50000,10000,50000,50000,20000,50000,0,2568192,0,220594176,0,0,946176,0,0,2973696,0,0,0,0,1892352,1200.1092373864954,2.582513254944926,5.810114881816981,3.634461301247281,260.79534677878235,3519.351731172437,2.84060341302804,0,26.41946697566628,0,0,0,423.97708674304414,0,14.052338185196657,0,0,0,0,0,0,0,0,0,0,0,0,0,0,0,224342016,72536064,10133504,439984128,111349760,349663232,38686720,8617984,310304768,93900800,4952064,3993600,305532928,14680064,134160384,203833344,66908160,9056256,199372800,104079360,331702272,35549184,7434240,292098048,82046976,4055040,2568192,294395904,13516800,34467840,0,0,0,0,0,0,0,0,0,0,0,0,0,0,0,205443072,72409088,9748480,424910848,108019712,334143488,38428672,8245248,296517632,91717632,4796416,3072000,296943616,14348288,38203392,187600896,69840896,9748480,211615744,108019712,334143488,37482496,8245248,296517632,88743936,4796416,3072000,296943616,14348288,36175872,1073741824,1073741824,314572800,0,1073741824,1073741824,1073741824,314572800,1073741824,0,0,0,1073741824,314572800,2147483648,10.623520435114356,0,5.250812369536679,0,0,13.781356457107465,41240.075910238105,0,21970.0875852719,0,0,44813.874264478174,10.623520435114356,0,5.250812369536679,0,0,13.781356457107465,41240.075910238105,0,21970.0875852719,0,0,44813.874264478174,102.53750398978616,50.75732494620096,496.0277193416656,18.68413015117796,34.42739255442291,38.914211851146334,18.330680009097115,61.05482401948671,53.62652733780392,100.47099476935458,0,0,0,0,0,0,0,0,0,0,119492.0470262794,121089.30640622413,1567801.608711793,87353.31155321925,334284.04465852655,543651.2007619565,3308.6649988628615,9124.333674586085,597483.0090097502,126902.77153203475,0,0,0,0,0,0,0,0,0,0,120.65113309926589,41.98394305578547,479.7178567009033,25.524646995625815,47.62704902729547,54.255391523232866,16.010916534000458,73.94005718925408,72.22199366437651,133.96132635913943,0,0,0,0,0,0,0,0,0,0,24316.68262581126,6803.530044694587,148241.40576661305,5362.190390223313,12630.70833800082,6675.488128444111,3049.556515806232,10503.088925759876,16978.29843255029,25362.358287377814,0,0,0,0,0,0,0,0,0,0,24,24,52,8,10,2,10,68,0,0,0,0,0.008069806560134566,0.003061167747914736,0.030441729323308273,0.016782296650717704,0.001459770114942529,0.003,0.0031351819757365683,0.0032184185149469625,0.02014768683274021,0.004710101946246524,0.06938311688311688,0.037794117647058784,0.004291954022988506,0.0046,0.004843327556325823,0.004993153326904533,0.022947508896797145,0.004916218721037998,0.0858820346320346,0.06918918918918913,0.0046459770114942525,0.0048,0.006639999999999993,0.007533522727272729,0.03850000000000008,0.008418749999999992,0.09908116883116884,0.1344999999999996,0.00492919540229885,0.00496,0.08549999999999974,0.009624886363636367,0.45867208672086723,0.375,0.38572827635327633,0.45980926430517705,0.8775100401606426,0.375,0.4586720867208672,0.49107142857142855,2.1814777327935224,2.163709677419355,0.49431089743589746,2.1289156626506025,2.125910931174089,0.475,2.125910931174089,2.1935390763765543,2.3407388663967605,2.331854838709677,0.6837136929460577,2.3144578313253015,2.312955465587044,0.4875,2.312955465587044,2.3467695381882767,2.4681477732793526,2.4663709677419354,0.9367427385892119,2.46289156626506,2.462591093117409,0.4975,2.462591093117409,2.4693539076376556,396.35294117647743,396.7563025210023,396.7394957983295,392.5042016806988,396.75630252101996,132749776.6722689,19313431.663865544,0,38695910.184873946,18026186.218487393,3955910604.3697476,2608602172.235294,708376696.4705882,4237496285.5798316,4694264720.134454,0,0,0,0,0,15.428571428571427,1.2268907563025209,4.857142857142857,1.0084033613445378,16.33613445378151,0,0,0,0,0,62033.74789915966,16280.739495798318,966191.3277310923,40151.126050420164,69821.31092436974,1562.9075630252098,266.84033613445376,2817.126050420168,1725.4453781512605,447.1764705882353,1764.7563025210081,378.453781512605,1905.9663865546215,2096.252100840336,550.8067226890756,0,0,0,0,0,0,0,0,0,0,0,0,0,0,0,0,0,0,0,0
1693106050,0.7054914544502867,0.33259640404593754,0.19807209824376065,0.08260139321016555,1.675412530821269,0.7650025500085001,0.10759861412985008,0.1874297138573037,0.16854524386389985,0.06088642417905205,0,0.20070533589471576,0.14320785597381355,0.5191114996858007,0.23227005264787864,5.8980558635443,4.30160880793536,0.9528131189753063,0.4630735592940331,10.332163763672009,11.30920519635064,0.3259282855236823,0.6358686273897294,1.479101727588751,0.8595747789152166,0.00004566383017659652,0.30212775181351637,2.8972518289689044,2.778841673724761,1.0652837507742339,4.73362008147288,3.7955119049948154,1.1004005457986707,0.3028717751039397,8.408674211291649,9.916699722332408,0.49495362499730994,0.28114457078595556,1.432634572843162,0.5479778176114711,0,0.17203314505261363,2.495908346972174,1.4753695254228028,0.7935893465469185,50000,100000,50000,50000,50000,50000,10000,50000,50000,20000,50000,0,2568192,0,220594176,0,0,946176,0,0,2973696,0,0,0,0,1892352,1200.1092373864954,2.582513254944926,5.810114881816981,3.634461301247281,260.79534677878235,3519.351731172437,2.84060341302804,0,26.41946697566628,0,0,0,423.97708674304414,0,14.052338185196657,0,0,0,0,0,0,0,0,0,0,0,0,0,0,0,224342016,72536064,10133504,439984128,111349760,349663232,38686720,8617984,310304768,93900800,4952064,3993600,305532928,14680064,134160384,203833344,66908160,9056256,199372800,104079360,331702272,35549184,7434240,292098048,82046976,4055040,2568192,294395904,13516800,34467840,0,0,0,0,0,0,0,0,0,0,0,0,0,0,0,205443072,72409088,9748480,424910848,108019712,334143488,38428672,8245248,296517632,91717632,4796416,3072000,296943616,14348288,38203392,187600896,69840896,9748480,211615744,108019712,334143488,37482496,8245248,296517632,88743936,4796416,3072000,296943616,14348288,36175872,1073741824,1073741824,314572800,0,1073741824,1073741824,1073741824,314572800,1073741824,0,0,0,1073741824,314572800,2147483648,10.623520435114356,0,5.250812369536679,0,0,13.781356457107465,41240.075910238105,0,21970.0875852719,0,0,44813.874264478174,10.623520435114356,0,5.250812369536679,0,0,13.781356457107465,41240.075910238105,0,21970.0875852719,0,0,44813.874264478174,102.53750398978616,50.75732494620096,421.1702472191285,18.32430443642937,34.42739255442291,38.914211851146334,18.330680009097115,61.05482401948671,53.62652733780392,100.47099476935458,0,0,0,0,0,0,0,0,0,0,119492.0470262794,121089.30640622413,1331198.57093484,85671.02998533411,334284.04465852655,543651.2007619565,3308.6649988628615,9124.333674586085,597483.0090097502,126902.77153203475,0,0,0,0,0,0,0,0,0,0,120.65113309926589,41.98394305578547,407.3217693767272,25.033084141235854,47.62704902729547,54.255391523232866,16.010916534000458,73.94005718925408,72.22199366437651,133.96132635913943,0,0,0,0,0,0,0,0,0,0,24316.68262581126,6803.530044694587,125869.71872801769,5258.9233944269645,12630.70833800082,6675.488128444111,3049.556515806232,10503.088925759876,16978.29843255029,25362.358287377814,0,0,0,0,0,0,0,0,0,0,30,18,44,10,10,2,10,68,0,0,0,0,0.008069806560134566,0.003061167747914736,0.030441729323308273,0.016782296650717704,0.001459770114942529,0.003,0.0031351819757365683,0.0032266532054517918,0.02014768683274021,0.004710101946246524,0.06938311688311688,0.037794117647058784,0.004291954022988506,0.0046,0.004843327556325823,0.005090596330275232,0.022947508896797145,0.004916218721037998,0.0858820346320346,0.06918918918918913,0.0046459770114942525,0.0048,0.006639999999999993,0.007619839449541283,0.03850000000000008,0.008418749999999992,0.09908116883116884,0.1344999999999996,0.00492919540229885,0.00496,0.08549999999999974,0.009643233944954133,0.45867208672086723,0.375,0.38572827635327633,0.45980926430517705,0.8775100401606426,0.375,0.4586720867208672,0.4752410979228487,2.1814777327935224,2.163709677419355,0.49431089743589746,2.1289156626506025,2.125910931174089,0.475,2.125910931174089,2.1806708494208498,2.3407388663967605,2.331854838709677,0.6837136929460577,2.3144578313253015,2.312955465587044,0.4875,2.312955465587044,2.340335424710424,2.4681477732793526,2.4663709677419354,0.9367427385892119,2.46289156626506,2.462591093117409,0.4975,2.462591093117409,2.468067084942085,396.3361344537853,396.7563025209942,396.80672268908313,392.3193277311133,396.65546218487685,132749776.6722689,19313431.663865544,0,38695910.184873946,344.2016806722689,3955884582.7226887,2665352355.495798,708370569.6806723,4329560046.789916,4694286542.5210085,0,0,0,0,0,15.445378151260504,1.1932773109243697,4.857142857142857,1.0084033613445378,16.45378151260504,0,0,0,0,0,62059.56302521008,11530.756302521007,966191.3277310923,40151.126050420164,70165.51260504201,1563.0420168067226,266.62184873949576,2815.3277310924373,1733.5798319327732,448.77310924369743,1764.6554621848738,377.9159663865546,1904.5714285714287,2103.9327731092435,552.4201680672269,0,0,0,0,0,0,0,0,0,0,0,0,0,0,0,0,0,0,0,0
1693106051,0.7054914544502867,0.33259640404593754,0.19807209824376065,0.08260139321016555,1.675412530821269,0.7650025500085001,0.10759861412985008,0.1874297138573037,0.16854524386389985,0.05964162123135869,0,0.20070533589471576,0.14320785597381355,0.5191114996858007,0.23227005264787864,5.8980558635443,4.30160880793536,0.9528131189753063,0.4630735592940331,10.332163763672009,11.30920519635064,0.3259282855236823,0.6358686273897294,1.479101727588751,0.8420010548382382,0.00004566383017659652,0.30212775181351637,2.8972518289689044,2.778841673724761,1.0652837507742339,4.73362008147288,3.7955119049948154,1.1004005457986707,0.3028717751039397,8.408674211291649,9.916699722332408,0.49495362499730994,0.28114457078595556,1.432634572843162,0.5367745910822308,0,0.17203314505261363,2.495908346972174,1.4753695254228028,0.7935893465469185,50000,100000,50000,50000,50000,50000,10000,50000,50000,20000,50000,0,2568192,0,220594176,0,0,946176,0,0,2973696,0,0,0,0,1892352,1200.1092373864954,2.582513254944926,5.810114881816981,3.634461301247281,260.79534677878235,3519.351731172437,2.84060341302804,0,26.41946697566628,0,0,0,423.97708674304414,0,14.052338185196657,0,0,0,0,0,0,0,0,0,0,0,0,0,0,0,224342016,72536064,10133504,439984128,111349760,349663232,38686720,8617984,310304768,93900800,4952064,3993600,305532928,14680064,134160384,203833344,66908160,9056256,199372800,104079360,331702272,35549184,7434240,292098048,82046976,4055040,2568192,294395904,13516800,34467840,0,0,0,0,0,0,0,0,0,0,0,0,0,0,0,205443072,72409088,9748480,424910848,108019712,334143488,38428672,8245248,296517632,91717632,4796416,3072000,296943616,14348288,38203392,187600896,69840896,9748480,211615744,108019712,334143488,37482496,8245248,296517632,88743936,4796416,3072000,296943616,14348288,36175872,1073741824,1073741824,314572800,0,1073741824,1073741824,1073741824,314572800,1073741824,0,0,0,1073741824,314572800,2147483648,10.623520435114356,0,5.250812369536679,0,0,13.781356457107465,41240.075910238105,0,21970.0875852719,0,0,44813.874264478174,10.623520435114356,0,5.250812369536679,0,0,13.781356457107465,41240.075910238105,0,21970.0875852719,0,0,44813.874264478174,102.53750398978616,50.75732494620096,412.9031185634341,17.964478721680777,34.788590521583174,32.998927364673335,18.330680009097115,61.37914175870576,53.62652733780392,100.47099476935458,0,0,0,0,0,0,0,0,0,0,119492.0470262794,121089.30640622413,1305068.544122977,83988.74841744898,336065.32688008255,461011.68781946617,3308.6649988628615,9175.115002555614,597483.0090097502,126902.77153203475,0,0,0,0,0,0,0,0,0,0,120.65113309926589,41.98394305578547,399.32647176504554,24.541521286845896,48.37481266737095,46.00811988343878,16.010916534000458,74.26831707371277,72.22199366437651,133.96132635913943,0,0,0,0,0,0,0,0,0,0,24316.68262581126,6803.530044694587,123399.02863190748,5155.6563986306155,13116.576173746407,5660.75830385287,3049.556515806232,10540.589790884243,16978.29843255029,25362.358287377814,0,0,0,0,0,0,0,0,0,0,43.474,28.371,86.598,14.25,10.406,2,14.048,129.32,0,0,0,0,0.008069806560134566,0.003061167747914736,0.030441729323308273,0.016782296650717704,0.001459770114942529,0.003,0.0031351819757365683,0.0032188183807439824,0.02014768683274021,0.004710101946246524,0.06938311688311688,0.037794117647058784,0.004291954022988506,0.0046,0.004843327556325823,0.004993873085339168,0.022947508896797145,0.004916218721037998,0.0858820346320346,0.06918918918918913,0.0046459770114942525,0.0048,0.006639999999999993,0.007538329519450793,0.03850000000000008,0.008418749999999992,0.09908116883116884,0.1344999999999996,0.00492919540229885,0.00496,0.08549999999999974,0.0096266590389016,0.45867208672086723,0.375,0.38572827635327633,0.45980926430517705,0.8775100401606426,0.375,0.4586720867208672,0.4875736377025036,2.1814777327935224,2.163709677419355,0.49431089743589746,2.1289156626506025,2.125910931174089,0.475,2.125910931174089,2.1908536585365854,2.3407388663967605,2.331854838709677,0.6837136929460577,2.3144578313253015,2.312955465587044,0.4875,2.312955465587044,2.345426829268293,2.4681477732793526,2.4663709677419354,0.9367427385892119,2.46289156626506,2.462591093117409,0.4975,2.462591093117409,2.469085365853659,396.420168067231,396.7563025210191,396.95798319327855,392.25210084034524,396.65546218486764,132749707.83193277,19313431.663865544,0,38695910.184873946,275.3613445378151,3885169586.5546217,2722108665.5462184,708373323.2941176,4421624289.882353,4694315593.142857,0,0,0,0,0,15.445378151260504,1.1932773109243697,4.857142857142857,1.0084033613445378,16.470588235294116,0,0,0,0,0,62016.537815126045,11530.756302521007,966191.3277310923,40151.126050420164,70260.16806722688,1573.4453781512602,267.1932773109243,2814.6050420168067,1740.5714285714284,450.8235294117647,1775.344537815126,378.5210084033613,1903.5294117647059,2111.0588235294117,554.3865546218487,0,0,0,0,0,0,0,0,0,0,0,0,0,0,0,0,0,0,0,0
1693106052,0.7054914544502867,0.33259640404593754,0.19807209824376065,0.08260139321016555,1.675412530821269,0.7650025500085001,0.10759861412985008,0.1874297138573037,0.16854524386389985,0.0508018220920187,0,0.20070533589471576,0.14320785597381355,0.5191114996858007,0.23227005264787864,5.8980558635443,4.30160880793536,0.9528131189753063,0.4630735592940331,10.332163763672009,11.30920519635064,0.3259282855236823,0.6358686273897294,1.479101727588751,1.0565795437996404,0.00004566383017659652,0.30212775181351637,2.8972518289689044,2.778841673724761,1.0652837507742339,4.73362008147288,3.7955119049948154,1.1004005457986707,0.3028717751039397,8.408674211291649,9.916699722332408,0.49495362499730994,0.28114457078595556,1.432634572843162,0.694291568590927,0,0.17203314505261363,2.495908346972174,1.4753695254228028,0.7935893465469185,50000,100000,50000,50000,50000,50000,10000,50000,50000,20000,50000,0,2568192,0,220594176,0,0,946176,0,0,2973696,0,0,0,0,1892352,1200.1092373864954,2.582513254944926,5.810114881816981,3.634461301247281,260.79534677878235,3519.351731172437,2.84060341302804,0,26.41946697566628,1.1176400860244187,0,0,423.97708674304414,0,14.052338185196657,0,0,0,0,0,0,0,0,0,0,0,0,0,0,0,224342016,72536064,10133504,439984128,111349760,349663232,38686720,8617984,310304768,93900800,4952064,3993600,305532928,14680064,134160384,203833344,66908160,9056256,199372800,104079360,331702272,35549184,7434240,292098048,82182144,4055040,2568192,294395904,13516800,34467840,0,0,0,0,0,0,0,0,0,0,0,0,0,0,0,205443072,72409088,9748480,424910848,108019712,334143488,38428672,8245248,296517632,91856896,4796416,3072000,296943616,14348288,38203392,187600896,69840896,9748480,211615744,108019712,334143488,37482496,8245248,296517632,88883200,4796416,3072000,296943616,14348288,36175872,1073741824,1073741824,314572800,0,1073741824,1073741824,1073741824,314572800,1073741824,0,0,0,1073741824,314572800,2147483648,10.623520435114356,0,5.250812369536679,0,0,13.781356457107465,41240.075910238105,0,21970.0875852719,0,0,44813.874264478174,10.623520435114356,0,5.250812369536679,0,0,13.781356457107465,41240.075910238105,0,21970.0875852719,0,0,44813.874264478174,102.53750398978616,50.75732494620096,404.63598990773966,21.265179832954768,34.788590521583174,32.35035716715423,18.330680009097115,61.37914175870576,53.62652733780393,100.47099476935458,0,0,0,0,0,0,0,0,0,0,119492.0470262794,121089.30640622413,1278938.517311114,100031.78151771502,336065.32688008255,451950.8344734336,3308.6649988628615,9175.115002555614,597483.0090097503,126902.77153203475,0,0,0,0,0,0,0,0,0,0,120.65113309926589,41.98394305578547,391.33117415336386,28.884159318941926,48.37481266737095,45.103863358051576,16.010916534000458,74.26831707371277,72.22199366437653,133.96132635913943,0,0,0,0,0,0,0,0,0,0,24316.68262581126,6803.530044694587,120928.33853579727,5984.422227388979,13116.576173746407,5549.500168378802,3049.556515806232,10540.589790884243,16978.298432550295,25362.358287377814,0,0,0,0,0,0,0,0,0,0,24,22,50,8,10,2,10,52,0,0,0,0,0.00802315963606286,0.003068518518518519,0.03047106824925816,0.016757075471698114,0.0015117647058823529,0.003,0.0031330935251798566,0.00322060606060606,0.019656742556917683,0.004723333333333334,0.06862745098039218,0.03541666666666668,0.004302352941176471,0.0046,0.004839568345323741,0.004997090909090909,0.022433450087565667,0.004930185185185185,0.08529411764705878,0.06515151515151515,0.004651176470588236,0.0048,0.006597826086956538,0.007556561085972846,0.024654816112084057,0.008587499999999988,0.09862745098039215,0.13375000000000153,0.004930235294117647,0.00496,0.0883749999999992,0.0096289592760181,0.4601351351351351,0.3760416666666666,0.38563829787234044,0.4594594594594595,0.873,0.375,0.4559027777777778,0.4860601614086573,2.1822645290581164,2.1642284569138273,0.49414893617021277,2.128,2.1182403433476393,0.475,2.1182403433476393,2.18970189701897,2.3411322645290573,2.332114228456913,0.6812499999999994,2.314,2.3091201716738197,0.4875,2.3091201716738197,2.344850948509485,2.468226452905811,2.4664228456913824,0.9362500000000002,2.4628,2.4618240343347635,0.4975,2.4618240343347635,2.4689701897018965,396.48739495797923,396.7226890756463,397.1092436974984,392.1176470588185,396.70588235292837,132749914.35294117,19313431.663865544,0,38695910.184873946,18026530.42016807,3955813952.537815,2722129937.210084,708355837.8487395,4421646594.15126,4616151728.403361,0,0,0,0,0,15.361344537815125,1.2268907563025209,4.857142857142857,0.9915966386554621,16.42016806722689,0,0,0,0,0,61749.78151260504,16005.378151260504,966191.3277310923,39875.76470588235,70105.27731092437,1569.9495798319326,267.5966386554622,2812.672268907563,1734.18487394958,448.33613445378154,1771.7142857142856,378.90756302521004,1902.0840336134454,2105.075630252101,551.9327731092436,0,0,0,0,0,0,0,0,0,0,0,0,0,0,0,0,0,0,0,0
1693106053,0.7054914544502867,0.33259640404593754,0.19807209824376065,0.08260139321016555,1.675412530821269,0.7650025500085001,0.10759861412985008,0.1874297138573037,0.16854524386389985,0.02220593786778537,0,0.20070533589471576,0.14320785597381355,0.5191114996858007,0.23227005264787864,5.8980558635443,4.30160880793536,0.9528131189753063,0.4630735592940331,10.332163763672009,11.30920519635064,0.3259282855236823,0.6358686273897294,1.479101727588751,1.0441511957897556,0.00006761414442487785,0.30212775181351637,2.8972518289689044,2.778841673724761,1.0652837507742339,4.73362008147288,3.7955119049948154,1.1004005457986707,0.3028717751039397,8.408674211291649,9.916699722332408,0.49495362499730994,0.28114457078595556,1.432634572843162,0.7105900117691476,0,0.17203314505261363,2.495908346972174,1.4753695254228028,0.7935893465469185,50000,100000,50000,50000,50000,50000,10000,50000,50000,20000,50000,0,2568192,0,220594176,0,0,946176,0,0,2973696,0,0,0,0,1892352,1200.1092373864954,2.582513254944926,5.810114881816981,3.634461301247281,260.79534677878235,3519.351731172437,2.84060341302804,0,26.41946697566628,1.4655918992738657,0,0,423.97708674304414,0,14.052338185196657,0,0,0,0,0,0,0,0,0,0,0,0,0,0,0,224342016,72536064,10133504,439984128,111349760,349663232,38686720,8617984,310304768,93900800,4952064,3993600,305532928,14680064,134160384,203833344,66908160,9056256,199372800,104079360,331702272,35549184,7434240,292098048,82182144,4055040,2568192,294395904,13516800,34467840,0,0,0,0,0,0,0,0,0,0,0,0,0,0,0,205443072,72409088,9748480,424910848,108019712,334143488,38428672,8245248,296517632,91856896,4796416,3072000,296943616,14348288,38203392,187600896,69840896,9748480,211615744,108019712,334143488,37482496,8245248,296517632,88883200,4796416,3072000,296943616,14348288,36175872,1073741824,1073741824,314572800,0,1073741824,1073741824,1073741824,314572800,1073741824,0,0,0,1073741824,314572800,2147483648,10.623520435114356,0,5.250812369536679,0,0,13.781356457107465,41240.075910238105,0,21970.0875852719,0,0,44813.874264478174,10.623520435114356,0,5.250812369536679,0,0,13.781356457107465,41240.075910238105,0,21970.0875852719,0,0,44813.874264478174,102.53750398978616,50.75732494620096,396.3688612520452,21.265179832954768,34.788590521583174,31.701786969635123,18.330680009097115,61.37914175870576,53.62652733780393,100.47099476935458,0,0,0,0,0,0,0,0,0,0,119492.0470262794,121089.30640622413,1252808.4904992504,100031.78151771502,336065.32688008255,442889.98112740094,3308.6649988628615,9175.115002555614,597483.0090097503,126902.77153203475,0,0,0,0,0,0,0,0,0,0,120.65113309926589,41.98394305578547,383.33587654168207,28.884159318941926,48.37481266737095,44.19960683266435,16.010916534000458,74.26831707371277,72.22199366437653,133.96132635913943,0,0,0,0,0,0,0,0,0,0,24316.68262581126,6803.530044694587,118457.64843968704,5984.422227388979,13116.576173746407,5438.242032904733,3049.556515806232,10540.589790884243,16978.298432550295,25362.358287377814,0,0,0,0,0,0,0,0,0,0,20,20,46,6,6,2,6,50,0,0,0,0,0.00802315963606286,0.003068518518518519,0.03047106824925816,0.016757075471698114,0.0014514285714285716,0.003,0.003126712328767123,0.00322060606060606,0.019656742556917683,0.004723333333333334,0.06862745098039218,0.03541666666666668,0.004290285714285714,0.0046,0.004828082191780821,0.004997090909090909,0.022433450087565667,0.004930185185185185,0.08529411764705878,0.06515151515151515,0.004645142857142857,0.0048,0.006293478260869559,0.007556561085972846,0.024654816112084057,0.008587499999999988,0.09862745098039215,0.13375000000000153,0.0049290285714285705,0.00496,0.08487499999999974,0.0096289592760181,0.4601351351351351,0.3760416666666666,0.38563829787234044,0.4594594594594595,0.881,0.375,0.4597972972972973,0.4860601614086573,2.1822645290581164,2.1642284569138273,0.49414893617021277,2.128,2.1288844621513943,0.475,2.1288844621513943,2.18970189701897,2.3411322645290573,2.332114228456913,0.6812499999999994,2.314,2.3144422310756974,0.4875,2.3144422310756974,2.344850948509485,2.468226452905811,2.4664228456913824,0.9362500000000002,2.4628,2.462888446215139,0.4975,2.462888446215139,2.4689701897018965,396.571428571429,396.8403361344411,397.0756302520943,392.26890756300793,396.7899159663763,132749914.35294117,19313431.663865544,0,38695910.184873946,18026530.42016807,3955798256.9411764,2722137509.6470585,654450481.4789916,4421616442.084033,4616185597.84874,0,0,0,0,0,15.327731092436974,1.2268907563025209,4.857142857142857,0.9915966386554621,16.403361344537814,0,0,0,0,0,61603.49579831932,16005.378151260504,966191.3277310923,39875.76470588235,70019.2268907563,1561.1428571428569,267.4117647058823,2814.9411764705883,1730.5378151260504,449.1932773109243,1762.7731092436973,378.7058823529411,1902.924369747899,2100.3193277310925,552.8571428571428,0,0,0,0,0,0,0,0,0,0,0,0,0,0,0,0,0,0,0,0
1693106054,0.6237858454080459,0.33259640404593754,0.19807209824376065,0.08260139321016555,1.675412530821269,0.7195879412210278,0.10759861412985008,0.1874297138573037,0.16854524386389985,0.02220593786778537,0,0.16394698989783144,0.14320785597381355,0.5191114996858007,0.23227005264787864,5.601843488566894,4.30160880793536,0.9528131189753063,0.4630735592940331,10.332163763672009,9.145485740796843,0.3259282855236823,0.6358686273897294,1.479101727588751,1.0441511957897556,0.00006761414442487785,0.2467943129345034,2.8972518289689044,2.778841673724761,1.0652837507742339,4.544725445115751,3.7955119049948154,1.1004005457986707,0.3028717751039397,8.408674211291649,7.877594303893357,0.49495362499730994,0.28114457078595556,1.432634572843162,0.7105900117691476,0,0.1405259913409985,2.495908346972174,1.4753695254228028,0.7935893465469185,50000,100000,50000,50000,50000,50000,10000,50000,50000,20000,50000,0,2568192,0,220594176,0,0,946176,0,0,2973696,0,0,0,0,1892352,1082.1793295193283,2.582513254944926,5.810114881816981,3.634461301247281,260.79534677878235,2838.3199515224965,2.84060341302804,0,26.41946697566628,1.4655918992738657,0,0,423.97708674304414,0,14.052338185196657,0,0,0,0,0,0,0,0,0,0,0,0,0,0,0,224342016,72536064,10133504,439984128,111349760,349663232,38686720,8617984,310304768,93900800,4952064,3993600,305532928,14680064,134160384,203968512,66908160,9056256,199372800,104079360,330756096,35549184,7434240,292098048,82182144,4055040,2568192,294395904,13516800,34467840,0,0,0,0,0,0,0,0,0,0,0,0,0,0,0,205512704,72409088,9748480,424910848,108019712,333381632,38428672,8245248,296517632,91856896,4796416,3072000,296943616,14348288,38203392,187670528,69840896,9748480,211615744,108019712,333381632,37482496,8245248,296517632,88883200,4796416,3072000,296943616,14348288,36175872,1073741824,1073741824,314572800,0,1073741824,1073741824,1073741824,314572800,1073741824,0,0,0,1073741824,314572800,2147483648,10.623520435114356,0,5.250812369536679,0,0,13.781356457107465,41240.075910238105,0,21970.0875852719,0,0,44813.874264478174,10.623520435114356,0,5.250812369536679,0,0,13.781356457107465,41240.075910238105,0,21970.0875852719,0,0,44813.874264478174,102.53750398978616,50.75732494620096,306.075,21.265179832954768,34.788590521583174,38.902025290428696,18.330680009097115,61.37914175870576,53.62652733780393,100.47099476935458,0,0,0,0,0,0,0,0,0,0,119492.0470262794,121089.30640622413,954862.3,100031.78151771502,336065.32688008255,549534.9850930399,3308.6649988628615,9175.115002555614,597483.0090097503,126902.77153203475,0,0,0,0,0,0,0,0,0,0,120.65113309926589,41.98394305578547,296.175,28.884159318941926,48.37481266737095,54.69312223707205,16.010916534000458,74.26831707371277,72.22199366437653,133.96132635913943,0,0,0,0,0,0,0,0,0,0,24316.68262581126,6803.530044694587,92032.40000000001,5984.422227388979,13116.576173746407,6628.559679243342,3049.556515806232,10540.589790884243,16978.298432550295,25362.358287377814,0,0,0,0,0,0,0,0,0,0,30,10,36,4,6,2,6,40,0,0,0,0,0.00802315963606286,0.003068518518518519,0.03047106824925816,0.016757075471698114,0.0014514285714285716,0.003,0.003126712328767123,0.00322060606060606,0.019656742556917683,0.004723333333333334,0.06862745098039218,0.03541666666666668,0.004290285714285714,0.0046,0.004828082191780821,0.004997090909090909,0.022433450087565667,0.004930185185185185,0.08529411764705878,0.06515151515151515,0.004645142857142857,0.0048,0.006293478260869559,0.007556561085972846,0.024654816112084057,0.008587499999999988,0.09862745098039215,0.13375000000000153,0.0049290285714285705,0.00496,0.08487499999999974,0.0096289592760181,0.4601351351351351,0.3760416666666666,0.38563829787234044,0.4594594594594595,0.881,0.375,0.4597972972972973,0.4860601614086573,2.1822645290581164,2.1642284569138273,0.49414893617021277,2.128,2.1288844621513943,0.475,2.1288844621513943,2.18970189701897,2.3411322645290573,2.332114228456913,0.6812499999999994,2.314,2.3144422310756974,0.4875,2.3144422310756974,2.344850948509485,2.468226452905811,2.4664228456913824,0.9362500000000002,2.4628,2.462888446215139,0.4975,2.462888446215139,2.4689701897018965,396.57142857141764,396.80672268906795,397.0084033613523,392.2184873949598,396.72268907563694,132749914.35294117,19313431.663865544,0,25797434.084033612,18026530.42016807,3885212267.563025,2665446529.07563,654450963.3613445,4329548412.773109,4616285209.815125,0,0,0,0,0,15.294117647058822,1.2268907563025209,4.857142857142857,1.0252100840336134,16.30252100840336,0,0,0,0,0,61457.21008403361,16005.378151260504,966191.3277310923,40219.96638655462,69692.23529411765,1560.1176470588234,267.5462184873949,2813.2100840336134,1724.857142857143,447.4117647058823,1761.9831932773109,378.89075630252097,1901.5462184873948,2094.420168067227,551.1596638655461,0,0,0,0,0,0,0,0,0,0,0,0,0,0,0,0,0,0,0,0
1693106055,0.6237858454080459,0.33259640404593754,0.19807209824376065,0.08260139321016555,1.409398906240122,0.7195879412210278,0.10759861412985008,0.1874297138573037,0.16854524386389985,0.02220593786778537,0,0.20051039008384985,0.08119313482216714,0.5242562114999342,0.23227005264787864,5.601843488566894,4.30160880793536,0.9528131189753063,0.4630735592940331,8.691674462094985,9.145485740796843,0.3259282855236823,0.6358686273897294,1.479101727588751,1.0441511957897556,0.00006761414442487785,0.2946948323004011,1.6562543836338588,2.7488474826340137,1.0652837507742339,4.544725445115751,3.7955119049948154,1.1004005457986707,0.3028717751039397,7.073586963393817,7.877594303893357,0.49495362499730994,0.28114457078595556,1.432634572843162,0.7105900117691476,0,0.16405395552314975,1.3532189137027844,1.4604280177498172,0.7935893465469185,50000,100000,50000,50000,50000,50000,10000,50000,50000,20000,50000,0,2568192,0,220594176,0,0,946176,0,0,2973696,0,0,0,0,1892352,1082.1793295193283,2.582513254944926,5.810114881816981,3.634461301247281,219.38756559398115,2838.3199515224965,2.84060341302804,0,26.41946697566628,1.4655918992738657,0,0,207.20488006617035,0,14.052338185196657,0,0,0,0,0,0,0,0,0,0,0,0,0,0,0,224342016,72536064,10133504,439984128,111349760,349663232,38686720,8617984,310304768,93900800,4952064,3993600,305532928,14680064,134160384,203968512,66908160,9056256,199372800,104079360,330756096,35549184,7434240,292098048,82182144,4055040,2568192,294395904,13516800,34467840,0,0,0,0,0,0,0,0,0,0,0,0,0,0,0,205512704,72409088,9748480,424910848,108019712,333381632,38428672,8245248,296517632,91856896,4796416,2940928,296943616,14376960,38203392,187670528,69840896,9748480,211615744,108019712,333381632,37482496,8245248,296517632,88883200,4796416,2940928,296943616,14376960,36175872,1073741824,1073741824,314572800,0,1073741824,1073741824,1073741824,314572800,1073741824,0,0,0,1073741824,314572800,2147483648,10.623520435114356,0,5.250812369536679,0,0,13.781356457107465,41240.075910238105,0,21970.0875852719,0,0,44813.874264478174,10.623520435114356,0,5.250812369536679,0,0,13.781356457107465,41240.075910238105,0,21970.0875852719,0,0,44813.874264478174,102.80579497524299,51.86416831873121,483.7834170172344,21.265179832954768,34.788590521583174,38.902025290428696,18.330680009097115,61.37914175870575,53.62652733780393,100.47099476935458,0,0,0,0,0,0,0,0,0,0,119707.24371905373,122397.55068107693,1568795.9243678474,100031.78151771502,336065.32688008255,549534.9850930399,3308.6649988628615,9175.115002555613,597483.0090097503,126902.77153203475,0,0,0,0,0,0,0,0,0,0,121.27269392994683,43.07092153226322,467.2275749762519,28.884159318941926,48.37481266737095,54.69312223707205,16.010916534000458,74.26831707371275,72.22199366437653,133.96132635913943,0,0,0,0,0,0,0,0,0,0,24422.446359801943,6995.235659013877,143162.2336816393,5984.422227388979,13116.576173746407,6628.559679243342,3049.556515806232,10540.589790884242,16978.298432550295,25362.358287377814,0,0,0,0,0,0,0,0,0,0,34,16,50,4,8,2,6,46,0,0,0,0,0.00802315963606286,0.003068518518518519,0.03047106824925816,0.016757075471698114,0.0014514285714285716,0.003,0.003126712328767123,0.003227169238552998,0.019656742556917683,0.004723333333333334,0.06862745098039218,0.03541666666666668,0.004290285714285714,0.0046,0.004828082191780821,0.005100686498855835,0.022433450087565667,0.004930185185185185,0.08529411764705878,0.06515151515151515,0.004645142857142857,0.0048,0.006293478260869559,0.007618993135011441,0.024654816112084057,0.008587499999999988,0.09862745098039215,0.13375000000000153,0.0049290285714285705,0.00496,0.08487499999999974,0.009633638443935923,0.4601351351351351,0.3760416666666666,0.38563829787234044,0.4594594594594595,0.881,0.375,0.4597972972972973,0.47135994087213595,2.1822645290581164,2.1642284569138273,0.49414893617021277,2.128,2.1288844621513943,0.475,2.1288844621513943,2.177272727272727,2.3411322645290573,2.332114228456913,0.6812499999999994,2.314,2.3144422310756974,0.4875,2.3144422310756974,2.338636363636364,2.468226452905811,2.4664228456913824,0.9362500000000002,2.4628,2.462888446215139,0.4975,2.462888446215139,2.4677272727272723,396.5882352940994,396.84033613445905,396.9747899159677,392.18487394957566,396.70588235295855,149343670.85714284,19313431.663865544,0,25797296.403361343,18026530.42016807,3814645140.4369745,2608758990.5210085,655665857.6134454,4237502137.0084033,4616293952.537815,0,0,0,0,0,15.361344537815125,1.1764705882352942,4.857142857142857,1.0252100840336134,16.26890756302521,0,0,0,0,0,61663.731092436974,15798.857142857141,966191.3277310923,40219.96638655462,69597.57983193277,1566.033613445378,267.26050420168065,2812.3193277310925,1726.5378151260506,446.77310924369743,1767.5798319327728,378.47058823529414,1901.0756302521006,2096.621848739496,550.4873949579832,0,0,0,0,0,0,0,0,0,0,0,0,0,0,0,0,0,0,0,0
1693106056,0.6237858454080459,0.31055074114194187,0.19757876207924702,0.08260139321016555,1.640459328612012,0.7195879412210278,0.10414316213354634,0.18602343895330806,0.16854524386389985,0.02220593786778537,0,0.20051039008384985,0.08284739454094299,0.5242562114999342,0.23227005264787864,5.601843488566894,3.706956767422324,0.9434602130258285,0.4630735592940331,10.159945742807986,9.145485740796843,0.32921565618870763,0.6383082573737628,1.479101727588751,1.0441511957897556,0.00006761414442487785,0.2946948323004011,1.6899995385277107,2.7488474826340137,1.0652837507742339,4.544725445115751,3.4160581525613596,1.1136257499012108,0.3028717751039397,8.302324650902257,7.877594303893357,0.46864422960095803,0.3720468779066166,1.432634572843162,0.7105900117691476,0,0.16405395552314975,1.3807899090157152,1.4604280177498172,0.7935893465469185,50000,100000,50000,50000,50000,50000,10000,50000,50000,20000,50000,0,2568192,0,220594176,0,0,946176,0,0,2973696,0,0,0,0,1892352,1082.1793295193283,1.5766422242590894,5.927362862377411,3.634461301247281,227.10358900492136,2838.3199515224965,3.4367243504070255,17.734234513548707,26.41946697566628,1.4655918992738657,0,0,211.42655086848632,0,14.052338185196657,0,0,0,0,0,0,0,0,0,0,0,0,0,0,0,224342016,72536064,10133504,439984128,111349760,349663232,38744064,10375168,310304768,93900800,4952064,3993600,305532928,14680064,134160384,203968512,66908160,9191424,199372800,103538688,330756096,35684352,9056256,292098048,82182144,4055040,2568192,294395904,13516800,34467840,0,0,0,0,0,0,0,0,0,0,0,0,0,0,0,205512704,72409088,9826304,424910848,107433984,333381632,38551552,10018816,296517632,91856896,4796416,2940928,296943616,14376960,38203392,187670528,69840896,9826304,211615744,107433984,333381632,37605376,10018816,296517632,88883200,4796416,2940928,296943616,14376960,36175872,1073741824,1073741824,314572800,0,1073741824,1073741824,1073741824,314572800,1073741824,0,0,0,1073741824,314572800,2147483648,9.005971493116315,0,5.033586169788068,0,0,13.781356457107465,35909.985516021814,0,20777.532848489052,0,0,44813.874264478174,9.005971493116315,0,5.033586169788068,0,0,13.781356457107465,35909.985516021814,0,20777.532848489052,0,0,44813.874264478174,102.80579497524299,51.86416831873121,483.7834170172344,21.11165720923998,34.788590521583174,38.902025290428696,18.330680009097115,61.37914175870575,53.62652733780393,97.88318238137617,0,0,0,0,0,0,0,0,0,0,119707.24371905373,122397.55068107693,1568795.9243678474,99291.4302309995,336065.32688008255,549534.9850930399,3308.6649988628615,9175.115002555613,597483.0090097503,125765.99828979284,0,0,0,0,0,0,0,0,0,0,121.27269392994683,43.07092153226322,467.2275749762519,28.61802421696975,48.37481266737095,54.69312223707205,16.010916534000458,74.26831707371275,72.22199366437653,131.02280857895744,0,0,0,0,0,0,0,0,0,0,24422.446359801943,6995.235659013877,143162.2336816393,5917.496984048969,13116.576173746407,6628.559679243342,3049.556515806232,10540.589790884242,16978.298432550295,24742.404411636384,0,0,0,0,0,0,0,0,0,0,44,10,46,18,18,2,18,120,0,0,0,0,0.00802315963606286,0.003068518518518519,0.03047106824925816,0.016757075471698114,0.0014514285714285716,0.003,0.003126712328767123,0.0032188861985472154,0.019656742556917683,0.004723333333333334,0.06862745098039218,0.03541666666666668,0.004290285714285714,0.0046,0.004828082191780821,0.004993995157384989,0.022433450087565667,0.004930185185185185,0.08529411764705878,0.06515151515151515,0.004645142857142857,0.0048,0.006293478260869559,0.007532954545454542,0.024654816112084057,0.008587499999999988,0.09862745098039215,0.13375000000000153,0.0049290285714285705,0.00496,0.08487499999999974,0.00961568181818182,0.4601351351351351,0.3760416666666666,0.38563829787234044,0.4594594594594595,0.881,0.375,0.4597972972972973,0.4862435803374908,2.1822645290581164,2.1642284569138273,0.49414893617021277,2.128,2.1288844621513943,0.475,2.1288844621513943,2.1898465703971124,2.3411322645290573,2.332114228456913,0.6812499999999994,2.314,2.3144422310756974,0.4875,2.3144422310756974,2.3449232851985555,2.468226452905811,2.4664228456913824,0.9362500000000002,2.4628,2.462888446215139,0.4975,2.462888446215139,2.4689846570397114,396.55462184872346,396.82352941175776,397.0420168067208,392.23529411764054,396.6386554621942,149343670.85714284,19313431.663865544,0,25797296.403361343,18026530.42016807,3814645897.680672,2722248893.310924,655658422.8571428,4329518191.865546,4538129055.193277,0,0,0,0,0,15.277310924369747,1.1764705882352942,4.873949579831932,1.0252100840336134,16.386554621848738,0,0,0,0,0,61465.81512605042,15798.857142857141,966260.1680672269,40219.96638655462,70070.85714285714,1570.6386554621845,264.8739495798319,2813.680672268907,1737.9831932773109,449.84873949579827,1772.5546218487393,376.2521008403361,1902.3361344537814,2106.9579831932774,553.4957983193277,0,0,0,0,0,0,0,0,0,0,0,0,0,0,0,0,0,0,0,0
1693106057,0.6237858454080459,0.31656875815904234,0.19757876207924702,0.08260139321016555,1.640459328612012,0.7195879412210278,0.10414316213354634,0.18602343895330806,0.16854524386389985,0.02220593786778537,0,0.20051039008384985,0.09925558312655096,0.5242562114999342,0.15268867338057954,5.601843488566894,3.778792142298492,0.9434602130258285,0.4630735592940331,10.159945742807986,9.145485740796843,0.32921565618870763,0.6383082573737628,1.479101727588751,1.0441511957897556,0.00006761414442487785,0.2946948323004011,2.0247092936311026,2.7488474826340137,0.8636700214706879,4.544725445115751,3.482256339749465,1.1136257499012108,0.3028717751039397,8.302324650902257,7.877594303893357,0.46864422960095803,0.3720468779066166,1.432634572843162,0.7105900117691476,0,0.16405395552314975,1.6542597187758479,1.4604280177498172,0.6616509179825107,50000,100000,50000,50000,50000,50000,10000,50000,50000,20000,50000,0,2568192,0,220594176,0,0,946176,0,0,2973696,0,0,0,0,1892352,1082.1793295193283,1.6071952337305226,5.927362862377411,3.634461301247281,227.10358900492136,2838.3199515224965,3.4367243504070255,17.734234513548707,26.41946697566628,1.4655918992738657,0,0,253.3002481389578,0,11.757027850304613,0,0,0,0,0,0,0,0,0,0,0,0,0,0,0,224342016,72536064,10133504,439984128,111349760,349663232,38744064,10375168,310304768,93900800,4952064,3993600,305532928,14680064,134160384,203968512,66908160,9191424,199372800,103538688,330756096,35684352,9056256,292098048,82182144,4055040,2568192,294395904,13516800,34467840,0,0,0,0,0,0,0,0,0,0,0,0,0,0,0,205512704,72409088,9826304,424910848,107433984,333381632,38551552,10018816,296517632,91856896,4796416,2940928,296943616,14376960,38203392,187670528,69840896,9826304,211615744,107433984,333381632,37605376,10018816,296517632,88883200,4796416,2940928,296943616,14376960,36175872,1073741824,1073741824,314572800,0,1073741824,1073741824,1073741824,314572800,1073741824,0,0,0,1073741824,314572800,2147483648,9.180493986612227,0,5.033586169788068,0,0,11.120825044552198,36605.86826653335,0,20777.532848489052,0,0,38124.122309254424,9.180493986612227,0,5.033586169788068,0,0,11.120825044552198,36605.86826653335,0,20777.532848489052,0,0,38124.122309254424,102.80579497524299,51.86416831873121,483.7834170172344,21.11165720923998,34.788590521583174,38.902025290428696,18.330680009097115,61.37914175870575,53.62652733780393,97.88318238137617,0,0,0,0,0,0,0,0,0,0,119707.24371905373,122397.55068107693,1568795.9243678474,99291.4302309995,336065.32688008255,549534.9850930399,3308.6649988628615,9175.115002555613,597483.0090097503,125765.99828979284,0,0,0,0,0,0,0,0,0,0,121.27269392994683,43.07092153226322,467.2275749762519,28.61802421696975,48.37481266737095,54.69312223707205,16.010916534000458,74.26831707371275,72.22199366437653,131.02280857895744,0,0,0,0,0,0,0,0,0,0,24422.446359801943,6995.235659013877,143162.2336816393,5917.496984048969,13116.576173746407,6628.559679243342,3049.556515806232,10540.589790884242,16978.298432550295,24742.404411636384,0,0,0,0,0,0,0,0,0,0,30,26,62,10,8,2,10,68,0,0,0,0,0.008015676567656765,0.0030747663551401864,0.030832721936903888,0.016715909090909094,0.0015202312138728321,0.003,0.003134751773049646,0.00322029822029822,0.019812834224598924,0.004734579439252336,0.06911637931034485,0.03265625000000003,0.004304046242774567,0.0046,0.004842553191489362,0.004996536796536797,0.022647058823529406,0.004942056074766354,0.0855818965517241,0.0642424242424242,0.004652023121387283,0.0048,0.006645833333333341,0.007547085201793723,0.024914438502673796,0.008705128205128204,0.09875431034482755,0.1314999999999992,0.0049304046242774555,0.00496,0.08724999999999948,0.009617040358744392,0.459441489361702,0.375,0.38623395149786016,0.46010638297872347,0.873046875,0.375,0.45560109289617484,0.4834054834054834,2.1816816816816815,2.1636363636363636,0.4952211126961483,2.1296875,2.117372881355932,0.475,2.117372881355932,2.1875451263537906,2.3408408408408405,2.331818181818182,0.6968253968253962,2.31484375,2.308686440677966,0.4875,2.308686440677966,2.3437725631768953,2.4681681681681686,2.4663636363636363,0.9393650793650788,2.46296875,2.461737288135593,0.4975,2.461737288135593,2.4687545126353787,396.5210084033634,396.78991596639383,397.09243697477086,392.3025210084122,396.80672268907193,149343670.85714284,19313431.663865544,0,25797296.403361343,18026530.42016807,3673473230.521008,2722334530.6890755,655659386.6218487,4237479626.2184873,4538140964.571428,0,0,0,0,0,14.436974789915967,2.1512605042016806,4.873949579831932,1.0252100840336134,16.554621848739494,0,0,0,0,0,55829.512605042015,20824.201680672268,966260.1680672269,40219.96638655462,70681.81512605042,1579.7310924369744,268.2016806722689,2813.3109243697477,1744.5714285714284,449.4621848739495,1781.1596638655458,379.26050420168065,1902.7563025210084,2114.873949579832,553.2268907563025,0,0,0,0,0,0,0,0,0,0,0,0,0,0,0,0,0,0,0,0
1693106058,0.592916923217259,0.36108102102602563,0.19757876207924702,0.05580045756375208,1.640459328612012,0.7195879412210278,0.12277926720285978,0.18602343895330806,0.16854524386389985,0.02220593786778537,0,0.20051039008384985,0.09925558312655096,0.5242562114999342,0.15579696630610484,5.600790647875752,4.310122492570066,0.9434602130258285,0.4610469170247197,10.159945742807986,9.145485740796843,0.2687228546971999,0.6383082573737628,1.479101727588751,1.0441511957897556,0.00006761414442487785,0.2946948323004011,2.0247092936311026,2.7488474826340137,0.8812518064079005,4.5837039064103395,3.9718912312862806,1.1136257499012108,0.3348027453825125,8.302324650902257,7.877594303893357,0.32741137920762564,0.3720468779066166,1.432634572843162,0.7105900117691476,0,0.16405395552314975,1.6542597187758479,1.4604280177498172,0.6751201873264537,50000,100000,50000,50000,50000,50000,10000,50000,50000,20000,50000,0,2568192,0,220594176,0,0,946176,0,0,2973696,0,0,0,0,1892352,1137.8531846480125,1.833180568285976,5.927362862377411,4.910440265610179,227.10358900492136,2838.3199515224965,2.7011438784629127,17.734234513548707,26.41946697566628,1.4655918992738657,0,0,253.3002481389578,0,11.996366405570061,0,0,0,0,0,0,0,0,0,0,0,0,0,0,0,224342016,72536064,10133504,439984128,111349760,349663232,38744064,10375168,310304768,93900800,4952064,3993600,305532928,14680064,134160384,203968512,66908160,9191424,199372800,103538688,330756096,35684352,9056256,292098048,82182144,4055040,2568192,294395904,13516800,34467840,0,0,0,0,0,0,0,0,0,0,0,0,0,0,0,205512704,72409088,9826304,424910848,107433984,333381632,38551552,10018816,296517632,91856896,4796416,2940928,296943616,14376960,38203392,187670528,69840896,9826304,211615744,107433984,333381632,37605376,10018816,296517632,88883200,4796416,2940928,296943616,14376960,36175872,1073741824,1073741824,314572800,0,1073741824,1073741824,1073741824,314572800,1073741824,0,0,0,1073741824,314572800,2147483648,10.471349609754743,0,4.092642240095323,0,0,11.347212379294625,41752.965030691885,0,17633.067238605894,0,0,38900.21746446185,10.471349609754743,0,4.092642240095323,0,0,11.347212379294625,41752.965030691885,0,17633.067238605894,0,0,38900.21746446185,102.80579497524299,51.86416831873121,483.7834170172344,21.11165720923998,34.788590521583174,38.902025290428696,17.337939617621185,61.37914175870575,53.62652733780393,97.88318238137617,0,0,0,0,0,0,0,0,0,0,119707.24371905373,122397.55068107693,1568795.9243678474,99291.4302309995,336065.32688008255,549534.9850930399,3139.712035705856,9175.115002555613,597483.0090097503,125765.99828979284,0,0,0,0,0,0,0,0,0,0,121.27269392994683,43.07092153226322,467.2275749762519,28.61802421696975,48.37481266737095,54.69312223707205,15.277986395725598,74.26831707371275,72.22199366437653,131.02280857895744,0,0,0,0,0,0,0,0,0,0,24422.446359801943,6995.235659013877,143162.2336816393,5917.496984048969,13116.576173746407,6628.559679243342,2885.0288608029527,10540.589790884242,16978.298432550295,24742.404411636384,0,0,0,0,0,0,0,0,0,0,24,18,46,10,6,2,6,112,0,0,0,0,0.008015676567656765,0.0030747663551401864,0.030832721936903888,0.016715909090909094,0.0014494382022471912,0.003,0.003127946127946128,0.00322029822029822,0.019812834224598924,0.004734579439252336,0.06911637931034485,0.03265625000000003,0.0042898876404494374,0.0046,0.004830303030303031,0.004996536796536797,0.022647058823529406,0.004942056074766354,0.0855818965517241,0.0642424242424242,0.00464494382022472,0.0048,0.006333333333333355,0.007547085201793723,0.024914438502673796,0.008705128205128204,0.09875431034482755,0.1314999999999992,0.004928988764044943,0.00496,0.08350000000000034,0.009617040358744392,0.459441489361702,0.375,0.38623395149786016,0.46010638297872347,0.8828125,0.375,0.46010638297872347,0.4834054834054834,2.1816816816816815,2.1636363636363636,0.4952211126961483,2.1296875,2.1296875,0.475,2.1296875,2.1875451263537906,2.3408408408408405,2.331818181818182,0.6968253968253962,2.31484375,2.31484375,0.4875,2.31484375,2.3437725631768953,2.4681681681681686,2.4663636363636363,0.9393650793650788,2.46296875,2.46296875,0.4975,2.46296875,2.4687545126353787,396.4705882352787,396.8403361344572,397.0084033613245,392.31932773110543,396.80672268908984,149343670.85714284,19313431.663865544,0,25797296.403361343,18026530.42016807,3744131089.210084,2722419479.6638656,601686566.722689,4145439201.882353,4459919755.831933,0,0,0,0,0,14.453781512605042,2.084033613445378,4.873949579831932,1.0252100840336134,16.504201680672267,0,0,0,0,0,55906.95798319327,20514.420168067227,966260.1680672269,40219.96638655462,70337.61344537814,1577.2100840336134,268.11764705882354,2814.689075630252,1742.5210084033613,449.5294117647058,1778.8571428571427,379.1932773109244,1903.6974789915967,2112.18487394958,553.3781512605042,0,0,0,0,0,0,0,0,0,0,0,0,0,0,0,0,0,0,0,0
1693106059,0.592916923217259,0.36108102102602563,0.19757876207924702,0.05580045756375208,1.640459328612012,0.7195879412210278,0.12533256734329132,0.18602343895330806,0.16854524386389985,0.02220593786778537,0,0.20051039008384985,0.09925558312655096,0.5242562114999342,0.18649757553151827,5.600790647875752,4.310122492570066,0.9434602130258285,0.4610469170247197,10.159945742807986,9.145485740796843,0.27431117688112266,0.6383082573737628,1.479101727588751,1.0441511957897556,0.00005200925424152981,0.2946948323004011,2.0247092936311026,2.7488474826340137,1.054907096232748,4.5837039064103395,3.9718912312862806,1.1136257499012108,0.3348027453825125,8.302324650902257,7.877594303893357,0.3342201795821097,0.3720468779066166,1.432634572843162,0.7105900117691476,0,0.16405395552314975,1.6542597187758479,1.4604280177498172,0.8081561606365785,50000,100000,50000,50000,50000,50000,10000,50000,50000,20000,50000,0,2568192,0,220594176,0,0,946176,0,0,2973696,0,0,0,0,1892352,1137.8531846480125,1.833180568285976,5.927362862377411,4.910440265610179,227.10358900492136,2838.3199515224965,2.7573164815524063,17.734234513548707,26.41946697566628,1.4655918992738657,0,0,253.3002481389578,0,14.360313315926895,0,0,0,0,0,0,0,0,0,0,0,0,0,0,0,224342016,72536064,10133504,439984128,111349760,349663232,38744064,10375168,310304768,93900800,4952064,3993600,305532928,14680064,134160384,203968512,66908160,9191424,199372800,103538688,330756096,35684352,9056256,292098048,82182144,4055040,2568192,294395904,13516800,34467840,0,0,0,0,0,0,0,0,0,0,0,0,0,0,0,205512704,72409088,9826304,424910848,107433984,333381632,38551552,10018816,296517632,91856896,4796416,2940928,296943616,14376960,38203392,187670528,69840896,9826304,211615744,107433984,333381632,37605376,10018816,296517632,88883200,4796416,2940928,296943616,14376960,36175872,1073741824,1073741824,314572800,0,1073741824,1073741824,1073741824,314572800,1073741824,0,0,0,1073741824,314572800,2147483648,10.471349609754743,0,4.177752244776373,0,0,13.583240084545569,41752.965030691885,0,17999.76199157411,0,0,46565.70931244561,10.471349609754743,0,4.177752244776373,0,0,13.583240084545569,41752.965030691885,0,17999.76199157411,0,0,46565.70931244561,102.80579497524299,51.86416831873121,483.7834170172344,21.11165720923998,29.778936851501527,38.902025290428696,17.337939617621185,61.37914175870575,53.62652733780393,75.10132088575473,0,0,0,0,0,0,0,0,0,0,119707.24371905373,122397.55068107693,1568795.9243678474,99291.4302309995,287670.98629455373,549534.9850930399,3139.712035705856,9175.115002555613,597483.0090097503,97584.16964300023,0,0,0,0,0,0,0,0,0,0,121.27269392994683,43.07092153226322,467.2275749762519,28.61802421696975,41.4087052687899,54.69312223707205,15.277986395725598,74.26831707371275,72.22199366437653,100.2600551148151,0,0,0,0,0,0,0,0,0,0,24422.446359801943,6995.235659013877,143162.2336816393,5917.496984048969,11227.752769793107,6628.559679243342,2885.0288608029527,10540.589790884242,16978.298432550295,18935.550538014973,0,0,0,0,0,0,0,0,0,0,68,28,68,14,12,2,14,124,0,0,0,0,0.008015676567656765,0.0030747663551401864,0.030832721936903888,0.016715909090909094,0.0014494382022471912,0.003,0.003127946127946128,0.00322029822029822,0.019812834224598924,0.004734579439252336,0.06911637931034485,0.03265625000000003,0.0042898876404494374,0.0046,0.004830303030303031,0.004996536796536797,0.022647058823529406,0.004942056074766354,0.0855818965517241,0.0642424242424242,0.00464494382022472,0.0048,0.006333333333333355,0.007547085201793723,0.024914438502673796,0.008705128205128204,0.09875431034482755,0.1314999999999992,0.004928988764044943,0.00496,0.08350000000000034,0.009617040358744392,0.459441489361702,0.375,0.38623395149786016,0.46010638297872347,0.8828125,0.375,0.46010638297872347,0.4834054834054834,2.1816816816816815,2.1636363636363636,0.4952211126961483,2.1296875,2.1296875,0.475,2.1296875,2.1875451263537906,2.3408408408408405,2.331818181818182,0.6968253968253962,2.31484375,2.31484375,0.4875,2.31484375,2.3437725631768953,2.4681681681681686,2.4663636363636363,0.9393650793650788,2.46296875,2.46296875,0.4975,2.46296875,2.4687545126353787,396.6890756302597,396.8571428571332,397.1260504201769,392.38655462186694,396.82352941176543,149343670.85714284,19313431.663865544,0,25797296.403361343,18026530.42016807,3744146784.8067226,2835947313.4789915,601692349.3109243,4053406074.6218486,4381735170.15126,0,0,0,0,0,14.554621848739496,2.084033613445378,4.873949579831932,0.9579831932773109,16.45378151260504,0,0,0,0,0,56208.13445378151,20514.420168067227,966260.1680672269,39927.39495798319,70131.09243697478,1580.3865546218487,266.6050420168067,2814.5714285714284,1745.0084033613446,449.3109243697478,1781.798319327731,377.6302521008403,1903.9831932773106,2115.0756302521004,553.2605042016806,0,0,0,0,0,0,0,0,0,0,0,0,0,0,0,0,0,0,0,0
1693106060,0.592916923217259,0.3153471007045709,0.19757876207924702,0.05580045756375208,1.640459328612012,0.7195879412210278,0.1278858674837228,0.18602343895330806,0.13333333333333347,0.02220593786778537,0,0.2574466441829932,0.10892534257020249,0.5242562114999342,0.22848264674298008,5.600790647875752,3.764209561198629,0.9434602130258285,0.4610469170247197,10.159945742807986,9.145485740796843,0.27989949906504535,0.6383082573737628,0.991966408888882,1.0441511957897556,0.00005200925424152981,0.29321949385989743,1.9752205193560406,2.7488474826340137,1.0671480247675182,4.5837039064103395,3.4688181077502787,1.1136257499012108,0.3348027453825125,8.302324650902257,7.877594303893357,0.3410289799565937,0.3720468779066166,0.9333333333333372,0.7105900117691476,0,0.18021265092809505,1.5903100015249483,1.4604280177498172,0.7996892636004292,50000,100000,50000,50000,50000,50000,10000,50000,50000,20000,50000,0,2568192,0,220594176,0,0,946176,0,0,2973696,0,0,0,0,1892352,1137.8531846480125,1.6009929728078214,5.927362862377411,4.910440265610179,227.10358900492136,2838.3199515224965,2.8134890846418994,17.734234513548707,11.733333333333334,1.4655918992738657,0,0,244.42846872753415,0,15.079854685036672,0,0,0,0,0,0,0,0,0,0,0,0,0,0,0,224342016,72536064,10133504,439984128,111349760,349663232,38744064,10375168,310304768,93900800,4952064,3993600,305532928,14680064,134160384,203968512,66908160,9191424,199372800,103538688,330756096,35684352,9056256,292098048,82182144,4055040,2568192,294531072,13516800,34738176,0,0,0,0,0,0,0,0,0,0,0,0,0,0,0,205512704,72409088,9826304,424910848,107433984,333381632,38551552,10018816,296517632,91856896,4796416,2940928,296767488,14376960,38719488,187670528,69840896,9826304,211615744,107433984,333381632,37605376,10018816,296517632,88883200,4796416,2940928,296767488,14376960,36691968,1073741824,1073741824,314572800,0,1073741824,1073741824,1073741824,314572800,1073741824,0,0,0,1073741824,314572800,2147483648,9.145065920432556,0,4.262862249457424,0,0,13.571869216533006,36464.6040681795,0,18366.45674454232,0,0,44827.92971873787,9.145065920432556,0,4.262862249457424,0,0,13.571869216533006,36464.6040681795,0,18366.45674454232,0,0,44827.92971873787,99.85491881033425,51.64907511627413,483.7834170172344,21.11165720923998,29.199127009475138,38.902025290428696,17.337939617621185,53.6892304088239,43.06825281368689,76.70668456339985,0,0,0,0,0,0,0,0,0,0,118165.53205736289,122494.7650094506,1568795.9243678474,99291.4302309995,282069.89751321904,549534.9850930399,3139.712035705856,8025.606896495849,477861.6862592483,99670.1260497636,0,0,0,0,0,0,0,0,0,0,118.21326934880868,42.60199205725572,467.2275749762519,28.61802421696975,40.60245839100038,54.69312223707205,15.277986395725598,64.96358002400054,58.31984331625957,102.40321117254766,0,0,0,0,0,0,0,0,0,0,23671.502706322193,6917.684286533438,143162.2336816393,5917.496984048969,11009.143166897333,6628.559679243342,2885.0288608029527,9220.007607020898,13623.448235710885,19340.31632231037,0,0,0,0,0,0,0,0,0,0,28,22,62,8,6,2,6,92,0,0,0,0,0.008015676567656765,0.0030747663551401864,0.030832721936903888,0.016715909090909094,0.0014494382022471912,0.003,0.003127946127946128,0.0032269076305220883,0.019812834224598924,0.004734579439252336,0.06911637931034485,0.03265625000000003,0.0042898876404494374,0.0046,0.004830303030303031,0.0050954545454545445,0.022647058823529406,0.004942056074766354,0.0855818965517241,0.0642424242424242,0.00464494382022472,0.0048,0.006333333333333355,0.007615909090909085,0.024914438502673796,0.008705128205128204,0.09875431034482755,0.1314999999999992,0.004928988764044943,0.00496,0.08350000000000034,0.009632272727272729,0.459441489361702,0.375,0.38623395149786016,0.46010638297872347,0.8828125,0.375,0.46010638297872347,0.46874999999999994,2.1816816816816815,2.1636363636363636,0.4952211126961483,2.1296875,2.1296875,0.475,2.1296875,2.174780058651026,2.3408408408408405,2.331818181818182,0.6968253968253962,2.31484375,2.31484375,0.4875,2.31484375,2.3373900293255128,2.4681681681681686,2.4663636363636363,0.9393650793650788,2.46296875,2.46296875,0.4975,2.46296875,2.4674780058651025,396.5210084033642,396.85714285713595,397.1764705882342,392.2689075630236,396.84033613444996,149343670.85714284,19313431.663865544,0,25797296.403361343,18026530.42016807,3744259063.394958,2779317256.605042,601675621.1092436,4145674980.033613,4303570203.966387,0,0,0,0,0,14.605042016806722,2.134453781512605,4.873949579831932,0.9747899159663865,16.504201680672267,0,0,0,0,0,56380.23529411764,21004.90756302521,966260.1680672269,40013.44537815126,70329.00840336134,1578.218487394958,268.1512605042017,2816.1344537815125,1748.4201680672268,450.235294117647,1780,379.1764705882353,1904.6554621848738,2118.6554621848736,554.1848739495798,0,0,0,0,0,0,0,0,0,0,0,0,0,0,0,0,0,0,0,0
1693106061,0.592916923217259,0.30932908368747053,0.17353578915843057,0.05580045756375208,1.640459328612012,0.8029333832936334,0.13043916762415433,0.18602343895330806,0.13333333333333347,0.02220593786778537,0,0.2574466441829932,0.10892534257020249,0.38548020292728413,0.22848264674298008,5.600790647875752,3.692374186322462,0.7432569324709344,0.4610469170247197,10.159945742807986,10.59106405534888,0.2854878212489681,0.6383082573737628,0.991966408888882,1.0441511957897556,0.00005200925424152981,0.29321949385989743,1.9752205193560406,2.1738055979955098,1.0671480247675182,4.5837039064103395,3.402619920562175,0.8676789457921531,0.3348027453825125,8.302324650902257,9.206969461767,0.3478377803310777,0.3720468779066166,0.9333333333333372,0.7105900117691476,0,0.18021265092809505,1.5903100015249483,1.0600705580500318,0.7996892636004292,50000,100000,50000,50000,50000,50000,10000,50000,50000,20000,50000,0,2568192,0,220594176,0,0,946176,0,0,2973696,0,0,0,0,1892352,1137.8531846480125,1.5704399633363888,4.2950107816711585,4.910440265610179,227.10358900492136,3327.998287075449,2.8696616877313925,17.734234513548707,11.733333333333334,1.4655918992738657,0,0,244.42846872753415,0,15.079854685036672,0,0,0,0,0,0,0,0,0,0,0,0,0,0,0,224342016,72536064,10133504,439984128,111349760,349663232,38744064,10375168,310304768,93900800,4952064,3993600,305532928,14680064,134160384,203968512,66908160,9191424,199372800,103538688,330756096,35684352,9056256,292098048,82182144,4055040,2568192,294531072,13516800,34738176,0,0,0,0,0,0,0,0,0,0,0,0,0,0,0,205512704,72409088,9826304,424910848,107433984,333381632,38551552,10018816,296517632,91856896,4796416,2940928,296767488,14376960,38719488,187670528,69840896,9826304,211615744,107433984,333381632,37605376,10018816,296517632,88883200,4796416,2940928,296767488,14376960,36691968,1073741824,1073741824,314572800,0,1073741824,1073741824,1073741824,314572800,1073741824,0,0,0,1073741824,314572800,2147483648,8.970543426936645,0,4.347972254138473,0,0,13.571869216533006,35768.72131766797,0,18733.15149751053,0,0,44827.92971873787,8.970543426936645,0,4.347972254138473,0,0,13.571869216533006,35768.72131766797,0,18733.15149751053,0,0,44827.92971873787,99.85491881033425,51.64907511627413,483.7834170172344,21.11165720923998,34.560376770440136,38.902025290428696,17.337939617621185,52.666244712845476,45.18205434196332,78.31204824104495,0,0,0,0,0,0,0,0,0,0,118165.53205736289,122494.7650094506,1568795.9243678474,99291.4302309995,335379.05599612143,549534.9850930399,3139.712035705856,7872.688313119922,486579.4438581446,101756.08245652696,0,0,0,0,0,0,0,0,0,0,118.21326934880868,42.60199205725572,467.2275749762519,28.61802421696975,48.1871385531738,54.69312223707205,15.277986395725598,63.72577473943866,60.98094336569579,104.5463672302802,0,0,0,0,0,0,0,0,0,0,23671.502706322193,6917.684286533438,143162.2336816393,5917.496984048969,12996.190740035321,6628.559679243342,2885.0288608029527,9044.33111050616,14439.828647788565,19745.08210660576,0,0,0,0,0,0,0,0,0,0,42,12,38,22,22,2,22,162,0,0,0,0,0.008015676567656765,0.0030747663551401864,0.030832721936903888,0.016715909090909094,0.0014494382022471912,0.003,0.003127946127946128,0.0032183282026995025,0.019812834224598924,0.004734579439252336,0.06911637931034485,0.03265625000000003,0.0042898876404494374,0.0046,0.004830303030303031,0.004992990764859105,0.022647058823529406,0.004942056074766354,0.0855818965517241,0.0642424242424242,0.00464494382022472,0.0048,0.006333333333333355,0.007525612472160349,0.024914438502673796,0.008705128205128204,0.09875431034482755,0.1314999999999992,0.004928988764044943,0.00496,0.08350000000000034,0.009612026726057906,0.459441489361702,0.375,0.38623395149786016,0.46010638297872347,0.8828125,0.375,0.46010638297872347,0.4895382395382395,2.1816816816816815,2.1636363636363636,0.4952211126961483,2.1296875,2.1296875,0.475,2.1296875,2.1923817863397543,2.3408408408408405,2.331818181818182,0.6968253968253962,2.31484375,2.31484375,0.4875,2.31484375,2.346190893169877,2.4681681681681686,2.4663636363636363,0.9393650793650788,2.46296875,2.46296875,0.4975,2.46296875,2.4692381786339754,396.6890756302449,396.9243697478914,397.32773109244107,392.20168067227115,396.72268907565143,132750120.87394957,19313431.663865544,0,25797296.403361343,18026530.42016807,3744284258.957983,2779405854.117647,601668805.9159664,4145721516.10084,4381852267.563025,0,0,0,0,0,14.655462184873949,2.134453781512605,4.890756302521008,0.9915966386554621,16.588235294117645,0,0,0,0,0,56500.70588235294,21004.90756302521,966604.3697478991,40039.26050420168,70612.97478991597,1583.8991596638655,268.30252100840335,2812.991596638655,1749.4957983193276,452.47058823529403,1785.798319327731,379.3277310924369,1902.6050420168067,2118.7058823529414,556.3361344537815,0,0,0,0,0,0,0,0,0,0,0,0,0,0,0,0,0,0,0,0
1693106062,0.592916923217259,0.30331106667037006,0.17712967954477377,0.05580045756375208,1.640459328612012,0.8029333832936334,0.13299246776458581,0.18602343895330806,0.15093775118335281,0.02220593786778537,0,0.2574466441829932,0.10892534257020249,0.4664995043442764,0.22848264674298008,5.600790647875752,3.6205388114462935,0.7586496301798291,0.4610469170247197,10.159945742807986,10.59106405534888,0.2910761434328908,0.6383082573737628,1.1229388425533549,1.0441511957897556,0.00005200925424152981,0.29321949385989743,1.9752205193560406,2.630690827453496,1.0671480247675182,4.5837039064103395,3.3364217333740696,0.8856483977238692,0.3348027453825125,8.302324650902257,9.206969461767,0.3546465807055617,0.3720468779066166,1.0565642582834731,0.7105900117691476,0,0.18021265092809505,1.5903100015249483,1.2828736369467606,0.7996892636004292,50000,100000,50000,50000,50000,50000,10000,50000,50000,20000,50000,0,2568192,0,220594176,0,0,946176,0,0,2973696,0,0,0,0,1892352,1137.8531846480125,1.5398869538649556,4.383959568733153,4.910440265610179,227.10358900492136,3327.998287075449,2.9258342908208856,17.734234513548707,13.282522104135037,1.4655918992738657,0,0,244.42846872753415,0,15.079854685036672,0,0,0,0,0,0,0,0,0,0,0,0,0,0,0,224342016,72536064,10133504,439984128,111349760,349663232,38744064,10375168,310304768,93900800,4952064,3993600,305532928,14680064,134160384,203968512,66908160,9191424,199372800,103538688,330756096,35684352,9056256,292098048,82182144,4055040,2568192,294531072,13516800,34738176,0,0,0,0,0,0,0,0,0,0,0,0,0,0,0,205512704,72409088,9826304,424910848,107433984,333381632,38551552,10018816,296517632,91856896,4796416,2940928,296767488,14376960,38719488,187670528,69840896,9826304,211615744,107433984,333381632,37605376,10018816,296517632,88883200,4796416,2940928,296767488,14376960,36691968,1073741824,1073741824,314572800,0,1073741824,1073741824,1073741824,314572800,1073741824,0,0,0,1073741824,314572800,2147483648,8.796020933440731,0,4.433082258819524,0,0,13.571869216533006,35072.83856715644,0,19099.846250478742,0,0,44827.92971873787,8.796020933440731,0,4.433082258819524,0,0,13.571869216533006,35072.83856715644,0,19099.846250478742,0,0,44827.92971873787,99.85491881033425,51.64907511627413,483.7834170172344,21.249592051347136,34.560376770440136,38.9020252904287,17.337939617621185,51.55144804088586,46.10640709277238,79.91741191869006,0,0,0,0,0,0,0,0,0,0,118165.53205736289,122494.7650094506,1568795.9243678474,99606.99133335751,335379.05599612143,549534.9850930399,3139.712035705856,7697.696388116799,496534.0830167206,103842.03886329033,0,0,0,0,0,0,0,0,0,0,118.21326934880868,42.60199205725572,467.2275749762519,28.846502520216124,48.1871385531738,54.69312223707207,15.277986395725598,62.42950700857766,62.22851618122977,106.68952328801275,0,0,0,0,0,0,0,0,0,0,23671.502706322193,6917.684286533438,143162.2336816393,5969.177212894803,12996.190740035321,6628.559679243343,2885.0288608029527,8834.842949580083,14735.244505393743,20149.847890901157,0,0,0,0,0,0,0,0,0,0,16,6.049,30,6,6,2,6,28,0,0,0,0,0.008005756578947369,0.0030765639589169,0.030543154761904764,0.016659192825112107,0.0015698005698005697,0.003,0.0031122807017543853,0.003215450035435861,0.01974464285714285,0.0047378151260504195,0.0686521739130435,0.029117647058823515,0.004313960113960114,0.0046,0.004802105263157894,0.00498781006378455,0.022586607142857134,0.004945471521942109,0.085195652173913,0.055322580645161275,0.004656980056980057,0.0048,0.0053799999999999785,0.00748374439461883,0.02486017857142857,0.008734999999999996,0.0984304347826087,0.09622580645161295,0.004931396011396011,0.00496,0.01367499999999984,0.009586434977578473,0.4608753315649867,0.375,0.3860386127994279,0.46021220159151194,0.8715953307392997,0.375,0.45504087193460485,0.48908730158730157,2.1823353293413175,2.163709677419355,0.49486950303897037,2.1299610894941634,2.115744680851064,0.475,2.115744680851064,2.1920534150612956,2.341167664670658,2.331854838709677,0.6919028340080965,2.3149805447470815,2.3078723404255315,0.4875,2.3078723404255315,2.3460267075306476,2.4682335329341316,2.4663709677419354,0.9383805668016195,2.462996108949416,2.4615744680851064,0.4975,2.4615744680851064,2.4692053415061297,396.7394957983243,396.95798319327633,397.3445378151312,392.13445378150493,396.8907563025286,132750052.03361344,19313431.663865544,0,25797296.403361343,18026530.42016807,3673687805.848739,2836179030.05042,601669287.7983193,4237828784.4033613,4381918010.084033,0,0,0,0,0,14.487394957983193,2.134453781512605,4.890756302521008,0.9579831932773109,16.57142857142857,0,0,0,0,0,55098.08403361344,21004.90756302521,966604.3697478991,39488.53781512605,70552.73949579832,1579.344537815126,268.1176470588235,2815.0588235294117,1748.6218487394958,452.48739495798316,1781.7478991596636,379.3277310924369,1903.8823529411764,2117.63025210084,556.4201680672269,0,0,0,0,0,0,0,0,0,0,0,0,0,0,0,0,0,0,0,0
1693106063,0.592916923217259,0.29729304965326964,0.180723569931117,0.05580045756375208,1.640459328612012,0.8029333832936334,0.15319800842589062,0.18602343895330806,0.22549300971669858,0.02220593786778537,0,0.2574466441829932,0.10892534257020249,0.4664995043442764,0.22848264674298008,5.600790647875752,3.548703436570126,0.7740423278887241,0.4610469170247197,10.159945742807986,10.59106405534888,0.3352993310353633,0.6383082573737628,1.3329946988643293,1.0441511957897556,0.000052009254241529796,0.29321949385989743,1.9752205193560406,2.630690827453496,1.0671480247675182,4.5837039064103395,3.270223546185965,0.9036178496555851,0.3348027453825125,8.302324650902257,9.206969461767,0.4085280224690411,0.3720468779066166,1.2299618711819966,0.7105900117691476,0,0.18021265092809505,1.5903100015249483,1.2828736369467606,0.7996892636004292,50000,100000,50000,50000,50000,50000,10000,50000,50000,20000,50000,0,2568192,0,220594176,0,0,946176,0,0,2973696,0,0,0,0,1892352,1137.8531846480125,1.5093339443935228,4.4729083557951475,4.910440265610179,227.10358900492136,3327.998287075449,3.37035618536959,17.734234513548707,23.00028699110328,1.4655918992738657,0,0,244.42846872753415,0,15.079854685036672,0,0,0,0,0,0,0,0,0,0,0,0,0,0,0,224342016,72536064,10133504,439984128,111349760,349663232,38744064,10375168,310304768,93900800,4952064,3993600,305532928,14680064,134160384,203968512,66908160,9191424,199372800,103538688,330756096,35684352,9056256,292098048,82182144,4055040,2568192,294531072,13516800,34738176,0,0,0,0,0,0,0,0,0,0,0,0,0,0,0,205512704,72409088,9826304,424910848,107433984,333381632,38551552,10018816,296448000,91856896,4796416,2940928,296767488,14376960,38719488,187670528,69840896,9826304,211615744,107433984,333381632,37605376,10018816,296448000,88883200,4796416,2940928,296767488,14376960,36691968,1073741824,1073741824,314572800,0,1073741824,1073741824,1073741824,314572800,1073741824,0,0,0,1073741824,314572800,2147483648,8.62149843994482,0,5.106600280863016,0,0,13.571869216533006,34376.95581664491,0,22001.685178092685,0,0,44827.92971873787,8.62149843994482,0,5.106600280863016,0,0,13.571869216533006,34376.95581664491,0,22001.685178092685,0,0,44827.92971873787,99.85491881033425,51.64907511627413,483.7834170172344,21.249592051347136,34.562317251461984,38.9020252904287,17.337939617621185,50.52930153321976,47.03075984358145,81.52277559633517,0,0,0,0,0,0,0,0,0,0,118165.53205736289,122494.7650094506,1568795.9243678474,99606.99133335751,336470.9886695906,549534.9850930399,3139.712035705856,7545.068794146069,506488.7221752967,105927.99527005368,0,0,0,0,0,0,0,0,0,0,118.21326934880868,42.60199205725572,467.2275749762519,28.846502520216124,47.994334795321635,54.69312223707207,15.277986395725598,61.19167364037578,63.47608899676376,108.83267934574529,0,0,0,0,0,0,0,0,0,0,23671.502706322193,6917.684286533438,143162.2336816393,5969.177212894803,12829.929641812863,6628.559679243343,2885.0288608029527,8659.668357791128,15030.660362998922,20554.61367519655,0,0,0,0,0,0,0,0,0,0,66,38,94,4,2,2,2,78,0,0,0,0,0.008005756578947369,0.0030765639589169,0.030543154761904764,0.016659192825112107,0.001481994459833795,0.003,0.003106135986733002,0.003215450035435861,0.01974464285714285,0.0047378151260504195,0.0686521739130435,0.029117647058823515,0.004296398891966759,0.0046,0.0047910447761194035,0.00498781006378455,0.022586607142857134,0.004945471521942109,0.085195652173913,0.055322580645161275,0.00464819944598338,0.0048,0.0050500000000000215,0.00748374439461883,0.02486017857142857,0.008734999999999996,0.0984304347826087,0.09622580645161295,0.004929639889196676,0.00496,0.012437500000000332,0.009586434977578473,0.4608753315649867,0.375,0.3860386127994279,0.46021220159151194,0.8842412451361867,0.375,0.46054376657824936,0.48908730158730157,2.1823353293413175,2.163709677419355,0.49486950303897037,2.1299610894941634,2.130813953488372,0.475,2.130813953488372,2.1920534150612956,2.341167664670658,2.331854838709677,0.6919028340080965,2.3149805447470815,2.3154069767441863,0.4875,2.3154069767441863,2.3460267075306476,2.4682335329341316,2.4663709677419354,0.9383805668016195,2.462996108949416,2.4630813953488375,0.4975,2.4630813953488375,2.4692053415061297,396.58823529412604,396.9411764706014,397.31092436975837,392.3865546218371,396.9579831932832,132750052.03361344,19313431.663865544,0,25797296.403361343,18026530.42016807,3744436258.420168,2836402003.8991594,656904845.9831933,4237864030.655462,4381960759.932773,0,0,0,0,0,14.588235294117647,2.134453781512605,4.890756302521008,0.9579831932773109,16.45378151260504,0,0,0,0,0,55399.26050420168,21004.90756302521,966604.3697478991,39488.53781512605,69907.36134453781,1573.4285714285713,267.71428571428567,2813.344537815126,1743.09243697479,451.6974789915966,1775.3613445378148,378.9411764705882,1902.5210084033613,2111.865546218487,555.6638655462185,0,0,0,0,0,0,0,0,0,0,0,0,0,0,0,0,0,0,0,0
1693106064,0.592916923217259,0.3741954797186047,0.1843174603174602,0.027207182696231826,1.640459328612012,0.8029333832936334,0.15319800842589062,0.18602343895330806,0.22549300971669858,0.02220593786778537,0,0.2574466441829932,0.10892534257020249,0.4664995043442764,0.22848264674298008,5.600790647875752,4.3889991786409235,0.7894350255976189,0.45144611617467034,10.159945742807986,10.59106405534888,0.3352993310353633,0.6383082573737628,1.3329946988643293,1.0441511957897556,0.000052009254241529796,0.29321949385989743,1.9752205193560406,2.630690827453496,1.0671480247675182,4.5837039064103395,4.041311180960934,0.9215873015873013,0.3809005577472456,8.302324650902257,9.206969461767,0.4085280224690411,0.3720468779066166,1.2299618711819966,0.7105900117691476,0,0.18021265092809505,1.5903100015249483,1.2828736369467606,0.7996892636004292,50000,100000,50000,50000,50000,50000,10000,50000,50000,20000,50000,0,2703360,0,220594176,0,0,946176,0,0,2973696,0,0,0,0,1892352,1137.8531846480125,1.2348450830713964,4.561857142857142,5.3870221738538975,227.10358900492136,3327.998287075449,3.37035618536959,17.734234513548707,23.00028699110328,1.4655918992738657,0,0,244.42846872753415,0,15.079854685036672,0,0,0,0,0,0,0,0,0,0,0,0,0,0,0,224342016,72708096,10133504,439984128,111349760,349663232,38744064,10375168,310304768,93900800,4952064,3993600,305532928,14680064,134160384,203968512,66908160,9191424,199372800,103538688,330756096,35684352,9056256,292098048,82182144,4055040,2568192,294531072,13516800,34738176,0,0,0,0,0,0,0,0,0,0,0,0,0,0,0,205512704,72450048,9826304,424910848,107433984,333381632,38551552,10018816,296448000,91856896,4796416,2940928,296767488,14376960,38719488,187670528,69746688,9826304,211615744,107433984,333381632,37605376,10018816,296448000,88883200,4796416,2940928,296767488,14376960,36691968,1073741824,1073741824,314572800,0,1073741824,1073741824,1073741824,314572800,1073741824,0,0,0,1073741824,314572800,2147483648,10.42134411016315,0,5.106600280863016,0,0,13.571869216533006,40233.49797934441,0,22001.685178092685,0,0,44827.92971873787,10.42134411016315,0,5.106600280863016,0,0,13.571869216533006,40233.49797934441,0,22001.685178092685,0,0,44827.92971873787,99.85491881033425,51.64907511627413,483.7834170172344,21.249592051347136,34.562317251461984,38.9020252904287,17.337939617621185,49.507155025553665,55.46116504854369,83.12813927398028,0,0,0,0,0,0,0,0,0,0,118165.53205736289,122494.7650094506,1568795.9243678474,99606.99133335751,336470.9886695906,549534.9850930399,3139.712035705856,7392.441200175339,597278.3495145631,108013.95167681704,0,0,0,0,0,0,0,0,0,0,118.21326934880868,42.60199205725572,467.2275749762519,28.846502520216124,47.994334795321635,54.69312223707207,15.277986395725598,59.953840272173906,74.85436893203884,110.97583540347783,0,0,0,0,0,0,0,0,0,0,23671.502706322193,6917.684286533438,143162.2336816393,5969.177212894803,12829.929641812863,6628.559679243343,2885.0288608029527,8484.493766002171,17724.95145631068,20959.37945949194,0,0,0,0,0,0,0,0,0,0,26.012,20,50,8.024,6.012,2,6.012,86.036,0,0,0,0,0.008005756578947369,0.0030765639589169,0.030543154761904764,0.016659192825112107,0.001481994459833795,0.003,0.003106135986733002,0.003215450035435861,0.01974464285714285,0.0047378151260504195,0.0686521739130435,0.029117647058823515,0.004296398891966759,0.0046,0.0047910447761194035,0.00498781006378455,0.022586607142857134,0.004945471521942109,0.085195652173913,0.055322580645161275,0.00464819944598338,0.0048,0.0050500000000000215,0.00748374439461883,0.02486017857142857,0.008734999999999996,0.0984304347826087,0.09622580645161295,0.004929639889196676,0.00496,0.012437500000000332,0.009586434977578473,0.4608753315649867,0.375,0.3860386127994279,0.46021220159151194,0.8842412451361867,0.375,0.46054376657824936,0.48908730158730157,2.1823353293413175,2.163709677419355,0.49486950303897037,2.1299610894941634,2.130813953488372,0.475,2.130813953488372,2.1920534150612956,2.341167664670658,2.331854838709677,0.6919028340080965,2.3149805447470815,2.3154069767441863,0.4875,2.3154069767441863,2.3460267075306476,2.4682335329341316,2.4663709677419354,0.9383805668016195,2.462996108949416,2.4630813953488375,0.4975,2.4630813953488375,2.4692053415061297,396.6554621848763,396.9579831932699,397.47899159665326,392.25210084034717,396.9579831932751,132749983.1932773,19313431.663865544,0,25797296.403361343,18026530.42016807,3744563268.840336,2836399456.8067226,712095933.3109243,4238058160.4033613,4460239656.873949,0,0,0,0,0,14.504201680672269,2.134453781512605,4.386554621848739,0.9579831932773109,16.369747899159663,0,0,0,0,0,58144.268907563026,21004.90756302521,963988.4369747898,39488.53781512605,69545.94957983193,1573.579831932773,267.44537815126046,2813.226890756302,1741.579831932773,451.798319327731,1775.3949579831929,378.7226890756302,1902.033613445378,2111.2436974789916,555.7142857142857,0,0,0,0,0,0,0,0,0,0,0,0,0,0,0,0,0,0,0,0
1693106065,0.592916923217259,0.3741954797186047,0.18791135070380344,0.027207182696231826,1.640459328612012,0.8029333832936334,0.15319800842589062,0.18602343895330806,0.22549300971669858,0.02220593786778537,0,0.2574466441829932,0.10892534257020249,0.4664995043442764,0.22848264674298008,5.600790647875752,4.3889991786409235,0.8048277233065138,0.45144611617467034,10.159945742807986,10.59106405534888,0.3352993310353633,0.6383082573737628,1.3329946988643293,1.0441511957897556,0.000052009254241529796,0.29321949385989743,1.9752205193560406,2.630690827453496,1.0671480247675182,4.5837039064103395,4.041311180960934,0.9395567535190174,0.3809005577472456,8.302324650902257,9.206969461767,0.4085280224690411,0.3720468779066166,1.2299618711819966,0.7105900117691476,0,0.18021265092809505,1.5903100015249483,1.2828736369467606,0.7996892636004292,50000,100000,50000,50000,50000,50000,10000,50000,50000,20000,50000,0,2703360,0,220594176,0,0,946176,0,0,2973696,0,0,0,0,1892352,1137.8531846480125,1.2348450830713964,4.650805929919137,5.3870221738538975,227.10358900492136,3327.998287075449,3.37035618536959,17.734234513548707,23.00028699110328,1.4655918992738657,0,0,244.42846872753415,0,15.079854685036672,0,0,0,0,0,0,0,0,0,0,0,0,0,0,0,224342016,72708096,10133504,439984128,111349760,349663232,38744064,10375168,310304768,93900800,4952064,3993600,305532928,14680064,134160384,203968512,66908160,9191424,199372800,103538688,330756096,35684352,9056256,292098048,82182144,4055040,2568192,294531072,13516800,34738176,0,0,0,0,0,0,0,0,0,0,0,0,0,0,0,205512704,72450048,9826304,424910848,107433984,333381632,38551552,10018816,296448000,91856896,4796416,2940928,296767488,14376960,38719488,187670528,69746688,9826304,211615744,107433984,333381632,37605376,10018816,296448000,88883200,4796416,2940928,296767488,14376960,36691968,1073741824,1073741824,314572800,0,1073741824,1073741824,1073741824,314572800,1073741824,0,0,0,1073741824,314572800,2147483648,10.42134411016315,0,5.106600280863016,0,0,13.571869216533006,40233.49797934441,0,22001.685178092685,0,0,44827.92971873787,10.42134411016315,0,5.106600280863016,0,0,13.571869216533006,40233.49797934441,0,22001.685178092685,0,0,44827.92971873787,99.85491881033425,51.64907511627413,483.7834170172344,21.249592051347136,34.562317251461984,38.9020252904287,17.337939617621185,48.485008517887564,55.46116504854369,96.32182065870663,0,0,0,0,0,0,0,0,0,0,118165.53205736289,122494.7650094506,1568795.9243678474,99606.99133335751,336470.9886695906,549534.9850930399,3139.712035705856,7239.813606204609,597278.3495145631,125157.38440580176,0,0,0,0,0,0,0,0,0,0,118.21326934880868,42.60199205725572,467.2275749762519,28.846502520216124,47.994334795321635,54.69312223707207,15.277986395725598,58.71600690397203,74.85436893203884,128.5893634639528,0,0,0,0,0,0,0,0,0,0,23671.502706322193,6917.684286533438,143162.2336816393,5969.177212894803,12829.929641812863,6628.559679243343,2885.0288608029527,8309.319174213217,17724.95145631068,24285.947057723643,0,0,0,0,0,0,0,0,0,0,38,14,42,12,10,2,10,98,0,0,0,0,0.008005756578947369,0.0030765639589169,0.030543154761904764,0.016659192825112107,0.001481994459833795,0.003,0.003106135986733002,0.0032266700025018764,0.01974464285714285,0.0047378151260504195,0.0686521739130435,0.029117647058823515,0.004296398891966759,0.0046,0.0047910447761194035,0.005090293453724605,0.022586607142857134,0.004945471521942109,0.085195652173913,0.055322580645161275,0.00464819944598338,0.0048,0.0050500000000000215,0.00760158013544018,0.02486017857142857,0.008734999999999996,0.0984304347826087,0.09622580645161295,0.004929639889196676,0.00496,0.012437500000000332,0.009610609480812646,0.4608753315649867,0.375,0.3860386127994279,0.46021220159151194,0.8842412451361867,0.375,0.46054376657824936,0.46911337209302323,2.1823353293413175,2.163709677419355,0.49486950303897037,2.1299610894941634,2.130813953488372,0.475,2.130813953488372,2.175182481751825,2.341167664670658,2.331854838709677,0.6919028340080965,2.3149805447470815,2.3154069767441863,0.4875,2.3154069767441863,2.3375912408759123,2.4682335329341316,2.4663709677419354,0.9383805668016195,2.462996108949416,2.4630813953488375,0.4975,2.4630813953488375,2.4675182481751827,396.73949579832833,396.9579831932917,397.5966386554618,392.31932773108775,396.97478991596086,116156364.36974789,9656715.831932772,0,25797296.403361343,18026530.42016807,3815192008.067227,2893132774.184874,767314281.4117646,4330279497.142857,4382066154.487394,0,0,0,0,0,14.504201680672269,2.134453781512605,4.386554621848739,0.9579831932773109,16.722689075630253,0,0,0,0,0,58178.68907563025,21004.90756302521,963988.4369747898,39488.53781512605,71585.34453781512,1567.344537815126,267.57983193277306,2811.126050420168,1735.6638655462184,451.52941176470586,1769.6302521008402,378.82352941176464,1900.2857142857142,2104.7394957983192,555.4789915966386,0,0,0,0,0,0,0,0,0,0,0,0,0,0,0,0,0,0,0,0
1693106066,0.592916923217259,0.3741954797186047,0.2156334231805929,0.027207182696231826,1.5868746637977427,0.8029333832936334,0.15319800842589062,0.18602343895330806,0.22549300971669858,0.02220593786778537,0,0.2574466441829932,0.10892534257020249,0.4664995043442764,0.22848264674298008,5.600790647875752,4.3889991786409235,0.9235618625336928,0.45144611617467034,9.83653414201183,10.59106405534888,0.3352993310353633,0.6383082573737628,1.3329946988643293,1.0441511957897556,0.000052009254241529796,0.29321949385989743,1.9752205193560406,2.630690827453496,1.0671480247675182,4.5837039064103395,4.041311180960934,1.0781671159029649,0.3809005577472456,8.149542764927384,9.206969461767,0.4085280224690411,0.3720468779066166,1.2299618711819966,0.7105900117691476,0,0.18021265092809505,1.5903100015249483,1.2828736369467606,0.7996892636004292,50000,100000,50000,50000,50000,50000,10000,50000,50000,20000,50000,0,2703360,0,220594176,0,0,946176,0,0,2973696,0,0,0,0,1892352,1137.8531846480125,1.2348450830713964,5.336927223719677,5.3870221738538975,225.44378698224853,3327.998287075449,3.37035618536959,17.734234513548707,23.00028699110328,1.4655918992738657,0,0,244.42846872753415,0,15.079854685036672,0,0,0,0,0,0,0,0,0,0,0,0,0,0,0,224342016,72708096,10133504,439984128,111349760,349663232,38744064,10375168,310304768,93900800,4952064,3993600,305532928,14680064,134160384,203968512,66908160,9191424,199372800,103538688,330756096,35684352,9056256,292098048,82182144,4055040,2568192,294531072,13516800,34738176,0,0,0,0,0,0,0,0,0,0,0,0,0,0,0,205512704,72450048,9826304,424910848,107433984,333381632,38551552,10018816,296448000,91856896,4796416,2940928,296767488,14376960,38719488,187670528,69746688,9826304,211615744,107433984,333381632,37605376,10018816,296448000,88883200,4796416,2940928,296767488,14376960,36691968,1073741824,1073741824,314572800,0,1073741824,1073741824,1073741824,314572800,1073741824,0,0,0,1073741824,314572800,2147483648,10.42134411016315,0,5.106600280863016,0,0,13.571869216533006,40233.49797934441,0,22001.685178092685,0,0,44827.92971873787,10.42134411016315,0,5.106600280863016,0,0,13.571869216533006,40233.49797934441,0,22001.685178092685,0,0,44827.92971873787,99.85491881033425,51.64907511627413,483.7834170172344,21.249592051347136,34.562317251461984,39.02703628629343,17.337939617621185,60.98004324282953,55.46116504854369,96.32182065870663,0,0,0,0,0,0,0,0,0,0,118165.53205736289,122494.7650094506,1568795.9243678474,99606.99133335751,336470.9886695906,550644.7026579495,3139.712035705856,9105.849262384478,597278.3495145631,125157.38440580176,0,0,0,0,0,0,0,0,0,0,118.21326934880868,42.60199205725572,467.2275749762519,28.846502520216124,47.994334795321635,55.699888657321495,15.277986395725598,74.18250004783498,74.85436893203884,128.5893634639528,0,0,0,0,0,0,0,0,0,0,23671.502706322193,6917.684286533438,143162.2336816393,5969.177212894803,12829.929641812863,6709.938047791703,2885.0288608029527,10517.26843082104,17724.95145631068,24285.947057723643,0,0,0,0,0,0,0,0,0,0,24,10,30,12,14,2,14,56,0,0,0,0,0.008005756578947369,0.0030765639589169,0.030543154761904764,0.016659192825112107,0.001481994459833795,0.003,0.003106135986733002,0.0032170801526717556,0.01974464285714285,0.0047378151260504195,0.0686521739130435,0.029117647058823515,0.004296398891966759,0.0046,0.0047910447761194035,0.004990744274809161,0.022586607142857134,0.004945471521942109,0.085195652173913,0.055322580645161275,0.00464819944598338,0.0048,0.0050500000000000215,0.007507319819819819,0.02486017857142857,0.008734999999999996,0.0984304347826087,0.09622580645161295,0.004929639889196676,0.00496,0.012437500000000332,0.00960056306306307,0.4608753315649867,0.375,0.3860386127994279,0.46021220159151194,0.8842412451361867,0.375,0.46054376657824936,0.48529942279942284,2.1823353293413175,2.163709677419355,0.49486950303897037,2.1299610894941634,2.130813953488372,0.475,2.130813953488372,2.189094558429973,2.341167664670658,2.331854838709677,0.6919028340080965,2.3149805447470815,2.3154069767441863,0.4875,2.3154069767441863,2.344547279214986,2.4682335329341316,2.4663709677419354,0.9383805668016195,2.462996108949416,2.4630813953488375,0.4975,2.4630813953488375,2.4689094558429976,396.6386554621929,396.9411764705697,397.4117647058846,392.42016806721284,397.0420168067018,116156364.36974789,9656715.831932772,0,25797296.403361343,18026530.42016807,3815269315.7647057,2949867055.327731,767320958.9243697,4422400326.991596,4382104705.07563,0,0,0,0,0,14.42016806722689,2.134453781512605,6.369747899159663,0.9579831932773109,16.655462184873947,0,0,0,0,0,57920.537815126045,21004.90756302521,1440776.6050420168,39488.53781512605,71387.42857142857,1566.0504201680671,263.79831932773106,2813.478991596639,1728.8571428571427,449.91596638655454,1768.8739495798318,375.47899159663865,1902.6050420168067,2098.4201680672268,553.9327731092436,0,0,0,0,0,0,0,0,0,0,0,0,0,0,0,0,0,0,0,0
1693106067,0.6016208373146468,0.3741954797186047,0.2156334231805929,0.027207182696231826,1.5868746637977427,0.8029333832936334,0.15319800842589062,0.18602343895330806,0.22549300971669858,0.03126270047206611,0,0.2574466441829932,0.10892534257020249,0.4664995043442764,0.22848264674298008,6.070762066036729,4.3889991786409235,0.9235618625336928,0.45144611617467034,9.83653414201183,10.59106405534888,0.3352993310353633,0.6383082573737628,1.3329946988643293,0.993314040078782,0.000052009254241529796,0.29321949385989743,1.9752205193560406,2.630690827453496,1.0671480247675182,4.883745620554196,4.041311180960934,1.0781671159029649,0.3809005577472456,8.149542764927384,9.206969461767,0.4085280224690411,0.3720468779066166,1.2299618711819966,0.6252540094413361,0,0.18021265092809505,1.5903100015249483,1.2828736369467606,0.7996892636004292,50000,100000,50000,50000,50000,50000,10000,50000,50000,20000,50000,0,2703360,0,220594176,0,0,946176,0,0,2973696,0,0,0,0,1892352,1409.5976218282196,1.2348450830713964,5.336927223719677,5.3870221738538975,225.44378698224853,3327.998287075449,3.37035618536959,17.734234513548707,23.00028699110328,2.0633382311564072,0,0,244.42846872753415,0,15.079854685036672,0,0,0,0,0,0,0,0,0,0,0,0,0,0,0,224342016,72708096,10133504,439984128,111349760,349663232,38744064,10375168,310304768,93900800,4952064,3993600,305532928,14680064,134160384,204103680,66908160,9191424,199372800,103538688,330756096,35684352,9056256,292098048,82182144,4055040,2568192,294531072,13516800,34738176,0,0,0,0,0,0,0,0,0,0,0,0,0,0,0,205692928,72450048,9826304,424910848,107433984,333381632,38551552,10018816,296448000,91856896,4796416,2940928,296767488,14376960,38719488,187715584,69746688,9826304,211615744,107433984,333381632,37605376,10018816,296448000,88883200,4796416,2940928,296767488,14376960,36691968,1073741824,1073741824,314572800,0,1073741824,1073741824,1073741824,314572800,1073741824,0,0,0,1073741824,314572800,2147483648,10.42134411016315,0,5.106600280863016,0,0,13.571869216533006,40233.49797934441,0,22001.685178092685,0,0,44827.92971873787,10.42134411016315,0,5.106600280863016,0,0,13.571869216533006,40233.49797934441,0,22001.685178092685,0,0,44827.92971873787,102.46027994162743,51.64907511627413,483.7834170172344,21.25690910419051,34.562317251461984,39.02703628629343,17.337939617621185,60.98004324282953,55.46116504854369,96.32182065870663,0,0,0,0,0,0,0,0,0,0,119355.00380243767,122494.7650094506,1568795.9243678474,99716.13625849181,336470.9886695906,550644.7026579495,3139.712035705856,9105.849262384478,597278.3495145631,125157.38440580176,0,0,0,0,0,0,0,0,0,0,121.26693112449387,42.60199205725572,467.2275749762519,28.80518152377706,47.994334795321635,55.699888657321495,15.277986395725598,74.18250004783498,74.85436893203884,128.5893634639528,0,0,0,0,0,0,0,0,0,0,24325.488664624998,6917.684286533438,143162.2336816393,5898.17137013319,12829.929641812863,6709.938047791703,2885.0288608029527,10517.26843082104,17724.95145631068,24285.947057723643,0,0,0,0,0,0,0,0,0,0,42,20,62,4,6,2,6,50,0,0,0,0,0.008039419087136927,0.00308044901777362,0.030426136363636364,0.016542923433874708,0.001587209302325581,0.003,0.003115315315315315,0.0032168558319246557,0.019932795698924727,0.004744808231992516,0.06950317124735729,0.027241379310344812,0.004317441860465117,0.0046,0.004807567567567567,0.004990340497464381,0.022762096774193545,0.004952853133769878,0.08559725158562365,0.05693548387096757,0.004658720930232558,0.0048,0.0055299999999999785,0.007517201834862378,0.026979166666666887,0.008887804878048775,0.09847251585623676,0.09654838709677424,0.004931744186046512,0.00496,0.01423749999999984,0.009622706422018342,0.4582201086956521,0.37291666666666645,0.38632700573065903,0.45969945355191255,0.8699596774193549,0.375,0.4549581005586592,0.49027879677182684,2.1813824419778003,2.163030303030303,0.4953886103151863,2.1286290322580643,2.1155021834061136,0.475,2.1155021834061136,2.1929081177520073,2.3406912209889,2.3315151515151515,0.6991106719367585,2.3143145161290324,2.307751091703057,0.4875,2.307751091703057,2.3464540588760037,2.4681382441977804,2.46630303030303,0.9398221343873513,2.462862903225807,2.4615502183406113,0.4975,2.4615502183406113,2.4692908117752004,396.5882352941189,397.0420168067213,397.3613445378148,392.50420168067654,397.0084033613563,116156364.36974789,9656715.831932772,0,25797296.403361343,18026530.42016807,3885868109.445378,2836554485.243697,767309531.4285713,4422523895.394958,4382151860.705882,0,0,0,0,0,14.521008403361344,2.134453781512605,6.369747899159663,0.8907563025210083,16.588235294117645,0,0,0,0,0,58187.294117647056,21004.90756302521,1440776.6050420168,35908.84033613445,71086.25210084033,1570.1344537815125,266.672268907563,2813.8655462184875,1730.3193277310922,449.39495798319325,1772.705882352941,378.25210084033614,1903.6638655462184,2100.18487394958,553.3949579831932,0,0,0,0,0,0,0,0,0,0,0,0,0,0,0,0,0,0,0,0
1693106068,0.6016208373146468,0.3741954797186047,0.2156334231805929,0.027207182696231826,1.5868746637977427,0.8029333832936334,0.155781438641586,0.16801216477743972,0.22549300971669858,0.03126270047206611,0,0.2574466441829932,0.10892534257020249,0.4664995043442764,0.22848264674298008,6.070762066036729,4.3889991786409235,0.9235618625336928,0.45144611617467034,9.83653414201183,10.59106405534888,0.3324593235191027,0.5107098675122109,1.3329946988643293,0.993314040078782,0.000052009254241529796,0.29321949385989743,1.9752205193560406,2.630690827453496,1.0671480247675182,4.883745620554196,4.041311180960934,1.0781671159029649,0.3809005577472456,8.149542764927384,9.206969461767,0.38945359660396456,0.3640263570177867,1.2299618711819966,0.6252540094413361,0,0.18021265092809505,1.5903100015249483,1.2828736369467606,0.7996892636004292,50000,100000,50000,50000,50000,50000,10000,50000,50000,20000,50000,0,2703360,0,220594176,0,0,1081344,0,0,2973696,0,0,0,0,1892352,1409.5976218282196,1.2348450830713964,5.336927223719677,5.3870221738538975,225.44378698224853,3327.998287075449,2.5703937375861665,24.025739563173904,23.00028699110328,2.0633382311564072,0,0,244.42846872753415,0,15.079854685036672,0,0,0,0,0,0,0,0,0,0,0,0,0,0,0,224342016,72708096,10133504,439984128,111349760,349663232,38871040,10375168,310304768,93900800,4952064,3993600,305532928,14680064,134160384,204103680,66908160,9191424,199372800,103538688,330756096,35684352,9056256,292098048,82182144,4055040,2568192,294531072,13516800,34738176,0,0,0,0,0,0,0,0,0,0,0,0,0,0,0,205692928,72450048,9826304,424910848,107433984,333381632,38612992,10018816,296448000,91856896,4796416,2940928,296767488,14376960,38719488,187715584,69746688,9826304,211615744,107433984,333381632,37531648,10018816,296448000,88883200,4796416,2940928,296767488,14376960,36691968,1073741824,1073741824,314572800,0,1073741824,1073741824,1073741824,314572800,1073741824,0,0,0,1073741824,314572800,2147483648,10.42134411016315,0,4.946060676870351,0,0,13.571869216533006,40233.49797934441,0,20667.83502745648,0,0,44827.92971873787,10.42134411016315,0,4.946060676870351,0,0,13.571869216533006,40233.49797934441,0,20667.83502745648,0,0,44827.92971873787,102.46027994162743,51.649075116274126,483.7834170172344,21.25690910419051,34.562317251461984,39.02703628629343,17.337939617621185,60.98004324282953,55.46116504854369,96.32182065870663,0,0,0,0,0,0,0,0,0,0,119355.00380243767,122494.76500945057,1568795.9243678474,99716.13625849181,336470.9886695906,550644.7026579495,3139.712035705856,9105.849262384478,597278.3495145631,125157.38440580176,0,0,0,0,0,0,0,0,0,0,121.26693112449387,42.601992057255714,467.2275749762519,28.80518152377706,47.994334795321635,55.699888657321495,15.277986395725598,74.18250004783498,74.85436893203884,128.5893634639528,0,0,0,0,0,0,0,0,0,0,24325.488664624998,6917.684286533437,143162.2336816393,5898.17137013319,12829.929641812863,6709.938047791703,2885.0288608029527,10517.26843082104,17724.95145631068,24285.947057723643,0,0,0,0,0,0,0,0,0,0,38,20,48,6,6,2,6,56,0,0,0,0,0.008039419087136927,0.00308044901777362,0.030426136363636364,0.016542923433874708,0.0015310734463276836,0.003,0.003109965635738831,0.0032168558319246557,0.019932795698924727,0.004744808231992516,0.06950317124735729,0.027241379310344812,0.004306214689265537,0.0046,0.004797938144329896,0.004990340497464381,0.022762096774193545,0.004952853133769878,0.08559725158562365,0.05693548387096757,0.004653107344632769,0.0048,0.005259999999999978,0.007517201834862378,0.026979166666666887,0.008887804878048775,0.09847251585623676,0.09654838709677424,0.004930621468926554,0.00496,0.01322500000000008,0.009622706422018342,0.4582201086956521,0.37291666666666645,0.38632700573065903,0.45969945355191255,0.877016129032258,0.375,0.4585597826086956,0.49027879677182684,2.1813824419778003,2.163030303030303,0.4953886103151863,2.1286290322580643,2.125609756097561,0.475,2.125609756097561,2.1929081177520073,2.3406912209889,2.3315151515151515,0.6991106719367585,2.3143145161290324,2.3128048780487807,0.4875,2.3128048780487807,2.3464540588760037,2.4681382441977804,2.46630303030303,0.9398221343873513,2.462862903225807,2.4625609756097564,0.4975,2.4625609756097564,2.4692908117752004,396.6218487394962,397.0588235294126,397.3277310924453,392.75630252101143,396.90756302521544,116156364.36974789,9656715.831932772,0,25797296.403361343,18026530.42016807,3956484388.5714283,2893354302.3865547,767308980.7058823,4422504964.302521,4382204041.680672,0,0,0,0,0,14.386554621848738,2.134453781512605,6.369747899159663,0.8907563025210083,16.521008403361343,0,0,0,0,0,57550.52100840336,21004.90756302521,1440776.6050420168,35908.84033613445,70776.47058823529,1563.5126050420167,266.87394957983196,2816.6890756302523,1729.4117647058822,450.01680672268907,1766.033613445378,378.38655462184875,1905.9327731092437,2098.7394957983192,554.0672268907563,0,0,0,0,0,0,0,0,0,0,0,0,0,0,0,0,0,0,0,0
1693106069,0.6016208373146468,0.3741954797186047,0.2156334231805929,0.027207182696231826,1.5868746637977427,0.8029333832936334,0.155781438641586,0.1714680674592202,0.22549300971669858,0.026104745677931102,0,0.2574466441829932,0.10892534257020249,0.4664995043442764,0.22848264674298008,6.070762066036729,4.3889991786409235,0.9235618625336928,0.45144611617467034,9.83653414201183,10.59106405534888,0.3324593235191027,0.5212148425721131,1.3329946988643293,0.8294296398912838,0.000052009254241529796,0.29321949385989743,1.9752205193560406,2.630690827453496,1.0671480247675182,4.883745620554196,4.041311180960934,1.0781671159029649,0.3809005577472456,8.149542764927384,9.206969461767,0.38945359660396456,0.3715141461616444,1.2299618711819966,0.5220949135586337,0,0.18021265092809505,1.5903100015249483,1.2828736369467606,0.7996892636004292,50000,100000,50000,50000,50000,50000,10000,50000,50000,20000,50000,0,2703360,0,220594176,0,0,1081344,0,0,2973696,0,0,0,0,1892352,1409.5976218282196,1.2348450830713964,5.336927223719677,5.3870221738538975,225.44378698224853,3327.998287075449,2.5703937375861665,24.51993364666851,23.00028699110328,1.7229132147434894,0,0,244.42846872753415,0,15.079854685036672,0,0,0,0,0,0,0,0,0,0,0,0,0,0,0,224342016,72708096,10133504,439984128,111349760,349663232,38871040,10375168,310304768,93900800,4952064,3993600,305532928,14680064,134160384,204103680,66908160,9191424,199372800,103538688,330756096,35684352,9056256,292098048,82182144,4055040,2568192,294531072,13516800,34738176,0,0,0,0,0,0,0,0,0,0,0,0,0,0,0,205692928,72450048,9826304,424910848,107433984,333381632,38612992,10018816,296448000,91856896,4796416,2940928,296767488,14376960,38719488,187715584,69746688,9826304,211615744,107433984,333381632,37531648,10018816,296448000,88883200,4796416,2940928,296767488,14376960,36691968,1073741824,1073741824,314572800,0,1073741824,1073741824,1073741824,314572800,1073741824,0,0,0,1073741824,314572800,2147483648,10.42134411016315,0,4.946060676870351,0,0,13.571869216533006,40233.49797934441,0,20667.83502745648,0,0,44827.92971873787,10.42134411016315,0,4.946060676870351,0,0,13.571869216533006,40233.49797934441,0,20667.83502745648,0,0,44827.92971873787,102.46027994162743,51.649075116274126,483.7834170172344,21.25690910419051,34.562317251461984,39.024587512132,17.337939617621185,60.98004324282953,55.46116504854369,96.32182065870663,0,0,0,0,0,0,0,0,0,0,119355.00380243767,122494.76500945057,1568795.9243678474,99716.13625849181,336470.9886695906,551552.6124231641,3139.712035705856,9105.849262384478,597278.3495145631,125157.38440580176,0,0,0,0,0,0,0,0,0,0,121.26693112449387,42.601992057255714,467.2275749762519,28.80518152377706,47.994334795321635,55.6252021999353,15.277986395725598,74.18250004783498,74.85436893203884,128.5893634639528,0,0,0,0,0,0,0,0,0,0,24325.488664624998,6917.684286533437,143162.2336816393,5898.17137013319,12829.929641812863,6695.850857327727,2885.0288608029527,10517.26843082104,17724.95145631068,24285.947057723643,0,0,0,0,0,0,0,0,0,0,48,40,82,12,14,2,14,94,0,0,0,0,0.008039419087136927,0.00308044901777362,0.030426136363636364,0.016542923433874708,0.0015310734463276836,0.003,0.003109965635738831,0.0032168558319246557,0.019932795698924727,0.004744808231992516,0.06950317124735729,0.027241379310344812,0.004306214689265537,0.0046,0.004797938144329896,0.004990340497464381,0.022762096774193545,0.004952853133769878,0.08559725158562365,0.05693548387096757,0.004653107344632769,0.0048,0.005259999999999978,0.007517201834862378,0.026979166666666887,0.008887804878048775,0.09847251585623676,0.09654838709677424,0.004930621468926554,0.00496,0.01322500000000008,0.009622706422018342,0.4582201086956521,0.37291666666666645,0.38632700573065903,0.45969945355191255,0.877016129032258,0.375,0.4585597826086956,0.49027879677182684,2.1813824419778003,2.163030303030303,0.4953886103151863,2.1286290322580643,2.125609756097561,0.475,2.125609756097561,2.1929081177520073,2.3406912209889,2.3315151515151515,0.6991106719367585,2.3143145161290324,2.3128048780487807,0.4875,2.3128048780487807,2.3464540588760037,2.4681382441977804,2.46630303030303,0.9398221343873513,2.462862903225807,2.4625609756097564,0.4975,2.4625609756097564,2.4692908117752004,396.57142857143054,396.97478991597,397.3949579831996,392.7563025209976,396.9411764706092,116156364.36974789,9656715.831932772,0,25797296.403361343,18026530.42016807,3956495609.5462184,2893464653.445378,767307122.0168067,4422607742.92437,4382262969.008403,0,0,0,0,0,14.453781512605042,2.134453781512605,4.369747899159663,0.9411764705882353,16.53781512605042,0,0,0,0,0,57800.06722689075,21004.90756302521,982575.3277310923,39419.6974789916,70845.31092436974,1570.3865546218487,266.6386554621849,2817.2268907563025,1733.2436974789916,450.1848739495798,1772.9579831932772,378.11764705882354,1906.3193277310925,2104.2184873949577,554.218487394958,0,0,0,0,0,0,0,0,0,0,0,0,0,0,0,0,0,0,0,0
1693106070,0.5397867842202315,0.3741954797186047,0.19848358540748676,0.027207182696231826,1.5868746637977427,0.8029333832936334,0.155781438641586,0.17492397014100067,0.22549300971669858,0.05986351119447621,0,0.2574466441829932,0.10892534257020249,0.4664995043442764,0.22848264674298008,5.637351900499311,4.3889991786409235,0.9175555793735857,0.45144611617467034,9.83653414201183,10.59106405534888,0.3324593235191027,0.5317198176320155,1.3329946988643293,1.043434752763699,0.000052009254241529796,0.29321949385989743,1.9752205193560406,2.630690827453496,1.0671480247675182,4.5207143178444475,4.041311180960934,1.1512047953634235,0.3809005577472456,8.149542764927384,9.206969461767,0.38945359660396456,0.37900193530550214,1.2299618711819966,0.8181346529911805,0,0.18021265092809505,1.5903100015249483,1.2828736369467606,0.7996892636004292,50000,100000,50000,50000,50000,50000,10000,50000,50000,20000,50000,0,2703360,0,220594176,0,0,1081344,0,0,2973696,0,0,0,0,1892352,1209.7971301335974,1.2348450830713964,3.929974991068238,5.3870221738538975,225.44378698224853,3327.998287075449,2.5703937375861665,25.014127730163118,23.00028699110328,3.950991738835455,0,0,244.42846872753415,0,15.079854685036672,0,0,0,0,0,0,0,0,0,0,0,0,0,0,0,224342016,72708096,10133504,439984128,111349760,349663232,38871040,10375168,310304768,93900800,4952064,3993600,305532928,14680064,134160384,204103680,66908160,9191424,199372800,103538688,330756096,35684352,9056256,292098048,82182144,4055040,2568192,294531072,13516800,34738176,0,0,0,0,0,0,0,0,0,0,0,0,0,0,0,205692928,72450048,9830400,424910848,107433984,333381632,38612992,10018816,296448000,91881472,4796416,2940928,296767488,14376960,38719488,187715584,69746688,9830400,211615744,107433984,333381632,37531648,10018816,296448000,88907776,4796416,2940928,296767488,14376960,36691968,1073741824,1073741824,314572800,0,1073741824,1073741824,1073741824,314572800,1073741824,0,0,0,1073741824,314572800,2147483648,10.42134411016315,0,4.946060676870351,0,0,13.571869216533006,40233.49797934441,0,20667.83502745648,0,0,44827.92971873787,10.42134411016315,0,4.946060676870351,0,0,13.571869216533006,40233.49797934441,0,20667.83502745648,0,0,44827.92971873787,102.46027994162743,51.649075116274126,469.10499704511136,21.25690910419051,34.562317251461984,39.024587512132,17.002105844581767,60.98004324282953,55.46116504854369,83.69483265218902,0,0,0,0,0,0,0,0,0,0,119355.00380243767,122494.76500945057,1567308.6545406792,99716.13625849181,336470.9886695906,551552.6124231641,3086.8056754237587,9105.849262384478,597278.3495145631,108750.29428840452,0,0,0,0,0,0,0,0,0,0,121.26693112449387,42.601992057255714,453.9037362925997,28.80518152377706,47.994334795321635,55.6252021999353,15.086132495598441,74.18250004783498,74.85436893203884,111.73236949185744,0,0,0,0,0,0,0,0,0,0,24325.488664624998,6917.684286533437,139199.58631558213,5898.17137013319,12829.929641812863,6695.850857327727,2847.2399627161944,10517.26843082104,17724.95145631068,21102.26178134822,0,0,0,0,0,0,0,0,0,0,46,16,54,12,10,2,10,106,0,0,0,0,0.008039419087136927,0.00308044901777362,0.030426136363636364,0.016542923433874708,0.0015310734463276836,0.003,0.003109965635738831,0.0032246450304259638,0.019932795698924727,0.004744808231992516,0.06950317124735729,0.027241379310344812,0.004306214689265537,0.0046,0.004797938144329896,0.005050000000000012,0.022762096774193545,0.004952853133769878,0.08559725158562365,0.05693548387096757,0.004653107344632769,0.0048,0.005259999999999978,0.00760058139534884,0.026979166666666887,0.008887804878048775,0.09847251585623676,0.09654838709677424,0.004930621468926554,0.00496,0.01322500000000008,0.009641046511627909,0.4582201086956521,0.37291666666666645,0.38632700573065903,0.45969945355191255,0.877016129032258,0.375,0.4585597826086956,0.47330007390983,2.1813824419778003,2.163030303030303,0.4953886103151863,2.1286290322580643,2.125609756097561,0.475,2.125609756097561,2.178843338213763,2.3406912209889,2.3315151515151515,0.6991106719367585,2.3143145161290324,2.3128048780487807,0.4875,2.3128048780487807,2.339421669106881,2.4681382441977804,2.46630303030303,0.9398221343873513,2.462862903225807,2.4625609756097564,0.4975,2.4625609756097564,2.4678843338213765,396.53781512605093,397.1092436974859,397.4285714285828,392.8235294117634,396.9747899159771,116156364.36974789,9656715.831932772,0,25797296.403361343,18026530.42016807,3885849384.8739495,2950323053.7142854,767306089.4117646,4330565391.058824,4304022003.092437,0,0,0,0,0,14.033613445378151,2.134453781512605,4.2521008403361344,0.9411764705882353,16.18487394957983,0,0,0,0,0,53488.94117647059,21004.90756302521,981714.8235294117,39419.6974789916,67713.0756302521,1563.3277310924368,266.35294117647055,2816.470588235294,1724.8067226890755,448.01680672268907,1765.831932773109,377.781512605042,1905.8655462184875,2095.3949579831933,552.0504201680671,0,0,0,0,0,0,0,0,0,0,0,0,0,0,0,0,0,0,0,0
1693106071,0.5397867842202315,0.40537962609690936,0.19848358540748676,0.027207182696231826,1.5868746637977427,0.8029333832936334,0.155781438641586,0.20735416090682865,0.22549300971669858,0.05986351119447621,0,0.2574466441829932,0.10892534257020249,0.4664995043442764,0.22848264674298008,5.637351900499311,4.397051623903092,0.9175555793735859,0.45144611617467034,9.83653414201183,10.59106405534888,0.3324593235191027,0.6302985035941389,1.3329946988643293,1.043434752763699,0.00007800006251758673,0.29321949385989743,1.9752205193560406,2.630690827453496,1.0671480247675182,4.5207143178444475,4.029950400610453,1.1512047953634237,0.3809005577472456,8.149542764927384,9.206969461767,0.38945359660396456,0.4492673486314629,1.2299618711819966,0.8181346529911805,0,0.18021265092809505,1.5903100015249483,1.2828736369467606,0.7996892636004292,50000,100000,50000,50000,50000,50000,10000,50000,50000,20000,50000,0,2703360,0,220594176,0,0,1081344,0,0,2973696,0,0,0,0,1892352,1209.7971301335974,1.5738267836703548,3.929974991068239,5.3870221738538975,225.44378698224853,3327.998287075449,2.5703937375861665,29.65164500967653,23.00028699110328,3.950991738835455,0,0,244.42846872753415,0,15.079854685036672,0,0,0,0,0,0,0,0,0,0,0,0,0,0,0,224342016,72708096,10133504,439984128,111349760,349663232,38871040,10375168,310304768,93900800,4952064,3993600,305532928,14680064,134160384,204103680,66908160,9191424,199372800,103538688,330756096,35684352,9056256,292098048,82182144,4055040,2568192,294531072,13516800,34738176,0,0,0,0,0,0,0,0,0,0,0,0,0,0,0,205692928,72450048,9830400,424910848,107433984,333381632,38612992,10018816,296448000,91881472,4796416,2940928,296767488,14376960,38719488,187715584,69746688,9830400,211615744,107433984,333381632,37531648,10018816,296448000,88907776,4796416,2940928,296767488,14376960,36691968,1073741824,1073741824,314572800,0,1073741824,1073741824,1073741824,314572800,1073741824,0,0,0,1073741824,314572800,2147483648,10.444486837085082,0,4.946060676870351,0,0,13.571869216533006,41169.01945822205,0,20667.83502745648,0,0,44827.92971873787,10.444486837085082,0,4.946060676870351,0,0,13.571869216533006,41169.01945822205,0,20667.83502745648,0,0,44827.92971873787,102.46027994162743,51.649075116274126,397.09347079037803,21.25690910419051,34.562317251461984,39.024587512132,17.002105844581767,60.98004324282953,55.46116504854369,82.08946897454389,0,0,0,0,0,0,0,0,0,0,119355.00380243767,122494.76500945057,1326713.7151632304,99716.13625849181,336470.9886695906,551552.6124231641,3086.8056754237587,9105.849262384478,597278.3495145631,106664.33788164116,0,0,0,0,0,0,0,0,0,0,121.26693112449387,42.601992057255714,384.22573024054986,28.80518152377706,47.994334795321635,55.6252021999353,15.086132495598441,74.18250004783498,74.85436893203884,109.58921343412489,0,0,0,0,0,0,0,0,0,0,24325.488664624998,6917.684286533437,117831.28981958763,5898.17137013319,12829.929641812863,6695.850857327727,2847.2399627161944,10517.26843082104,17724.95145631068,20697.495997052825,0,0,0,0,0,0,0,0,0,0,54,38,86,8,10,2,8,80,0,0,0,0,0.008039419087136927,0.00308044901777362,0.030426136363636364,0.016542923433874708,0.0015310734463276836,0.003,0.003109965635738831,0.0032189103347178105,0.019932795698924727,0.004744808231992516,0.06950317124735729,0.027241379310344812,0.004306214689265537,0.0046,0.004797938144329896,0.00499403860249206,0.022762096774193545,0.004952853133769878,0.08559725158562365,0.05693548387096757,0.004653107344632769,0.0048,0.005259999999999978,0.0075396551724137865,0.026979166666666887,0.008887804878048775,0.09847251585623676,0.09654838709677424,0.004930621468926554,0.00496,0.01322500000000008,0.009627471264367814,0.4582201086956521,0.37291666666666645,0.38632700573065903,0.45969945355191255,0.877016129032258,0.375,0.4585597826086956,0.4857850330154071,2.1813824419778003,2.163030303030303,0.4953886103151863,2.1286290322580643,2.125609756097561,0.475,2.125609756097561,2.1893980848153216,2.3406912209889,2.3315151515151515,0.6991106719367585,2.3143145161290324,2.3128048780487807,0.4875,2.3128048780487807,2.344699042407661,2.4681382441977804,2.46630303030303,0.9398221343873513,2.462862903225807,2.4625609756097564,0.4975,2.4625609756097564,2.4689398084815326,396.5546218487424,397.176470588223,397.3917281481516,392.6554621848732,396.95798319328367,116156364.36974789,9656715.831932772,0,25797296.403361343,36052716.63865546,3885894475.2941175,3063779706.6218486,767241934.0201335,4238571709.310924,4304047267.495798,0,0,0,0,0,14.100840336134453,2.134453781512605,4.369527586844361,0.9411764705882353,16.235294117647058,0,0,0,0,0,53652.43697478991,21004.90756302521,982594.6254810683,39419.6974789916,67962.6218487395,1572.0672268907563,267.0924369747899,2815.1017595751473,1731.764705882353,449.52941176470586,1774.487394957983,378.5882352941177,1904.861939734131,2103.1932773109243,553.546218487395,0,0,0,0,0,0,0,0,0,0,0,0,0,0,0,0,0,0,0,0
1693106072,0.5397867842202315,0.40537962609690936,0.19848358540748676,0.01968039045894672,1.6251147139798119,0.7765096792834444,0.155781438641586,0.1755183854022669,0.22549300971669858,0.05986351119447621,0,0.2574466441829932,0.10336095367706602,0.46450414182859795,0.22848264674298008,5.637351900499311,4.397051623903092,0.9175555793735859,0.453813839250571,9.946391319975529,9.072678019358563,0.3324593235191027,0.5335266733423187,1.3329946988643293,1.043434752763699,0.00007800006251758673,0.29321949385989743,1.9157506675395009,2.6778225381280474,1.0671480247675182,4.5207143178444475,4.029950400610453,1.1512047953634237,0.33456663780209384,8.02997858672377,7.837330251372442,0.38945359660396456,0.3802898350382457,1.2299618711819966,0.8181346529911805,0,0.18021265092809505,1.4987338283174516,1.3935124254857945,0.7996892636004292,50000,100000,50000,50000,50000,50000,10000,50000,50000,20000,50000,0,2703360,0,220594176,0,0,1081344,0,0,2973696,0,0,0,0,1892352,1209.7971301335974,1.5738267836703548,3.929974991068239,5.195623081161929,222.08626491281743,2751.986420109795,2.5703937375861665,25.099129112524192,23.00028699110328,3.950991738835455,0,0,244.44865544626091,1.2773863900286444,15.079854685036672,0,0,0,0,0,0,0,0,0,0,0,0,0,0,0,224342016,72708096,10133504,439984128,111349760,349663232,38871040,10375168,310304768,93900800,4952064,3993600,305532928,14811136,134160384,204103680,66908160,9191424,199372800,105160704,330350592,35684352,9056256,292098048,82182144,4055040,2568192,294666240,13651968,34738176,0,0,0,0,0,0,0,0,0,0,0,0,0,0,0,205692928,72450048,9830400,424910848,108806144,333168640,38612992,10018816,296448000,91881472,4796416,2940928,296886272,14454784,38719488,187715584,69746688,9830400,211615744,108806144,333168640,37531648,10018816,296448000,88907776,4796416,2940928,296886272,14454784,36691968,1073741824,1073741824,314572800,0,1073741824,1073741824,1073741824,314572800,1073741824,0,0,0,1073741824,314572800,2147483648,10.444486837085082,0,4.946060676870351,0,0,13.571869216533006,41169.01945822205,0,20667.83502745648,0,0,44827.92971873787,10.444486837085082,0,4.946060676870351,0,0,13.571869216533006,41169.01945822205,0,20667.83502745648,0,0,44827.92971873787,102.46027994162743,51.649075116274126,389.27505417295947,21.25690910419051,34.562317251461984,39.024587512132,16.53400099204006,60.98004324282953,55.46116504854369,80.48410529689879,0,0,0,0,0,0,0,0,0,0,119355.00380243767,122494.76500945057,1300591.9042542188,99716.13625849181,336470.9886695906,551552.6124231641,3004.5822802749367,9105.849262384478,597278.3495145631,104578.3814748778,0,0,0,0,0,0,0,0,0,0,121.26693112449387,42.601992057255714,376.6606679690065,28.80518152377706,47.994334795321635,55.6252021999353,14.786120887167254,74.18250004783498,74.85436893203884,107.44605737639235,0,0,0,0,0,0,0,0,0,0,24325.488664624998,6917.684286533437,115511.29671432792,5898.17137013319,12829.929641812863,6695.850857327727,2780.7355268441315,10517.26843082104,17724.95145631068,20292.730212757433,0,0,0,0,0,0,0,0,0,0,42,18,60,22,20,2,22,130,0,0,0,0,0.00804733727810651,0.0030851851851851856,0.030687781109445277,0.01669642857142857,0.0016122448979591834,0.003,0.003116575591985428,0.003215700660308144,0.020014159292035403,0.004753333333333334,0.0701954732510288,0.034015151515151484,0.004322448979591837,0.0046,0.00480983606557377,0.00498826118855466,0.022799115044247777,0.004961851851851853,0.08597222222222221,0.06476562499999995,0.0046612244897959185,0.0048,0.005508620689655171,0.00749418604651163,0.02712500000000009,0.008947727272727263,0.09859362139917696,0.1354374999999996,0.004932244897959183,0.00496,0.009515517241379308,0.009601162790697683,0.4602739726027397,0.375,0.3858041091037903,0.45867486338797814,0.8683673469387755,0.375,0.4545774647887324,0.4866567828020757,2.182441977800202,2.164214711729622,0.49444739638682256,2.1259183673469386,2.114380530973451,0.475,2.114380530973451,2.19015047879617,2.3412209889001008,2.332107355864811,0.6857581967213114,2.3129591836734695,2.3071902654867253,0.4875,2.3071902654867253,2.3450752393980845,2.4682441977800202,2.466421471172962,0.9371516393442627,2.462591836734694,2.461438053097345,0.4975,2.461438053097345,2.4690150478796173,396.5210084033672,397.1932773109025,397.4057586821941,392.655462184888,396.8907563025337,116156364.36974789,9656715.831932772,0,25797296.403361343,36052716.63865546,4027211638.3193274,3063797673.9495797,761083975.1246271,4238745393.4789915,4304039144.336134,0,0,0,0,0,14.252100840336134,2.134453781512605,4.334850531019191,0.4369747899159664,16.655462184873947,0,0,0,0,0,56294.184873949576,21004.90756302521,974796.6454925892,23242.218487394955,71456.26890756302,1579.7310924369747,267.3781512605042,2817.3527401257106,1737.7142857142858,450.21848739495795,1782.3529411764705,378.7563025210084,1906.9174210973845,2109.310924369748,554.1512605042017,0,0,0,0,0,0,0,0,0,0,0,0,0,0,0,0,0,0,0,0
1693106073,0.5397867842202315,0.40537962609690936,0.19848358540748676,0.01968039045894672,1.6251147139798119,0.7765096792834444,0.155781438641586,0.17206248272048646,0.22549300971669858,0.05986351119447621,0,0.2574466441829932,0.10336095367706602,0.46450414182859795,0.24727118584195865,5.637351900499311,4.397051623903092,0.9175555793735859,0.453813839250571,9.946391319975529,9.072678019358563,0.3324593235191027,0.5230216982824164,1.3329946988643293,1.043434752763699,0.00007800006251758673,0.29321949385989743,1.9157506675395009,2.6778225381280474,1.058733250909605,4.5207143178444475,4.029950400610453,1.1512047953634237,0.33456663780209384,8.02997858672377,7.837330251372442,0.38945359660396456,0.372802045894388,1.2299618711819966,0.8181346529911805,0,0.18021265092809505,1.4987338283174516,1.3935124254857945,0.7594757850860151,50000,100000,50000,50000,50000,50000,10000,50000,50000,20000,50000,0,2703360,0,220594176,0,0,1081344,0,0,2973696,0,0,0,0,2297856,1209.7971301335974,1.5738267836703548,3.929974991068239,5.195623081161929,222.08626491281743,2751.986420109795,2.5703937375861665,24.604935029029587,23.00028699110328,3.950991738835455,0,0,244.44865544626091,1.2773863900286444,15.154191246600025,0,0,0,0,0,0,0,0,0,0,0,0,0,0,0,224342016,72708096,10133504,439984128,111349760,349663232,38871040,10375168,310304768,93900800,4952064,3993600,305532928,14811136,134160384,204103680,66908160,9191424,199372800,105160704,330350592,35684352,9056256,292098048,82182144,4055040,2568192,294666240,13651968,35008512,0,0,0,0,0,0,0,0,0,0,0,0,0,0,0,205692928,72450048,9830400,424910848,108806144,333168640,38612992,10018816,296448000,91881472,4796416,2940928,296886272,14454784,38928384,187715584,69746688,9830400,211615744,108806144,333168640,37531648,10018816,296448000,88907776,4796416,2940928,296886272,14454784,36630528,1073741824,1073741824,314572800,0,1073741824,1073741824,1073741824,314572800,1073741824,0,0,0,1073741824,314572800,2147483648,10.444486837085082,0,4.946060676870351,0,0,13.476279628386735,41169.01945822205,0,20667.83502745648,0,0,43460.94881486454,10.444486837085082,0,4.946060676870351,0,0,13.476279628386735,41169.01945822205,0,20667.83502745648,0,0,43460.94881486454,102.46027994162743,41.480772070597446,381.45663755554096,21.25690910419051,34.562317251461984,39.024587512132,16.53400099204006,60.98004324282953,55.53887721404984,78.87874161925369,0,0,0,0,0,0,0,0,0,0,119355.00380243767,98837.08150642281,1274470.0933452076,99716.13625849181,336470.9886695906,551552.6124231641,3004.5822802749367,9105.849262384478,597293.6055238667,102492.42506811445,0,0,0,0,0,0,0,0,0,0,121.26693112449387,33.922957958225105,369.09560569746316,28.80518152377706,47.994334795321635,55.6252021999353,14.786120887167254,74.18250004783498,75.22140498348845,105.3029013186598,0,0,0,0,0,0,0,0,0,0,24325.488664624998,5471.56673219941,113191.30360906821,5898.17137013319,12829.929641812863,6695.850857327727,2780.7355268441315,10517.26843082104,17828.429900930652,19887.96442846204,0,0,0,0,0,0,0,0,0,0,24,11.968,34,18,18,2,18,84,0,0,0,0,0.00804733727810651,0.003085186123028149,0.030687781109445277,0.01669642857142857,0.001526912181303116,0.003,0.0031101549053356285,0.003215700660308144,0.020014159292035403,0.0047533350214506685,0.0701954732510288,0.034015151515151484,0.004305382436260624,0.0046,0.004798278829604131,0.00498826118855466,0.022799115044247777,0.004961853633753483,0.08597222222222221,0.06476562499999995,0.004652691218130311,0.0048,0.005232758620689654,0.00749418604651163,0.02712500000000009,0.008947742226513766,0.09859362139917696,0.1354374999999996,0.004930538243626062,0.00496,0.009460344827586198,0.009601162790697683,0.4602739726027397,0.3749823879551821,0.3858041091037903,0.45867486338797814,0.8806122448979592,0.375,0.45993150684931505,0.4866567828020757,2.182441977800202,2.1642096697128155,0.49444739638682256,2.1259183673469386,2.129233870967742,0.475,2.129233870967742,2.19015047879617,2.3412209889001008,2.3321048348564077,0.6857581967213114,2.3129591836734695,2.3146169354838713,0.4875,2.3146169354838713,2.3450752393980845,2.4682441977800202,2.4664209669712815,0.9371516393442627,2.462591836734694,2.4629233870967737,0.4975,2.4629233870967737,2.4690150478796173,396.47058823529045,397.1764705882414,397.5126050419993,392.63865546219097,396.78991596638406,116156364.36974789,9656715.831932772,0,25797296.403361343,36052716.63865546,3956629228.638655,3007087831.1260505,767171231.1932772,4238804114.285714,4225833149.310924,0,0,0,0,0,14.285714285714285,2.134453781512605,4.369747899159663,0.4369747899159664,16.63865546218487,0,0,0,0,0,56320,21004.90756302521,982644.1680672269,23242.218487394955,71387.42857142857,1583.831932773109,267.89915966386553,2820.285714285714,1741.3277310924368,451.9663865546218,1786.3529411764705,379.05882352941177,1910.487394957983,2112.201680672269,555.8655462184875,0,0,0,0,0,0,0,0,0,0,0,0,0,0,0,0,0,0,0,0
1693106074,0.5397867842202315,0.40537962609690936,0.19848358540748676,0.01968039045894672,1.6251147139798119,0.7765096792834444,0.155781438641586,0.16860658003870593,0.23514043109078997,0.05986351119447621,0,0.20811654526534853,0.0819040318190404,0.46450414182859795,0.24727118584195865,5.637351900499311,4.397051623903092,0.9175555793735859,0.453813839250571,9.946391319975529,9.072678019358563,0.3324593235191027,0.5125167232225141,1.3265232710646608,1.043434752763699,0.00007800006251758673,0.297055216788068,1.5906637386701399,2.6778225381280474,1.058733250909605,4.5207143178444475,4.029950400610453,1.1512047953634237,0.33456663780209384,8.02997858672377,7.837330251372442,0.38945359660396456,0.36531425675053025,1.149575440888321,0.8181346529911805,0,0.13874436351023234,1.2285604772856076,1.3935124254857945,0.7594757850860151,50000,100000,50000,50000,50000,50000,10000,50000,50000,20000,50000,0,2703360,0,220594176,0,0,1081344,0,0,2973696,0,0,0,0,2297856,1209.7971301335974,1.5738267836703548,3.929974991068239,5.195623081161929,222.08626491281743,2751.986420109795,2.5703937375861665,24.110740945534975,27.5898105813194,3.950991738835455,0,0,236.4978918774789,1.2773863900286444,15.154191246600025,0,0,0,0,0,0,0,0,0,0,0,0,0,0,0,224342016,72708096,10133504,439984128,111349760,349663232,38871040,10375168,310304768,93900800,4952064,3993600,305532928,14811136,134160384,204103680,66908160,9191424,199372800,105160704,330350592,35684352,9056256,292098048,82182144,4055040,2568192,294666240,13651968,35008512,0,0,0,0,0,0,0,0,0,0,0,0,0,0,0,205692928,72450048,9830400,424910848,108806144,333168640,38612992,10018816,296448000,91881472,4796416,2932736,296886272,14454784,38928384,187715584,69746688,9830400,211615744,108806144,333168640,37531648,10018816,296448000,88907776,4796416,2932736,296886272,14454784,36630528,1073741824,1073741824,314572800,0,1073741824,1073741824,1073741824,314572800,1073741824,0,0,0,1073741824,314572800,2147483648,10.444486837085082,0,4.946060676870351,0,0,13.476279628386735,41169.01945822205,0,20667.83502745648,0,0,43460.94881486454,10.444486837085082,0,4.946060676870351,0,0,13.476279628386735,41169.01945822205,0,20667.83502745648,0,0,43460.94881486454,102.46027994162743,42.507987678705796,485.7797059532417,21.25690910419051,34.57460790326821,39.024587512132,16.53400099204006,59.76277372262774,55.53887721404984,77.27337794160857,0,0,0,0,0,0,0,0,0,0,119355.00380243767,101236.59955323552,1577778.7016951875,99716.13625849181,337173.1358976606,551552.6124231641,3004.5822802749367,8920.50038417211,597293.6055238667,100406.46866135107,0,0,0,0,0,0,0,0,0,0,121.26693112449387,34.873819993102586,468.5667229051177,28.80518152377706,48.067992639971976,55.6252021999353,14.786120887167254,72.99270072992702,75.22140498348845,103.15974526092725,0,0,0,0,0,0,0,0,0,0,24325.488664624998,5648.773834493354,144130.17192897887,5898.17137013319,12676.071146937706,6695.850857327727,2780.7355268441315,10338.263542066847,17828.429900930652,19483.198644166645,0,0,0,0,0,0,0,0,0,0,44,28,60,14,14,2,12,102,0,0,0,0,0.00804733727810651,0.0030851851851851856,0.030687781109445277,0.01669642857142857,0.001526912181303116,0.003,0.0031101549053356285,0.003215700660308144,0.020014159292035403,0.004753333333333334,0.0701954732510288,0.034015151515151484,0.004305382436260624,0.0046,0.004798278829604131,0.00498826118855466,0.022799115044247777,0.004961851851851853,0.08597222222222221,0.06476562499999995,0.004652691218130311,0.0048,0.005232758620689654,0.00749418604651163,0.02712500000000009,0.008947727272727263,0.09859362139917696,0.1354374999999996,0.004930538243626062,0.00496,0.009460344827586198,0.009601162790697683,0.4602739726027397,0.375,0.3858041091037903,0.45867486338797814,0.8806122448979592,0.375,0.45993150684931505,0.4866567828020757,2.182441977800202,2.164214711729622,0.49444739638682256,2.1259183673469386,2.129233870967742,0.475,2.129233870967742,2.19015047879617,2.3412209889001008,2.332107355864811,0.6857581967213114,2.3129591836734695,2.3146169354838713,0.4875,2.3146169354838713,2.3450752393980845,2.4682441977800202,2.466421471172962,0.9371516393442627,2.462591836734694,2.4629233870967737,0.4975,2.4629233870967737,2.4690150478796173,396.4537815126084,397.32773109243726,397.6134453781486,392.60504201681255,396.8235294117519,116156364.36974789,9656715.831932772,0,25797227.56302521,36052716.63865546,3956660413.310924,3007178011.9663863,767175774.6554621,4146754878.3865542,4225862888.3361344,0,0,0,0,0,14.235294117647058,2.134453781512605,3.7983193277310923,0.5378151260504201,16.705882352941178,0,0,0,0,0,56139.294117647056,21004.90756302521,841590.319327731,37423.32773109244,71628.36974789915,1583.3277310924368,267.6470588235294,2820.201680672269,1747.563025210084,452.63865546218483,1785.9327731092435,378.65546218487395,1911.361344537815,2119.210084033613,556.5378151260504,0,0,0,0,0,0,0,0,0,0,0,0,0,0,0,0,0,0,0,0
1693106075,0.5397867842202314,0.40537962609690936,0.19848358540748676,0.01968039045894672,1.6251147139798119,0.7765096792834444,0.155781438641586,0.2109971726378866,0.23514043109078997,0.05986351119447621,0,0.20811654526534853,0.08357053183570538,0.46450414182859795,0.24727118584195865,5.6373519004993105,4.397051623903092,0.9175555793735859,0.453813839250571,9.946391319975529,9.072678019358563,0.3324593235191027,0.6392289931214924,1.3265232710646608,1.043434752763699,0.00007800006251758673,0.297055216788068,1.6230289481491922,2.6778225381280474,1.058733250909605,4.520714317844447,4.029950400610453,1.1512047953634237,0.33456663780209384,8.02997858672377,7.837330251372442,0.38945359660396456,0.46419377980335064,1.149575440888321,0.8181346529911805,0,0.13874436351023234,1.2535579775355825,1.3935124254857945,0.7594757850860151,50000,100000,50000,50000,50000,50000,10000,50000,50000,20000,50000,0,2703360,0,220594176,0,0,1081344,0,0,2973696,0,0,0,0,2297856,1209.7971301335972,1.5738267836703548,3.929974991068239,5.195623081161929,222.08626491281743,2751.986420109795,2.5703937375861665,23.67388276997088,27.5898105813194,3.950991738835455,0,0,241.3099106755991,1.2773863900286444,15.154191246600025,0,0,0,0,0,0,0,0,0,0,0,0,0,0,0,224342016,72708096,10133504,439984128,111349760,349663232,38871040,10776576,310304768,93900800,4952064,3993600,305532928,14811136,134160384,204103680,66908160,9191424,199372800,105160704,330350592,35684352,9596928,292098048,82182144,4055040,2568192,294666240,13651968,35008512,0,0,0,0,0,0,0,0,0,0,0,0,0,0,0,205692928,72450048,9830400,424910848,108806144,333168640,38612992,10547200,296448000,91881472,4796416,2932736,296886272,14454784,38928384,187715584,69746688,9830400,211615744,108806144,333168640,37531648,10547200,296448000,88907776,4796416,2932736,296886272,14454784,36630528,1073741824,1073741824,314572800,0,1073741824,1073741824,1073741824,314572800,1073741824,0,0,0,1073741824,314572800,2147483648,10.444486837085082,0,4.946060676870351,0,0,13.476279628386735,41169.01945822205,0,20667.83502745648,0,0,43460.94881486454,10.444486837085082,0,4.946060676870351,0,0,13.476279628386735,41169.01945822205,0,20667.83502745648,0,0,43460.94881486454,102.46027994162743,43.35684019939804,485.7797059532417,21.25690910419051,34.57460790326821,39.024587512132,16.53400099204006,59.76277372262774,55.53887721404984,96.92497806114224,0,0,0,0,0,0,0,0,0,0,119355.00380243767,103258.21825150489,1577778.7016951875,99716.13625849181,337173.1358976606,551552.6124231641,3004.5822802749367,8920.50038417211,597293.6055238667,124462.45321202786,0,0,0,0,0,0,0,0,0,0,121.26693112449387,35.570223930900426,468.5667229051177,28.80518152377706,48.067992639971976,55.6252021999353,14.786120887167254,72.99270072992702,75.22140498348845,129.41239679782223,0,0,0,0,0,0,0,0,0,0,24325.488664624998,5761.575596469776,144130.17192897887,5898.17137013319,12676.071146937706,6695.850857327727,2780.7355268441315,10338.263542066847,17828.429900930652,24514.33637193975,0,0,0,0,0,0,0,0,0,0,40,26,58,10,10,2,10,80,0,0,0,0,0.00804733727810651,0.0030851851851851856,0.030687781109445277,0.01669642857142857,0.001526912181303116,0.003,0.0031101549053356285,0.003220071319409068,0.020014159292035403,0.004753333333333334,0.0701954732510288,0.034015151515151484,0.004305382436260624,0.0046,0.004798278829604131,0.004996128374936322,0.022799115044247777,0.004961851851851853,0.08597222222222221,0.06476562499999995,0.004652691218130311,0.0048,0.005232758620689654,0.007530732860520089,0.02712500000000009,0.008947727272727263,0.09859362139917696,0.1354374999999996,0.004930538243626062,0.00496,0.009460344827586198,0.009591252955082733,0.4602739726027397,0.375,0.3858041091037903,0.45867486338797814,0.8806122448979592,0.375,0.45993150684931505,0.4723674383868559,2.182441977800202,2.164214711729622,0.49444739638682256,2.1259183673469386,2.129233870967742,0.475,2.129233870967742,2.178138847858198,2.3412209889001008,2.332107355864811,0.6857581967213114,2.3129591836734695,2.3146169354838713,0.4875,2.3146169354838713,2.339069423929099,2.4682441977800202,2.466421471172962,0.9371516393442627,2.462591836734694,2.4629233870967737,0.4975,2.4629233870967737,2.4678138847858198,396.3865546218461,397.44537815125,397.64705882353735,392.70588235293934,396.75630252099563,132750120.87394957,9656715.831932772,0,25797227.56302521,36052716.63865546,3956669913.277311,2893818492.773109,768172376.2016807,4238937320.3361344,4304111839.731092,0,0,0,0,0,14.386554621848738,2.134453781512605,3.7983193277310923,0.5378151260504201,16.722689075630253,0,0,0,0,0,56629.78151260504,21004.90756302521,841590.319327731,37423.32773109244,71705.81512605042,1583.9159663865546,268.20168067226894,2815.6470588235293,1745.2605042016808,452.57142857142856,1786.3025210084033,379.1428571428571,1908.3361344537814,2116.4033613445376,556.5378151260504,0,0,0,0,0,0,0,0,0,0,0,0,0,0,0,0,0,0,0,0
1693106076,0.5397867842202314,0.40537962609690936,0.19848358540748676,0.01968039045894672,1.6251147139798114,0.5523883243730126,0.155781438641586,0.2109971726378866,0.23514043109078997,0.05986351119447621,0,0.15463917525773183,0.08523703185237039,0.46450414182859795,0.2854492257189755,5.6373519004993105,4.397051623903092,0.9175555793735859,0.453813839250571,9.946391319975525,4.38463789727783,0.3324593235191027,0.6392289931214924,1.3265232710646608,1.043434752763699,0.0000499929877987722,0.29299814175257727,1.6553941576282445,2.6778225381280474,1.0345711149171013,4.520714317844447,4.029950400610453,1.1512047953634237,0.33456663780209384,8.029978586723768,3.590524108424584,0.38945359660396456,0.46419377980335064,1.149575440888321,0.8181346529911805,0,0.10309278350515444,1.278555477785558,1.3935124254857945,0.7136230642974378,50000,100000,50000,50000,50000,50000,10000,50000,50000,20000,50000,0,2703360,0,220594176,0,0,1081344,0,0,2973696,0,0,0,0,2297856,1209.7971301335972,1.5738267836703548,3.929974991068239,5.195623081161929,222.0862649128174,1236.5212641089875,2.5703937375861665,23.67388276997088,27.5898105813194,3.950991738835455,0,0,246.1219294737193,1.2773863900286444,17.269678155998005,0,0,0,0,0,0,0,0,0,0,0,0,0,0,0,224342016,72708096,10133504,439984128,111349760,349663232,38871040,10776576,310304768,93900800,4952064,3993600,305532928,14811136,134160384,204103680,66908160,9191424,199372800,105160704,330350592,35684352,9596928,292098048,82182144,4055040,2568192,294666240,13651968,35008512,0,0,0,0,0,0,0,0,0,0,0,0,0,0,0,205692928,72450048,9830400,424910848,108806144,333168640,38612992,10547200,296448000,91881472,4796416,2932736,296886272,14454784,38928384,187715584,69746688,9830400,211615744,108806144,333168640,37531648,10547200,296448000,88907776,4796416,2932736,296886272,14454784,36630528,1073741824,1073741824,314572800,0,1073741824,1073741824,1073741824,314572800,1073741824,0,0,0,1073741824,314572800,2147483648,10.444486837085082,0,4.946060676870351,0,0,12.821427721877306,41169.01945822205,0,20667.83502745648,0,0,37950.28425985395,10.444486837085082,0,4.946060676870351,0,0,12.821427721877306,41169.01945822205,0,20667.83502745648,0,0,37950.28425985395,102.46027994162743,50.93115124153499,485.7797059532417,21.25690910419051,34.57460790326821,39.024587512132,16.53400099204006,59.76277372262774,55.53887721404984,96.92497806114224,0,0,0,0,0,0,0,0,0,0,119355.00380243767,121297.12189616253,1577778.7016951875,99716.13625849181,337173.1358976606,551552.6124231641,3004.5822802749367,8920.50038417211,597293.6055238667,124462.45321202786,0,0,0,0,0,0,0,0,0,0,121.26693112449387,41.78423626787058,468.5667229051177,28.80518152377706,48.067992639971976,55.6252021999353,14.786120887167254,72.99270072992702,75.22140498348845,129.41239679782223,0,0,0,0,0,0,0,0,0,0,24325.488664624998,6768.105718585402,144130.17192897887,5898.17137013319,12676.071146937706,6695.850857327727,2780.7355268441315,10338.263542066847,17828.429900930652,24514.33637193975,0,0,0,0,0,0,0,0,0,0,56,22,58,30,26,2,30,180,0,0,0,0,0.00804733727810651,0.0030851851851851856,0.030687781109445277,0.01669642857142857,0.001526912181303116,0.003,0.0031101549053356285,0.0032149915642323453,0.020014159292035403,0.004753333333333334,0.0701954732510288,0.034015151515151484,0.004305382436260624,0.0046,0.004798278829604131,0.004986984815618221,0.022799115044247777,0.004961851851851853,0.08597222222222221,0.06476562499999995,0.004652691218130311,0.0048,0.005232758620689654,0.00747425629290618,0.02712500000000009,0.008947727272727263,0.09859362139917696,0.1354374999999996,0.004930538243626062,0.00496,0.009460344827586198,0.009577231121281464,0.4602739726027397,0.375,0.3858041091037903,0.45867486338797814,0.8806122448979592,0.375,0.45993150684931505,0.49267976278724984,2.182441977800202,2.164214711729622,0.49444739638682256,2.1259183673469386,2.129233870967742,0.475,2.129233870967742,2.194751992914083,2.3412209889001008,2.332107355864811,0.6857581967213114,2.3129591836734695,2.3146169354838713,0.4875,2.3146169354838713,2.3473759964570418,2.4682441977800202,2.466421471172962,0.9371516393442627,2.462591836734694,2.4629233870967737,0.4975,2.4629233870967737,2.469475199291408,396.33613445378046,397.4789915966289,397.84873949577985,392.8067226890597,396.7899159663784,132750120.87394957,9656715.831932772,0,25797227.56302521,36052716.63865546,3886082409.4117646,2950582788.3025208,769180198.722689,4239090696.605042,4225930558.3865542,0,0,0,0,0,14.403361344537814,2.1176470588235294,4.386554621848739,0.5378151260504201,16.705882352941178,0,0,0,0,0,56741.647058823524,20729.546218487394,982644.1680672269,37423.32773109244,71645.57983193277,1578.1512605042014,264.7563025210084,2819.361344537815,1745.1428571428569,454.3865546218487,1780.9915966386554,376.0504201680672,1910.5378151260504,2114.3025210084033,558.2521008403362,0,0,0,0,0,0,0,0,0,0,0,0,0,0,0,0,0,0,0,0
1693106077,0.5397867842202314,0.40537962609690936,0.19848358540748676,0.01968039045894672,1.6251147139798114,0.6755425451065392,0.11983270778884772,0.2109971726378866,0.20250751143043727,0.05986351119447621,0,0.15463917525773183,0.09999000099990009,0.46450414182859795,0.28544922571897546,5.6373519004993105,4.397051623903092,0.9175555793735859,0.453813839250571,9.946391319975525,5.362186914177945,0.26924373242783306,0.6392289931214924,1.1424276345489344,1.043434752763699,0.0000499929877987722,0.29299814175257727,1.9419125687431342,2.6778225381280474,1.0345711149171009,4.520714317844447,4.029950400610453,1.1512047953634237,0.33456663780209384,8.029978586723768,4.391026543192508,0.31156504025100407,0.46419377980335064,0.990036722548817,0.8181346529911805,0,0.10309278350515444,1.4998500149985037,1.3935124254857945,0.7136230642974375,50000,100000,50000,50000,50000,50000,10000,50000,50000,20000,50000,0,2703360,0,220594176,0,0,1081344,0,0,2973696,0,0,0,0,2297856,1209.7971301335972,1.5738267836703548,3.929974991068239,5.195623081161929,222.0862649128174,1512.201987220987,1.5817917428127886,23.67388276997088,23.760881341171345,3.950991738835455,0,0,288.72112788721125,1.2773863900286444,17.269678155998,0,0,0,0,0,0,0,0,0,0,0,0,0,0,0,224342016,72708096,10133504,439984128,111349760,349663232,38871040,10776576,310304768,93900800,4952064,3993600,305532928,14811136,134160384,204103680,66908160,9191424,199372800,105160704,330350592,35684352,9596928,292098048,82182144,4055040,2568192,294666240,13651968,35008512,0,0,0,0,0,0,0,0,0,0,0,0,0,0,0,205692928,72450048,9830400,424910848,108806144,333168640,38612992,10547200,296448000,91881472,4796416,2932736,296886272,14454784,38928384,187715584,69746688,9830400,211615744,108806144,333168640,37531648,10547200,296448000,88907776,4796416,2932736,296886272,14454784,36630528,1073741824,1073741824,314572800,0,1073741824,1073741824,1073741824,314572800,1073741824,0,0,0,1073741824,314572800,2147483648,10.444486837085082,0,3.547048150549889,0,0,12.821427721877303,41169.01945822205,0,13461.143597503062,0,0,37950.28425985394,10.444486837085082,0,3.547048150549889,0,0,12.821427721877303,41169.01945822205,0,13461.143597503062,0,0,37950.28425985394,102.46027994162743,50.93115124153499,485.7797059532417,18.23376330078648,34.66823253082795,39.024587512132,16.53400099204006,59.76277372262774,55.53887721404984,96.92497806114224,0,0,0,0,0,0,0,0,0,0,119355.00380243767,121297.12189616253,1577778.7016951875,85534.56275766258,337800.46975924843,551552.6124231641,3004.5822802749367,8920.50038417211,597293.6055238667,124462.45321202786,0,0,0,0,0,0,0,0,0,0,121.26693112449387,41.78423626787058,468.5667229051177,24.70852461034411,48.17381092190253,55.6252021999353,14.786120887167254,72.99270072992702,75.22140498348845,129.41239679782223,0,0,0,0,0,0,0,0,0,0,24325.488664624998,6768.105718585402,144130.17192897887,5059.33671463472,12457.099236641223,6695.850857327727,2780.7355268441315,10338.263542066847,17828.429900930652,24514.33637193975,0,0,0,0,0,0,0,0,0,0,30,10,44,16,18,2,18,112,0,0,0,0,0.008026649746192892,0.0030899718837863166,0.03083270817704426,0.016923076923076923,0.0016440677966101695,0.003,0.0031176470588235297,0.003214966634890372,0.019986702127659576,0.004761949390815371,0.07016632016632018,0.03767441860465119,0.004328813559322034,0.0046,0.004811764705882354,0.004986939942802669,0.02278590425531915,0.004970946579194001,0.08596673596673594,0.06529411764705888,0.0046644067796610175,0.0048,0.005568965517241395,0.0074790249433106535,0.026979166666666887,0.009005434782608707,0.09860706860706861,0.1314999999999992,0.004932881355932204,0.00496,0.009665517241379333,0.009586507936507938,0.4611037234042553,0.3760416666666666,0.3856658336308461,0.46010638297872347,0.865234375,0.375,0.4528688524590165,0.48809090909090913,2.1823440643863177,2.164156626506024,0.49419850053552306,2.1296875,2.1092105263157896,0.475,2.1092105263157896,2.1912976085030995,2.341172032193159,2.332078313253011,0.6820083682008362,2.31484375,2.304605263157895,0.4875,2.304605263157895,2.34564880425155,2.468234406438632,2.466415662650602,0.9364016736401676,2.46296875,2.460921052631579,0.4975,2.460921052631579,2.46912976085031,396.4873949579804,397.3445378151465,397.83193277311216,392.72268907562454,396.7226890756306,132750120.87394957,9656715.831932772,0,25797227.56302521,36052716.63865546,3886081445.6470585,3007349355.563025,824517158.722689,4239236500.4369745,4304152249.008403,0,0,0,0,0,14.436974789915967,2.1176470588235294,4.386554621848739,0.5378151260504201,16.77310924369748,0,0,0,0,0,56793.277310924364,20729.546218487394,982644.1680672269,37423.32773109244,71929.54621848739,1583.4621848739498,268.48739495798316,2816.991596638655,1741.4621848739496,452.9579831932773,1785.9831932773109,379.56302521008405,1908.6890756302523,2110.5714285714284,556.8403361344538,0,0,0,0,0,0,0,0,0,0,0,0,0,0,0,0,0,0,0,0
1693106078,0.5397867842202314,0.40537962609690936,0.19848358540748676,0.01968039045894672,1.6251147139798114,0.6755425451065392,0.12228903430341867,0.2109971726378866,0.1985885042455908,0.05986351119447621,0,0.15463917525773183,0.09999000099990009,0.46450414182859795,0.28544922571897546,5.6373519004993105,4.397051623903092,0.9175555793735859,0.453813839250571,9.946391319975525,5.362186914177945,0.2747626807270726,0.6392289931214924,1.1203189133645233,1.043434752763699,0.0000499929877987722,0.29299814175257727,1.9419125687431342,2.6778225381280474,1.0345711149171009,4.520714317844447,4.029950400610453,1.1512047953634237,0.33456663780209384,8.029978586723768,4.391026543192508,0.31795148918888855,0.46419377980335064,0.970877131867345,0.8181346529911805,0,0.10309278350515444,1.4998500149985037,1.3935124254857945,0.7136230642974375,50000,100000,50000,50000,50000,50000,10000,50000,50000,20000,50000,0,2703360,0,220594176,0,0,1081344,0,0,2973696,0,0,0,0,2297856,1209.7971301335972,1.5738267836703548,3.929974991068239,5.195623081161929,222.0862649128174,1512.201987220987,1.6142152528051248,23.67388276997088,23.301051164816023,3.950991738835455,0,0,288.72112788721125,1.2773863900286444,17.269678155998,0,0,0,0,0,0,0,0,0,0,0,0,0,0,0,224342016,72708096,10133504,439984128,111349760,349663232,38871040,10776576,310304768,93900800,4952064,3993600,305532928,14811136,134160384,204103680,66908160,9191424,199372800,105160704,330350592,35684352,9596928,292098048,82182144,4055040,2568192,294666240,13651968,35008512,0,0,0,0,0,0,0,0,0,0,0,0,0,0,0,205692928,72450048,9830400,424910848,108806144,333168640,38612992,10547200,296448000,91881472,4796416,2932736,296886272,14454784,38928384,187715584,69746688,9830400,211615744,108806144,333168640,37531648,10547200,296448000,88907776,4796416,2932736,296886272,14454784,36630528,1073741824,1073741824,314572800,0,1073741824,1073741824,1073741824,314572800,1073741824,0,0,0,1073741824,314572800,2147483648,10.444486837085082,0,3.619755415381189,0,0,12.821427721877303,41169.01945822205,0,13737.069632599056,0,0,37950.28425985394,10.444486837085082,0,3.619755415381189,0,0,12.821427721877303,41169.01945822205,0,13737.069632599056,0,0,37950.28425985394,102.46027994162743,50.93115124153499,485.7797059532417,21.22641509433962,34.66823253082794,39.024587512132,16.53400099204006,59.76277372262774,55.53887721404984,96.92497806114224,0,0,0,0,0,0,0,0,0,0,119355.00380243767,121297.12189616253,1577778.7016951875,99337.24655026753,337800.4697592483,551552.6124231641,3004.5822802749367,8920.50038417211,597293.6055238667,124462.45321202786,0,0,0,0,0,0,0,0,0,0,121.26693112449387,41.78423626787058,468.5667229051177,28.829907068431428,48.173810921902515,55.6252021999353,14.786120887167254,72.99270072992702,75.22140498348845,129.41239679782223,0,0,0,0,0,0,0,0,0,0,24325.488664624998,6768.105718585402,144130.17192897887,5980.023232892143,12457.09923664122,6695.850857327727,2780.7355268441315,10338.263542066847,17828.429900930652,24514.33637193975,0,0,0,0,0,0,0,0,0,0,26,14,52,6,6,2,6,54,0,0,0,0,0.008026649746192892,0.0030899718837863166,0.03083270817704426,0.016923076923076923,0.0015219780219780218,0.003,0.0031135225375626043,0.003214966634890372,0.019986702127659576,0.004761949390815371,0.07016632016632018,0.03767441860465119,0.004304395604395605,0.0046,0.004804340567612688,0.004986939942802669,0.02278590425531915,0.004970946579194001,0.08596673596673594,0.06529411764705888,0.004652197802197802,0.0048,0.005405172413793102,0.0074790249433106535,0.026979166666666887,0.009005434782608707,0.09860706860706861,0.1314999999999992,0.004930439560439559,0.00496,0.009770689655172405,0.009586507936507938,0.4611037234042553,0.3760416666666666,0.3856658336308461,0.46010638297872347,0.8837890625,0.375,0.46043882978723405,0.48809090909090913,2.1823440643863177,2.164156626506024,0.49419850053552306,2.1296875,2.130544747081712,0.475,2.130544747081712,2.1912976085030995,2.341172032193159,2.332078313253011,0.6820083682008362,2.31484375,2.3152723735408562,0.4875,2.3152723735408562,2.34564880425155,2.468234406438632,2.466415662650602,0.9364016736401676,2.46296875,2.4630544747081706,0.4975,2.4630544747081706,2.46912976085031,396.5378151260541,397.37815126050435,397.8319327731056,392.8235294117459,396.72268907563756,132750120.87394957,9656715.831932772,0,25797227.56302521,36052716.63865546,3815396532.705882,3007403119.865546,824519774.6554621,4331435739.428572,4225916033.07563,0,0,0,0,0,14.386554621848738,2.1512605042016806,4.386554621848739,0.5378151260504201,16.6890756302521,0,0,0,0,0,56629.78151260504,21142.588235294115,982644.1680672269,37423.32773109244,71654.18487394958,1577.8319327731092,268.8235294117647,2818.218487394958,1733.7647058823527,452.6554621848739,1780.252100840336,379.89915966386553,1909.764705882353,2102.6554621848736,556.5042016806723,0,0,0,0,0,0,0,0,0,0,0,0,0,0,0,0,0,0,0,0
1693106079,0.5397867842202314,0.40537962609690936,0.16184721622788104,0.01968039045894672,1.3637730513402633,0.6755425451065392,0.12474536081798959,0.2109971726378866,0.1946694970607443,0.05986351119447621,0,0.15463917525773183,0.09999000099990009,0.46450414182859795,0.28544922571897546,5.6373519004993105,4.397051623903092,0.9145414274924466,0.453813839250571,8.319538597824504,5.362186914177945,0.2802816290263121,0.6392289931214924,1.0982101921801122,1.043434752763699,0.0000499929877987722,0.29299814175257727,1.9419125687431342,2.6778225381280474,1.0345711149171009,4.520714317844447,4.029950400610453,1.2138541217091072,0.33456663780209384,6.595702393754729,4.391026543192508,0.3243379381267729,0.46419377980335064,0.9517175411858728,0.8181346529911805,0,0.10309278350515444,1.4998500149985037,1.3935124254857945,0.7136230642974375,50000,100000,50000,50000,50000,50000,10000,50000,50000,20000,50000,0,2703360,0,220594176,0,0,1081344,0,0,2973696,0,0,0,0,2297856,1209.7971301335972,1.5738267836703548,5.3409581355200695,5.195623081161929,157.10665551439837,1512.201987220987,1.646638762797461,23.67388276997088,22.841220988460698,3.950991738835455,0,0,288.72112788721125,1.2773863900286444,17.269678155998,0,0,0,0,0,0,0,0,0,0,0,0,0,0,0,224342016,72708096,10133504,439984128,111349760,349663232,38871040,10776576,310304768,93900800,4952064,3993600,305532928,14811136,134160384,204103680,66908160,9191424,199372800,105160704,330350592,35684352,9596928,292098048,82182144,4055040,2568192,294666240,13651968,35008512,0,0,0,0,0,0,0,0,0,0,0,0,0,0,0,205692928,72450048,9830400,424910848,108806144,333168640,38612992,10547200,296448000,91881472,4796416,2932736,296886272,14454784,38928384,187715584,69746688,9830400,211615744,108806144,333168640,37531648,10547200,296448000,88907776,4796416,2932736,296886272,14454784,36630528,1073741824,1073741824,314572800,0,1073741824,1073741824,1073741824,314572800,1073741824,0,0,0,1073741824,314572800,2147483648,10.444486837085082,0,3.6924626802124885,0,0,12.821427721877303,41169.01945822205,0,14012.995667695048,0,0,37950.28425985394,10.444486837085082,0,3.6924626802124885,0,0,12.821427721877303,41169.01945822205,0,14012.995667695048,0,0,37950.28425985394,87.22081484283072,50.93115124153499,485.7797059532417,21.22641509433962,34.66823253082794,38.941365175548036,16.534000992040063,59.76277372262774,55.51297772327816,94.40690277563779,0,0,0,0,0,0,0,0,0,0,99650.62360438728,121297.12189616253,1577778.7016951875,99337.24655026753,337800.4697592483,556482.2075684668,3004.582280274937,8920.50038417211,598467.7345187003,123181.35194030509,0,0,0,0,0,0,0,0,0,0,103.3277945873256,41.78423626787058,468.5667229051177,28.829907068431428,48.173810921902515,55.39713657696193,14.786120887167256,72.99270072992702,75.46494992846925,126.21337853007859,0,0,0,0,0,0,0,0,0,0,20793.199134308285,6768.105718585402,144130.17192897887,5980.023232892143,12457.09923664122,6601.764391374088,2780.735526844132,10338.263542066847,17735.055180870633,23977.922563888096,0,0,0,0,0,0,0,0,0,0,10,16,32,2,2,2,2,16,0,0,0,0,0.008026649746192892,0.0030899718837863166,0.03083270817704426,0.016923076923076923,0.0015219780219780218,0.003,0.0031135225375626043,0.003214966634890372,0.019986702127659576,0.004761949390815371,0.07016632016632018,0.03767441860465119,0.004304395604395605,0.0046,0.004804340567612688,0.004986939942802669,0.02278590425531915,0.004970946579194001,0.08596673596673594,0.06529411764705888,0.004652197802197802,0.0048,0.005405172413793102,0.0074790249433106535,0.026979166666666887,0.009005434782608707,0.09860706860706861,0.1314999999999992,0.004930439560439559,0.00496,0.009770689655172405,0.009586507936507938,0.4611037234042553,0.3760416666666666,0.3856658336308461,0.46010638297872347,0.8837890625,0.375,0.46043882978723405,0.48809090909090913,2.1823440643863177,2.164156626506024,0.49419850053552306,2.1296875,2.130544747081712,0.475,2.130544747081712,2.1912976085030995,2.341172032193159,2.332078313253011,0.6820083682008362,2.31484375,2.3152723735408562,0.4875,2.3152723735408562,2.34564880425155,2.468234406438632,2.466415662650602,0.9364016736401676,2.46296875,2.4630544747081706,0.4975,2.4630544747081706,2.46912976085031,396.4873949579713,397.47899159662654,397.8487394957966,392.756302521006,396.67226890757456,132750120.87394957,9656715.831932772,0,25797227.56302521,36052716.63865546,3744767931.1596637,3064143665.4789915,771171061.2436974,4423623688.6050415,4225919956.9747896,0,0,0,0,0,14.201680672268907,2.1512605042016806,4.386554621848739,0.5378151260504201,16.521008403361343,0,0,0,0,0,56087.663865546216,21142.588235294115,982644.1680672269,37423.32773109244,71051.8319327731,1564.6050420168067,267.7310924369748,2819.327731092437,1722.9243697478992,450.672268907563,1766.6890756302519,378.78991596638656,1910.3193277310925,2092.168067226891,554.5042016806723,0,0,0,0,0,0,0,0,0,0,0,0,0,0,0,0,0,0,0,0
1693106080,0.517696595282058,0.3805109223930678,0.16184721622788104,0.01968039045894672,1.6429680965467794,0.6755425451065392,0.12720168733256051,0.2109971726378866,0.19075048987589777,0.054035068759625035,0,0.15463917525773183,0.09999000099990009,0.49739598572180915,0.28544922571897546,5.811741717717308,4.404464204299774,0.9145414274924466,0.453813839250571,10.022735440315442,5.362186914177945,0.28580057732555164,0.6392289931214924,1.076101470995701,1.0957965660713842,0.0000499929877987722,0.29299814175257727,1.9419125687431342,2.7279276727719584,1.0345711149171009,4.676525910714595,3.9780687341093435,1.2138541217091072,0.33456663780209384,7.945991157844426,4.391026543192508,0.3307243870646573,0.46419377980335064,0.9325579505044009,0.9456137032934387,0,0.10309278350515444,1.4998500149985037,1.5214465445608287,0.7136230642974375,50000,100000,50000,50000,50000,50000,10000,50000,50000,20000,50000,0,2838528,0,220594176,0,0,1081344,0,0,2973696,0,0,0,0,2297856,1253.9646930922017,1.1415327671792035,5.3409581355200695,5.195623081161929,189.26992472218905,1512.201987220987,1.6790622727897972,23.67388276997088,22.381390812105376,5.349471807202874,0,0,288.72112788721125,1.9310667680964364,17.269678155998,0,0,0,0,0,0,0,0,0,0,0,0,0,0,0,224342016,72822784,10133504,439984128,111349760,349663232,38871040,10776576,310304768,93900800,4952064,3993600,305532928,14811136,134160384,204238848,66908160,9191424,199372800,105160704,330350592,35684352,9596928,292098048,82182144,4055040,2568192,294666240,13651968,35008512,0,0,0,0,0,0,0,0,0,0,0,0,0,0,0,205869056,72589312,9830400,424910848,108806144,333168640,38612992,10547200,296448000,91881472,4796416,2932736,296886272,14454784,38928384,187891712,69750784,9830400,211615744,108806144,333168640,37531648,10547200,296448000,88907776,4796416,2932736,296886272,14454784,36630528,1073741824,1073741824,314572800,0,1073741824,1073741824,1073741824,314572800,1073741824,0,0,0,1073741824,314572800,2147483648,10.187315149523497,0,3.765169945043788,0,0,12.821427721877303,39433.66137987097,0,14288.92170279104,0,0,37950.28425985394,10.187315149523497,0,3.765169945043788,0,0,12.821427721877303,39433.66137987097,0,14288.92170279104,0,0,37950.28425985394,88.9897395920883,50.93115124153499,485.7797059532417,21.22641509433962,34.66823253082794,38.941365175548036,16.534000992040063,59.76277372262774,55.51297772327816,94.40690277563779,0,0,0,0,0,0,0,0,0,0,101671.63722012102,121297.12189616253,1577778.7016951875,99337.24655026753,337800.4697592483,556482.2075684668,3004.582280274937,8920.50038417211,598467.7345187003,123181.35194030509,0,0,0,0,0,0,0,0,0,0,105.4233848826133,41.78423626787058,468.5667229051177,28.829907068431428,48.173810921902515,55.39713657696193,14.786120887167256,72.99270072992702,75.46494992846925,126.21337853007859,0,0,0,0,0,0,0,0,0,0,21214.905863730597,6768.105718585402,144130.17192897887,5980.023232892143,12457.09923664122,6601.764391374088,2780.735526844132,10338.263542066847,17735.055180870633,23977.922563888096,0,0,0,0,0,0,0,0,0,0,36,18,60,10,8,2,10,82,0,0,0,0,0.008026649746192892,0.0030899718837863166,0.03083270817704426,0.016923076923076923,0.0015219780219780218,0.003,0.0031135225375626043,0.0032203304957436163,0.019986702127659576,0.004761949390815371,0.07016632016632018,0.03767441860465119,0.004304395604395605,0.0046,0.004804340567612688,0.004996594892338509,0.02278590425531915,0.004970946579194001,0.08596673596673594,0.06529411764705888,0.004652197802197802,0.0048,0.005405172413793102,0.007538372093023268,0.026979166666666887,0.009005434782608707,0.09860706860706861,0.1314999999999992,0.004930439560439559,0.00496,0.009770689655172405,0.009600697674418611,0.4611037234042553,0.3760416666666666,0.3856658336308461,0.46010638297872347,0.8837890625,0.375,0.46043882978723405,0.4703296703296704,2.1823440643863177,2.164156626506024,0.49419850053552306,2.1296875,2.130544747081712,0.475,2.130544747081712,2.176350364963504,2.341172032193159,2.332078313253011,0.6820083682008362,2.31484375,2.3152723735408562,0.4875,2.3152723735408562,2.338175182481752,2.468234406438632,2.466415662650602,0.9364016736401676,2.46296875,2.4630544747081706,0.4975,2.4630544747081706,2.46763503649635,396.45378151260246,397.5294117647101,397.7647058823497,392.84033613446957,396.7226890756149,132750120.87394957,9656715.831932772,0,25797227.56302521,36052716.63865546,3744795260.773109,3007418884.3025208,771177601.0756302,4515806199.394958,4147657857.07563,0,0,0,0,0,14.235294117647058,2.1512605042016806,4.386554621848739,0.5378151260504201,16.42016806722689,0,0,0,0,0,56173.71428571428,21142.588235294115,982644.1680672269,37423.32773109244,70681.81512605042,1564.6218487394958,267.52941176470586,2818.2184873949577,1716.1008403361343,447.9663865546218,1766.6890756302519,378.63865546218483,1909.8319327731092,2085.8487394957983,551.8823529411764,0,0,0,0,0,0,0,0,0,0,0,0,0,0,0,0,0,0,0,0
1693106081,0.517696595282058,0.3805109223930678,0.16184721622788104,0,1.6429680965467794,0.6755425451065392,0.1111111111111112,0.2109971726378866,0.18683148269105126,0.054035068759625035,0,0.15463917525773183,0.09999000099990009,0.49739598572180915,0.28544922571897546,5.811741717717308,4.404464204299774,0.9145414274924466,0.37247892287435375,10.022735440315442,5.362186914177945,0.2496477866666666,0.6392289931214924,1.05399274981129,1.0957965660713842,0.0000499929877987722,0.29299814175257727,1.9419125687431342,2.7279276727719584,1.0345711149171009,4.676525910714595,3.9780687341093435,1.2138541217091072,0.2580354591917719,7.945991157844426,4.391026543192508,0.2888888888888891,0.46419377980335064,0.9133983598229287,0.9456137032934387,0,0.10309278350515444,1.4998500149985037,1.5214465445608287,0.7136230642974375,50000,100000,50000,50000,50000,50000,10000,50000,50000,20000,50000,0,2838528,0,220594176,0,0,1081344,0,0,2973696,0,0,0,0,2297856,1253.9646930922017,1.1415327671792035,5.3409581355200695,5.109102091997078,189.26992472218905,1512.201987220987,1.4666666666666666,23.67388276997088,21.92156063575005,5.349471807202874,0,0,288.72112788721125,1.9310667680964364,17.269678155998,0,0,0,0,0,0,0,0,0,0,0,0,0,0,0,224342016,72822784,10133504,439984128,111349760,349663232,38871040,10776576,310304768,93900800,4952064,3993600,305532928,14811136,134160384,204238848,66908160,9191424,199372800,105160704,330350592,35684352,9596928,292098048,82182144,4055040,2568192,294666240,13651968,35008512,0,0,0,0,0,0,0,0,0,0,0,0,0,0,0,205869056,72589312,9830400,424910848,108806144,333168640,38612992,10547200,296448000,91881472,4796416,2932736,296886272,14454784,38928384,187891712,69750784,9830400,211615744,108806144,333168640,37531648,10547200,296448000,88907776,4796416,2932736,296886272,14454784,36630528,1073741824,1073741824,314572800,0,1073741824,1073741824,1073741824,314572800,1073741824,0,0,0,1073741824,314572800,2147483648,10.187315149523497,0,3.2888888888888883,0,0,12.821427721877303,39433.66137987097,0,12481.422222222222,0,0,37950.28425985394,10.187315149523497,0,3.2888888888888883,0,0,12.821427721877303,39433.66137987097,0,12481.422222222222,0,0,37950.28425985394,106.13548495545469,50.93115124153499,485.7797059532417,21.066598384506154,34.66823253082794,38.941365175548036,16.534000992040063,60.10763418632831,55.51297772327816,94.40690277563777,0,0,0,0,0,0,0,0,0,0,121260.81694402419,121297.12189616253,1577778.7016951875,98817.36073930956,337800.4697592483,556482.2075684668,3004.582280274937,8969.705609808252,598467.7345187003,123181.35194030506,0,0,0,0,0,0,0,0,0,0,125.7354177172634,41.78423626787058,468.5667229051177,28.56211736772271,48.173810921902515,55.39713657696193,14.786120887167256,73.20550288687717,75.46494992846925,126.21337853007857,0,0,0,0,0,0,0,0,0,0,25302.40376533871,6768.105718585402,144130.17192897887,5918.66663562932,12457.09923664122,6601.764391374088,2780.735526844132,10356.493691638747,17735.055180870633,23977.922563888093,0,0,0,0,0,0,0,0,0,0,24,16,42,4,6,2,6,16,0,0,0,0,0.008026649746192892,0.0030899718837863166,0.03083270817704426,0.016923076923076923,0.0015219780219780218,0.003,0.0031135225375626043,0.003210526315789474,0.019986702127659576,0.004761949390815371,0.07016632016632018,0.03767441860465119,0.004304395604395605,0.0046,0.004804340567612688,0.004978947368421053,0.02278590425531915,0.004970946579194001,0.08596673596673594,0.06529411764705888,0.004652197802197802,0.0048,0.005405172413793102,0.007429976851851848,0.026979166666666887,0.009005434782608707,0.09860706860706861,0.1314999999999992,0.004930439560439559,0.00496,0.009770689655172405,0.009578587962962962,0.4611037234042553,0.3760416666666666,0.3856658336308461,0.46010638297872347,0.8837890625,0.375,0.46043882978723405,0.48754545454545456,2.1823440643863177,2.164156626506024,0.49419850053552306,2.1296875,2.130544747081712,0.475,2.130544747081712,2.190874777975133,2.341172032193159,2.332078313253011,0.6820083682008362,2.31484375,2.3152723735408562,0.4875,2.3152723735408562,2.3454373889875666,2.468234406438632,2.466415662650602,0.9364016736401676,2.46296875,2.4630544747081706,0.4975,2.4630544747081706,2.469087477797513,396.45378151259195,397.51260504202065,397.7983193277332,393.0084033613583,396.68907563025823,116156639.73109244,9656715.831932772,68.84033613445378,25797227.56302521,36052716.63865546,3674191510.588235,3064154129.210084,716747612.5042017,4607977145.008403,4225938750.3865542,0,0,0,0,0,14,1.2436974789915967,4.386554621848739,0.5378151260504201,16.26890756302521,0,0,0,0,0,55493.91596638655,11917.98319327731,982644.1680672269,37423.32773109244,70182.72268907563,1562.4537815126048,267.84873949579827,2817.5798319327732,1708.655462184874,445.5126050420168,1764.8235294117644,378.94117647058823,1910.1176470588234,2080.3025210084033,549.3781512605042,0,0,0,0,0,0,0,0,0,0,0,0,0,0,0,0,0,0,0,0
1693106082,0.3663474085286283,0.36001980108905973,0.16184721622788104,0,1.6429680965467794,0.6755425451065392,0.1263763616236647,0.2109971726378866,0.2443707453307731,0.0808963313513733,0,0.15463917525773183,0.09999000099990009,0.49739598572180915,0.28544922571897546,4.85953367107412,4.3770498019891075,0.9145414274924466,0.38011634369697317,10.022735440315442,5.362186914177945,0.28394621069700715,0.6392289931214924,1.6465368999825405,1.066271751001094,0.0000499929877987722,0.29299814175257727,1.9419125687431342,2.7279276727719584,1.0345711149171009,3.9077056909720445,3.982719049547724,1.2138541217091072,0.2633262965196874,7.945991157844426,4.391026543192508,0.32857854022152816,0.46419377980335064,1.5360446849362936,0.8696355620272633,0,0.10309278350515444,1.4998500149985037,1.5214465445608287,0.7136230642974375,50000,100000,50000,50000,50000,50000,10000,50000,50000,20000,50000,0,2838528,0,220594176,0,0,1081344,0,0,2973696,0,0,0,0,2297856,1152.5289472310662,0,5.3409581355200695,5.213860671089806,189.26992472218905,1512.201987220987,1.6681679734323724,23.67388276997088,160.13265840460812,4.004368401892974,0,0,288.72112788721125,1.9310667680964364,17.269678155998,0,0,0,0,0,0,0,0,0,0,0,0,0,0,0,224342016,72822784,10133504,439984128,111349760,349663232,38871040,10776576,310304768,93900800,4952064,3993600,305532928,14811136,134160384,204238848,66908160,9191424,199372800,105160704,330350592,35684352,9596928,289259520,82317312,4055040,2568192,294666240,13651968,35008512,0,0,0,0,0,0,0,0,0,0,0,0,0,0,0,205869056,72589312,9830400,424910848,108806144,333168640,38612992,10547200,293478400,91992064,4796416,2932736,296886272,14454784,38928384,187891712,69750784,9830400,211615744,108806144,333168640,37531648,10547200,293478400,89018368,4796416,2932736,296886272,14454784,36630528,1073741824,1073741824,314572800,0,1073741824,1073741824,1073741824,314572800,1073741824,0,0,0,1073741824,314572800,2147483648,9.810539579676883,0,3.7407403040604716,0,0,12.821427721877303,35690.92300076504,0,14196.210554998788,0,0,37950.28425985394,9.810539579676883,0,3.7407403040604716,0,0,12.821427721877303,35690.92300076504,0,14196.210554998788,0,0,37950.28425985394,106.13548495545469,50.93115124153499,485.7797059532417,21.066598384506154,34.66823253082794,38.941365175548036,16.534000992040063,60.10763418632831,55.51297772327816,94.40690277563777,0,0,0,0,0,0,0,0,0,0,121260.81694402419,121297.12189616253,1577778.7016951875,98817.36073930956,337800.4697592483,556482.2075684668,3004.582280274937,8969.705609808252,598467.7345187003,123181.35194030506,0,0,0,0,0,0,0,0,0,0,125.7354177172634,41.78423626787058,468.5667229051177,28.56211736772271,48.173810921902515,55.39713657696193,14.786120887167256,73.20550288687717,75.46494992846925,126.21337853007857,0,0,0,0,0,0,0,0,0,0,25302.40376533871,6768.105718585402,144130.17192897887,5918.66663562932,12457.09923664122,6601.764391374088,2780.735526844132,10356.493691638747,17735.055180870633,23977.922563888093,0,0,0,0,0,0,0,0,0,0,20,8,32,10,10,2,10,46,0,0,0,0,0.007997407482414627,0.003095419847328244,0.030788780120481928,0.016854066985645934,0.0015953757225433528,0.003,0.0031223021582733814,0.0032076107899807324,0.019861055752314827,0.00477175572519084,0.06960554371002133,0.0364772727272727,0.004319075144508671,0.0046,0.0048201438848920865,0.0049736994219653176,0.022708305653935192,0.004981297709923663,0.08565565031982941,0.061833333333333296,0.004659537572254335,0.0048,0.00577586206896553,0.007391587677725108,0.024986105575231492,0.009064583333333338,0.09849573560767591,0.1341249999999988,0.0049319075144508675,0.00496,0.009844827586206896,0.009563625592417054,0.4585665520267211,0.375,0.38572845293905517,0.45878378378378376,0.871975806451613,0.375,0.45600558659217877,0.49264157973174366,2.1810200909012156,2.16319018404908,0.4943112152902993,2.1262096774193546,2.1175324675324676,0.475,2.1185344827586206,2.1947380106571934,2.3405100454506074,2.3315950920245396,0.683718487394958,2.3131048387096773,2.3087662337662342,0.4875,2.30926724137931,2.3473690053285963,2.4681020090901216,2.466319018404908,0.9367436974789918,2.4626209677419353,2.461753246753247,0.4975,2.4618534482758623,2.4694738010657193,396.6386554621906,397.56302521008104,397.71428571428646,392.89075630251693,396.68907563026136,132750189.7142857,9656715.831932772,68.84033613445378,25797227.56302521,36052716.63865546,3815482927.327731,3064182216.067227,716739971.2268907,4700166195.630252,4147710726.453781,0,0,0,0,0,14.050420168067227,1.2436974789915967,4.386554621848739,0.5378151260504201,16.33613445378151,0,0,0,0,0,55674.621848739494,11917.98319327731,982644.1680672269,37423.32773109244,70363.42857142857,1557.2100840336136,266.90756302521004,2820.823529411765,1707.798319327731,446.01680672268907,1759.9159663865544,378,1912.3025210084033,2080.218487394958,549.9663865546219,0,0,0,0,0,0,0,0,0,0,0,0,0,0,0,0,0,0,0,0
1693106083,0.3741766271726076,0.36001980108905973,0.1415021219968351,0,1.6429680965467794,0.6755425451065392,0.12392003510909376,0.2109971726378866,0.2443707453307731,0.0808963313513733,0,0.15463917525773183,0.09999000099990009,0.49739598572180915,0.28544922571897546,4.963386873616006,4.3770498019891075,0.7995784892709378,0.458245249357164,10.022735440315442,5.362186914177945,0.27842726239776766,0.6392289931214924,1.6465368999825405,1.066271751001094,0.0000499929877987722,0.29299814175257727,1.9419125687431342,2.7279276727719584,1.0345711149171009,3.9912173565078235,3.982719049547724,1.0612659149762627,0.31745023967493124,7.945991157844426,4.391026543192508,0.32219209128364373,0.46419377980335064,1.5360446849362936,0.8696355620272633,0,0.10309278350515444,1.4998500149985037,1.5214465445608287,0.7136230642974375,50000,100000,50000,50000,50000,50000,10000,50000,50000,20000,50000,0,2838528,0,220594176,0,0,1081344,0,0,2973696,0,0,0,0,2297856,1177.1596690850254,0,4.669570025895554,6.285514745563633,189.26992472218905,1512.201987220987,1.635744463440036,23.67388276997088,160.13265840460812,4.004368401892974,0,0,288.72112788721125,1.9310667680964364,17.269678155998,0,0,0,0,0,0,0,0,0,0,0,0,0,0,0,224342016,72822784,10133504,439984128,111349760,349663232,38871040,10776576,310304768,93900800,4952064,3993600,305532928,14811136,134160384,204238848,66908160,9191424,199372800,105160704,330350592,35684352,9596928,289259520,82317312,4055040,2568192,294666240,13651968,35008512,0,0,0,0,0,0,0,0,0,0,0,0,0,0,0,205869056,72589312,9830400,424910848,108806144,333168640,38612992,10547200,293478400,91992064,4796416,2932736,296886272,14454784,38928384,187891712,69750784,9830400,211615744,108806144,333168640,37531648,10547200,293478400,89018368,4796416,2932736,296886272,14454784,36630528,1073741824,1073741824,314572800,0,1073741824,1073741824,1073741824,314572800,1073741824,0,0,0,1073741824,314572800,2147483648,9.810539579676883,0,3.668033039229172,0,0,12.821427721877303,35690.92300076504,0,13920.284519902794,0,0,37950.28425985394,9.810539579676883,0,3.668033039229172,0,0,12.821427721877303,35690.92300076504,0,13920.284519902794,0,0,37950.28425985394,106.13548495545469,50.93115124153499,485.7797059532417,21.066598384506154,34.66823253082794,38.941365175548036,16.534000992040063,60.10763418632831,55.51297772327816,94.40690277563777,0,0,0,0,0,0,0,0,0,0,121260.81694402419,121297.12189616253,1577778.7016951875,98817.36073930956,337800.4697592483,556482.2075684668,3004.582280274937,8969.705609808252,598467.7345187003,123181.35194030506,0,0,0,0,0,0,0,0,0,0,125.7354177172634,41.78423626787058,468.5667229051177,28.56211736772271,48.173810921902515,55.39713657696193,14.786120887167256,73.20550288687717,75.46494992846925,126.21337853007857,0,0,0,0,0,0,0,0,0,0,25302.40376533871,6768.105718585402,144130.17192897887,5918.66663562932,12457.09923664122,6601.764391374088,2780.735526844132,10356.493691638747,17735.055180870633,23977.922563888093,0,0,0,0,0,0,0,0,0,0,29.681,18,42,11.16,11.309,2,12.108,52.37,0,0,0,0,0.007997409904086651,0.003095419847328244,0.030788780120481928,0.016854066985645934,0.0015505617977528087,0.003,0.003117039586919105,0.0032076812476313932,0.0198610714537037,0.00477175572519084,0.06960554371002133,0.0364772727272727,0.004310112359550562,0.0046,0.00481067125645439,0.004973826245736507,0.02270831350462963,0.004981297709923663,0.08565565031982941,0.061833333333333296,0.004655056179775281,0.0048,0.0055603448275862045,0.007392420141438908,0.02498610714537037,0.009064583333333338,0.09849573560767591,0.1341249999999988,0.004931011235955057,0.00496,0.009801724137931036,0.009563788642654576,0.4585646320199275,0.375,0.38572845293905517,0.45878378378378376,0.877016129032258,0.375,0.45889945652173914,0.4924609042048532,2.1810191000871173,2.16319018404908,0.4943112152902993,2.1262096774193546,2.125609756097561,0.475,2.1265182186234814,2.1946043546725975,2.3405095500435587,2.3315950920245396,0.683718487394958,2.3131048387096773,2.3128048780487807,0.4875,2.313259109311741,2.347302177336299,2.468101910008712,2.466319018404908,0.9367436974789918,2.4626209677419353,2.4625609756097564,0.4975,2.462651821862348,2.46946043546726,396.6554621848688,397.5462184874156,397.6974789915981,392.9075630252018,396.6050420168016,132750189.7142857,9656715.831932772,68.84033613445378,25797227.56302521,36052716.63865546,3674189514.2184873,3064174918.9915967,771729838.2521008,4700286046.655462,4147723117.7142854,0,0,0,0,0,14.084033613445378,2.033613445378151,4.386554621848739,0.5042016806722689,16.18487394957983,0,0,0,0,0,55769.277310924364,20523.025210084033,982644.1680672269,37251.2268907563,69855.73109243697,1558.1008403361345,267.2941176470588,2820.90756302521,1704.5210084033613,444.63865546218483,1760.8907563025211,378.4033613445378,1912.4705882352941,2078.0336134453783,548.672268907563,0,0,0,0,0,0,0,0,0,0,0,0,0,0,0,0,0,0,0,0
1693106084,0.38200584581658686,0.36001980108905973,0.13880466839303707,0,1.6429680965467794,0.6755425451065392,0.12146370859452284,0.2109971726378866,0.2443707453307731,0.0808963313513733,0,0.15463917525773183,0.09999000099990009,0.49739598572180915,0.26424068551583585,5.067240076157892,4.3770498019891075,0.7843361321460636,0.458245249357164,10.022735440315442,5.362186914177945,0.2729083140985281,0.6392289931214924,1.6465368999825405,1.066271751001094,0.0000499929877987722,0.29299814175257727,1.9419125687431342,2.7279276727719584,1.0299398625948437,4.074729022043604,3.982719049547724,1.0410350129477774,0.31745023967493124,7.945991157844426,4.391026543192508,0.31580564234575936,0.46419377980335064,1.5360446849362936,0.8696355620272633,0,0.10309278350515444,1.4998500149985037,1.5214465445608287,0.7360990525083994,50000,100000,50000,50000,50000,50000,10000,50000,50000,20000,50000,0,2838528,0,220594176,0,0,1081344,0,0,2973696,0,0,0,0,2297856,1201.7903909389843,0,4.580554056970219,6.285514745563633,189.26992472218905,1512.201987220987,1.6033209534476998,23.67388276997088,160.13265840460812,4.004368401892974,0,0,288.72112788721125,1.9310667680964364,14.948473066324414,0,0,0,0,0,0,0,0,0,0,0,0,0,0,0,224342016,72822784,10133504,439984128,111349760,349663232,38871040,10776576,310304768,93900800,4952064,3993600,305532928,14811136,134160384,204238848,66908160,9191424,199372800,105160704,330350592,35684352,9596928,289259520,82317312,4055040,2568192,294666240,13651968,35008512,0,0,0,0,0,0,0,0,0,0,0,0,0,0,0,205869056,72589312,9830400,424910848,108806144,333168640,38612992,10547200,293478400,91992064,4796416,2932736,296886272,14454784,39051264,187891712,69750784,9830400,211615744,108806144,333168640,37531648,10547200,293478400,89018368,4796416,2932736,296886272,14454784,36753408,1073741824,1073741824,314572800,0,1073741824,1073741824,1073741824,314572800,1073741824,0,0,0,1073741824,314572800,2147483648,9.810539579676883,0,3.5953257743978724,0,0,12.796798912838325,35690.92300076504,0,13644.358484806802,0,0,37881.54467555019,9.810539579676883,0,3.5953257743978724,0,0,12.796798912838325,35690.92300076504,0,13644.358484806802,0,0,37881.54467555019,88.99504636633607,50.93115124153499,484.67959484908636,21.066598384506154,34.66823253082794,38.941365175548036,16.534000992040063,60.10763418632831,55.24453153117128,94.40690277563777,0,0,0,0,0,0,0,0,0,0,101677.70026096822,121297.12189616253,1577482.8218048557,98817.36073930956,337800.4697592483,556482.2075684668,3004.582280274937,8969.705609808252,599957.0120366298,123181.35194030506,0,0,0,0,0,0,0,0,0,0,105.42967165349918,41.78423626787058,466.10169491525426,28.56211736772271,48.173810921902515,55.39713657696193,14.786120887167256,73.20550288687717,75.11896668932701,126.21337853007857,0,0,0,0,0,0,0,0,0,0,21216.170983918866,6768.105718585402,142125.79528681224,5918.66663562932,12457.09923664122,6601.764391374088,2780.735526844132,10356.493691638747,17645.599232214983,23977.922563888093,0,0,0,0,0,0,0,0,0,0,24,18,44,14,14,2,14,84,0,0,0,0,0.007997411518547768,0.003095419847328244,0.030788780120481928,0.016854066985645934,0.0015505617977528087,0.003,0.003117039586919105,0.0032076107899807324,0.019861081921296295,0.00477175572519084,0.06960554371002133,0.0364772727272727,0.004310112359550562,0.0046,0.00481067125645439,0.0049736994219653176,0.02270831873842592,0.004981297709923663,0.08565565031982941,0.061833333333333296,0.004655056179775281,0.0048,0.0055603448275862045,0.007391587677725108,0.02498610819212962,0.009064583333333338,0.09849573560767591,0.1341249999999988,0.004931011235955057,0.00496,0.009801724137931036,0.009563625592417054,0.45856335201539844,0.375,0.38572845293905517,0.45878378378378376,0.877016129032258,0.375,0.45889945652173914,0.49264157973174366,2.18101843953793,2.16319018404908,0.4943112152902993,2.1262096774193546,2.125609756097561,0.475,2.1265182186234814,2.1947380106571934,2.3405092197689648,2.3315950920245396,0.683718487394958,2.3131048387096773,2.3128048780487807,0.4875,2.313259109311741,2.3473690053285963,2.468101843953793,2.466319018404908,0.9367436974789918,2.4626209677419353,2.4625609756097564,0.4975,2.462651821862348,2.4694738010657193,396.5546218487485,397.66386554620584,397.6302521008456,392.7899159663767,396.6050420168057,132750052.03361344,9656715.831932772,68.84033613445378,25797227.56302521,36052716.63865546,3603551481.5462184,3064188411.697479,717338400.2689075,4608137749.512605,4147727248.134454,0,0,0,0,0,14.100840336134453,2.033613445378151,4.386554621848739,0.5042016806722689,16.319327731092436,0,0,0,0,0,55829.512605042015,20523.025210084033,982644.1680672269,37251.2268907563,70191.32773109243,1557.7142857142856,267.79831932773106,2820.18487394958,1705.1596638655462,445.3949579831932,1760.3025210084033,378.84033613445376,1912.873949579832,2077.714285714286,549.5126050420168,0,0,0,0,0,0,0,0,0,0,0,0,0,0,0,0,0,0,0,0
1693106085,0.3898350644605662,0.36001980108905973,0.13610721478923907,0,1.6429680965467794,0.6755425451065392,0.19774178877222118,0.2109971726378866,0.2779024776074732,0.0808963313513733,0,0.15463917525773183,0.09999000099990009,0.49739598572180915,0.26424068551583585,5.171093278699779,4.3770498019891075,0.7690937750211896,0.458245249357164,10.022735440315442,5.362186914177945,0.3319458938917561,0.6392289931214924,1.743744663203567,1.066271751001094,0.0000499929877987722,0.29299814175257727,1.9419125687431342,2.7279276727719584,1.0299398625948437,4.158240687579383,3.982719049547724,1.0208041109192927,0.31745023967493124,7.945991157844426,4.391026543192508,0.3559352197899985,0.46419377980335064,1.6460377519827343,0.8696355620272633,0,0.10309278350515444,1.4998500149985037,1.5214465445608287,0.7360990525083994,50000,100000,50000,50000,50000,50000,10000,50000,50000,20000,50000,0,2838528,0,220594176,0,0,1081344,0,0,2973696,0,0,0,0,2297856,1226.4211127929432,0,4.491538088044885,6.285514745563633,189.26992472218905,1512.201987220987,1.30509580589666,23.67388276997088,196.1136407362278,4.004368401892974,0,0,288.72112788721125,1.9310667680964364,14.948473066324414,0,0,0,0,0,0,0,0,0,0,0,0,0,0,0,224342016,72822784,10133504,439984128,111349760,349663232,38916096,10776576,310304768,93900800,4952064,3993600,305532928,14811136,134160384,204238848,66908160,9191424,199372800,105160704,330350592,35684352,9596928,289259520,82317312,4055040,2568192,294666240,13651968,35008512,0,0,0,0,0,0,0,0,0,0,0,0,0,0,0,205869056,72589312,9830400,424910848,108806144,333168640,38658048,10547200,293478400,91992064,4796416,2932736,296886272,14454784,39051264,187891712,69750784,9830400,211615744,108806144,333168640,37576704,10547200,293478400,89018368,4796416,2932736,296886272,14454784,36753408,1073741824,1073741824,314572800,0,1073741824,1073741824,1073741824,314572800,1073741824,0,0,0,1073741824,314572800,2147483648,9.810539579676883,0,4.4689644262521995,0,0,12.796798912838325,35690.92300076504,0,16907.71390718,0,0,37881.54467555019,9.810539579676883,0,4.4689644262521995,0,0,12.796798912838325,35690.92300076504,0,16907.71390718,0,0,37881.54467555019,87.2261216170785,50.93115124153499,484.67959484908636,21.066598384506154,34.66823253082794,38.88600103962574,14.09638404022749,60.90265202741421,55.24453153117128,94.40690277563777,0,0,0,0,0,0,0,0,0,0,99656.6866452345,121297.12189616253,1577482.8218048557,98817.36073930956,337800.4697592483,550854.2324763086,2561.615045481625,9090.907007128613,599957.0120366298,123181.35194030506,0,0,0,0,0,0,0,0,0,0,103.33408135821146,41.78423626787058,466.10169491525426,28.56211736772271,48.173810921902515,55.02019273061698,12.606194870260584,73.8762692827836,75.11896668932701,126.21337853007857,0,0,0,0,0,0,0,0,0,0,20794.464254496554,6768.105718585402,142125.79528681224,5918.66663562932,12457.09923664122,6648.026710384262,2370.770143268431,10467.737868751003,17645.599232214983,23977.922563888093,0,0,0,0,0,0,0,0,0,0,38,24,64,14,12,2,14,112,0,0,0,0,0.007997412671740697,0.003095419847328244,0.030788780120481928,0.016854066985645934,0.0015505617977528087,0.003,0.003117039586919105,0.0032123893805309734,0.019861089398148155,0.00477175572519084,0.06960554371002133,0.0364772727272727,0.004310112359550562,0.0046,0.00481067125645439,0.004982300884955754,0.02270832247685186,0.004981297709923663,0.08565565031982941,0.061833333333333296,0.004655056179775281,0.0048,0.0055603448275862045,0.0074423543689320325,0.02498610893981482,0.009064583333333338,0.09849573560767591,0.1341249999999988,0.004931011235955057,0.00496,0.009801724137931036,0.009566140776699029,0.4585624377264493,0.375,0.38572845293905517,0.45878378378378376,0.877016129032258,0.375,0.45889945652173914,0.4749436936936937,2.1810179677139203,2.16319018404908,0.4943112152902993,2.1262096774193546,2.125609756097561,0.475,2.1265182186234814,2.180501460564752,2.34050898385696,2.3315950920245396,0.683718487394958,2.3131048387096773,2.3128048780487807,0.4875,2.313259109311741,2.3402507302823756,2.4681017967713914,2.466319018404908,0.9367436974789918,2.4626209677419353,2.4625609756097564,0.4975,2.462651821862348,2.4680501460564757,396.4369747899267,397.7310924369782,397.6134453781559,392.77310924369425,396.5882352941251,132750120.87394957,9656715.831932772,68.84033613445378,25797227.56302521,36052716.63865546,3603629339.9663863,3064184143.5966387,717321672.0672269,4700487266.957983,4225964565.5126047,0,0,0,0,0,14.100840336134453,2.033613445378151,4.386554621848739,0.6050420168067226,16.252100840336134,0,0,0,0,0,55881.142857142855,20523.025210084033,982644.1680672269,43928.73949579832,69976.20168067227,1561.7142857142856,267.29411764705884,2821.9663865546213,1708.9915966386554,445.2100840336134,1764.941176470588,378.28571428571433,1914.3697478991596,2082.571428571429,549.4117647058823,0,0,0,0,0,0,0,0,0,0,0,0,0,0,0,0,0,0,0,0
1693106086,0.39766428310454555,0.36001980108905973,0.13340976118544107,0,1.6429680965467794,0.6755425451065392,0.19774178877222118,0.2109971726378866,0.2779024776074732,0.0808963313513733,0,0.15463917525773183,0.09999000099990009,0.49739598572180915,0.26424068551583585,5.274946481241666,4.3770498019891075,0.7538514178963155,0.458245249357164,10.022735440315442,5.362186914177945,0.3319458938917561,0.6392289931214924,1.743744663203567,1.066271751001094,0.0000499929877987722,0.29299814175257727,1.9419125687431342,2.7279276727719584,1.0299398625948437,4.241752353115164,3.982719049547724,1.0005732088908075,0.31745023967493124,7.945991157844426,4.391026543192508,0.3559352197899985,0.46419377980335064,1.6460377519827343,0.8696355620272633,0,0.10309278350515444,1.4998500149985037,1.5214465445608287,0.7360990525083994,50000,100000,50000,50000,50000,50000,10000,50000,50000,20000,50000,0,2838528,0,220594176,0,0,1081344,0,0,2973696,0,0,0,0,2297856,1251.0518346469023,0,4.402522119119551,6.285514745563633,189.26992472218905,1512.201987220987,1.30509580589666,23.67388276997088,196.1136407362278,4.004368401892974,0,0,288.72112788721125,1.9310667680964364,14.948473066324414,0,0,0,0,0,0,0,0,0,0,0,0,0,0,0,224342016,72822784,10133504,439984128,111349760,349663232,38916096,10776576,310304768,93900800,4952064,3993600,305532928,14811136,134160384,204238848,66908160,9191424,199372800,105160704,330350592,35684352,9596928,289259520,82317312,4055040,2568192,294666240,13651968,35008512,0,0,0,0,0,0,0,0,0,0,0,0,0,0,0,205869056,72589312,9830400,424910848,108806144,333168640,38658048,10547200,293478400,91992064,4796416,2932736,296886272,14454784,39051264,187891712,69750784,9830400,211615744,108806144,333168640,37576704,10547200,293478400,89018368,4796416,2932736,296886272,14454784,36753408,1073741824,1073741824,314572800,0,1073741824,1073741824,1073741824,314572800,1073741824,0,0,0,1073741824,314572800,2147483648,9.810539579676883,0,4.4689644262521995,0,0,12.796798912838325,35690.92300076504,0,16907.71390718,0,0,37881.54467555019,9.810539579676883,0,4.4689644262521995,0,0,12.796798912838325,35690.92300076504,0,16907.71390718,0,0,37881.54467555019,101.72166725509335,50.93115124153499,484.67959484908636,21.066598384506154,34.66823253082794,38.88600103962574,13.82081735702682,60.90265202741421,55.24453153117128,94.40690277563777,0,0,0,0,0,0,0,0,0,0,120168.05466137774,121297.12189616253,1577482.8218048557,98817.36073930956,337800.4697592483,550854.2324763086,2511.5386741437096,9090.907007128613,599957.0120366298,123181.35194030506,0,0,0,0,0,0,0,0,0,0,120.95283587049074,41.78423626787058,466.10169491525426,28.56211736772271,48.173810921902515,55.02019273061698,12.359759522141129,73.8762692827836,75.11896668932701,126.21337853007857,0,0,0,0,0,0,0,0,0,0,24166.51782932857,6768.105718585402,142125.79528681224,5918.66663562932,12457.09923664122,6648.026710384262,2324.4245511543622,10467.737868751003,17645.599232214983,23977.922563888093,0,0,0,0,0,0,0,0,0,0,40,18,52,14,14,2,14,84,0,0,0,0,0.007997413536638902,0.003095419847328244,0.030788780120481928,0.016854066985645934,0.0015505617977528087,0.003,0.003117039586919105,0.0032065613608748475,0.01986109500578704,0.00477175572519084,0.06960554371002133,0.0364772727272727,0.004310112359550562,0.0046,0.00481067125645439,0.004971810449574726,0.02270832528067129,0.004981297709923663,0.08565565031982941,0.061833333333333296,0.004655056179775281,0.0048,0.0055603448275862045,0.007374100719424448,0.024986109500578706,0.009064583333333338,0.09849573560767591,0.1341249999999988,0.004931011235955057,0.00496,0.009801724137931036,0.009551558752997596,0.45856175200973726,0.375,0.38572845293905517,0.45878378378378376,0.877016129032258,0.375,0.45889945652173914,0.48863636363636365,2.1810176138441837,2.16319018404908,0.4943112152902993,2.1262096774193546,2.125609756097561,0.475,2.1265182186234814,2.191715708465369,2.340508806922091,2.3315950920245396,0.683718487394958,2.3131048387096773,2.3128048780487807,0.4875,2.313259109311741,2.3458578542326842,2.468101761384419,2.466319018404908,0.9367436974789918,2.4626209677419353,2.4625609756097564,0.4975,2.462651821862348,2.469171570846537,396.47058823529665,397.6134453781712,397.4957983193328,392.73949579831543,396.4537815126043,132750120.87394957,9656715.831932772,68.84033613445378,25797227.56302521,36052578.95798319,3603622868.9747896,3064190545.747899,717311139.4957982,4792655458.957983,4225957956.840336,0,0,0,0,0,14.117647058823529,2.033613445378151,4.386554621848739,0.6050420168067226,16,0,0,0,0,0,55906.95798319327,20523.025210084033,982644.1680672269,43928.73949579832,67351.66386554622,1556.941176470588,264.01680672268907,2823.5798319327732,1709.6302521008402,444.68907563025203,1759.9495798319326,375.3613445378151,1915.4789915966385,2084.218487394958,548.9411764705882,0,0,0,0,0,0,0,0,0,0,0,0,0,0,0,0,0,0,0,0
1693106087,0.40549350174852494,0.36001980108905973,0.14648526907512877,0,1.6429680965467794,0.6755425451065392,0.19774178877222118,0.20099348206850995,0.2779024776074732,0.0808963313513733,0,0.15463917525773183,0.09019897894755839,0.49739598572180915,0.26424068551583585,5.3787996837835514,4.3770498019891075,0.9222584732572829,0.458245249357164,10.022735440315442,5.362186914177945,0.3319458938917561,0.6484585723720105,1.743744663203567,1.066271751001094,0,0.29299814175257727,1.941584545306951,2.7279276727719584,1.0299398625948437,4.325264018650943,3.982719049547724,1.1901928112354199,0.31745023967493124,7.945991157844426,4.391026543192508,0.3559352197899985,0.5168403824618828,1.6460377519827343,0.8696355620272633,0,0.10309278350515444,1.4612234589504487,1.5214465445608287,0.7360990525083994,50000,100000,50000,50000,50000,50000,10000,50000,50000,20000,50000,0,2838528,0,220594176,0,0,1081344,0,0,2973696,0,0,0,0,2297856,1275.6825565008614,0,3.6255104096094337,6.285514745563633,189.26992472218905,1512.201987220987,1.30509580589666,32.216383840124045,196.1136407362278,4.004368401892974,0,0,240.50655746576948,1.9310667680964364,14.948473066324414,0,0,0,0,0,0,0,0,0,0,0,0,0,0,0,224342016,72822784,10133504,439984128,111349760,349663232,38916096,10776576,310304768,93900800,4952064,3993600,305532928,14811136,134160384,204238848,66908160,9191424,199372800,105160704,330350592,35684352,9596928,289259520,82317312,4055040,2568192,294531072,13651968,35008512,0,0,0,0,0,0,0,0,0,0,0,0,0,0,0,205869056,72589312,9846784,424910848,108806144,333168640,38658048,10547200,293478400,91992064,4796416,2932736,296968192,14454784,39051264,187891712,69750784,9846784,211615744,108806144,333168640,37576704,10547200,293478400,89018368,4796416,2932736,296968192,14454784,36753408,1073741824,1073741824,314572800,0,1073741824,1073741824,1073741824,314572800,1073741824,0,0,0,1073741824,314572800,2147483648,9.810539579676883,0,4.4689644262521995,0,0,12.796798912838325,35690.92300076504,0,16907.71390718,0,0,37881.54467555019,9.810539579676883,0,4.4689644262521995,0,0,12.796798912838325,35690.92300076504,0,16907.71390718,0,0,37881.54467555019,101.72166725509335,50.93115124153499,484.67959484908636,21.066598384506154,34.66823253082794,38.88600103962574,13.243781344032096,60.90265202741421,55.24453153117128,94.40690277563777,0,0,0,0,0,0,0,0,0,0,120168.05466137774,121297.12189616253,1577482.8218048557,98817.36073930956,337800.4697592483,550854.2324763086,2413.239643931795,9090.907007128613,599957.0120366298,123181.35194030506,0,0,0,0,0,0,0,0,0,0,120.95283587049074,41.78423626787058,466.10169491525426,28.56211736772271,48.173810921902515,55.02019273061698,11.895962888665997,73.8762692827836,75.11896668932701,126.21337853007857,0,0,0,0,0,0,0,0,0,0,24166.51782932857,6768.105718585402,142125.79528681224,5918.66663562932,12457.09923664122,6648.026710384262,2230.37584002006,10467.737868751003,17645.599232214983,23977.922563888093,0,0,0,0,0,0,0,0,0,0,54,22,60,12,12,2,14,134,0,0,0,0,0.00802225838356816,0.003093808630393996,0.030958549222797928,0.016631205673758864,0.0016647398843930637,0.003,0.0031172161172161174,0.0032033650329188,0.019952017819803203,0.0047688555347091925,0.06960167714884699,0.030789473684210495,0.004332947976878613,0.0046,0.004810989010989011,0.00496605705925384,0.022794274592558415,0.004978236397748593,0.08553459119496852,0.05269230769230749,0.004666473988439306,0.0048,0.005553571428571426,0.007330487804878046,0.031149894305555016,0.009045833333333341,0.09828092243186583,0.0997692307692307,0.004933294797687861,0.00496,0.009682142857142846,0.00953439024390244,0.459700897465088,0.375,0.3858598498391133,0.45901639344262296,0.8628048780487806,0.375,0.45294943820224715,0.4906646751306946,2.1817156110216946,2.1638554216867467,0.49454772971040406,2.126829268292683,2.108371040723982,0.475,2.109459459459459,2.1932095971027614,2.3408578055108467,2.3319277108433734,0.6872427983539088,2.3134146341463415,2.3041855203619908,0.4875,2.30472972972973,2.3466047985513807,2.468171561102169,2.4663855421686742,0.9374485596707821,2.462682926829268,2.460837104072398,0.4975,2.4609459459459457,2.469320959710276,396.5210084033531,397.6302521008544,397.4789915966353,392.6554621848758,396.4873949579704,132750120.87394957,9656715.831932772,68.84033613445378,25797227.56302521,36052578.95798319,3532959778.420168,3064203005.848739,717297440.2689075,4700663773.579832,4304185017.008403,0,0,0,0,0,14.235294117647058,2.033613445378151,4.403361344537815,0.6050420168067226,16.319327731092436,0,0,0,0,0,56242.554621848736,20523.025210084033,982713.0084033613,43928.73949579832,70380.63865546219,1557.7142857142858,266.57142857142856,2823.81512605042,1705.0756302521006,444.8907563025209,1759.9495798319326,377.6638655462185,1915.0252100840335,2078.974789915966,549.1596638655461,0,0,0,0,0,0,0,0,0,0,0,0,0,0,0,0,0,0,0,0
1693106088,0.4697531186387592,0.36001980108905973,0.14648526907512877,0,1.6429680965467794,0.6755425451065392,0.19774178877222118,0.20099348206850995,0.2779024776074732,0.0808963313513733,0,0.15152089094283866,0.09019897894755839,0.5650401582112443,0.26424068551583585,6.231192152513173,4.3770498019891075,0.9222584732572829,0.458245249357164,10.022735440315442,5.362186914177945,0.3319458938917561,0.6484585723720105,1.743744663203567,1.066271751001094,0,0.29316971097390065,1.941584545306951,2.732988170480688,1.0299398625948437,5.0106999321467764,3.982719049547724,1.1901928112354199,0.31745023967493124,7.945991157844426,4.391026543192508,0.3559352197899985,0.5168403824618828,1.6460377519827343,0.8696355620272633,0,0.09470055683927409,1.4612234589504487,1.392420389877708,0.7360990525083994,50000,100000,50000,50000,50000,50000,10000,50000,50000,20000,50000,0,2838528,0,220594176,0,0,1081344,0,0,2973696,0,0,0,0,2297856,1477.8433112375385,0,3.6255104096094337,6.285514745563633,189.26992472218905,1512.201987220987,1.30509580589666,32.216383840124045,196.1136407362278,4.004368401892974,0,0,240.50655746576948,10.655042983412034,14.948473066324414,0,0,0,0,0,0,0,0,0,0,0,0,0,0,0,224342016,72822784,10133504,439984128,111349760,349663232,38916096,10776576,310304768,93900800,4952064,3993600,305532928,15650816,134160384,204238848,66908160,9191424,199372800,105160704,330350592,35684352,9596928,289259520,82317312,4055040,2568192,294531072,14462976,35008512,0,0,0,0,0,0,0,0,0,0,0,0,0,0,0,205869056,72589312,9846784,424910848,108806144,333168640,38658048,10547200,293478400,91992064,4796416,2924544,296968192,15384576,39051264,187891712,69750784,9846784,211615744,108806144,333168640,37576704,10547200,293478400,89018368,4796416,2924544,296968192,15384576,36753408,1073741824,1073741824,314572800,0,1073741824,1073741824,1073741824,314572800,1073741824,0,0,0,1073741824,314572800,2147483648,9.810539579676883,0,4.4689644262521995,0,0,12.796798912838325,35690.92300076504,0,16907.71390718,0,0,37881.54467555019,9.810539579676883,0,4.4689644262521995,0,0,12.796798912838325,35690.92300076504,0,16907.71390718,0,0,37881.54467555019,101.72166725509335,50.93115124153499,484.67959484908636,21.066598384506154,34.66823253082794,38.88600103962574,17.233136300417247,60.90265202741421,55.24453153117128,94.40690277563777,0,0,0,0,0,0,0,0,0,0,120168.05466137774,121297.12189616253,1577482.8218048557,98817.36073930956,337800.4697592483,550854.2324763086,3128.3683936022258,9090.907007128613,599957.0120366298,123181.35194030506,0,0,0,0,0,0,0,0,0,0,120.95283587049074,41.78423626787058,466.10169491525426,28.56211736772271,48.173810921902515,55.02019273061698,15.1903685674548,73.8762692827836,75.11896668932701,126.21337853007857,0,0,0,0,0,0,0,0,0,0,24166.51782932857,6768.105718585402,142125.79528681224,5918.66663562932,12457.09923664122,6648.026710384262,2874.956536856746,10467.737868751003,17645.599232214983,23977.922563888093,0,0,0,0,0,0,0,0,0,0,22,20,50,2,2,2,2,42,0,0,0,0,0.008022258945223033,0.003093808630393996,0.030958549222797928,0.016631205673758864,0.0015802816901408446,0.003,0.0031107266435986157,0.0032033650329188,0.01995202129612547,0.0047688555347091925,0.06960167714884699,0.030789473684210495,0.00432507042253521,0.0046,0.004799307958477508,0.00496605705925384,0.02279427633071956,0.004978236397748593,0.08553459119496852,0.05269230769230749,0.004668169014084507,0.0048,0.005267857142857142,0.007330487804878046,0.031149925708334334,0.009045833333333341,0.09828092243186583,0.0997692307692307,0.004942647887323944,0.00496,0.009625000000000002,0.00953439024390244,0.4597004684653917,0.375,0.3858598498391133,0.45901639344262296,0.875,0.375,0.45833333333333337,0.4906646751306946,2.1817153926505766,2.1638554216867467,0.49454772971040406,2.126829268292683,2.124074074074074,0.475,2.125,2.1932095971027614,2.3408576963252883,2.3319277108433734,0.6872427983539088,2.3134146341463415,2.312037037037037,0.4875,2.3125,2.3466047985513807,2.468171539265058,2.4663855421686742,0.9374485596707821,2.462682926829268,2.462407407407408,0.4975,2.4625,2.469320959710276,396.4201680672264,397.69747899158426,397.5126050420215,392.605042016804,396.4873949579792,132750120.87394957,9656715.831932772,68.84033613445378,25797227.56302521,36052578.95798319,3533002390.5882354,3177635977.680672,717292277.2436974,4792841121.344538,4225936616.3361344,0,0,0,0,0,14.26890756302521,2.033613445378151,4.403361344537815,0.6050420168067226,16.33613445378151,0,0,0,0,0,54220.36974789916,20523.025210084033,982713.0084033613,43928.73949579832,70208.53781512605,1564.3865546218487,266.8235294117647,2823.0588235294117,1712.3361344537814,446.05042016806715,1766.7899159663864,377.83193277310926,1915.1428571428569,2087.327731092437,550.3193277310925,0,0,0,0,0,0,0,0,0,0,0,0,0,0,0,0,0,0,0,0
1693106089,0.4697531186387592,0.36001980108905973,0.14648526907512877,0,1.6429680965467794,0.6755425451065392,0.19774178877222118,0.20099348206850995,0.2779024776074732,0.0808963313513733,0,0.15152089094283866,0.09019897894755839,0.5650401582112443,0.26424068551583585,6.231192152513173,4.3770498019891075,0.9222584732572829,0.3855465499018556,10.022735440315442,5.362186914177945,0.3319458938917561,0.6484585723720105,1.743744663203567,1.066271751001094,0,0.29316971097390065,1.941584545306951,2.732988170480688,1.0299398625948437,5.0106999321467764,3.982719049547724,1.1901928112354199,0.26708808185983535,7.945991157844426,4.391026543192508,0.3559352197899985,0.5168403824618828,1.6460377519827343,0.8696355620272633,0,0.09470055683927409,1.4612234589504487,1.392420389877708,0.7360990525083994,50000,100000,50000,50000,50000,50000,10000,50000,50000,20000,50000,0,2838528,0,220594176,0,0,1081344,0,0,2973696,0,0,0,0,2297856,1477.8433112375385,0,3.6255104096094337,5.288344020824736,189.26992472218905,1512.201987220987,1.30509580589666,32.216383840124045,196.1136407362278,4.004368401892974,0,0,240.50655746576948,10.655042983412034,14.948473066324414,0,0,0,0,0,0,0,0,0,0,0,0,0,0,0,224342016,72822784,10133504,439984128,111349760,349663232,38916096,10776576,310304768,93900800,4952064,3993600,305532928,15650816,134160384,204238848,66908160,9191424,199372800,105160704,330350592,35684352,9596928,289259520,82317312,4055040,2568192,294531072,14462976,35008512,0,0,0,0,0,0,0,0,0,0,0,0,0,0,0,205869056,72589312,9846784,424910848,108806144,333168640,38658048,10547200,293478400,91992064,4796416,2924544,296968192,15384576,39051264,187891712,69750784,9846784,211615744,108806144,333168640,37576704,10547200,293478400,89018368,4796416,2924544,296968192,15384576,36753408,1073741824,1073741824,314572800,0,1073741824,1073741824,1073741824,314572800,1073741824,0,0,0,1073741824,314572800,2147483648,9.810539579676883,0,4.4689644262521995,0,0,12.796798912838325,35690.92300076504,0,16907.71390718,0,0,37881.54467555019,9.810539579676883,0,4.4689644262521995,0,0,12.796798912838325,35690.92300076504,0,16907.71390718,0,0,37881.54467555019,101.72166725509335,50.93115124153499,479.71110376006175,21.066598384506154,34.66823253082794,38.88600103962574,17.233136300417247,60.90265202741421,55.24453153117128,94.76264498385747,0,0,0,0,0,0,0,0,0,0,120168.05466137774,121297.12189616253,1572113.334803543,98817.36073930956,337800.4697592483,550854.2324763086,3128.3683936022258,9090.907007128613,599957.0120366298,122835.49563553749,0,0,0,0,0,0,0,0,0,0,120.95283587049074,41.78423626787058,462.7485573565626,28.56211736772271,48.173810921902515,55.02019273061698,15.1903685674548,73.8762692827836,75.11896668932701,127.34664594045199,0,0,0,0,0,0,0,0,0,0,24166.51782932857,6768.105718585402,141771.82342779433,5918.66663562932,12457.09923664122,6648.026710384262,2874.956536856746,10467.737868751003,17645.599232214983,24089.531268683488,0,0,0,0,0,0,0,0,0,0,62,16,70,20,18,2,18,130,0,0,0,0,0.008022259404759733,0.003093808630393996,0.030958549222797928,0.016631205673758864,0.0015802816901408446,0.003,0.0031107266435986157,0.0032033650329188,0.019952024140389133,0.0047688555347091925,0.06960167714884699,0.030789473684210495,0.00432507042253521,0.0046,0.004799307958477508,0.00496605705925384,0.02279427775285139,0.004978236397748593,0.08553459119496852,0.05269230769230749,0.004668169014084507,0.0048,0.005267857142857142,0.007330487804878046,0.03114995140151453,0.009045833333333341,0.09828092243186583,0.0997692307692307,0.004942647887323944,0.00496,0.009625000000000002,0.00953439024390244,0.45970011746563993,0.375,0.3858598498391133,0.45901639344262296,0.875,0.375,0.45833333333333337,0.4906646751306946,2.181715213982877,2.1638554216867467,0.49454772971040406,2.126829268292683,2.124074074074074,0.475,2.125,2.1932095971027614,2.340857606991438,2.3319277108433734,0.6872427983539088,2.3134146341463415,2.312037037037037,0.4875,2.3125,2.3466047985513807,2.4681715213982875,2.4663855421686742,0.9374485596707821,2.462682926829268,2.462407407407408,0.4975,2.4625,2.469320959710276,396.50420168066904,397.68067226891367,397.5126050420161,392.6386554621944,396.53781512604445,132750052.03361344,9656715.831932772,68.84033613445378,25797227.56302521,36052578.95798319,3462361191.2605042,3120937631.1932774,717269559.9327731,4792888345.815125,4225905156.3025208,0,0,0,0,0,13.747899159663865,1.9831932773109242,4.403361344537815,0.4369747899159664,16.403361344537814,0,0,0,0,0,49203.63025210084,19834.621848739494,982713.0084033613,42448.67226890756,70432.26890756302,1570.6722689075627,265.8655462184874,2823.1260504201678,1721.9159663865546,448.8403361344537,1773.3277310924368,376.94117647058823,1915.1092436974789,2097.63025210084,553.1428571428571,0,0,0,0,0,0,0,0,0,0,0,0,0,0,0,0,0,0,0,0
1693106090,0.4697531186387592,0.36001980108905973,0.14648526907512877,0,1.352984227506273,0.6755425451065392,0.19774178877222118,0.2005776636713735,0.2779024776074732,0.0808963313513733,0,0.15152089094283866,0.09019897894755839,0.5650401582112443,0.26424068551583585,6.231192152513173,4.3770498019891075,0.9222584732572829,0.3779091290792362,8.253722635099766,5.362186914177945,0.3319458938917561,0.647570384707959,1.743744663203567,1.066271751001094,0,0.29316971097390065,1.941584545306951,2.732988170480688,1.0299398625948437,5.0106999321467764,3.982719049547724,1.1901928112354199,0.2617972445319198,6.543523718484885,4.391026543192508,0.3559352197899985,0.5215019255455713,1.6460377519827343,0.8696355620272633,0,0.09470055683927409,1.4612234589504487,1.392420389877708,0.7360990525083994,50000,100000,50000,50000,50000,50000,10000,50000,50000,20000,50000,0,2838528,0,220594176,0,0,1081344,0,0,2973696,0,0,0,0,2297856,1477.8433112375385,0,3.6255104096094337,5.183585441732008,155.86378300872266,1512.201987220987,1.30509580589666,22.504813863928113,196.1136407362278,4.004368401892974,0,0,240.50655746576948,10.655042983412034,14.948473066324414,0,0,0,0,0,0,0,0,0,0,0,0,0,0,0,224342016,72822784,10133504,439984128,111349760,349663232,38916096,10817536,310304768,93900800,4952064,3993600,305532928,15650816,134160384,204238848,66908160,9191424,199372800,105160704,330350592,35684352,9596928,289259520,82317312,4055040,2568192,294531072,14462976,35008512,0,0,0,0,0,0,0,0,0,0,0,0,0,0,0,205869056,72589312,9846784,424910848,108806144,333168640,38658048,10813440,293478400,91992064,4796416,2924544,296968192,15384576,39051264,187891712,69750784,9846784,211615744,108806144,333168640,37576704,10813440,293478400,89018368,4796416,2924544,296968192,15384576,36753408,1073741824,1073741824,314572800,0,1073741824,1073741824,1073741824,314572800,1073741824,0,0,0,1073741824,314572800,2147483648,9.810539579676883,0,4.4689644262521995,0,0,12.796798912838325,35690.92300076504,0,16907.71390718,0,0,37881.54467555019,9.810539579676883,0,4.4689644262521995,0,0,12.796798912838325,35690.92300076504,0,16907.71390718,0,0,37881.54467555019,101.72166725509335,42.974856565086526,479.71110376006175,21.066598384506154,34.62346132176941,38.88600103962574,17.233136300417247,60.90265202741421,55.24453153117128,94.76264498385747,0,0,0,0,0,0,0,0,0,0,120168.05466137774,102348.48983728366,1572113.334803543,98817.36073930956,336982.58583306294,550854.2324763086,3128.3683936022258,9090.907007128613,599957.0120366298,122835.49563553749,0,0,0,0,0,0,0,0,0,0,120.95283587049074,35.256842158891395,462.7485573565626,28.56211736772271,48.43528588257387,55.02019273061698,15.1903685674548,73.8762692827836,75.11896668932701,127.34664594045199,0,0,0,0,0,0,0,0,0,0,24166.51782932857,5710.814803580386,141771.82342779433,5918.66663562932,12539.002612125038,6648.026710384262,2874.956536856746,10467.737868751003,17645.599232214983,24089.531268683488,0,0,0,0,0,0,0,0,0,0,28,26,58,6,6,2,6,40,0,0,0,0,0.008022259787707604,0.003093808630393996,0.030958549222797928,0.016631205673758864,0.0015802816901408446,0.003,0.0031107266435986157,0.003212152420185376,0.01995202651060885,0.0047688555347091925,0.06960167714884699,0.030789473684210495,0.00432507042253521,0.0046,0.004799307958477508,0.004981874356333677,0.02279427893796125,0.004978236397748593,0.08553459119496852,0.05269230769230749,0.004668169014084507,0.0048,0.005267857142857142,0.007434567901234571,0.031149972812499614,0.009045833333333341,0.09828092243186583,0.0997692307692307,0.004942647887323944,0.00496,0.009625000000000002,0.009556049382716052,0.45969982496584694,0.375,0.3858598498391133,0.45901639344262296,0.875,0.375,0.45833333333333337,0.47159518434913467,2.1817150650928374,2.1638554216867467,0.49454772971040406,2.126829268292683,2.124074074074074,0.475,2.125,2.177315973960941,2.340857532546419,2.3319277108433734,0.6872427983539088,2.3134146341463415,2.312037037037037,0.4875,2.3125,2.338657986980471,2.4681715065092833,2.4663855421686742,0.9374485596707821,2.462682926829268,2.462407407407408,0.4975,2.4625,2.467731597396094,396.57142857144106,397.6806722689014,397.5294117647003,392.6722689075416,396.5714285714065,132750258.55462185,9656715.831932772,68.84033613445378,25797227.56302521,36052578.95798319,3391710973.848739,3064248027.428571,717272588.907563,4700751200.806723,4147649252.033613,0,0,0,0,0,14.369747899159663,1.9831932773109242,4.403361344537815,0.4369747899159664,16.42016806722689,0,0,0,0,0,54392.470588235294,19834.621848739494,982713.0084033613,42448.67226890756,70475.29411764705,1565.798319327731,267.1596638655462,2824.924369747899,1717.6470588235293,447.9327731092437,1768.1848739495795,378.2689075630252,1917.0588235294115,2092.655462184874,552.3697478991595,0,0,0,0,0,0,0,0,0,0,0,0,0,0,0,0,0,0,0,0
1693106091,0.4697531186387592,0.36001980108905973,0.14648526907512877,0.019689302801787805,1.6923369461874875,0.6453516244422318,0.19774178877222118,0.2005776636713735,0.2779024776074732,0.0808963313513733,0,0.15152089094283866,0.09019897894755839,0.5650401582112443,0.22985563624604027,6.231192152513173,4.3770498019891075,0.9222584732572829,0.4571884443481852,10.069945193002475,5.415437463583728,0.3319458938917561,0.647570384707959,1.743744663203567,1.066271751001094,0,0.29316971097390065,1.941584545306951,2.732988170480688,0.8523237036643218,5.0106999321467764,3.982719049547724,1.1901928112354199,0.3347181476303931,8.081384293591945,4.443706899730802,0.3559352197899985,0.5215019255455713,1.6460377519827343,0.8696355620272633,0,0.09470055683927409,1.4612234589504487,1.392420389877708,0.5976246542397047,50000,100000,50000,50000,50000,50000,10000,50000,50000,20000,50000,0,2838528,0,220594176,0,0,1081344,0,0,2973696,0,0,0,0,2297856,1477.8433112375385,0,3.6255104096094337,5.197975939671976,207.07358813462636,1400.708042925102,1.30509580589666,22.504813863928113,196.1136407362278,4.004368401892974,0,0,240.50655746576948,10.655042983412034,10.61933039456705,0,0,0,0,0,0,0,0,0,0,0,0,0,0,0,224342016,72822784,10133504,439984128,111349760,349663232,38916096,10817536,310304768,93900800,4952064,3993600,305532928,15650816,134160384,204238848,66908160,9191424,199372800,104890368,330756096,35684352,9596928,289259520,82317312,4055040,2568192,294531072,14462976,35008512,0,0,0,0,0,0,0,0,0,0,0,0,0,0,0,205869056,72589312,9846784,424910848,108535808,333447168,38658048,10813440,293478400,91992064,4796416,2924544,296968192,15384576,39051264,187891712,69750784,9846784,211615744,108535808,333447168,37576704,10813440,293478400,89018368,4796416,2924544,296968192,15384576,36753408,1073741824,1073741824,314572800,0,1073741824,1073741824,1073741824,314572800,1073741824,0,0,0,1073741824,314572800,2147483648,9.810539579676883,0,4.4689644262521995,0,0,10.688287085440862,35690.92300076504,0,16907.71390718,0,0,31586.94541743982,9.810539579676883,0,4.4689644262521995,0,0,10.688287085440862,35690.92300076504,0,16907.71390718,0,0,31586.94541743982,101.72166725509335,42.12600404439429,479.71110376006175,20.98114556339916,34.62346132176941,38.88600103962574,17.233136300417247,60.90265202741421,55.24453153117128,94.83715952914572,0,0,0,0,0,0,0,0,0,0,120168.05466137774,100326.87113901431,1572113.334803543,99053.11410955232,336982.58583306294,550854.2324763086,3128.3683936022258,9090.907007128613,599957.0120366298,124233.95319724595,0,0,0,0,0,0,0,0,0,0,120.95283587049074,34.56043822109356,462.7485573565626,28.415691180412832,48.43528588257387,55.02019273061698,15.1903685674548,73.8762692827836,75.11896668932701,127.6273547761827,0,0,0,0,0,0,0,0,0,0,24166.51782932857,5598.013041603964,141771.82342779433,5829.899026003038,12539.002612125038,6648.026710384262,2874.956536856746,10467.737868751003,17645.599232214983,24026.87423021786,0,0,0,0,0,0,0,0,0,0,32,20,56,14,12,2,14,102,0,0,0,0,0.008022260111740856,0.003093808630393996,0.030958549222797928,0.016631205673758864,0.0015802816901408446,0.003,0.0031107266435986157,0.0032056807051909888,0.01995202851617939,0.0047688555347091925,0.06960167714884699,0.030789473684210495,0.00432507042253521,0.0046,0.004799307958477508,0.00497022526934378,0.022794279940746523,0.004978236397748593,0.08553459119496852,0.05269230769230749,0.004668169014084507,0.0048,0.005267857142857142,0.007358353510895876,0.03114999092948748,0.009045833333333341,0.09828092243186583,0.0997692307692307,0.004942647887323944,0.00496,0.009625000000000002,0.009539467312348658,0.4596995774660221,0.375,0.3858598498391133,0.45901639344262296,0.875,0.375,0.45833333333333337,0.4893577296489917,2.1817149391087525,2.1638554216867467,0.49454772971040406,2.126829268292683,2.124074074074074,0.475,2.125,2.192209567198178,2.340857469554376,2.3319277108433734,0.6872427983539088,2.3134146341463415,2.312037037037037,0.4875,2.3125,2.3461047835990887,2.468171493910875,2.4663855421686742,0.9374485596707821,2.462682926829268,2.462407407407408,0.4975,2.4625,2.469220956719818,396.5042016806733,397.714285714275,397.5126050420151,392.6554621848749,396.5882352941082,132750189.7142857,9656715.831932772,68.84033613445378,25797227.56302521,36052578.95798319,3391783049.680672,3064255737.5462184,717233487.5966387,4792916157.310925,4069445941.7815123,0,0,0,0,0,14.369747899159663,1.9831932773109242,4.403361344537815,0.47058823529411764,16.436974789915965,0,0,0,0,0,54366.65546218487,19937.882352941175,982713.0084033613,42560.53781512605,70578.55462184874,1564.9915966386554,267.3109243697479,2825.0084033613443,1719.6470588235293,448.9579831932773,1767.327731092437,378.43697478991595,1917.4621848739494,2094.8739495798322,553.2941176470588,0,0,0,0,0,0,0,0,0,0,0,0,0,0,0,0,0,0,0,0
1693106092,0.4697531186387592,0.36001980108905973,0.14648526907512877,0.019689302801787805,1.6923369461874875,0.6453516244422318,0.19774178877222118,0.2005776636713735,0.2779024776074732,0.0808963313513733,0,0.15152089094283866,0.09247913439530214,0.5650401582112443,0.23456519759749594,6.231192152513173,4.3770498019891075,0.9222584732572829,0.4571884443481852,10.069945193002475,5.415437463583728,0.3319458938917561,0.647570384707959,1.743744663203567,1.066271751001094,0,0.29316971097390065,1.848522826162354,2.732988170480688,0.8697871465420521,5.0106999321467764,3.982719049547724,1.1901928112354199,0.3347181476303931,8.081384293591945,4.443706899730802,0.3559352197899985,0.5215019255455713,1.6460377519827343,0.8696355620272633,0,0.09470055683927409,1.340947448731876,1.392420389877708,0.6098695137534894,50000,100000,50000,50000,50000,50000,10000,50000,50000,20000,50000,0,2838528,0,220594176,0,0,1081344,0,0,2973696,0,0,0,0,2297856,1477.8433112375385,0,3.6255104096094337,5.197975939671976,207.07358813462636,1400.708042925102,1.30509580589666,22.504813863928113,196.1136407362278,4.004368401892974,0,0,192.264120407833,10.655042983412034,10.836912129004304,0,0,0,0,0,0,0,0,0,0,0,0,0,0,0,224342016,72822784,10133504,439984128,111349760,349663232,38916096,10817536,310304768,93900800,4952064,3993600,305532928,15650816,134160384,204238848,66908160,9191424,199372800,104890368,330756096,35684352,9596928,289259520,82317312,4055040,2568192,294531072,14462976,35008512,0,0,0,0,0,0,0,0,0,0,0,0,0,0,0,205869056,72589312,9846784,424910848,108535808,333447168,38658048,10813440,293478400,91992064,4796416,2924544,296968192,15384576,39051264,187891712,69750784,9846784,211615744,108535808,333447168,37576704,10813440,293478400,89018368,4796416,2924544,296968192,15384576,36753408,1073741824,1073741824,314572800,0,1073741824,1073741824,1073741824,314572800,1073741824,0,0,0,1073741824,314572800,2147483648,9.810539579676883,0,4.4689644262521995,0,0,10.907281688283552,35690.92300076504,0,16907.71390718,0,0,32234.137106005943,9.810539579676883,0,4.4689644262521995,0,0,10.907281688283552,35690.92300076504,0,16907.71390718,0,0,32234.137106005943,101.72166725509335,41.91942616354697,479.71110376006175,20.98114556339916,34.35625188829901,38.88600103962574,17.233136300417247,60.90265202741421,55.24453153117128,94.83715952914572,0,0,0,0,0,0,0,0,0,0,120168.05466137774,100087.89357320812,1572113.334803543,99053.11410955232,335756.2259916267,550854.2324763086,3128.3683936022258,9090.907007128613,599957.0120366298,124233.95319724595,0,0,0,0,0,0,0,0,0,0,120.95283587049074,34.34199599841259,462.7485573565626,28.415691180412832,48.38361603867236,55.02019273061698,15.1903685674548,73.8762692827836,75.11896668932701,127.6273547761827,0,0,0,0,0,0,0,0,0,0,24166.51782932857,5590.194979826709,141771.82342779433,5829.899026003038,12570.69791531788,6648.026710384262,2874.956536856746,10467.737868751003,17645.599232214983,24026.87423021786,0,0,0,0,0,0,0,0,0,0,48,26,70,10,10,2,10,104,0,0,0,0,0.008048523326330683,0.0030867924528301884,0.030677587490692482,0.01636986301369863,0.0016453488372093021,0.003,0.0031088929219600728,0.003206492555528435,0.01997567637387387,0.004756226415094339,0.06900207900207903,0.024726027397260274,0.004338372093023256,0.0046,0.00479600725952813,0.004971686599951182,0.022785135484234227,0.004964905660377358,0.08486486486486483,0.03980263157894735,0.0046749999999999995,0.0048,0.0051826923076923066,0.007367788461538452,0.028025006458332672,0.008882222222222208,0.09755509355509354,0.09045454545454545,0.004944302325581395,0.00496,0.009651923076923074,0.00954086538461538,0.4591345266712453,0.375,0.3859102244389027,0.45833333333333337,0.867827868852459,0.375,0.4551553672316384,0.4878912071535022,2.1817856699435016,2.1634888438133877,0.4946384039900249,2.125,2.114,0.475,2.116079295154185,2.1911161731207285,2.3408928349717506,2.3317444219066936,0.688571428571428,2.3125,2.307,0.4875,2.3080396475770923,2.3455580865603642,2.46817856699435,2.4663488843813384,0.9377142857142853,2.4625,2.4614000000000007,0.4975,2.4616079295154187,2.4691116173120733,396.5546218487462,397.61344537814256,397.3613445378107,392.58823529410887,396.5546218487456,116156502.05042017,9656715.831932772,68.84033613445378,25797227.56302521,36052578.95798319,3391877842.8235292,3064268128.8067226,717232041.9495798,4885127512.20168,4147696683.02521,0,0,0,0,0,14.285714285714285,1.9831932773109242,4.403361344537815,0.5042016806722689,16.53781512605042,0,0,0,0,0,54211.76470588235,19937.882352941175,982713.0084033613,42655.19327731092,70853.91596638656,1562.4369747899161,267.6302521008403,2824.504201680672,1718.3361344537814,449.44537815126046,1764.7563025210084,378.8235294117647,1917.831932773109,2093.1932773109243,553.7647058823529,0,0,0,0,0,0,0,0,0,0,0,0,0,0,0,0,0,0,0,0
1693106093,0.5060433250939096,0.36001980108905973,0.14613117708663154,0.019689302801787805,1.6923369461874875,0.6453516244422318,0.19774178877222118,0.2005776636713735,0.2779024776074732,0.10806282722513097,0,0.15152089094283866,0.09247913439530214,0.5650401582112443,0.23927475894895167,6.306025452032922,4.3770498019891075,0.9172128814632604,0.4571884443481852,10.069945193002475,5.415437463583728,0.3319458938917561,0.647570384707959,1.743744663203567,0.8829194331518307,0,0.29316971097390065,1.848522826162354,2.732988170480688,0.8872505894197824,5.196675684618233,3.982719049547724,1.2177598090552617,0.3347181476303931,8.081384293591945,4.443706899730802,0.3559352197899985,0.5215019255455713,1.6460377519827343,0.7834554973821991,0,0.09470055683927409,1.340947448731876,1.392420389877708,0.6221143732672744,50000,100000,50000,50000,50000,50000,10000,50000,50000,20000,50000,0,2838528,0,220594176,0,0,1081344,0,0,2973696,0,0,0,0,2297856,1563.3235368535786,0,1.6074429479529455,5.197975939671976,207.07358813462636,1400.708042925102,1.30509580589666,22.504813863928113,196.1136407362278,3.5660732984293193,0,0,192.264120407833,10.655042983412034,11.054493863441559,0,0,0,0,0,0,0,0,0,0,0,0,0,0,0,224342016,72822784,10133504,439984128,111349760,349663232,38916096,10817536,310304768,93900800,4952064,3993600,305532928,15650816,134160384,204509184,66908160,9191424,199372800,104890368,330756096,35684352,9596928,289259520,82317312,4055040,2568192,294531072,14462976,35008512,0,0,0,0,0,0,0,0,0,0,0,0,0,0,0,206073856,72589312,9846784,424910848,108535808,333447168,38658048,10813440,293478400,91992064,4796416,2924544,296968192,15384576,39051264,188096512,69750784,9846784,211615744,108535808,333447168,37576704,10813440,293478400,89018368,4796416,2924544,296968192,15384576,36753408,1073741824,1073741824,314572800,0,1073741824,1073741824,1073741824,314572800,1073741824,0,0,0,1073741824,314572800,2147483648,9.810539579676883,0,4.4689644262521995,0,0,11.126276291126244,35690.92300076504,0,16907.71390718,0,0,32881.32879457207,9.810539579676883,0,4.4689644262521995,0,0,11.126276291126244,35690.92300076504,0,16907.71390718,0,0,32881.32879457207,101.72166725509335,50.336386479695236,479.71110376006175,20.98114556339916,34.35625188829901,38.88600103962574,17.233136300417247,60.64022044482617,55.24453153117128,94.83715952914572,0,0,0,0,0,0,0,0,0,0,120168.05466137774,121510.92242846722,1572113.334803543,99053.11410955232,335756.2259916267,550854.2324763086,3128.3683936022258,9049.940057616262,599957.0120366298,124233.95319724595,0,0,0,0,0,0,0,0,0,0,120.95283587049074,41.19721163978277,462.7485573565626,28.415691180412832,48.38361603867236,55.02019273061698,15.1903685674548,73.77386512068996,75.11896668932701,127.6273547761827,0,0,0,0,0,0,0,0,0,0,24166.51782932857,6691.517386722867,141771.82342779433,5829.899026003038,12570.69791531788,6648.026710384262,2874.956536856746,10443.824145150036,17645.599232214983,24026.87423021786,0,0,0,0,0,0,0,0,0,0,22,14,36,4,6,2,6,30,0,0,0,0,0.008048523575519365,0.0030867924528301884,0.030677587490692482,0.01636986301369863,0.0015706214689265535,0.003,0.0031036269430051813,0.003206492555528435,0.019975677828828826,0.004756226415094339,0.06900207900207903,0.024726027397260274,0.0043231638418079095,0.0046,0.004786528497409326,0.004971686599951182,0.022785136211711705,0.004964905660377358,0.08486486486486483,0.03980263157894735,0.004667231638418079,0.0048,0.004996891191709844,0.007367788461538452,0.028025019916666213,0.008882222222222208,0.09755509355509354,0.09045454545454545,0.004942485875706215,0.00496,0.009598076923076928,0.00954086538461538,0.4591343418040293,0.375,0.3859102244389027,0.45833333333333337,0.8780737704918034,0.375,0.45913461538461536,0.4878912071535022,2.1817855775399764,2.1634888438133877,0.4946384039900249,2.125,2.127142857142857,0.475,2.127142857142857,2.1911161731207285,2.3408927887699877,2.3317444219066936,0.688571428571428,2.3125,2.3135714285714286,0.4875,2.3135714285714286,2.3455580865603642,2.4681785577539976,2.4663488843813384,0.9377142857142853,2.4625,2.462714285714286,0.4975,2.462714285714286,2.4691116173120733,396.43697478991976,397.6302521008598,397.3277310924348,392.6218487394935,396.47058823531285,116156502.05042017,9656715.831932772,68.84033613445378,25797227.56302521,36052578.95798319,3392017519.865546,3064266545.4789915,717246773.7815126,4885139628.100841,4147723186.5546217,0,0,0,0,0,14.184873949579831,1.9831932773109242,4.403361344537815,0.5042016806722689,16.319327731092436,0,0,0,0,0,53058.68907563025,19937.882352941175,982713.0084033613,42655.19327731092,70131.09243697478,1553.2436974789919,267.3613445378151,2824.8235294117644,1702.218487394958,446.30252100840335,1755.9327731092437,378.5378151260504,1917.8823529411761,2077.3109243697477,550.655462184874,0,0,0,0,0,0,0,0,0,0,0,0,0,0,0,0,0,0,0,0
1693106094,0.5060433250939096,0.36001980108905973,0.14613117708663154,0.019689302801787805,1.6923369461874875,0.6453516244422318,0.20011006053329322,0.2005776636713735,0.2779024776074732,0.11024432809773133,0,0.15152089094283866,0.09247913439530214,0.5650401582112443,0.24398432030040743,6.306025452032922,4.3770498019891075,0.9172128814632604,0.4571884443481852,10.069945193002475,5.415437463583728,0.33306676922307304,0.647570384707959,1.743744663203567,0.9007432266182357,0.00006906747536011883,0.29316971097390065,1.848522826162354,2.732988170480688,0.904714032297513,5.196675684618233,3.982719049547724,1.2177598090552617,0.3347181476303931,8.081384293591945,4.443706899730802,0.3251788483666019,0.5215019255455713,1.6460377519827343,0.7992713787085515,0,0.09470055683927409,1.340947448731876,1.392420389877708,0.6343592327810593,50000,100000,50000,50000,50000,50000,10000,50000,50000,20000,50000,0,2838528,0,220594176,0,0,1081344,0,0,2973696,0,0,0,0,2297856,1563.3235368535786,0,1.6074429479529455,5.197975939671976,207.07358813462636,1400.708042925102,1.6509079993996698,22.504813863928113,196.1136407362278,3.6380628272251307,0,0,192.264120407833,10.655042983412034,11.272075597878812,0,0,0,0,0,0,0,0,0,0,0,0,0,0,0,224342016,72822784,10133504,439984128,111349760,349663232,38916096,10817536,310304768,93900800,4952064,3993600,305532928,15650816,134160384,204509184,66908160,9191424,199372800,104890368,330756096,35684352,9596928,289259520,82317312,4055040,2568192,294531072,14462976,35008512,0,0,0,0,0,0,0,0,0,0,0,0,0,0,0,206073856,72589312,9846784,424910848,108535808,333447168,38658048,10813440,293478400,91992064,4796416,2924544,296968192,15384576,39051264,188096512,69750784,9846784,211615744,108535808,333447168,37576704,10813440,293478400,89018368,4796416,2924544,296968192,15384576,36753408,1073741824,1073741824,314572800,0,1073741824,1073741824,1073741824,314572800,1073741824,0,0,0,1073741824,314572800,2147483648,9.810539579676883,0,4.452448846865776,0,0,11.345270893968936,35690.92300076504,0,16738.80634348892,0,0,33528.5204831382,9.810539579676883,0,4.452448846865776,0,0,11.345270893968936,35690.92300076504,0,16738.80634348892,0,0,33528.5204831382,101.72166725509335,50.336386479695236,479.71110376006175,20.98114556339916,34.35625188829901,38.88600103962574,17.233136300417247,60.64022044482617,49.35330032925756,94.83715952914572,0,0,0,0,0,0,0,0,0,0,120168.05466137774,121510.92242846722,1572113.334803543,99053.11410955232,335756.2259916267,550854.2324763086,3128.3683936022258,9049.940057616262,523652.75066258776,124233.95319724595,0,0,0,0,0,0,0,0,0,0,120.95283587049074,41.19721163978277,462.7485573565626,28.415691180412832,48.38361603867236,55.02019273061698,15.1903685674548,73.77386512068996,66.94967841780935,127.6273547761827,0,0,0,0,0,0,0,0,0,0,24166.51782932857,6691.517386722867,141771.82342779433,5829.899026003038,12570.69791531788,6648.026710384262,2874.956536856746,10443.824145150036,15993.07072380272,24026.87423021786,0,0,0,0,0,0,0,0,0,0,38,10,42,12,6,2,10,72,0,0,0,0,0.008048523793559649,0.0030867924528301884,0.030677587490692482,0.01636986301369863,0.0015706214689265535,0.003,0.0031036269430051813,0.003206492555528435,0.019975679101914418,0.004756226415094339,0.06900207900207903,0.024726027397260274,0.0043231638418079095,0.0046,0.004786528497409326,0.004971686599951182,0.0227851368482545,0.004964905660377358,0.08486486486486483,0.03980263157894735,0.004667231638418079,0.0048,0.004996891191709844,0.007367788461538452,0.028025031692708063,0.008882222222222208,0.09755509355509354,0.09045454545454545,0.004942485875706215,0.00496,0.009598076923076928,0.00954086538461538,0.45913418004521533,0.375,0.3859102244389027,0.45833333333333337,0.8780737704918034,0.375,0.45913461538461536,0.4878912071535022,2.181785496686809,2.1634888438133877,0.4946384039900249,2.125,2.127142857142857,0.475,2.127142857142857,2.1911161731207285,2.340892748343404,2.3317444219066936,0.688571428571428,2.3125,2.3135714285714286,0.4875,2.3135714285714286,2.3455580865603642,2.4681785496686808,2.4663488843813384,0.9377142857142853,2.4625,2.462714285714286,0.4975,2.462714285714286,2.4691116173120733,396.60504201679254,397.5798319327693,397.31092436974114,392.5378151260593,396.48739495798833,116156364.36974789,9656715.831932772,68.84033613445378,12898682.62184874,36052578.95798319,3392139436.10084,3007610260.4369745,662738789.1092436,4792998283.831933,4069558908.773109,0,0,0,0,0,14.336134453781511,1.9831932773109242,2.8739495798319328,0.5042016806722689,16.285714285714285,0,0,0,0,0,53463.126050420164,19937.882352941175,620595.6302521008,42655.19327731092,70027.8319327731,1545.9495798319329,267.0924369747899,2824.974789915966,1692.1680672268908,444.8571428571429,1748.8235294117644,378.218487394958,1917.9495798319326,2065.2605042016808,549.0924369747898,0,0,0,0,0,0,0,0,0,0,0,0,0,0,0,0,0,0,0,0
1693106095,0.5060433250939096,0.36001980108905973,0.14613117708663154,0.019689302801787805,1.6923369461874875,0.6453516244422318,0.20011006053329322,0.2005776636713735,0.29234637198152336,0.13089005235602105,0,0.09940322007212131,0.09247913439530214,0.5650401582112443,0.24869388165186315,6.306025452032922,4.3770498019891075,0.9172128814632604,0.4571884443481852,10.069945193002475,5.415437463583728,0.33306676922307304,0.647570384707959,1.8694112085598977,1.0694276079842913,0.00006906747536011883,0.24475869739861117,1.848522826162354,2.732988170480688,0.9221774751752433,5.196675684618233,3.982719049547724,1.2177598090552617,0.3347181476303931,8.081384293591945,4.443706899730802,0.3251788483666019,0.5215019255455713,1.8125475062854397,0.9489528795811519,0,0.049701610036060793,1.340947448731876,1.392420389877708,0.6466040922948443,50000,100000,50000,50000,50000,50000,10000,50000,50000,20000,50000,0,2838528,0,220594176,0,0,1081344,0,0,2973696,0,0,0,0,2297856,1563.3235368535786,0,1.6074429479529455,5.197975939671976,207.07358813462636,1400.708042925102,1.6509079993996698,22.504813863928113,254.69215927030348,4.319371727748691,0,0,192.264120407833,10.655042983412034,11.489657332316067,0,0,0,0,0,0,0,0,0,0,0,0,0,0,0,224342016,72822784,10133504,439984128,111349760,349663232,38916096,10817536,310304768,93900800,4952064,3993600,305532928,15650816,134160384,204509184,66908160,9191424,199372800,104890368,330756096,35684352,9596928,289259520,82317312,4055040,2568192,294531072,14462976,35008512,0,0,0,0,0,0,0,0,0,0,0,0,0,0,0,206073856,72589312,9846784,424910848,108535808,333447168,38658048,10813440,293478400,91992064,4796416,2924544,296968192,15384576,39051264,188096512,69750784,9846784,211615744,108535808,333447168,37576704,10813440,293478400,89018368,4796416,2924544,296968192,15384576,36753408,1073741824,1073741824,314572800,0,1073741824,1073741824,1073741824,314572800,1073741824,0,0,0,1073741824,314572800,2147483648,9.810539579676883,0,4.452448846865776,0,0,11.564265496811627,35690.92300076504,0,16738.80634348892,0,0,34175.71217170433,9.810539579676883,0,4.452448846865776,0,0,11.564265496811627,35690.92300076504,0,16738.80634348892,0,0,34175.71217170433,101.72166725509335,50.336386479695236,405.5453555878084,17.755837698564797,34.35625188829901,31.711724359182615,17.233136300417247,60.64022044482617,56.700594919220684,94.83715952914572,0,0,0,0,0,0,0,0,0,0,120168.05466137774,121510.92242846722,1300556.019714562,83432.43241557003,335756.2259916267,445295.4241202636,3128.3683936022258,9049.940057616262,601609.6653226943,124233.95319724595,0,0,0,0,0,0,0,0,0,0,120.95283587049074,41.19721163978277,391.5057752781809,24.159933563306502,48.38361603867236,44.69313199159655,15.1903685674548,73.77386512068996,76.91657033298559,127.6273547761827,0,0,0,0,0,0,0,0,0,0,24166.51782932857,6691.517386722867,121163.5632256894,5008.174313274562,12570.69791531788,5467.742402104112,2874.956536856746,10443.824145150036,18373.981447542785,24026.87423021786,0,0,0,0,0,0,0,0,0,0,56,12,54,12,16,2,14,98,0,0,0,0,0.00804852398594828,0.0030867924528301884,0.030677587490692482,0.01636986301369863,0.0015706214689265535,0.003,0.0031036269430051813,0.0032137014314928426,0.01997568022522523,0.004756226415094339,0.06900207900207903,0.024726027397260274,0.0043231638418079095,0.0046,0.004786528497409326,0.004984662576687117,0.022785137409909912,0.004964905660377358,0.08486486486486483,0.03980263157894735,0.004667231638418079,0.0048,0.004996891191709844,0.007451338199513387,0.028025042083333594,0.008882222222222208,0.09755509355509354,0.09045454545454545,0.004942485875706215,0.00496,0.009598076923076928,0.009558394160583952,0.4591340373168499,0.375,0.3859102244389027,0.45833333333333337,0.8780737704918034,0.375,0.45913461538461536,0.47184684684684686,2.1817854253457134,2.1634888438133877,0.4946384039900249,2.125,2.127142857142857,0.475,2.127142857142857,2.1776674937965264,2.340892712672857,2.3317444219066936,0.688571428571428,2.3125,2.3135714285714286,0.4875,2.3135714285714286,2.338833746898263,2.4681785425345715,2.4663488843813384,0.9377142857142853,2.4625,2.462714285714286,0.4975,2.462714285714286,2.467766749379653,396.3361344537755,397.56302521009104,397.3445378151109,392.5546218487567,396.48739495799373,116156639.73109244,9656578.151260504,68.84033613445378,12898613.781512605,36052578.95798319,3321613475.495798,2950979790.5210085,718007872.5378151,4885206747.428571,4069612191.1932774,0,0,0,0,0,14.42016806722689,1.9831932773109242,2.8739495798319328,0.5042016806722689,16.48739495798319,0,0,0,0,0,56380.23529411764,19937.882352941175,620595.6302521008,42655.19327731092,70914.1512605042,1556.4201680672268,267.4957983193277,2824.067226890756,1706.7899159663864,447.9159663865546,1759.1764705882351,378.6554621848739,1917.3781512605042,2080.1176470588234,552.1344537815125,0,0,0,0,0,0,0,0,0,0,0,0,0,0,0,0,0,0,0,0
1693106096,0.5060433250939096,0.36007921742783383,0.14613117708663154,0.019689302801787805,1.6923369461874875,0.6535947712418294,0.20011006053329322,0.2005776636713735,0.22804071563322734,0.13089005235602105,0,0.10143481131596303,0.09247913439530214,0.5650401582112443,0.28257368108734376,6.306025452032922,4.4909091400108,0.9172128814632604,0.4571884443481852,10.069945193002475,5.716043371459685,0.33306676922307304,0.647570384707959,1.6218971660758337,1.0694276079842913,0.00006906747536011883,0.2497610466799358,1.848522826162354,2.732988170480688,1.0478065726638226,5.196675684618233,4.0208845946108145,1.2177598090552617,0.3347181476303931,8.081384293591945,4.765795206971677,0.3251788483666019,0.5215019255455713,1.513361112838686,0.9489528795811519,0,0.050717405657981655,1.340947448731876,1.392420389877708,0.7346915708270938,50000,100000,50000,50000,50000,50000,10000,50000,50000,20000,50000,0,2838528,0,220594176,0,0,1081344,0,0,2973696,0,0,0,0,2297856,1563.3235368535786,0,1.6074429479529455,5.197975939671976,207.07358813462636,1369.6078431372548,1.6509079993996698,22.504813863928113,181.97649107531564,4.319371727748691,0,0,192.264120407833,10.655042983412034,13.05490406623527,0,0,0,0,0,0,0,0,0,0,0,0,0,0,0,224342016,72822784,10133504,439984128,111349760,349663232,38916096,10817536,310304768,93900800,4952064,3993600,305532928,15650816,134160384,204509184,66908160,9191424,199372800,104890368,330756096,35684352,9596928,289259520,82317312,4055040,2568192,294531072,14462976,35008512,0,0,0,0,0,0,0,0,0,0,0,0,0,0,0,206073856,72589312,9846784,424910848,108535808,333447168,38658048,10813440,293548032,91992064,4796416,2924544,296968192,15384576,39051264,188096512,69750784,9846784,211615744,108535808,333447168,37576704,10813440,293548032,89018368,4796416,2924544,296968192,15384576,36753408,1073741824,1073741824,314572800,0,1073741824,1073741824,1073741824,314572800,1073741824,0,0,0,1073741824,314572800,2147483648,9.932185080717758,0,4.452448846865776,0,0,13.139676170561472,36027.1259677129,0,16738.80634348892,0,0,38831.501313967616,9.932185080717758,0,4.452448846865776,0,0,13.139676170561472,36027.1259677129,0,16738.80634348892,0,0,38831.501313967616,101.72166725509335,50.336386479695236,492.1915820029027,18.108889101827007,34.35625188829901,32.359851450570154,17.233136300417247,60.64022044482617,56.700594919220684,94.83715952914572,0,0,0,0,0,0,0,0,0,0,120168.05466137774,121510.92242846722,1578424.4992743104,85091.37624249393,335756.2259916267,454396.41228395764,3128.3683936022258,9049.940057616262,601609.6653226943,124233.95319724595,0,0,0,0,0,0,0,0,0,0,120.95283587049074,41.19721163978277,475.1523947750362,24.640321962437714,48.38361603867236,45.60657426659303,15.1903685674548,73.77386512068996,76.91657033298559,127.6273547761827,0,0,0,0,0,0,0,0,0,0,24166.51782932857,6691.517386722867,147050.59506531202,5107.755251054044,12570.69791531788,5579.492615980637,2874.956536856746,10443.824145150036,18373.981447542785,24026.87423021786,0,0,0,0,0,0,0,0,0,0,42,17.964,62,10,10,2,10,82,0,0,0,0,0.008048524156960507,0.0030867940901487976,0.030677587490692482,0.01636986301369863,0.0015706214689265535,0.003,0.0031036269430051813,0.003207251347378736,0.019975681223723726,0.004756229362267835,0.06900207900207903,0.024726027397260274,0.0043231638418079095,0.0046,0.004786528497409326,0.004973052425281724,0.022785137909159158,0.004964908771282715,0.08486486486486483,0.03980263157894735,0.004667231638418079,0.0048,0.004996891191709844,0.007376802884615376,0.028025051319444477,0.008882245291319708,0.09755509355509354,0.09045454545454545,0.004942485875706215,0.00496,0.009598076923076928,0.009542668269230767,0.45913391044719176,0.3749741071428573,0.3859102244389027,0.45833333333333337,0.8780737704918034,0.375,0.45913461538461536,0.48649403874813707,2.1817853619313565,2.1634812807881776,0.4946384039900249,2.125,2.127142857142857,0.475,2.127142857142857,2.1900229357798167,2.3408926809656783,2.331740640394089,0.688571428571428,2.3125,2.3135714285714286,0.4875,2.3135714285714286,2.345011467889908,2.468178536193136,2.4663481280788173,0.9377142857142853,2.4625,2.462714285714286,0.4975,2.462714285714286,2.4690022935779816,396.453781512624,397.51260504201963,397.176470588236,392.6386554622032,396.40336134453617,116156639.73109244,9656715.831932772,68.84033613445378,12898613.781512605,36052578.95798319,3321728989.5798316,2950958381.1764703,663392703.4621848,4700949598.655462,4147859008.537815,0,0,0,0,0,14.521008403361344,1.9831932773109242,2.8739495798319328,0.5042016806722689,16.655462184873947,0,0,0,0,0,56664.20168067227,19937.882352941175,620595.6302521008,42655.19327731092,71490.68907563025,1559.6974789915967,264.0840336134454,2825.781512605042,1717.7478991596638,450.05042016806726,1762.890756302521,375.42857142857144,1918.7899159663864,2091.4453781512602,554.2352941176471,0,0,0,0,0,0,0,0,0,0,0,0,0,0,0,0,0,0,0,0
1693106097,0.5060433250939096,0.36007921742783383,0.14613117708663154,0.019689302801787805,1.6923369461874875,0.6535947712418294,0.20011006053329322,0.2005776636713735,0.22804071563322734,0.13089005235602105,0,0.12189547463050411,0.09247913439530214,0.5650401582112443,0.24668289895479156,6.306025452032922,4.4909091400108,0.9172128814632604,0.4571884443481852,10.069945193002475,5.716043371459685,0.33306676922307304,0.647570384707959,1.6218971660758337,1.0694276079842913,0.00006906747536011883,0.30014095687947623,1.848522826162354,2.732988170480688,0.9147205850664525,5.196675684618233,4.0208845946108145,1.2177598090552617,0.3347181476303931,8.081384293591945,4.765795206971677,0.3251788483666019,0.5215019255455713,1.513361112838686,0.9489528795811519,0,0.06094773731525223,1.340947448731876,1.392420389877708,0.641375537282458,50000,100000,50000,50000,50000,50000,10000,50000,50000,20000,50000,0,2838528,0,220594176,0,0,1081344,0,0,2973696,0,0,0,0,2297856,1563.3235368535786,0,1.6074429479529455,5.197975939671976,207.07358813462636,1369.6078431372548,1.6509079993996698,22.504813863928113,181.97649107531564,4.319371727748691,0,0,192.264120407833,10.655042983412034,11.39674993171136,0,0,0,0,0,0,0,0,0,0,0,0,0,0,0,224342016,72822784,10133504,439984128,111349760,349663232,38916096,10817536,310304768,93900800,4952064,3993600,305532928,15650816,134160384,204509184,66908160,9191424,199372800,104890368,330756096,35684352,9596928,289259520,82317312,4055040,2568192,294531072,14462976,35008512,0,0,0,0,0,0,0,0,0,0,0,0,0,0,0,206073856,72589312,9846784,424910848,108535808,333447168,38658048,10813440,293548032,91992064,4796416,2924544,296968192,15384576,39051264,188096512,69750784,9846784,211615744,108535808,333447168,37576704,10813440,293548032,89018368,4796416,2924544,296968192,15384576,36753408,1073741824,1073741824,314572800,0,1073741824,1073741824,1073741824,314572800,1073741824,0,0,0,1073741824,314572800,2147483648,9.932185080717758,0,4.452448846865776,0,0,11.470754801397797,36027.1259677129,0,16738.80634348892,0,0,33899.36132068659,9.932185080717758,0,4.452448846865776,0,0,11.470754801397797,36027.1259677129,0,16738.80634348892,0,0,33899.36132068659,101.72166725509335,50.336386479695236,492.1915820029027,21.183084195732718,34.35625188829901,38.887625483252656,17.233136300417247,60.41904594570852,55.7861908007518,94.83715952914572,0,0,0,0,0,0,0,0,0,0,120168.05466137774,121510.92242846722,1578424.4992743104,99536.62961543375,335756.2259916267,546059.2898216433,3128.3683936022258,9015.220065009225,601401.325980544,124233.95319724595,0,0,0,0,0,0,0,0,0,0,120.95283587049074,41.19721163978277,475.1523947750362,28.823303947872745,48.38361603867236,54.806536499788834,15.1903685674548,73.79425459017834,75.73786066877337,127.6273547761827,0,0,0,0,0,0,0,0,0,0,24166.51782932857,6691.517386722867,147050.59506531202,5974.856266768876,12570.69791531788,6705.012832591534,2874.956536856746,10445.159448300097,17904.826817027075,24026.87423021786,0,0,0,0,0,0,0,0,0,0,20,28,52,2,2,2,2,26,0,0,0,0,0.008147680627543317,0.0030852272727272725,0.030741983594332587,0.01629251700680272,0.00163768115942029,0.003,0.003109090909090909,0.003208516886930984,0.020287910689948903,0.004753409090909089,0.0693634496919918,0.024564625850340135,0.004336811594202898,0.0046,0.004796363636363637,0.004975330396475771,0.02297615295996593,0.004961931818181818,0.08504106776180698,0.03757142857142857,0.004674202898550725,0.0048,0.005192307692307691,0.007397129186602872,0.0338571854166671,0.008862499999999997,0.09758316221765913,0.08844444444444409,0.004944115942028985,0.00496,0.009653846153846155,0.009555980861244024,0.45810357715201466,0.3739583333333334,0.386096256684492,0.45879120879120877,0.8709016393442623,0.375,0.4548022598870056,0.4859363434492968,2.1815333990796515,2.1629591836734687,0.4949732620320856,2.1262295081967215,2.117105263157895,0.475,2.1150442477876106,2.1895412844036697,2.3407666995398255,2.3314795918367346,0.6933734939759033,2.3131147540983608,2.3085526315789475,0.4875,2.307522123893805,2.3447706422018344,2.4681533399079654,2.466295918367347,0.9386746987951804,2.462622950819672,2.4617105263157892,0.4975,2.4615044247787607,2.4689541284403673,396.5378151260453,397.428571428569,397.21008403361157,392.67226890756376,396.52100840337494,116156639.73109244,9656715.831932772,68.84033613445378,12898613.781512605,36052578.95798319,3321854760.8739495,2950956384.8067226,718685261.4453781,4885310902.857142,4147894736.672269,0,0,0,0,0,14.672268907563025,1.9831932773109242,4.857142857142857,0.5042016806722689,16.705882352941178,0,0,0,0,0,57094.4537815126,19937.882352941175,1079072.268907563,42655.19327731092,71671.3949579832,1567.3781512605042,266.9075630252101,2825.5630252100837,1724.90756302521,451.17647058823525,1770.2352941176468,378.06722689075633,1918.6050420168067,2099.2100840336134,555.3277310924369,0,0,0,0,0,0,0,0,0,0,0,0,0,0,0,0,0,0,0,0
1693106098,0.5060433250939096,0.3541982329443711,0.14613117708663156,0.019689302801787805,1.752438810678193,0.6535947712418294,0.20011006053329322,0.2005776636713735,0.22804071563322734,0.13089005235602105,0,0.12189547463050411,0.09247913439530214,0.5802235387528253,0.24197333760333584,6.306025452032922,4.6266743422735574,0.9172128814632607,0.4571884443481852,10.180823596588597,5.716043371459685,0.33306676922307304,0.647570384707959,1.6218971660758337,1.0694276079842913,0.00006906747536011883,0.30014095687947623,1.848522826162354,2.758373074573993,0.897257142188722,5.196675684618233,4.07327967886027,1.2177598090552622,0.3347181476303931,8.061218529119696,4.765795206971677,0.3251788483666019,0.5215019255455713,1.513361112838686,0.9489528795811519,0,0.06094773731525223,1.340947448731876,1.3742136444145843,0.6291306777686732,50000,100000,50000,50000,50000,50000,10000,50000,50000,20000,50000,0,3108864,0,220594176,0,0,1081344,0,0,2973696,0,0,0,0,2297856,1563.3235368535786,3.8961805623880834,1.607442947952946,5.197975939671976,227.46655762602956,1369.6078431372548,1.6509079993996698,22.504813863928113,181.97649107531564,4.319371727748691,0,0,192.264120407833,16.12410676113113,11.179168197274105,0,0,0,0,0,0,0,0,0,0,0,0,0,0,0,224342016,73519104,10133504,439984128,111349760,349663232,38916096,10817536,310304768,93900800,4952064,3993600,305532928,15650816,134160384,204509184,67448832,9191424,199372800,104890368,330756096,35684352,9596928,289259520,82317312,4055040,2568192,294531072,14462976,35008512,0,0,0,0,0,0,0,0,0,0,0,0,0,0,0,206073856,73269248,9846784,424910848,108535808,333447168,38658048,10813440,293548032,91992064,4796416,2924544,296968192,15384576,39051264,188096512,70160384,9846784,211615744,108535808,333447168,37576704,10813440,293548032,89018368,4796416,2924544,296968192,15384576,36753408,1073741824,1073741824,314572800,0,1073741824,1073741824,1073741824,314572800,1073741824,0,0,0,1073741824,314572800,2147483648,10.527558590291033,0,4.452448846865776,0,0,11.251760198555106,41025.28581829631,0,16738.80634348892,0,0,33252.169632120465,10.527558590291033,0,4.452448846865776,0,0,11.251760198555106,41025.28581829631,0,16738.80634348892,0,0,33252.169632120465,100.8104558413685,50.336386479695236,492.1915820029027,21.183084195732718,34.35625188829901,38.86933869567204,17.233136300417247,60.41904594570852,55.7861908007518,94.83715952914572,0,0,0,0,0,0,0,0,0,0,120158.85575167378,121510.92242846722,1578424.4992743104,99536.62961543375,335756.2259916267,547774.5304145148,3128.3683936022258,9015.220065009225,601401.325980544,124233.95319724595,0,0,0,0,0,0,0,0,0,0,120.0307524746132,41.19721163978277,475.1523947750362,28.823303947872745,48.38361603867236,54.316530323111365,15.1903685674548,73.79425459017834,75.73786066877337,127.6273547761827,0,0,0,0,0,0,0,0,0,0,23900.310728128905,6691.517386722867,147050.59506531202,5974.856266768876,12570.69791531788,6613.820209314015,2874.956536856746,10445.159448300097,17904.826817027075,24026.87423021786,0,0,0,0,0,0,0,0,0,0,44,32,72,6,6,2,6,68,0,0,0,0,0.008147680790147048,0.0030852272727272725,0.030741983594332587,0.01629251700680272,0.0015971830985915488,0.003,0.0031041666666666665,0.003208516886930984,0.020287911450170358,0.004753409090909089,0.0693634496919918,0.024564625850340135,0.004328450704225352,0.0046,0.004787499999999999,0.004975330396475771,0.022976153340076653,0.004961931818181818,0.08504106776180698,0.03757142857142857,0.004669859154929577,0.0048,0.004997916666666667,0.007397129186602872,0.0338571907291663,0.008862499999999997,0.09758316221765913,0.08844444444444409,0.004942985915492958,0.00496,0.00960384615384615,0.009555980861244024,0.4581034749885531,0.3739583333333334,0.386096256684492,0.45879120879120877,0.875,0.375,0.45810439560439564,0.4859363434492968,2.1815333485055355,2.1629591836734687,0.4949732620320856,2.1262295081967215,2.124380165289256,0.475,2.124380165289256,2.1895412844036697,2.3407666742527673,2.3314795918367346,0.6933734939759033,2.3131147540983608,2.312190082644628,0.4875,2.312190082644628,2.3447706422018344,2.468153334850553,2.466295918367347,0.9386746987951804,2.462622950819672,2.462438016528926,0.4975,2.462438016528926,2.4689541284403673,396.4705882352901,397.41176470587266,397.15966386554624,392.62184873948394,396.4201680672303,116156639.73109244,9656715.831932772,68.84033613445378,12898613.781512605,36052578.95798319,3321987829.243697,2951014486.05042,664065067.02521,4793249206.857142,4147868646.1848736,0,0,0,0,0,14.655462184873949,1.9831932773109242,4.857142857142857,0.47058823529411764,16.588235294117645,0,0,0,0,0,57060.033613445376,19937.882352941175,1079072.268907563,38800.13445378151,71129.27731092437,1556.7226890756301,266.6890756302521,2827.1092436974786,1720.3193277310925,449.4453781512605,1759.7478991596636,377.781512605042,1919.613445378151,2095.865546218487,553.6974789915967,0,0,0,0,0,0,0,0,0,0,0,0,0,0,0,0,0,0,0,0
1693106099,0.5060433250939096,0.3541982329443711,0.14613117708663156,0.019689302801787805,1.752438810678193,0.6535947712418294,0.20011006053329322,0.2005776636713735,0.22804071563322734,0.10546743165710483,0,0.12189547463050411,0.09247913439530214,0.5802235387528253,0.2372637762518801,6.306025452032922,4.6266743422735574,0.9172128814632607,0.4571884443481852,10.180823596588597,5.716043371459685,0.33306676922307304,0.647570384707959,1.6218971660758337,0.9958990824333439,0.00006906747536011883,0.30014095687947623,1.848522826162354,2.758373074573993,0.8797936993109916,5.196675684618233,4.07327967886027,1.2177598090552622,0.3347181476303931,8.061218529119696,4.765795206971677,0.3251788483666019,0.5215019255455713,1.513361112838686,0.8648329395882535,0,0.06094773731525223,1.340947448731876,1.3742136444145843,0.6168858182548882,50000,100000,50000,50000,50000,50000,10000,50000,50000,20000,50000,0,3108864,0,220594176,0,0,1081344,0,0,2973696,0,0,0,0,2297856,1563.3235368535786,3.8961805623880834,1.607442947952946,5.197975939671976,227.46655762602956,1369.6078431372548,1.6509079993996698,22.504813863928113,181.97649107531564,2.7843401957475526,0,0,192.264120407833,16.12410676113113,10.96158646283685,0,0,0,0,0,0,0,0,0,0,0,0,0,0,0,224342016,73519104,10133504,439984128,111349760,349663232,38916096,10817536,310304768,93900800,4952064,3993600,305532928,15650816,134160384,204509184,67448832,9191424,199372800,104890368,330756096,35684352,9596928,289259520,82182144,4055040,2568192,294531072,14462976,35008512,0,0,0,0,0,0,0,0,0,0,0,0,0,0,0,206073856,73269248,9846784,424910848,108535808,333447168,38658048,10813440,293548032,92008448,4796416,2924544,296968192,15384576,39051264,188096512,70160384,9846784,211615744,108535808,333447168,37576704,10813440,293548032,89034752,4796416,2924544,296968192,15384576,36753408,1073741824,1073741824,314572800,0,1073741824,1073741824,1073741824,314572800,1073741824,0,0,0,1073741824,314572800,2147483648,10.527558590291033,0,4.452448846865776,0,0,11.032765595712414,41025.28581829631,0,16738.80634348892,0,0,32604.977943554335,10.527558590291033,0,4.452448846865776,0,0,11.032765595712414,41025.28581829631,0,16738.80634348892,0,0,32604.977943554335,100.8104558413685,50.336386479695236,492.1915820029027,21.183084195732718,34.35625188829901,38.86933869567204,17.233136300417247,60.41904594570851,55.7861908007518,94.83715952914572,0,0,0,0,0,0,0,0,0,0,120158.85575167378,121510.92242846722,1578424.4992743104,99536.62961543375,335756.2259916267,547774.5304145148,3128.3683936022258,9015.220065009224,601401.325980544,124233.95319724595,0,0,0,0,0,0,0,0,0,0,120.0307524746132,41.19721163978277,475.1523947750362,28.823303947872745,48.38361603867236,54.316530323111365,15.1903685674548,73.79425459017833,75.73786066877337,127.6273547761827,0,0,0,0,0,0,0,0,0,0,23900.310728128905,6691.517386722867,147050.59506531202,5974.856266768876,12570.69791531788,6613.820209314015,2874.956536856746,10445.159448300095,17904.826817027075,24026.87423021786,0,0,0,0,0,0,0,0,0,0,36,18,58,10,10,2,10,62,0,0,0,0,0.00814768093726478,0.0030852272727272725,0.030741983594332587,0.01629251700680272,0.0015971830985915488,0.003,0.0031041666666666665,0.003208516886930984,0.02028791213798978,0.004753409090909089,0.0693634496919918,0.024564625850340135,0.004328450704225352,0.0046,0.004787499999999999,0.004975330396475771,0.022976153683986367,0.004961931818181818,0.08504106776180698,0.03757142857142857,0.004669859154929577,0.0048,0.004997916666666667,0.007397129186602872,0.033857195535713994,0.008862499999999997,0.09758316221765913,0.08844444444444409,0.004942985915492958,0.00496,0.00960384615384615,0.009555980861244024,0.45810338255494504,0.3739583333333334,0.386096256684492,0.45879120879120877,0.875,0.375,0.45810439560439564,0.4859363434492968,2.181533302747975,2.1629591836734687,0.4949732620320856,2.1262295081967215,2.124380165289256,0.475,2.124380165289256,2.1895412844036697,2.340766651373987,2.3314795918367346,0.6933734939759033,2.3131147540983608,2.312190082644628,0.4875,2.312190082644628,2.3447706422018344,2.4681533302747978,2.466295918367347,0.9386746987951804,2.462622950819672,2.462438016528926,0.4975,2.462438016528926,2.4689541284403673,396.5042016806568,397.4117647058749,397.22689075629114,392.4537815126143,396.48739495796474,116156639.73109244,9656715.831932772,68.84033613445378,12898613.781512605,36052578.95798319,3322048133.378151,2951064601.815126,664033469.3109243,4885411891.630252,4147856874.487395,0,0,0,0,0,14.6890756302521,1.9831932773109242,4.857142857142857,0.47058823529411764,16.53781512605042,0,0,0,0,0,57154.68907563025,19937.882352941175,1079072.268907563,38800.13445378151,70922.75630252101,1563.2100840336134,266.94117647058823,2827.0252100840335,1715.9831932773109,449.1260504201681,1766.252100840336,378.01680672268907,1920.2352941176468,2092.067226890756,553.4117647058824,0,0,0,0,0,0,0,0,0,0,0,0,0,0,0,0,0,0,0,0
1693106100,0.5060433250939096,0.3541982329443711,0.14613117708663156,0.019689302801787805,1.752438810678193,0.6535947712418294,0.17043707372388137,0.2090363424612538,0.22804071563322734,0.10546743165710483,0,0.131966744380416,0.09247913439530214,0.5802235387528253,0.23255421490042438,6.306025452032922,4.6266743422735574,0.9172128814632607,0.4571884443481852,10.180823596588597,5.716043371459685,0.2836785184601117,0.6497656941499687,1.6218971660758337,0.9958990824333439,0.00006906747536011883,0.2968409866713588,1.848522826162354,2.758373074573993,0.8623302564332613,5.196675684618233,4.07327967886027,1.2177598090552622,0.3347181476303931,8.061218529119696,4.765795206971677,0.2769602448013076,0.5076596888344729,1.513361112838686,0.8648329395882535,0,0.06598337219020813,1.340947448731876,1.3742136444145843,0.6046409587411034,50000,100000,50000,50000,50000,50000,10000,50000,50000,20000,50000,0,3108864,0,220594176,0,0,1081344,0,0,2973696,0,0,0,0,2297856,1563.3235368535786,3.8961805623880834,1.607442947952946,5.197975939671976,227.46655762602956,1369.6078431372548,1.406105858222022,7.883656344252993,181.97649107531564,2.7843401957475526,0,0,192.264120407833,16.12410676113113,10.744004728399595,0,0,0,0,0,0,0,0,0,0,0,0,0,0,0,224342016,73519104,10133504,439984128,111349760,349663232,38916096,10817536,310304768,93900800,4952064,3993600,305532928,15650816,134160384,204509184,67448832,9191424,199372800,104890368,330756096,35684352,9596928,289259520,82182144,4055040,2568192,294531072,14462976,35008512,0,0,0,0,0,0,0,0,0,0,0,0,0,0,0,206073856,73269248,9846784,424910848,108535808,333447168,38658048,10813440,293548032,92008448,4796416,2916352,296968192,15384576,39051264,188096512,70160384,9846784,211615744,108535808,333447168,37576704,10813440,293548032,89034752,4796416,2916352,296968192,15384576,36753408,1073741824,1073741824,314572800,0,1073741824,1073741824,1073741824,314572800,1073741824,0,0,0,1073741824,314572800,2147483648,10.527558590291033,0,3.7922248903563625,0,0,10.813770992869722,41025.28581829631,0,14256.720342855235,0,0,31957.78625498821,10.527558590291033,0,3.7922248903563625,0,0,10.813770992869722,41025.28581829631,0,14256.720342855235,0,0,31957.78625498821,100.8104558413685,50.336386479695236,492.1915820029027,21.183084195732718,34.35625188829901,38.86933869567204,17.233136300417247,60.41904594570851,55.7861908007518,94.83715952914572,0,0,0,0,0,0,0,0,0,0,120158.85575167378,121510.92242846722,1578424.4992743104,99536.62961543375,335756.2259916267,547774.5304145148,3128.3683936022258,9015.220065009224,601401.325980544,124233.95319724595,0,0,0,0,0,0,0,0,0,0,120.0307524746132,41.19721163978277,475.1523947750362,28.823303947872745,48.38361603867236,54.316530323111365,15.1903685674548,73.79425459017833,75.73786066877337,127.6273547761827,0,0,0,0,0,0,0,0,0,0,23900.310728128905,6691.517386722867,147050.59506531202,5974.856266768876,12570.69791531788,6613.820209314015,2874.956536856746,10445.159448300095,17904.826817027075,24026.87423021786,0,0,0,0,0,0,0,0,0,0,28,12,48,10,6,2,10,72,0,0,0,0,0.008147681071008233,0.0030852272727272725,0.030741983594332587,0.01629251700680272,0.0015971830985915488,0.003,0.0031041666666666665,0.0032103386809269165,0.02028791276328017,0.004753409090909089,0.0693634496919918,0.024564625850340135,0.004328450704225352,0.0046,0.004787499999999999,0.0049786096256684495,0.022976153996631575,0.004961931818181818,0.08504106776180698,0.03757142857142857,0.004669859154929577,0.0048,0.004997916666666667,0.007419753086419746,0.033857199905303975,0.008862499999999997,0.09758316221765913,0.08844444444444409,0.004942985915492958,0.00496,0.00960384615384615,0.00956296296296296,0.45810329852439235,0.3739583333333334,0.386096256684492,0.45879120879120877,0.875,0.375,0.45810439560439564,0.47166293810589105,2.1815332611501717,2.1629591836734687,0.4949732620320856,2.1262295081967215,2.124380165289256,0.475,2.124380165289256,2.1774033696729433,2.340766630575086,2.3314795918367346,0.6933734939759033,2.3131147540983608,2.312190082644628,0.4875,2.312190082644628,2.338701684836471,2.4681533261150173,2.466295918367347,0.9386746987951804,2.462622950819672,2.462438016528926,0.4975,2.462438016528926,2.467740336967294,396.42016806724206,397.47899159663694,397.0924369747801,392.5714285714344,396.4537815125934,116156639.73109244,9656715.831932772,68.84033613445378,12898613.781512605,36052647.798319325,3251520451.7647057,2951128623.327731,664012473.0084033,4885412993.07563,4069604136.8739495,0,0,0,0,0,14.756302521008402,1.9831932773109242,4.722689075630252,0.47058823529411764,16.521008403361343,0,0,0,0,0,57344,19937.882352941175,1077729.8823529412,38800.13445378151,70879.73109243697,1557.4957983193278,266.16806722689074,2827.81512605042,1716.9579831932774,448.21848739495795,1760.235294117647,377.2436974789916,1921.1932773109243,2093.5798319327732,552.6050420168068,0,0,0,0,0,0,0,0,0,0,0,0,0,0,0,0,0,0,0,0
1693106101,0.5060433250939096,0.3541982329443711,0.14613117708663156,0.02998950367371423,1.752438810678193,0.6535947712418294,0.16710190604832653,0.2090363424612538,0.22804071563322734,0.10546743165710483,0,0.131966744380416,0.09247913439530214,0.5802235387528253,0.22784465354896863,6.306025452032922,4.6266743422735574,0.9172128814632607,0.45737733093417204,10.180823596588597,5.716043371459685,0.27812740563972727,0.6497656941499687,1.6218971660758337,0.9958990824333439,0.00006906747536011883,0.2968409866713588,1.848522826162354,2.758373074573993,0.844866813555531,5.196675684618233,4.07327967886027,1.2177598090552622,0.2998950367371423,8.061218529119696,4.765795206971677,0.271540597328531,0.5076596888344729,1.513361112838686,0.8648329395882535,0,0.06598337219020813,1.340947448731876,1.3742136444145843,0.5923960992273185,50000,100000,50000,50000,50000,50000,10000,50000,50000,20000,50000,0,3108864,0,220594176,0,0,1081344,0,0,2973696,0,0,0,0,2297856,1563.3235368535786,3.8961805623880834,1.607442947952946,3.958614484930275,227.46655762602956,1369.6078431372548,1.3785907248986946,7.883656344252993,181.97649107531564,2.7843401957475526,0,0,192.264120407833,16.12410676113113,10.526422993962342,0,0,0,0,0,0,0,0,0,0,0,0,0,0,0,224342016,73519104,10133504,439984128,111349760,349663232,38916096,10817536,310304768,93900800,4952064,3993600,305532928,15650816,134160384,204509184,67448832,9191424,199372800,104890368,330756096,35684352,9596928,289259520,82182144,4055040,2568192,294531072,14462976,35008512,0,0,0,0,0,0,0,0,0,0,0,0,0,0,0,206073856,73269248,9846784,424910848,108535808,333447168,38658048,10813440,293548032,92008448,4796416,2916352,296968192,15384576,39051264,188096512,70160384,9846784,211615744,108535808,333447168,37576704,10813440,293548032,89034752,4796416,2916352,296968192,15384576,36753408,1073741824,1073741824,314572800,0,1073741824,1073741824,1073741824,314572800,1073741824,0,0,0,1073741824,314572800,2147483648,10.527558590291033,0,3.718017409575267,0,0,10.594776390027032,41025.28581829631,0,13977.740237130425,0,0,31310.59456642208,10.527558590291033,0,3.718017409575267,0,0,10.594776390027032,41025.28581829631,0,13977.740237130425,0,0,31310.59456642208,100.8104558413685,50.336386479695236,492.1915820029027,21.183084195732718,34.35625188829901,38.86933869567204,17.233136300417247,60.41904594570851,55.7861908007518,96.67875271936187,0,0,0,0,0,0,0,0,0,0,120158.85575167378,121510.92242846722,1578424.4992743104,99536.62961543375,335756.2259916267,547774.5304145148,3128.3683936022258,9015.220065009224,601401.325980544,124958.23060188543,0,0,0,0,0,0,0,0,0,0,120.0307524746132,41.19721163978277,475.1523947750362,28.823303947872745,48.38361603867236,54.316530323111365,15.1903685674548,73.79425459017833,75.73786066877337,129.74619289340103,0,0,0,0,0,0,0,0,0,0,23900.310728128905,6691.517386722867,147050.59506531202,5974.856266768876,12570.69791531788,6613.820209314015,2874.956536856746,10445.159448300095,17904.826817027075,24474.256707759247,0,0,0,0,0,0,0,0,0,0,34,20,58,10,12,2,10,74,0,0,0,0,0.008147681193121868,0.0030852272727272725,0.030741983594332587,0.01629251700680272,0.0015971830985915488,0.003,0.0031041666666666665,0.0032046897899364922,0.020287913334197476,0.004753409090909089,0.0693634496919918,0.024564625850340135,0.004328450704225352,0.0046,0.004787499999999999,0.004968441621885687,0.02297615428209022,0.004961931818181818,0.08504106776180698,0.03757142857142857,0.004669859154929577,0.0048,0.004997916666666667,0.007357926829268284,0.03385720389492829,0.008862499999999997,0.09758316221765913,0.08844444444444409,0.004942985915492958,0.00496,0.00960384615384615,0.009559390243902434,0.4581032218008442,0.3739583333333334,0.386096256684492,0.45879120879120877,0.875,0.375,0.45810439560439564,0.48602886750555135,2.181533223169551,2.1629591836734687,0.4949732620320856,2.1262295081967215,2.124380165289256,0.475,2.124380165289256,2.189614855570839,2.340766611584775,2.3314795918367346,0.6933734939759033,2.3131147540983608,2.312190082644628,0.4875,2.312190082644628,2.3448074277854194,2.4681533223169554,2.466295918367347,0.9386746987951804,2.462622950819672,2.462438016528926,0.4975,2.462438016528926,2.468961485557084,396.4369747899175,397.5126050420295,397.07563025211095,392.5042016806792,396.50420168067507,116156639.73109244,9656715.831932772,68.84033613445378,12898613.781512605,54078971.69747899,3180919455.1932774,3007913708.638655,664014331.697479,4793317702.991596,4147845515.8319325,0,0,0,0,0,14.319327731092436,1.9831932773109242,4.722689075630252,0.47058823529411764,15.949579831932773,0,0,0,0,0,53566.386554621844,19937.882352941175,1077729.8823529412,38800.13445378151,65424.13445378151,1551.9831932773109,266.75630252100837,2829.294117647059,1702.0336134453783,444.6050420168067,1755.142857142857,377.8151260504202,1922.1008403361343,2078.8235294117644,548.90756302521,0,0,0,0,0,0,0,0,0,0,0,0,0,0,0,0,0,0,0,0
1693106102,0.5610670475121771,0.3541982329443711,0.12582665595038048,0.02998950367371423,1.752438810678193,0.6535947712418294,0.16376673837277161,0.2090363424612538,0.22804071563322734,0.10546743165710483,0,0.131966744380416,0.09247913439530214,0.5292797561078884,0.24127243369647905,6.856492262375348,4.6266743422735574,0.7897686993975003,0.45737733093417204,10.180823596588597,5.716043371459685,0.27257629281934265,0.6497656941499687,1.6218971660758337,0.9958990824333439,0.00006906747536011883,0.2968409866713588,1.848522826162354,2.772856787483591,1.0531216959596152,5.610670475121784,4.07327967886027,1.0485554662531698,0.2998950367371423,8.061218529119696,4.765795206971677,0.26612094985575424,0.5076596888344729,1.513361112838686,0.8648329395882535,0,0.06598337219020813,1.340947448731876,1.3549561756361943,0.723817301089438,50000,100000,50000,50000,50000,50000,10000,50000,50000,20000,50000,0,3108864,0,220594176,0,0,1081344,0,0,2973696,0,0,0,0,2568192,1844.7884522200404,3.8961805623880834,1.384093215454184,3.958614484930275,227.46655762602956,1369.6078431372548,1.3510755915753665,7.883656344252993,181.97649107531564,2.7843401957475526,0,0,192.264120407833,11.178388448998602,11.024294278131437,0,0,0,0,0,0,0,0,0,0,0,0,0,0,0,224342016,73519104,10133504,439984128,111349760,349663232,38916096,10817536,310304768,93900800,4952064,3993600,305532928,15667200,134160384,204509184,67448832,9191424,199372800,104890368,330756096,35684352,9596928,289259520,82182144,4055040,2568192,294531072,14598144,35143680,0,0,0,0,0,0,0,0,0,0,0,0,0,0,0,206073856,73269248,9846784,424910848,108535808,333447168,38658048,10813440,293548032,92008448,4796416,2916352,296968192,15417344,39395328,188096512,70160384,9846784,211615744,108535808,333447168,37576704,10813440,293548032,89034752,4796416,2916352,296968192,15417344,36962304,1073741824,1073741824,314572800,0,1073741824,1073741824,1073741824,314572800,1073741824,0,0,0,1073741824,314572800,2147483648,10.527558590291033,0,3.64380992879417,0,0,14.179395334162319,41025.28581829631,0,13698.760131405606,0,0,45659.1377294408,10.527558590291033,0,3.64380992879417,0,0,14.179395334162319,41025.28581829631,0,13698.760131405606,0,0,45659.1377294408,100.8104558413685,50.336386479695236,492.1915820029027,21.183084195732718,34.35625188829901,38.86933869567204,17.600489280010873,60.41904594570851,55.7861908007518,96.67875271936187,0,0,0,0,0,0,0,0,0,0,120158.85575167378,121510.92242846722,1578424.4992743104,99536.62961543375,335756.2259916267,547774.5304145148,3197.4448710543306,9015.220065009224,601401.325980544,124958.23060188543,0,0,0,0,0,0,0,0,0,0,120.0307524746132,41.19721163978277,475.1523947750362,28.823303947872745,48.38361603867236,54.316530323111365,15.459889232441983,73.79425459017833,75.73786066877337,129.74619289340103,0,0,0,0,0,0,0,0,0,0,23900.310728128905,6691.517386722867,147050.59506531202,5974.856266768876,12570.69791531788,6613.820209314015,2944.9899765553328,10445.159448300095,17904.826817027075,24474.256707759247,0,0,0,0,0,0,0,0,0,0,60,26,70,14,16,2,12,120,0,0,0,0,0.008173329660657907,0.003071630537229029,0.030849660889223814,0.016261627906976744,0.0016409495548961425,0.003,0.003111524163568773,0.0032071181413741968,0.02041524903146405,0.004728934967012252,0.06986815415821501,0.02459186046511628,0.004337685459940653,0.0046,0.0048007434944237915,0.0049728126544735535,0.02306721355682791,0.004936098020735155,0.08523833671399593,0.03796428571428571,0.004674777448071216,0.0048,0.005307692307692307,0.007393031784841069,0.03648443160807281,0.008650000000000001,0.0975344827586207,0.08905555555555532,0.004944451038575667,0.00496,0.009676923076923067,0.009576405867970664,0.457750131663175,0.3739583333333334,0.3861879942487419,0.45786908077994426,0.865546218487395,0.375,0.45402298850574707,0.4902830188679245,2.1813265318004946,2.162883435582822,0.49513838964773543,2.1237394957983193,2.112727272727273,0.475,2.112727272727273,2.1929160935350756,2.3406632659002473,2.3314417177914106,0.6956827309236947,2.3118697478991597,2.306363636363636,0.4875,2.306363636363636,2.346458046767538,2.468132653180049,2.4662883435582827,0.9391365461847392,2.4623739495798316,2.461272727272727,0.4975,2.461272727272727,2.4692916093535078,396.4369747899122,397.3613445378327,396.94117647058704,392.5378151260608,396.55462184876063,116156639.73109244,9656715.831932772,68.84033613445378,12898613.781512605,54078971.69747899,3251590668.9075627,2951236151.932773,663981288.3361344,4885435985.747899,3991392772.3025208,0,0,0,0,0,14.672268907563025,1.9831932773109242,4.773109243697479,0.47058823529411764,16.11764705882353,0,0,0,0,0,57490.28571428571,19937.882352941175,1077919.1932773108,38800.13445378151,66035.09243697478,1568.0168067226891,266.8235294117647,2830.2016806722686,1718.1512605042017,448.78991596638656,1770.7058823529412,377.89915966386553,1922.7394957983192,2094.90756302521,553.0420168067227,0,0,0,0,0,0,0,0,0,0,0,0,0,0,0,0,0,0,0,0
1693106103,0.5610670475121771,0.3541982329443711,0.12339113633226995,0.02998950367371423,1.752438810678193,0.6535947712418294,0.16043157069721675,0.2090363424612538,0.22804071563322734,0.10546743165710483,0,0.131966744380416,0.07885670101238972,0.5292797561078884,0.24127243369647905,6.856492262375348,4.6266743422735574,0.7744818180397792,0.45737733093417204,10.180823596588597,5.716043371459685,0.26702517999895814,0.6497656941499687,1.6218971660758337,0.9958990824333439,0.00006906747536011883,0.2968409866713588,1.5762302790830112,2.772856787483591,1.0531216959596152,5.610670475121784,4.07327967886027,1.028259469435582,0.2998950367371423,8.061218529119696,4.765795206971677,0.26070130238297756,0.5076596888344729,1.513361112838686,0.8648329395882535,0,0.06598337219020813,1.1434221646796465,1.3549561756361943,0.723817301089438,50000,100000,50000,50000,50000,50000,10000,50000,50000,20000,50000,0,3108864,0,220594176,0,0,1081344,0,0,2973696,0,0,0,0,2568192,1844.7884522200404,3.8961805623880834,1.3573024996549683,3.958614484930275,227.46655762602956,1369.6078431372548,1.3235604582520388,7.883656344252993,181.97649107531564,2.7843401957475526,0,0,163.94308140475806,11.178388448998602,11.024294278131437,0,0,0,0,0,0,0,0,0,0,0,0,0,0,0,224342016,73519104,10133504,439984128,111349760,349663232,38916096,10817536,310304768,93900800,4952064,3993600,305532928,15667200,134160384,204509184,67448832,9191424,199372800,104890368,330756096,35684352,9596928,289259520,82182144,4055040,2568192,294531072,14598144,35143680,0,0,0,0,0,0,0,0,0,0,0,0,0,0,0,206073856,73269248,9846784,424910848,108535808,333447168,38658048,10813440,293548032,92008448,4796416,2916352,296968192,15417344,39395328,188096512,70160384,9846784,211615744,108535808,333447168,37576704,10813440,293548032,89034752,4796416,2916352,296968192,15417344,36962304,1073741824,1073741824,314572800,0,1073741824,1073741824,1073741824,314572800,1073741824,0,0,0,1073741824,314572800,2147483648,10.527558590291033,0,3.569602448013075,0,0,14.179395334162319,41025.28581829631,0,13419.780025680793,0,0,45659.1377294408,10.527558590291033,0,3.569602448013075,0,0,14.179395334162319,41025.28581829631,0,13419.780025680793,0,0,45659.1377294408,84.15026788288432,50.336386479695236,492.1915820029027,21.082764356588843,34.35625188829901,38.86933869567204,17.600489280010873,61.023305652290375,55.7861908007518,96.67875271936187,0,0,0,0,0,0,0,0,0,0,100301.10285301278,121510.92242846722,1578424.4992743104,100427.38051488364,335756.2259916267,547774.5304145148,3197.4448710543306,9111.759978569515,601401.325980544,124958.23060188543,0,0,0,0,0,0,0,0,0,0,100.19417024377742,41.19721163978277,475.1523947750362,28.645480745053284,48.38361603867236,54.316530323111365,15.459889232441983,74.22091258148048,75.73786066877337,129.74619289340103,0,0,0,0,0,0,0,0,0,0,19950.4856264215,6691.517386722867,147050.59506531202,5872.9811802479635,12570.69791531788,6613.820209314015,2944.9899765553328,10541.941244753994,17904.826817027075,24474.256707759247,0,0,0,0,0,0,0,0,0,0,70,28,74,10,10,2,10,120,0,0,0,0,0.008173329770881147,0.003071630537229029,0.030849660889223814,0.016261627906976744,0.001553314121037464,0.003,0.003105263157894737,0.0032071181413741968,0.020415249515410957,0.004728934967012252,0.06986815415821501,0.02459186046511628,0.004319884726224784,0.0046,0.004789473684210526,0.0049728126544735535,0.02306721379880136,0.004936098020735155,0.08523833671399593,0.03796428571428571,0.004665706051873199,0.0048,0.005,0.007393031784841069,0.036484434552083445,0.008650000000000001,0.0975344827586207,0.08905555555555532,0.004942363112391931,0.00496,0.009615384615384616,0.009576405867970664,0.45775006587523276,0.3739583333333334,0.3861879942487419,0.45786908077994426,0.8781512605042017,0.375,0.4594972067039106,0.4902830188679245,2.181326499103975,2.162883435582822,0.49513838964773543,2.1237394957983193,2.128099173553719,0.475,2.128099173553719,2.1929160935350756,2.3406632495519872,2.3314417177914106,0.6956827309236947,2.3118697478991597,2.3140495867768593,0.4875,2.3140495867768593,2.346458046767538,2.468132649910398,2.4662883435582827,0.9391365461847392,2.4623739495798316,2.4628099173553717,0.4975,2.4628099173553717,2.4692916093535078,396.4033613445274,397.39495798319115,396.97478991597006,392.3865546218501,396.45378151259456,116156639.73109244,9656715.831932772,68.84033613445378,12898613.781512605,54078971.69747899,3251646498.420168,3007885897.142857,663977502.117647,4793371604.97479,4147879591.7983193,0,0,0,0,0,14.773109243697478,1.9831932773109242,4.773109243697479,0.38655462184873945,16.672268907563023,0,0,0,0,0,57739.83193277311,19937.882352941175,1077919.1932773108,25032.067226890755,71766.05042016806,1568.5714285714287,267.3109243697479,2829.2941176470586,1722.0840336134454,450.6890756302521,1771.5462184873948,378.25210084033614,1923.1428571428569,2098.3865546218485,554.924369747899,0,0,0,0,0,0,0,0,0,0,0,0,0,0,0,0,0,0,0,0
1693106104,0.5610670475121771,0.3541982329443711,0.12095561671415943,0.02998950367371423,1.752438810678193,0.6535947712418294,0.1854849588560637,0.18796207343051685,0.22804071563322734,0.10546743165710483,0,0.131966744380416,0.050000000000000044,0.5292797561078884,0.24127243369647905,6.856492262375348,4.6266743422735574,0.7591949366820583,0.45737733093417204,10.180823596588597,5.716043371459685,0.3331644459058415,0.6352687627918637,1.6218971660758337,0.9958990824333439,0.00006906747536011883,0.2968409866713588,1.2620612175000012,2.772856787483591,1.0531216959596152,5.610670475121784,4.07327967886027,1.0079634726179942,0.2998950367371423,8.061218529119696,4.765795206971677,0.3541076487252125,0.4594628461634852,1.513361112838686,0.8648329395882535,0,0.06598337219020813,0.8750000000000036,1.3549561756361943,0.723817301089438,50000,100000,50000,50000,50000,50000,10000,50000,50000,20000,50000,0,3108864,0,220594176,0,0,1081344,0,0,2973696,0,0,0,0,2568192,1844.7884522200404,3.8961805623880834,1.3305117838557525,3.958614484930275,227.46655762602956,1369.6078431372548,1.1129097531363823,5.513554153961823,181.97649107531564,2.7843401957475526,0,0,118.80000000000001,11.178388448998602,11.024294278131437,0,0,0,0,0,0,0,0,0,0,0,0,0,0,0,224342016,73519104,10133504,439984128,111349760,349663232,39055360,10817536,310304768,93900800,4952064,3993600,305532928,15667200,134160384,204509184,67448832,9191424,199372800,104890368,330756096,35684352,9596928,289259520,82182144,4055040,2568192,294531072,14598144,35143680,0,0,0,0,0,0,0,0,0,0,0,0,0,0,0,206073856,73269248,9846784,424910848,108535808,333447168,38760448,10436608,293548032,92008448,4796416,2916352,296968192,15417344,39395328,188096512,70160384,9846784,211615744,108535808,333447168,37679104,10436608,293548032,89034752,4796416,2916352,296968192,15417344,36962304,1073741824,1073741824,314572800,0,1073741824,1073741824,1073741824,314572800,1073741824,0,0,0,1073741824,314572800,2147483648,10.527558590291033,0,4.687710778362337,0,0,14.179395334162319,41025.28581829631,0,19235.397275057338,0,0,45659.1377294408,10.527558590291033,0,4.687710778362337,0,0,14.179395334162319,41025.28581829631,0,19235.397275057338,0,0,45659.1377294408,105.35732438751654,49.917996123453115,492.1915820029027,21.082764356588843,29.195597022569743,38.86933869567204,14.830098931965162,61.023305652290375,55.7861908007518,96.67875271936187,0,0,0,0,0,0,0,0,0,0,120874.900884416,120956.3441180856,1578424.4992743104,100427.38051488364,284676.02502859634,547774.5304145148,2694.1537256634165,9111.759978569515,601401.325980544,124958.23060188543,0,0,0,0,0,0,0,0,0,0,124.57049913591544,40.97211868197407,475.1523947750362,28.645480745053284,41.19694915832964,54.316530323111365,13.02643825105048,74.22091258148048,75.73786066877337,129.74619289340103,0,0,0,0,0,0,0,0,0,0,25049.303649486636,6657.193976442524,147050.59506531202,5872.9811802479635,10553.198594512924,6613.820209314015,2481.4362834539547,10541.941244753994,17904.826817027075,24474.256707759247,0,0,0,0,0,0,0,0,0,0,56,22,66,12,14,2,14,98,0,0,0,0,0.00817332987262571,0.003071630537229029,0.030849660889223814,0.016261627906976744,0.001553314121037464,0.003,0.003105263157894737,0.0032071181413741968,0.020415249962131198,0.004728934967012252,0.06986815415821501,0.02459186046511628,0.004319884726224784,0.0046,0.004789473684210526,0.0049728126544735535,0.023067214022161487,0.004936098020735155,0.08523833671399593,0.03796428571428571,0.004665706051873199,0.0048,0.005,0.007393031784841069,0.03648443726963185,0.008650000000000001,0.0975344827586207,0.08905555555555532,0.004942363112391931,0.00496,0.009615384615384616,0.009576405867970664,0.45775000514790143,0.3739583333333334,0.3861879942487419,0.45786908077994426,0.8781512605042017,0.375,0.4594972067039106,0.4902830188679245,2.1813264689225607,2.162883435582822,0.49513838964773543,2.1237394957983193,2.128099173553719,0.475,2.128099173553719,2.1929160935350756,2.34066323446128,2.3314417177914106,0.6956827309236947,2.3118697478991597,2.3140495867768593,0.4875,2.3140495867768593,2.346458046767538,2.468132646892256,2.4662883435582827,0.9391365461847392,2.4623739495798316,2.4628099173553717,0.4975,2.4628099173553717,2.4692916093535078,396.4537815126028,397.3949579831889,396.80672268909746,392.4033613445343,396.4537815125865,116156570.8907563,9656715.831932772,68.84033613445378,12898613.781512605,54078971.69747899,3181024367.865546,2951131789.983193,719333324.3697479,4701196735.462185,3991445366.3193274,0,0,0,0,0,14.739495798319327,1.9831932773109242,4.773109243697479,0.38655462184873945,16.621848739495796,0,0,0,0,0,57627.96638655462,19937.882352941175,1077919.1932773108,25032.067226890755,71619.76470588235,1569.2436974789916,266.65546218487395,2832.302521008403,1725.9327731092437,452,1772.6218487394958,377.546218487395,1925.9831932773109,2102.1344537815125,556.2184873949578,0,0,0,0,0,0,0,0,0,0,0,0,0,0,0,0,0,0,0,0
1693106105,0.5610670475121771,0.3541982329443711,0.15275986149772552,0.04225114078080112,1.752438810678193,0.6535947712418294,0.207641196013289,0.18796207343051685,0.22804071563322734,0.10546743165710483,0,0.131966744380416,0.05904714415231192,0.5292797561078884,0.24127243369647905,6.856492262375348,4.6266743422735574,0.9282998438454753,0.4640223846543852,10.180823596588597,5.716043371459685,0.33090623338870434,0.6352687627918637,1.6218971660758337,0.9958990824333439,0.00006906747536011883,0.2968409866713588,1.4904222127752962,2.772856787483591,1.0531216959596152,5.610670475121784,4.07327967886027,1.1541856202050371,0.33800912624640805,8.061218529119696,4.765795206971677,0.35299003322259126,0.4594628461634852,1.513361112838686,0.8648329395882535,0,0.06598337219020813,1.033325022665462,1.3549561756361943,0.723817301089438,50000,100000,50000,50000,50000,50000,10000,50000,50000,20000,50000,0,3108864,0,220594176,0,0,1081344,0,0,2973696,0,0,0,0,2568192,1844.7884522200404,3.8961805623880834,4.480955937266617,4.182862937299308,227.46655762602956,1369.6078431372548,0,5.513554153961823,181.97649107531564,2.7843401957475526,0,0,140.29601450589303,11.178388448998602,11.024294278131437,0,0,0,0,0,0,0,0,0,0,0,0,0,0,0,224342016,73519104,10530816,439984128,111349760,349663232,39055360,10817536,310304768,93900800,4952064,3993600,305532928,15667200,134160384,204509184,67448832,9596928,199372800,104890368,330756096,35684352,9596928,289259520,82182144,4055040,2568192,294531072,14598144,35143680,0,0,0,0,0,0,0,0,0,0,0,0,0,0,0,206073856,73269248,10268672,424910848,108535808,333447168,38760448,10436608,293548032,92008448,4796416,2916352,296968192,15417344,39395328,188096512,70160384,10268672,211615744,108535808,333447168,37679104,10436608,293548032,89034752,4796416,2916352,296968192,15417344,36962304,1073741824,1073741824,314572800,0,1073741824,1073741824,1073741824,314572800,1073741824,0,0,0,1073741824,314572800,2147483648,10.527558590291033,0,4.8172757475083055,0,0,14.179395334162319,41025.28581829631,0,20029.23588039867,0,0,45659.1377294408,10.527558590291033,0,4.8172757475083055,0,0,14.179395334162319,41025.28581829631,0,20029.23588039867,0,0,45659.1377294408,105.35732438751654,49.917996123453115,492.1915820029027,21.082764356588843,34.55458053061085,38.86933869567204,17.029796761970374,61.023305652290375,55.7861908007518,96.67875271936187,0,0,0,0,0,0,0,0,0,0,120874.900884416,120956.3441180856,1578424.4992743104,100427.38051488364,336929.59333492676,547774.5304145148,3090.8327592146056,9111.759978569515,601401.325980544,124958.23060188543,0,0,0,0,0,0,0,0,0,0,124.57049913591544,40.97211868197407,475.1523947750362,28.645480745053284,48.758834977976576,54.316530323111365,15.09214605580434,74.22091258148048,75.73786066877337,129.74619289340103,0,0,0,0,0,0,0,0,0,0,25049.303649486636,6657.193976442524,147050.59506531202,5872.9811802479635,12490.28579233107,6613.820209314015,2854.5685497760937,10541.941244753994,17904.826817027075,24474.256707759247,0,0,0,0,0,0,0,0,0,0,58,26,74,16,18,2,18,128,0,0,0,0,0.008173329966833665,0.003071630537229029,0.030849660889223814,0.016261627906976744,0.001553314121037464,0.003,0.003105263157894737,0.003214137214137214,0.02041525037576104,0.004728934967012252,0.06986815415821501,0.02459186046511628,0.004319884726224784,0.0046,0.004789473684210526,0.0049854469854469854,0.023067214228976417,0.004936098020735155,0.08523833671399593,0.03796428571428571,0.004665706051873199,0.0048,0.005,0.007475124378109452,0.03648443978587987,0.008650000000000001,0.0975344827586207,0.08905555555555532,0.004942363112391931,0.00496,0.009615384615384616,0.009594527363184085,0.45774994891889104,0.3739583333333334,0.3861879942487419,0.45786908077994426,0.8781512605042017,0.375,0.4594972067039106,0.47262357414448675,2.181326440976797,2.162883435582822,0.49513838964773543,2.1237394957983193,2.128099173553719,0.475,2.128099173553719,2.1782477341389725,2.3406632204883984,2.3314417177914106,0.6956827309236947,2.3118697478991597,2.3140495867768593,0.4875,2.3140495867768593,2.3391238670694863,2.46813264409768,2.4662883435582827,0.9391365461847392,2.4623739495798316,2.4628099173553717,0.4975,2.4628099173553717,2.4678247734138967,396.33613445379126,397.37815126050367,396.92436974790485,392.38655462184647,396.4033613445308,116156915.09243697,9656715.831932772,68.84033613445378,25797227.56302521,54078971.69747899,3181021545.4117646,2951140395.02521,719350672.1344538,4793388195.495798,3991439101.848739,0,0,0,0,0,14.924369747899158,1.9831932773109242,4.773109243697479,0.38655462184873945,16.655462184873947,0,0,0,0,0,58273.34453781512,19937.882352941175,1077919.1932773108,25032.067226890755,71680,1576.3865546218487,267.7310924369748,2834.0504201680674,1734.3697478991594,453.6470588235294,1779.5126050420167,378.60504201680675,1928.252100840336,2111.226890756302,557.9159663865545,0,0,0,0,0,0,0,0,0,0,0,0,0,0,0,0,0,0,0,0
1693106106,0.5610670475121771,0.3541982329443711,0.14379622021364,0.04225114078080112,1.752438810678193,0.6535947712418294,0.207641196013289,0.18796207343051685,0.22804071563322734,0.10546743165710483,0,0.131966744380416,0.06461339651087616,0.5292797561078884,0.24127243369647905,6.856492262375348,4.6266743422735574,0.9338420747740349,0.4640223846543852,10.180823596588597,5.716043371459685,0.33090623338870434,0.6352687627918637,1.6218971660758337,0.9958990824333439,0.00006906747536011883,0.2968409866713588,1.603647238854184,2.772856787483591,1.0531216959596152,5.610670475121784,4.07327967886027,1.15036976170912,0.33800912624640805,8.061218529119696,4.765795206971677,0.35299003322259126,0.4594628461634852,1.513361112838686,0.8648329395882535,0,0.06598337219020813,1.1415033383588222,1.3549561756361943,0.723817301089438,50000,100000,50000,50000,50000,50000,10000,50000,50000,20000,50000,0,3108864,0,220594176,0,0,1081344,0,0,2973696,0,0,0,0,2568192,1844.7884522200404,3.8961805623880834,4.067378800328677,4.182862937299308,227.46655762602956,1369.6078431372548,0,5.513554153961823,181.97649107531564,2.7843401957475526,0,0,150.6784406633642,11.178388448998602,11.024294278131437,0,0,0,0,0,0,0,0,0,0,0,0,0,0,0,224342016,73519104,10530816,439984128,111349760,349663232,39055360,10817536,310304768,93900800,4952064,3993600,305532928,15667200,134160384,204509184,67448832,9596928,199372800,104890368,330756096,35684352,9596928,289259520,82182144,4055040,2568192,294531072,14598144,35143680,0,0,0,0,0,0,0,0,0,0,0,0,0,0,0,206073856,73269248,10268672,424910848,108535808,333447168,38760448,10436608,293548032,92008448,4796416,2916352,297013248,15417344,39395328,188096512,70160384,10268672,211615744,108535808,333447168,37679104,10436608,293548032,89034752,4796416,2916352,297013248,15417344,36962304,1073741824,1073741824,314572800,0,1073741824,1073741824,1073741824,314572800,1073741824,0,0,0,1073741824,314572800,2147483648,10.527558590291033,0,4.8172757475083055,0,0,14.179395334162319,41025.28581829631,0,20029.23588039867,0,0,45659.1377294408,10.527558590291033,0,4.8172757475083055,0,0,14.179395334162319,41025.28581829631,0,20029.23588039867,0,0,45659.1377294408,105.35732438751654,49.917996123453115,492.1915820029027,21.082764356588843,34.55458053061085,38.86933869567204,17.029796761970374,61.023305652290375,55.7861908007518,96.67875271936187,0,0,0,0,0,0,0,0,0,0,120874.900884416,120956.3441180856,1578424.4992743104,100427.38051488364,336929.59333492676,547774.5304145148,3090.8327592146056,9111.759978569515,601401.325980544,124958.23060188543,0,0,0,0,0,0,0,0,0,0,124.57049913591544,40.97211868197407,475.1523947750362,28.645480745053284,48.758834977976576,54.316530323111365,15.09214605580434,74.22091258148048,75.73786066877337,129.74619289340103,0,0,0,0,0,0,0,0,0,0,25049.303649486636,6657.193976442524,147050.59506531202,5872.9811802479635,12490.28579233107,6613.820209314015,2854.5685497760937,10541.941244753994,17904.826817027075,24474.256707759247,0,0,0,0,0,0,0,0,0,0,28,14,40,6,8,2,6,40,0,0,0,0,0.008173330054312505,0.003071630537229029,0.030849660889223814,0.016261627906976744,0.001553314121037464,0.003,0.003105263157894737,0.0032061500615006146,0.02041525075984589,0.004728934967012252,0.06986815415821501,0.02459186046511628,0.004319884726224784,0.0046,0.004789473684210526,0.0049710701107011064,0.023067214421018833,0.004936098020735155,0.08523833671399593,0.03796428571428571,0.004665706051873199,0.0048,0.005,0.0073814180929095185,0.03648444212239554,0.008650000000000001,0.0975344827586207,0.08905555555555532,0.004942363112391931,0.00496,0.009615384615384616,0.009574083129584342,0.45774989670623834,0.3739583333333334,0.3861879942487419,0.45786908077994426,0.8781512605042017,0.375,0.4594972067039106,0.49207547169811316,2.1813264150271516,2.162883435582822,0.49513838964773543,2.1237394957983193,2.128099173553719,0.475,2.128099173553719,2.194272727272727,2.340663207513576,2.3314417177914106,0.6956827309236947,2.3118697478991597,2.3140495867768593,0.4875,2.3140495867768593,2.347136363636363,2.468132641502715,2.4662883435582827,0.9391365461847392,2.4623739495798316,2.4628099173553717,0.4975,2.4628099173553717,2.469427272727273,396.38655462184545,397.3949579832053,396.8235294117521,392.3697478991569,396.3865546218429,116156915.09243697,9656715.831932772,68.84033613445378,25797227.56302521,72105295.59663865,3181077030.722689,3007820705.3445377,664476938.7563025,4701219934.655462,3991508286.3865542,0,0,0,0,0,15.008403361344538,1.949579831932773,4.773109243697479,0.38655462184873945,16.73949579831933,0,0,0,0,0,58462.65546218487,19387.159663865546,1077919.1932773108,25032.067226890755,72101.64705882352,1565.1596638655462,263.61344537815125,2835.4285714285716,1730.3529411764705,453.5798319327731,1768.6386554621847,374.65546218487395,1929.0756302521008,2105.983193277311,557.8487394957982,0,0,0,0,0,0,0,0,0,0,0,0,0,0,0,0,0,0,0,0
1693106107,0.5610670475121771,0.3295978905735006,0.14379622021364,0.04225114078080112,1.752438810678193,0.6535947712418294,0.207641196013289,0.18796207343051685,0.22804071563322734,0.10546743165710483,0,0.131966744380416,0.06461339651087616,0.5292797561078884,0.24127243369647905,6.856492262375348,4.665819961646789,0.9338420747740349,0.4640223846543852,10.180823596588597,5.716043371459685,0.33090623338870434,0.6352687627918637,1.6218971660758337,0.9958990824333439,0.00009086116493787432,0.2968409866713588,1.603647238854184,2.772856787483591,1.0531216959596152,5.610670475121784,4.0151015760771855,1.15036976170912,0.33800912624640805,8.061218529119696,4.765795206971677,0.35299003322259126,0.4594628461634852,1.513361112838686,0.8648329395882535,0,0.06598337219020813,1.1415033383588222,1.3549561756361943,0.723817301089438,50000,100000,50000,50000,50000,50000,10000,50000,50000,20000,50000,0,3108864,0,220594176,0,0,1081344,0,0,2973696,0,0,0,0,2568192,1844.7884522200404,5.932762030323006,4.067378800328677,4.182862937299308,227.46655762602956,1369.6078431372548,0,5.513554153961823,181.97649107531564,2.7843401957475526,0,0,150.6784406633642,11.178388448998602,11.024294278131437,0,0,0,0,0,0,0,0,0,0,0,0,0,0,0,224342016,73519104,10530816,439984128,111349760,349663232,39055360,10817536,310304768,93900800,4952064,3993600,305532928,15667200,134160384,204509184,67448832,9596928,199372800,104890368,330756096,35684352,9596928,289259520,82182144,4055040,2568192,294531072,14598144,35143680,0,0,0,0,0,0,0,0,0,0,0,0,0,0,0,206073856,73269248,10268672,424910848,108535808,333447168,38760448,10436608,293548032,92008448,4796416,2916352,297013248,15417344,39395328,188096512,70160384,10268672,211615744,108535808,333447168,37679104,10436608,293548032,89034752,4796416,2916352,297013248,15417344,36962304,1073741824,1073741824,314572800,0,1073741824,1073741824,1073741824,314572800,1073741824,0,0,0,1073741824,314572800,2147483648,10.637022832144783,0,4.8172757475083055,0,0,14.179395334162319,43078.3244441781,0,20029.23588039867,0,0,45659.1377294408,10.637022832144783,0,4.8172757475083055,0,0,14.179395334162319,43078.3244441781,0,20029.23588039867,0,0,45659.1377294408,105.35732438751654,49.917996123453115,493.2717527654236,21.082764356588843,28.931254481510567,38.86933869567204,17.029796761970374,48.61314699792961,55.7861908007518,95.91004080007961,0,0,0,0,0,0,0,0,0,0,120874.900884416,120956.3441180856,1582792.6597483559,100427.38051488364,282098.5136395841,547774.5304145148,3090.8327592146056,7258.313516711033,601401.325980544,124052.90078614787,0,0,0,0,0,0,0,0,0,0,124.57049913591544,40.97211868197407,478.6938837571749,28.645480745053284,40.82394407074811,54.316530323111365,15.09214605580434,58.88112984324165,75.73786066877337,129.24669121305604,0,0,0,0,0,0,0,0,0,0,25049.303649486636,6657.193976442524,146581.78431596153,5872.9811802479635,10457.647908201592,6613.820209314015,2854.5685497760937,8357.158104111211,17904.826817027075,24458.433674992535,0,0,0,0,0,0,0,0,0,0,34,12,42,10,10,2,10,84,0,0,0,0,0.00827952715144241,0.0030809031044214483,0.030802540415704384,0.016304849884526563,0.0016371681415929204,0.003,0.00311070110701107,0.003212454212454212,0.020676762185646822,0.004745625587958607,0.07153333333333334,0.024646651270207855,0.004336873156342183,0.0046,0.004799261992619926,0.004982417582417582,0.023220546697918957,0.004953715898400752,0.0861,0.040075757575757556,0.004674336283185841,0.0048,0.0052499999999999995,0.007452941176470588,0.03837505543821851,0.008895121951219498,0.09775333333333333,0.09223076923076906,0.004944306784660767,0.00496,0.00933571428571428,0.009584705882352947,0.4604151267161558,0.375,0.386611289746338,0.4578729281767956,0.8666666666666667,0.375,0.45428571428571435,0.48798076923076916,2.183034979663234,2.1634888438133877,0.4959003215434084,2.12375,2.1135135135135132,0.475,2.1135135135135132,2.191136363636364,2.3415174898316162,2.3317444219066936,0.7058653846153845,2.311875,2.306756756756757,0.4875,2.306756756756757,2.345568181818182,2.4683034979663234,2.4663488843813384,0.9411730769230767,2.462375,2.461351351351351,0.4975,2.461351351351351,2.469113636363637,396.3361344537931,397.39495798320223,396.70588235294673,392.23529411764326,396.40336134453963,116156915.09243697,9656715.831932772,68.84033613445378,25797227.56302521,72105295.59663865,3110470939.9663863,3007853060.3025208,719849626.8907562,4701317481.411764,3991585043.3613443,0,0,0,0,0,15.058823529411764,1.949579831932773,4.80672268907563,0.38655462184873945,16.840336134453782,0,0,0,0,0,58643.361344537814,19387.159663865546,1078056.87394958,25032.067226890755,72428.63865546219,1578.6554621848738,267.52941176470586,2833.983193277311,1740.521008403361,454.75630252100837,1781.8655462184872,378.3193277310924,1927.2941176470588,2116.991596638655,558.8235294117646,0,0,0,0,0,0,0,0,0,0,0,0,0,0,0,0,0,0,0,0
1693106108,0.6722814618386889,0.3295978905735006,0.14379622021364,0.04225114078080112,1.752438810678193,0.6535947712418294,0.207641196013289,0.18796207343051685,0.1815650910851542,0.10546743165710483,0,0.131966744380416,0.06461339651087616,0.5292797561078884,0.24127243369647905,6.832610276569126,4.665819961646789,0.9338420747740349,0.4640223846543852,10.180823596588597,5.716043371459685,0.33090623338870434,0.6352687627918637,1.7505233492707124,0.9958990824333439,0.00009086116493787432,0.2968409866713588,1.603647238854184,2.772856787483591,1.0531216959596152,5.527647575118118,4.0151015760771855,1.15036976170912,0.33800912624640805,8.061218529119696,4.765795206971677,0.35299003322259126,0.4594628461634852,1.6643466682805703,0.8648329395882535,0,0.06598337219020813,1.1415033383588222,1.3549561756361943,0.723817301089438,50000,100000,50000,50000,50000,50000,10000,50000,50000,20000,50000,0,3108864,0,220594176,0,0,1081344,0,0,2973696,0,0,0,0,2568192,1713.1972585855947,5.932762030323006,4.067378800328677,4.182862937299308,227.46655762602956,1369.6078431372548,0,5.513554153961823,247.65478424015012,2.7843401957475526,0,0,150.6784406633642,11.178388448998602,11.024294278131437,0,0,0,0,0,0,0,0,0,0,0,0,0,0,0,224342016,73519104,10530816,439984128,111349760,349663232,39055360,10817536,310304768,93900800,4952064,3993600,305532928,15667200,134160384,204374016,67448832,9596928,199372800,104890368,330756096,35684352,9596928,289259520,82182144,4055040,2568192,294531072,14598144,35143680,0,0,0,0,0,0,0,0,0,0,0,0,0,0,0,206282752,73269248,10268672,424910848,108535808,333447168,38760448,10436608,293548032,92008448,4796416,2916352,297013248,15417344,39395328,188440576,70160384,10268672,211615744,108535808,333447168,37679104,10436608,293548032,89034752,4796416,2916352,297013248,15417344,36962304,1073741824,1073741824,314572800,0,1073741824,1073741824,1073741824,314572800,1073741824,0,0,0,1073741824,314572800,2147483648,10.637022832144783,0,4.8172757475083055,0,0,14.179395334162319,43078.3244441781,0,20029.23588039867,0,0,45659.1377294408,10.637022832144783,0,4.8172757475083055,0,0,14.179395334162319,43078.3244441781,0,20029.23588039867,0,0,45659.1377294408,105.35732438751654,49.917996123453115,493.2717527654236,21.082764356588843,28.35534480600039,38.86933869567204,17.029796761970374,49.63579584666541,54.37894736842105,95.91004080007961,0,0,0,0,0,0,0,0,0,0,120874.900884416,120956.3441180856,1582792.6597483559,100427.38051488364,276483.0204173354,547774.5304145148,3090.8327592146056,7411.002787412725,599670.2736842105,124052.90078614787,0,0,0,0,0,0,0,0,0,0,124.57049913591544,40.97211868197407,478.6938837571749,28.645480745053284,40.011296821115174,54.316530323111365,15.09214605580434,60.119780771333566,73.9578947368421,129.24669121305604,0,0,0,0,0,0,0,0,0,0,25049.303649486636,6657.193976442524,146581.78431596153,5872.9811802479635,10249.476478329409,6613.820209314015,2854.5685497760937,8532.96318240076,17310.18947368421,24458.433674992535,0,0,0,0,0,0,0,0,0,0,68,24,72,22,26,2,26,128,0,0,0,0,0.008279527237503685,0.0030809031044214483,0.030802540415704384,0.016304849884526563,0.0015616045845272203,0.003,0.003104895104895105,0.003212454212454212,0.020676762496019106,0.004745625587958607,0.07153333333333334,0.024646651270207855,0.004321489971346705,0.0046,0.0047888111888111885,0.004982417582417582,0.023220546853105088,0.004953715898400752,0.0861,0.040075757575757556,0.00466647564469914,0.0048,0.004999300699300699,0.007452941176470588,0.03837505706249995,0.008895121951219498,0.09775333333333333,0.09223076923076906,0.0049424641833810895,0.00496,0.009282142857142852,0.009584705882352947,0.4604150815972222,0.375,0.386611289746338,0.4578729281767956,0.8770833333333332,0.375,0.45902777777777776,0.48798076923076916,2.183034958139468,2.1634888438133877,0.4959003215434084,2.12375,2.1268595041322316,0.475,2.1268595041322316,2.191136363636364,2.3415174790697337,2.3317444219066936,0.7058653846153845,2.311875,2.313429752066116,0.4875,2.313429752066116,2.345568181818182,2.468303495813947,2.4663488843813384,0.9411730769230767,2.462375,2.4626859504132232,0.4975,2.4626859504132232,2.469113636363637,396.30252100839544,397.3781512605243,396.6554621848746,392.302521008403,396.4033613445396,116156915.09243697,9656715.831932772,68.84033613445378,25797227.56302521,72105295.59663865,3110493519.5966387,3007853748.705882,719855753.6806723,4701429415.798319,3913395707.697479,0,0,0,0,0,15.025210084033613,1.949579831932773,4.80672268907563,0.38655462184873945,16.823529411764707,0,0,0,0,0,58565.91596638655,19387.159663865546,1078056.87394958,25032.067226890755,72308.16806722688,1590.4705882352941,268.16806722689074,2835.0588235294117,1751.344537815126,456.75630252100837,1793.579831932773,378.890756302521,1926.6218487394956,2129.8655462184875,560.9915966386554,0,0,0,0,0,0,0,0,0,0,0,0,0,0,0,0,0,0,0,0
1693106109,0.6722814618386889,0.3295978905735006,0.14379622021364,0.04225114078080112,1.6625580462076461,0.5614009670584402,0.207641196013289,0.18796207343051685,0.1815650910851542,0.10546743165710483,0,0.131966744380416,0.06461339651087616,0.5292797561078884,0.21283639975405536,6.832610276569126,4.665819961646789,0.9338420747740349,0.4640223846543852,10.854116658067236,5.006237248048681,0.33090623338870434,0.6352687627918637,1.7505233492707124,0.9958990824333439,0.00009086116493787432,0.2968409866713588,1.603647238854184,2.772856787483591,1.0399624840372705,5.527647575118118,4.0151015760771855,1.15036976170912,0.33800912624640805,8.71409734564008,4.020355312483007,0.35299003322259126,0.4594628461634852,1.6643466682805703,0.8648329395882535,0,0.06598337219020813,1.1415033383588222,1.3549561756361943,0.709454665846853,50000,100000,50000,50000,50000,50000,10000,50000,50000,20000,50000,0,3108864,0,220594176,0,0,1081344,0,0,2973696,0,0,0,0,2568192,1713.1972585855947,5.932762030323006,4.067378800328677,4.182862937299308,208.10640371495728,1164.1645085930568,0,5.513554153961823,247.65478424015012,2.7843401957475526,0,0,150.6784406633642,11.178388448998602,9.36480158917845,0,0,0,0,0,0,0,0,0,0,0,0,0,0,0,224342016,73519104,10530816,439984128,111390720,349663232,39055360,10817536,310304768,93900800,4952064,3993600,305532928,15667200,134160384,204374016,67448832,9596928,199372800,104214528,331026432,35684352,9596928,289259520,82182144,4055040,2568192,294531072,14598144,35143680,0,0,0,0,0,0,0,0,0,0,0,0,0,0,0,206282752,73269248,10268672,424910848,108056576,333922304,38760448,10436608,293548032,92008448,4796416,2916352,297013248,15417344,39395328,188440576,70160384,10268672,211615744,108056576,333922304,37679104,10436608,293548032,89034752,4796416,2916352,297013248,15417344,36962304,1073741824,1073741824,314572800,0,1073741824,1073741824,1073741824,314572800,1073741824,0,0,0,1073741824,314572800,2147483648,10.637022832144783,0,4.8172757475083055,0,0,14.354632738967979,43078.3244441781,0,20029.23588039867,0,0,47209.19453246937,10.637022832144783,0,4.8172757475083055,0,0,14.354632738967979,43078.3244441781,0,20029.23588039867,0,0,47209.19453246937,105.35732438751654,49.917996123453115,493.2717527654236,21.082764356588843,34.03125064846134,38.86933869567204,17.029796761970374,50.65844469540122,54.37894736842105,95.91004080007961,0,0,0,0,0,0,0,0,0,0,120874.900884416,120956.3441180856,1582792.6597483559,100427.38051488364,333181.7559295304,547774.5304145148,3090.8327592146056,7563.692058114419,599670.2736842105,124052.90078614787,0,0,0,0,0,0,0,0,0,0,124.57049913591544,40.97211868197407,478.6938837571749,28.645480745053284,48.2455230229711,54.316530323111365,15.09214605580434,61.358431699425495,73.9578947368421,129.24669121305604,0,0,0,0,0,0,0,0,0,0,25049.303649486636,6657.193976442524,146581.78431596153,5872.9811802479635,12298.707227490611,6613.820209314015,2854.5685497760937,8708.76826069031,17310.18947368421,24458.433674992535,0,0,0,0,0,0,0,0,0,0,26,16,46,10,10,2,10,70,0,0,0,0,0.00827952731801264,0.0030809031044214483,0.030802540415704384,0.016304849884526563,0.0015616045845272203,0.003,0.003104895104895105,0.003212454212454212,0.020676762786367375,0.004745625587958607,0.07153333333333334,0.024646651270207855,0.004321489971346705,0.0046,0.0047888111888111885,0.004982417582417582,0.02322054699827923,0.004953715898400752,0.0861,0.040075757575757556,0.00466647564469914,0.0048,0.004999300699300699,0.007452941176470588,0.03837505858198918,0.008895121951219498,0.09775333333333333,0.09223076923076906,0.0049424641833810895,0.00496,0.009282142857142852,0.009584705882352947,0.4604150393891876,0.375,0.386611289746338,0.4578729281767956,0.8770833333333332,0.375,0.45902777777777776,0.48798076923076916,2.183034938004328,2.1634888438133877,0.4959003215434084,2.12375,2.1268595041322316,0.475,2.1268595041322316,2.191136363636364,2.341517469002164,2.3317444219066936,0.7058653846153845,2.311875,2.313429752066116,0.4875,2.313429752066116,2.345568181818182,2.468303493800433,2.4663488843813384,0.9411730769230767,2.462375,2.4626859504132232,0.4975,2.4626859504132232,2.469113636363637,396.30252100838925,397.3613445378184,396.70588235296213,392.26890756301833,396.5042016806633,116156915.09243697,9656715.831932772,68.84033613445378,25797227.56302521,72105295.59663865,3181249062.722689,3064560011.8319325,719859677.579832,4701529440.806723,3913475218.285714,0,0,0,0,0,14.974789915966387,1.949579831932773,4.80672268907563,0.38655462184873945,16.823529411764707,0,0,0,0,0,58411.02521008403,19387.159663865546,1078056.87394958,25032.067226890755,72325.3781512605,1587.310924369748,268.0504201680672,2834.3697478991594,1750.1512605042017,457.3109243697479,1790.3025210084033,378.5882352941176,1925.8991596638655,2128.453781512605,561.4621848739496,0,0,0,0,0,0,0,0,0,0,0,0,0,0,0,0,0,0,0,0
1693106110,0.6722814618386889,0.3295978905735006,0.14379622021364,0.04225114078080112,1.6625580462076461,0.5614009670584402,0.207641196013289,0.18796207343051685,0.1815650910851542,0.10546743165710483,0,0.131966744380416,0.06461339651087616,0.5292797561078884,0.21283639975405536,6.832610276569126,4.665819961646789,0.9338420747740349,0.4640223846543852,10.854116658067236,5.006237248048681,0.33090623338870434,0.6352687627918637,1.7505233492707124,0.9958990824333439,0.00009086116493787432,0.2968409866713588,1.603647238854184,2.772856787483591,1.0399624840372705,5.527647575118118,4.0151015760771855,1.15036976170912,0.33800912624640805,8.71409734564008,4.020355312483007,0.35299003322259126,0.4594628461634852,1.6643466682805703,0.8648329395882535,0,0.06598337219020813,1.1415033383588222,1.3549561756361943,0.709454665846853,50000,100000,50000,50000,50000,50000,10000,50000,50000,20000,50000,0,3108864,0,220594176,0,0,1081344,0,0,2973696,0,0,0,0,2568192,1713.1972585855947,5.932762030323006,4.067378800328677,4.182862937299308,208.10640371495728,1164.1645085930568,0,5.513554153961823,247.65478424015012,2.7843401957475526,0,0,150.6784406633642,11.178388448998602,9.36480158917845,0,0,0,0,0,0,0,0,0,0,0,0,0,0,0,224342016,73519104,10530816,439984128,111390720,349663232,39055360,10817536,310304768,93900800,4952064,3993600,305532928,15667200,134160384,204374016,67448832,9596928,199372800,104214528,331026432,35684352,9596928,289259520,82182144,4055040,2568192,294531072,14598144,35143680,0,0,0,0,0,0,0,0,0,0,0,0,0,0,0,206282752,73269248,10268672,424910848,108056576,333922304,38760448,10436608,293548032,92008448,4796416,2916352,297013248,15417344,39395328,188440576,70160384,10268672,211615744,108056576,333922304,37679104,10436608,293548032,89034752,4796416,2916352,297013248,15417344,36962304,1073741824,1073741824,314572800,0,1073741824,1073741824,1073741824,314572800,1073741824,0,0,0,1073741824,314572800,2147483648,10.637022832144783,0,4.8172757475083055,0,0,14.354632738967979,43078.3244441781,0,20029.23588039867,0,0,47209.19453246937,10.637022832144783,0,4.8172757475083055,0,0,14.354632738967979,43078.3244441781,0,20029.23588039867,0,0,47209.19453246937,105.35732438751654,49.817859604213844,493.2717527654236,21.082764356588843,34.03125064846134,38.86933869567204,17.029796761970374,51.68109354413703,54.37894736842105,95.91004080007961,0,0,0,0,0,0,0,0,0,0,120874.900884416,121215.57546519641,1582792.6597483559,100427.38051488364,333181.7559295304,547774.5304145148,3090.8327592146056,7716.381328816112,599670.2736842105,124052.90078614787,0,0,0,0,0,0,0,0,0,0,124.57049913591544,41.17357487447081,478.6938837571749,28.645480745053284,48.2455230229711,54.316530323111365,15.09214605580434,62.597082627517416,73.9578947368421,129.24669121305604,0,0,0,0,0,0,0,0,0,0,25049.303649486636,6655.449443733386,146581.78431596153,5872.9811802479635,12298.707227490611,6613.820209314015,2854.5685497760937,8884.57333897986,17310.18947368421,24458.433674992535,0,0,0,0,0,0,0,0,0,0,12,16,52,10,6,2,6,60,0,0,0,0,0.008279506032650057,0.003080911412677633,0.030802540415704384,0.016305043393705775,0.0015610504811377596,0.003,0.0031048993205212093,0.0032200831585297534,0.020676794347450674,0.004745640542819739,0.07153333333333338,0.024646695392253407,0.004321382910072341,0.0046,0.004788818776938177,0.004996149685353556,0.023220551863965794,0.004953731684087502,0.0861,0.04007618417453511,0.004666424463689162,0.0048,0.004999308708990299,0.007536578221197752,0.03837485573925226,0.008895262862308077,0.09775333333333334,0.09223113356978711,0.004942457706582621,0.00496,0.009282174309723895,0.009601655663429434,0.4604740466714858,0.3748705030680003,0.386611289746338,0.4578626846144674,0.8771624144368387,0.375,0.45902401174256,0.4755598524882428,2.1830640145806144,2.1634510191517085,0.4959003215434084,2.1237220307640583,2.1269520167756264,0.475,2.126849502765378,2.180872876706396,2.341532007290307,2.3317255095758536,0.7058653846153846,2.311861015382029,2.3134760083878128,0.4875,2.3134247513826893,2.3404364383531973,2.4683064014580616,2.4663451019151705,0.9411730769230772,2.4623722030764057,2.4626952016775623,0.4975,2.462684950276538,2.468087287670639,396.34833824148666,397.4117647058649,396.5873749684656,392.3193277310993,396.50420168067933,116303516.16323096,9656715.831932772,68.85769521728166,25797227.56302521,72105295.59663865,3185260310.509045,3064503149.7142854,720032249.0711943,4517331632.403361,3913531736.2016807,0,0,0,0,0,14.892721918384519,1.949579831932773,4.8079347734723035,0.38655462184873945,16.6890756302521,0,0,0,0,0,58209.03660075726,19387.159663865546,1078328.721526435,25032.067226890755,71843.49579831933,1576.25578460244,267.52941176470586,2833.9917626292345,1743.159663865546,454.45378151260496,1779.4867480016826,378.3697478991597,1925.9309069513322,2122.6722689075627,558.5882352941177,0,0,0,0,0,0,0,0,0,0,0,0,0,0,0,0,0,0,0,0
1693106111,0.6722814618386889,0.3295978905735006,0.14379622021364,0.04225114078080112,1.6625580462076461,0.5614009670584402,0.207641196013289,0.18796207343051685,0.1815650910851542,0.10546743165710483,0,0.131966744380416,0.06461339651087616,0.5292797561078884,0.21283639975405536,6.832610276569126,4.665819961646789,0.9338420747740349,0.4640223846543852,10.854116658067236,5.006237248048681,0.33090623338870434,0.6352687627918637,1.7505233492707124,0.9958990824333439,0.00009086116493787432,0.2968409866713588,1.603647238854184,2.772856787483591,1.0399624840372705,5.527647575118118,4.0151015760771855,1.15036976170912,0.33800912624640805,8.71409734564008,4.020355312483007,0.35299003322259126,0.4594628461634852,1.6643466682805703,0.8648329395882535,0,0.06598337219020813,1.1415033383588222,1.3549561756361943,0.709454665846853,50000,100000,50000,50000,50000,50000,10000,50000,50000,20000,50000,0,3108864,0,220594176,0,0,1081344,0,0,2973696,0,0,0,0,2568192,1713.1972585855947,5.932762030323006,4.067378800328677,4.182862937299308,208.10640371495728,1164.1645085930568,0,5.513554153961823,247.65478424015012,2.7843401957475526,0,0,150.6784406633642,11.178388448998602,9.36480158917845,0,0,0,0,0,0,0,0,0,0,0,0,0,0,0,224342016,73519104,10530816,439984128,111390720,349663232,39055360,10817536,310304768,93900800,4952064,3993600,305532928,15667200,134160384,204374016,67448832,9596928,199372800,104214528,331026432,35684352,9596928,289259520,82182144,4055040,2568192,294531072,14598144,35143680,0,0,0,0,0,0,0,0,0,0,0,0,0,0,0,206282752,73269248,10268672,424910848,108056576,333922304,38760448,10436608,293548032,92008448,4796416,2916352,297013248,15417344,39395328,188440576,70160384,10268672,211615744,108056576,333922304,37679104,10436608,293548032,89034752,4796416,2916352,297013248,15417344,36962304,1073741824,1073741824,314572800,0,1073741824,1073741824,1073741824,314572800,1073741824,0,0,0,1073741824,314572800,2147483648,10.637022832144783,0,4.8172757475083055,0,0,14.354632738967979,43078.3244441781,0,20029.23588039867,0,0,47209.19453246937,10.637022832144783,0,4.8172757475083055,0,0,14.354632738967979,43078.3244441781,0,20029.23588039867,0,0,47209.19453246937,105.35732438751654,49.817859604213844,493.2717527654236,21.082764356588843,34.03125064846134,38.86933869567204,17.029796761970374,52.703742392872826,54.37894736842105,95.91004080007961,0,0,0,0,0,0,0,0,0,0,120874.900884416,121215.57546519641,1582792.6597483559,100427.38051488364,333181.7559295304,547774.5304145148,3090.8327592146056,7869.070599517805,599670.2736842105,124052.90078614787,0,0,0,0,0,0,0,0,0,0,124.57049913591544,41.17357487447081,478.6938837571749,28.645480745053284,48.2455230229711,54.316530323111365,15.09214605580434,63.83573355560933,73.9578947368421,129.24669121305604,0,0,0,0,0,0,0,0,0,0,25049.303649486636,6655.449443733386,146581.78431596153,5872.9811802479635,12298.707227490611,6613.820209314015,2854.5685497760937,9060.37841726941,17310.18947368421,24458.433674992535,0,0,0,0,0,0,0,0,0,0,74,34,94,14,18,2,14,150,0,0,0,0,0.008279527464392597,0.0030809031044214483,0.030802540415704384,0.016304849884526563,0.0015616045845272203,0.003,0.003104895104895105,0.0032137145626362977,0.02067676331427331,0.004745625587958607,0.07153333333333334,0.024646651270207855,0.004321489971346705,0.0046,0.0047888111888111885,0.004984686212745335,0.023220547262232192,0.004953715898400752,0.0861,0.040075757575757556,0.00466647564469914,0.0048,0.004999300699300699,0.007466357308584685,0.03837506134469665,0.008895121951219498,0.09775333333333333,0.09223076923076906,0.0049424641833810895,0.00496,0.009282142857142852,0.009586078886310904,0.4604149626473064,0.375,0.386611289746338,0.4578729281767956,0.8770833333333332,0.375,0.45902777777777776,0.4914940828402366,2.1830349013949704,2.1634888438133877,0.4959003215434084,2.12375,2.1268595041322316,0.475,2.1268595041322316,2.193833780160858,2.3415174506974847,2.3317444219066936,0.7058653846153845,2.311875,2.313429752066116,0.4875,2.313429752066116,2.3469168900804287,2.4683034901394967,2.4663488843813384,0.9411730769230767,2.462375,2.4626859504132232,0.4975,2.4626859504132232,2.4693833780160857,396.2184873949569,397.27731092439336,396.52100840337965,392.50420168066995,396.58823529411444,116156777.4117647,9656715.831932772,68.84033613445378,25797227.56302521,72105226.75630252,3039945530.0840335,3064494200.470588,719858576.1344538,4517457679.058824,3991805676.638655,0,0,0,0,0,14.941176470588236,1.9159663865546217,4.80672268907563,0.38655462184873945,16.60504201680672,0,0,0,0,0,58333.57983193277,14912.53781512605,1078056.87394958,25032.067226890755,71507.89915966387,1582.5042016806724,268.2857142857143,2836.8571428571427,1742.90756302521,453.7647058823529,1785.5126050420167,378.7394957983193,1927.7310924369747,2122.2016806722686,557.9327731092436,0,0,0,0,0,0,0,0,0,0,0,0,0,0,0,0,0,0,0,0
1693106112,0.6722814618386889,0.3295978905735006,0.14379622021364,0.04225114078080112,1.6625580462076461,0.5614009670584402,0.207641196013289,0.18796207343051685,0.1815650910851542,0.08553200027321542,0,0.131966744380416,0.06461339651087616,0.5292797561078884,0.21283639975405536,6.832610276569126,4.665819961646789,0.9338420747740349,0.4640223846543852,10.854116658067236,5.006237248048681,0.33090623338870434,0.6352687627918637,1.7505233492707124,0.7611216350420487,0.00005936842497253404,0.2968409866713588,1.603647238854184,2.772856787483591,1.0399624840372705,5.527647575118118,4.0151015760771855,1.15036976170912,0.33800912624640805,8.71409734564008,4.020355312483007,0.35299003322259126,0.4594628461634852,1.6643466682805703,0.5702133351547627,0,0.06598337219020813,1.1415033383588222,1.3549561756361943,0.709454665846853,50000,100000,50000,50000,50000,50000,10000,50000,50000,20000,50000,0,3108864,0,220594176,0,0,1081344,0,0,2973696,0,0,0,0,2568192,1713.1972585855947,5.932762030323006,4.067378800328677,4.182862937299308,208.10640371495728,1164.1645085930568,0,5.513554153961823,247.65478424015012,0,0,0,150.6784406633642,11.178388448998602,9.36480158917845,0,0,0,0,0,0,0,0,0,0,0,0,0,0,0,224342016,73519104,10530816,439984128,111390720,349663232,39055360,10817536,310304768,93900800,4952064,3993600,305532928,15667200,134160384,204374016,67448832,9596928,199372800,104214528,331026432,35684352,9596928,289259520,82182144,4055040,2568192,294531072,14598144,35143680,0,0,0,0,0,0,0,0,0,0,0,0,0,0,0,206282752,73269248,10268672,424910848,108056576,333922304,38760448,10436608,293548032,92008448,4796416,2916352,297013248,15417344,39395328,188440576,70160384,10268672,211615744,108056576,333922304,37679104,10436608,293548032,89034752,4796416,2916352,297013248,15417344,36962304,1073741824,1073741824,314572800,0,1073741824,1073741824,1073741824,314572800,1073741824,0,0,0,1073741824,314572800,2147483648,10.637022832144783,0,4.8172757475083055,0,0,14.354632738967979,43078.3244441781,0,20029.23588039867,0,0,47209.19453246937,10.637022832144783,0,4.8172757475083055,0,0,14.354632738967979,43078.3244441781,0,20029.23588039867,0,0,47209.19453246937,105.35732438751654,49.817859604213844,493.2717527654236,20.891331186908424,34.03125064846134,38.86933869567204,17.029796761970374,53.72639124160863,54.37894736842105,95.91004080007961,0,0,0,0,0,0,0,0,0,0,120874.900884416,121215.57546519641,1582792.6597483559,100291.82502602339,333181.7559295304,547774.5304145148,3090.8327592146056,8021.759870219497,599670.2736842105,124052.90078614787,0,0,0,0,0,0,0,0,0,0,124.57049913591544,41.17357487447081,478.6938837571749,28.3473335108572,48.2455230229711,54.316530323111365,15.09214605580434,65.07438448370125,73.9578947368421,129.24669121305604,0,0,0,0,0,0,0,0,0,0,25049.303649486636,6655.449443733386,146581.78431596153,5792.781234113631,12298.707227490611,6613.820209314015,2854.5685497760937,9236.183495558962,17310.18947368421,24458.433674992535,0,0,0,0,0,0,0,0,0,0,32,16,50,12,8,2,10,88,0,0,0,0,0.008305016169744535,0.0030692883895131083,0.030911901081916535,0.016377551020408162,0.0015999999999999999,0.003,0.0031245421245421246,0.0032190591073582627,0.02072371666012559,0.004724719101123595,0.07212290502793298,0.024717687074829933,0.004329411764705882,0.0046,0.004824175824175824,0.004994306393244873,0.023238624421114594,0.004931647940074905,0.08638733705772808,0.04143382352941174,0.004670588235294117,0.0048,0.005806451612903224,0.007523085585585579,0.038300062604166636,0.008707142857142842,0.09779888268156425,0.09289999999999977,0.004943529411764706,0.00496,0.009548387096774196,0.009594707207207202,0.4596977430555556,0.3739583333333334,0.3865905848787446,0.45878746594005454,0.8658536585365854,0.375,0.4536516853932584,0.48876917457998537,2.182457047461889,2.163109756097561,0.4958630527817404,2.1262195121951217,2.111607142857143,0.475,2.111607142857143,2.1917560321715817,2.3412285237309445,2.33155487804878,0.7053846153846148,2.313109756097561,2.3058035714285716,0.4875,2.3058035714285716,2.3458780160857904,2.468245704746189,2.466310975609756,0.9410769230769231,2.462621951219512,2.4611607142857146,0.4975,2.4611607142857146,2.469175603217158,396.2016806722637,397.2436974790049,396.4873949579931,392.40336134452207,396.5378151260411,116157190.4537815,9656715.831932772,68.84033613445378,25797227.56302521,54079040.537815124,3110751120.134454,3064477885.310924,719849971.0924369,4609694091.831933,4070122229.243697,0,0,0,0,0,14.84033613445378,1.9159663865546217,4.823529411764706,0.38655462184873945,16.705882352941178,0,0,0,0,0,58084.033613445376,14912.53781512605,1078194.5546218487,25032.067226890755,71826.28571428571,1580.0504201680671,268,2832.3193277310925,1743.1596638655462,455.1764705882353,1783.0924369747895,378.3697478991597,1924.3529411764705,2121.579831932773,558.9411764705882,0,0,0,0,0,0,0,0,0,0,0,0,0,0,0,0,0,0,0,0
1693106113,0.6722814618386889,0.3295978905735006,0.14379622021364,0.04225114078080112,1.6625580462076461,0.5614009670584402,0.207641196013289,0.18796207343051685,0.17787615866553372,0.08723959222704215,0,0.131966744380416,0.06461339651087616,0.5292797561078884,0.22781205505457974,6.832610276569126,4.665819961646789,0.9338420747740349,0.4640223846543852,10.854116658067236,5.006237248048681,0.33090623338870434,0.6352687627918637,1.6618317746111408,0.7763169441161923,0.00005936842497253404,0.2968409866713588,1.603647238854184,2.772856787483591,1.0554169036544852,5.527647575118118,4.0151015760771855,1.15036976170912,0.33800912624640805,8.71409734564008,4.020355312483007,0.35299003322259126,0.4594628461634852,1.5811214103602926,0.5815972815136075,0,0.06598337219020813,1.1415033383588222,1.3549561756361943,0.7214048410061705,50000,100000,50000,50000,50000,50000,10000,50000,50000,20000,50000,0,3108864,0,220594176,0,0,1081344,0,0,2973696,0,0,0,0,2568192,1713.1972585855947,5.932762030323006,4.067378800328677,4.182862937299308,208.10640371495728,1164.1645085930568,0,5.513554153961823,206.09917584046488,0,0,0,150.6784406633642,11.178388448998602,8.77076411960133,0,0,0,0,0,0,0,0,0,0,0,0,0,0,0,224342016,73519104,10530816,439984128,111390720,349663232,39055360,10817536,310304768,93900800,4952064,3993600,305532928,15667200,134160384,204374016,67448832,9596928,199372800,104214528,331026432,35684352,9596928,289529856,82182144,4055040,2568192,294531072,14598144,35278848,0,0,0,0,0,0,0,0,0,0,0,0,0,0,0,206282752,73269248,10268672,424910848,108056576,333922304,38760448,10436608,293834752,92008448,4796416,2916352,297013248,15417344,39510016,188440576,70160384,10268672,211615744,108056576,333922304,37679104,10436608,293834752,89034752,4796416,2916352,297013248,15417344,36941824,1073741824,1073741824,314572800,0,1073741824,1073741824,1073741824,314572800,1073741824,0,0,0,1073741824,314572800,2147483648,10.637022832144783,0,4.8172757475083055,0,0,14.333175130517322,43078.3244441781,0,20029.23588039867,0,0,46257.38965353583,10.637022832144783,0,4.8172757475083055,0,0,14.333175130517322,43078.3244441781,0,20029.23588039867,0,0,46257.38965353583,105.35732438751654,49.817859604213844,493.2717527654236,20.891331186908424,34.03125064846134,38.86933869567204,17.029796761970374,61.35893092414832,54.37894736842105,95.91004080007961,0,0,0,0,0,0,0,0,0,0,120874.900884416,121215.57546519641,1582792.6597483559,100291.82502602339,333181.7559295304,547774.5304145148,3090.8327592146056,9161.356242101583,599670.2736842105,124052.90078614787,0,0,0,0,0,0,0,0,0,0,124.57049913591544,41.17357487447081,478.6938837571749,28.3473335108572,48.2455230229711,54.316530323111365,15.09214605580434,74.31905568551531,73.9578947368421,129.24669121305604,0,0,0,0,0,0,0,0,0,0,25049.303649486636,6655.449443733386,146581.78431596153,5792.781234113631,12298.707227490611,6613.820209314015,2854.5685497760937,10548.30469737302,17310.18947368421,24458.433674992535,0,0,0,0,0,0,0,0,0,0,42,14,46,8,12,2,10,76,0,0,0,0,0.008305016234720632,0.0030692883895131083,0.030911901081916535,0.016377551020408162,0.0015142857142857143,0.003,0.0031289198606271776,0.0032190591073582627,0.020723716883830453,0.004724719101123595,0.07212290502793298,0.024717687074829933,0.004311999999999999,0.0046,0.0048320557491289195,0.004994306393244873,0.02323862453296703,0.004931647940074905,0.08638733705772808,0.04143382352941174,0.0046617142857142855,0.0048,0.006040322580645158,0.007523085585585579,0.03830006379166656,0.008707142857142842,0.09779888268156425,0.09289999999999977,0.004941485714285714,0.00496,0.009982258064516126,0.009594707207207202,0.4596977106102005,0.3739583333333334,0.3865905848787446,0.45878746594005454,0.8780487804878049,0.375,0.45867486338797814,0.48876917457998537,2.1824570316872003,2.163109756097561,0.4958630527817404,2.1262195121951217,2.126829268292683,0.475,2.1259183673469386,2.1917560321715817,2.3412285158436,2.33155487804878,0.7053846153846148,2.313109756097561,2.3134146341463415,0.4875,2.3129591836734695,2.3458780160857904,2.46824570316872,2.466310975609756,0.9410769230769231,2.462621951219512,2.462682926829268,0.4975,2.462591836734694,2.469175603217158,396.2857142857389,397.22689075629336,396.4873949579819,392.3865546218181,396.5546218487405,116157190.4537815,9656715.831932772,68.84033613445378,25797227.56302521,54079040.537815124,3040149366.319328,3177927998.3865547,719861880.4705882,4609827779.764706,3991896821.243697,0,0,0,0,0,14.957983193277311,1.9663865546218486,4.823529411764706,0.3529411764705882,16.80672268907563,0,0,0,0,0,58436.84033613445,19662.52100840336,1078194.5546218487,24687.865546218487,72204.9075630252,1584.5546218487393,268.8739495798319,2835.1260504201678,1749.9495798319329,457.49579831932766,1787.4453781512602,379.10924369747903,1925.6302521008402,2127.6806722689075,561.2268907563025,0,0,0,0,0,0,0,0,0,0,0,0,0,0,0,0,0,0,0,0
1693106114,0.6848309934941064,0.3295978905735006,0.14379622021364,0.04225114078080112,1.6625580462076461,0.48379293662312584,0.207641196013289,0.18796207343051685,0.17787615866553372,0.10245551722960367,0,0.131966744380416,0.06461339651087616,0.5292797561078884,0.22781205505457974,6.564512816122879,4.665819961646789,0.9338420747740349,0.4640223846543852,10.854116658067236,4.56229433155944,0.33090623338870434,0.6352687627918637,1.6618317746111408,0.9117185444486177,0.00005936842497253404,0.2968409866713588,1.603647238854184,2.772856787483591,1.0554169036544852,5.405273198649907,4.0151015760771855,1.15036976170912,0.33800912624640805,8.71409734564008,3.5478148685695676,0.35299003322259126,0.4594628461634852,1.5811214103602926,0.6830367815306831,0,0.06598337219020813,1.1415033383588222,1.3549561756361943,0.7214048410061705,50000,100000,50000,50000,50000,50000,10000,50000,50000,20000,50000,0,3108864,0,220594176,0,0,1081344,0,0,2973696,0,0,0,0,2568192,1515.7755711001323,5.932762030323006,4.067378800328677,4.182862937299308,208.10640371495728,973.8751814223514,0,5.513554153961823,206.09917584046488,0,0,0,150.6784406633642,11.178388448998602,8.77076411960133,0,0,0,0,0,0,0,0,0,0,0,0,0,0,0,224342016,73519104,10530816,439984128,111390720,349663232,39055360,10817536,310304768,93900800,4952064,3993600,305532928,15667200,134160384,204374016,67448832,9596928,199372800,104214528,331026432,35684352,9596928,289529856,82182144,4055040,2568192,294531072,14598144,35278848,0,0,0,0,0,0,0,0,0,0,0,0,0,0,0,206282752,73269248,10268672,424910848,108056576,333922304,38760448,10436608,293834752,92008448,4796416,2916352,297013248,15417344,39510016,188440576,70160384,10268672,211615744,108056576,333922304,37679104,10436608,293834752,89034752,4796416,2916352,297013248,15417344,36941824,1073741824,1073741824,314572800,0,1073741824,1073741824,1073741824,314572800,1073741824,0,0,0,1073741824,314572800,2147483648,10.637022832144783,0,4.8172757475083055,0,0,14.333175130517322,43078.3244441781,0,20029.23588039867,0,0,46257.38965353583,10.637022832144783,0,4.8172757475083055,0,0,14.333175130517322,43078.3244441781,0,20029.23588039867,0,0,46257.38965353583,105.35732438751654,49.817859604213844,493.2717527654236,20.891331186908424,34.03125064846134,32.88744218684303,17.029796761970374,61.35893092414832,54.37894736842105,95.91004080007961,0,0,0,0,0,0,0,0,0,0,120874.900884416,121215.57546519641,1582792.6597483559,100291.82502602339,333181.7559295304,461856.2971163024,3090.8327592146056,9161.356242101583,599670.2736842105,124052.90078614787,0,0,0,0,0,0,0,0,0,0,124.57049913591544,41.17357487447081,478.6938837571749,28.3473335108572,48.2455230229711,45.5742498494301,15.09214605580434,74.31905568551531,73.9578947368421,129.24669121305604,0,0,0,0,0,0,0,0,0,0,25049.303649486636,6655.449443733386,146581.78431596153,5792.781234113631,12298.707227490611,5586.616969653063,2854.5685497760937,10548.30469737302,17310.18947368421,24458.433674992535,0,0,0,0,0,0,0,0,0,0,12,17.881,46,6,6,2,6,44,0,0,0,0,0.008305016296086957,0.0030692914162959513,0.030911901081916535,0.016377551020408162,0.0015142857142857143,0.003,0.0031289198606271776,0.0032190591073582627,0.020723717095107272,0.004724724549332712,0.07212290502793298,0.024717687074829933,0.004311999999999999,0.0046,0.0048320557491289195,0.004994306393244873,0.02323862463860544,0.004931653690962307,0.08638733705772808,0.04143382352941174,0.0046617142857142855,0.0048,0.006040322580645158,0.007523085585585579,0.03830006491319435,0.008707212389805426,0.09779888268156425,0.09289999999999977,0.004941485714285714,0.00496,0.009982258064516126,0.009594707207207202,0.45969767996736494,0.37390654761904774,0.3865905848787446,0.45878746594005454,0.8780487804878049,0.375,0.45867486338797814,0.48876917457998537,2.1824570167888804,2.163094599303136,0.4958630527817404,2.1262195121951217,2.126829268292683,0.475,2.1259183673469386,2.1917560321715817,2.34122850839444,2.3315472996515676,0.7053846153846148,2.313109756097561,2.3134146341463415,0.4875,2.3129591836734695,2.3458780160857904,2.468245701678888,2.4663094599303137,0.9410769230769231,2.462621951219512,2.462682926829268,0.4975,2.462591836734694,2.469175603217158,396.28571428570115,397.24369747899544,396.52100840337386,392.3193277310956,396.58823529412166,116157121.61344537,9656715.831932772,68.84033613445378,25797227.56302521,54079040.537815124,2969541072.672269,3234655120.134454,720358701.1764705,4517724917.243697,3991999186.8235292,0,0,0,0,0,14.84033613445378,1.9663865546218486,4.823529411764706,0.3529411764705882,16.857142857142858,0,0,0,0,0,58075.42857142857,19662.52100840336,1078194.5546218487,24687.865546218487,72411.42857142857,1589.2268907563025,269.3109243697479,2834.521008403361,1752.7899159663866,458.35294117647055,1792.3193277310922,379.4453781512605,1924.487394957983,2131.9663865546217,562,0,0,0,0,0,0,0,0,0,0,0,0,0,0,0,0,0,0,0,0
1693106115,0.6848309934941064,0.3295978905735006,0.14379622021364,0.04225114078080112,1.6625580462076461,0.48379293662312584,0.207641196013289,0.18796207343051685,0.1778761586655337,0.08680074109490869,0,0.10000000000000009,0.06461339651087616,0.4819911376015713,0.22781205505457974,6.564512816122879,4.665819961646789,0.9338420747740349,0.4640223846543852,10.854116658067236,4.56229433155944,0.33090623338870434,0.6352687627918637,1.6618317746111406,0.7724117496841374,0.00005936842497253404,0.1939373324999999,1.603647238854184,2.348794318538374,1.0554169036544852,5.405273198649907,4.0151015760771855,1.15036976170912,0.33800912624640805,8.71409734564008,3.5478148685695676,0.35299003322259126,0.4594628461634852,1.5811214103602926,0.5786716072993844,0,0.050000000000000044,1.1415033383588222,1.0206871149209746,0.7214048410061705,50000,100000,50000,50000,50000,50000,10000,50000,50000,20000,50000,0,3108864,0,220594176,0,0,1081344,0,0,2973696,0,0,0,0,2568192,1515.7755711001323,5.932762030323006,4.067378800328677,4.182862937299308,208.10640371495728,973.8751814223514,0,5.513554153961823,206.09917584046485,0,0,0,150.6784406633642,13.098817974819179,8.77076411960133,0,0,0,0,0,0,0,0,0,0,0,0,0,0,0,224342016,73519104,10530816,439984128,111390720,349663232,39055360,10817536,310304768,93900800,4952064,3993600,305532928,15667200,134160384,204374016,67448832,9596928,199372800,104214528,331026432,35684352,9596928,289529856,82182144,4055040,2568192,294531072,14598144,35278848,0,0,0,0,0,0,0,0,0,0,0,0,0,0,0,206282752,73269248,10268672,424910848,108056576,333922304,38760448,10436608,293834752,92008448,4796416,2916352,297013248,15417344,39510016,188440576,70160384,10268672,211615744,108056576,333922304,37679104,10436608,293834752,89034752,4796416,2916352,297013248,15417344,36941824,1073741824,1073741824,314572800,0,1073741824,1073741824,1073741824,314572800,1073741824,0,0,0,1073741824,314572800,2147483648,10.637022832144783,0,4.8172757475083055,0,0,14.333175130517322,43078.3244441781,0,20029.23588039867,0,0,46257.38965353583,10.637022832144783,0,4.8172757475083055,0,0,14.333175130517322,43078.3244441781,0,20029.23588039867,0,0,46257.38965353583,103.81041403200089,49.817859604213844,400.4906661859552,20.891331186908424,34.03125064846134,32.24084393004466,17.029796761970374,61.35893092414832,54.37894736842105,95.91004080007961,0,0,0,0,0,0,0,0,0,0,120238.1371309177,121215.57546519641,1308602.7902816166,100291.82502602339,333181.7559295304,452775.76495116425,3090.8327592146056,9161.356242101583,599670.2736842105,124052.90078614787,0,0,0,0,0,0,0,0,0,0,122.72502336834005,41.17357487447081,391.18621159315785,28.3473335108572,48.2455230229711,44.67821693996523,15.09214605580434,74.31905568551531,73.9578947368421,129.24669121305604,0,0,0,0,0,0,0,0,0,0,24659.81195359323,6655.449443733386,119137.97834394903,5792.781234113631,12298.707227490611,5476.778789673746,2854.5685497760937,10548.30469737302,17310.18947368421,24458.433674992535,0,0,0,0,0,0,0,0,0,0,54,32,68,18,18,2,18,128,0,0,0,0,0.008305016354136193,0.0030692883895131083,0.030911901081916535,0.016377551020408162,0.0015142857142857143,0.003,0.0031289198606271776,0.0032273185483870964,0.020723717294963716,0.004724719101123595,0.07212290502793298,0.024717687074829933,0.004311999999999999,0.0046,0.0048320557491289195,0.005103174603174605,0.023238624738533657,0.004931647940074905,0.08638733705772808,0.04143382352941174,0.0046617142857142855,0.0048,0.006040322580645158,0.007608276643990926,0.03830006597409916,0.008707142857142842,0.09779888268156425,0.09289999999999977,0.004941485714285714,0.00496,0.009982258064516126,0.00961235827664399,0.45969765098089893,0.3739583333333334,0.3865905848787446,0.45878746594005454,0.8780487804878049,0.375,0.45867486338797814,0.47396983075791027,2.1824570026958723,2.163109756097561,0.4958630527817404,2.1262195121951217,2.126829268292683,0.475,2.1259183673469386,2.179472920696325,2.3412285013479357,2.33155487804878,0.7053846153846148,2.313109756097561,2.3134146341463415,0.4875,2.3129591836734695,2.3397364603481625,2.4682457002695872,2.466310975609756,0.9410769230769231,2.462621951219512,2.462682926829268,0.4975,2.462591836734694,2.4679472920696326,396.11764705882655,397.26050420166456,396.3361344537721,392.4033613445457,396.5042016806817,116157328.13445377,9656715.831932772,68.84033613445378,25797227.56302521,54079040.537815124,3040250217.4117646,3177903835.428571,720357324.3697479,4517925311.462185,3992047099.697479,0,0,0,0,0,14.924369747899158,1.9663865546218486,4.80672268907563,0.453781512605042,16.857142857142858,0,0,0,0,0,58359.39495798319,19662.52100840336,1078125.7142857143,42035.63025210084,72385.61344537814,1592.9915966386552,268.8235294117647,2833.361344537815,1756.7226890756303,459.0756302521008,1796.1512605042014,378.99159663865544,1922.6554621848738,2135.915966386555,562.8067226890756,0,0,0,0,0,0,0,0,0,0,0,0,0,0,0,0,0,0,0,0
1693106116,0.6848309934941064,0.272261590859152,0.14125091813096766,0.04225114078080112,1.6395645746539427,0.48379293662312584,0.22240137888854902,0.1783789542897498,0.1778761586655337,0.08509314914108197,0,0.13743655619981468,0.06461339651087616,0.5945303210463734,0.22781205505457974,6.564512816122879,3.8541616974853166,0.9462481524379914,0.4640223846543852,11.113327735519428,4.56229433155944,0.33347214144727716,0.5172888038038568,1.6618317746111406,0.7572164406099938,0.00005936842497253404,0.25066647065753717,1.603647238854184,2.8798985045275773,1.0554169036544852,5.405273198649907,3.316641197738758,1.073506977795354,0.33800912624640805,9.111678537830938,3.5478148685695676,0.36140224069389204,0.3369380247695274,1.5811214103602926,0.5672876609405397,0,0.07853517497132267,1.1415033383588222,1.3033933961401258,0.7214048410061705,50000,100000,50000,50000,50000,50000,10000,50000,50000,20000,50000,0,3108864,0,220594176,0,0,1081344,0,0,2973696,0,0,0,0,2568192,1515.7755711001323,4.900708635464733,5.593536357986327,4.182862937299308,205.7787931729606,973.8751814223514,0,0,206.09917584046485,0,0,0,150.6784406633642,10.564346473977865,8.77076411960133,0,0,0,0,0,0,0,0,0,0,0,0,0,0,0,224342016,73519104,10530816,439984128,111390720,349663232,39055360,10829824,310304768,93900800,4952064,3993600,305532928,15704064,134160384,204374016,67448832,9596928,199372800,104214528,331026432,35684352,9596928,289529856,82182144,4055040,2568192,294531072,14598144,35278848,0,0,0,0,0,0,0,0,0,0,0,0,0,0,0,206282752,73269248,10268672,424910848,108056576,333922304,38760448,10440704,293834752,92008448,4796416,2916352,297013248,15441920,39510016,188440576,70160384,10268672,211615744,108056576,333922304,37679104,10440704,293834752,89034752,4796416,2916352,297013248,15441920,36941824,1073741824,1073741824,314572800,0,1073741824,1073741824,1073741824,314572800,1073741824,0,0,0,1073741824,314572800,2147483648,8.786624068636263,0,4.948430680270218,0,0,14.333175130517322,35584.490921076285,0,21265.130243807514,0,0,46257.38965353583,8.786624068636263,0,4.948430680270218,0,0,14.333175130517322,35584.490921076285,0,21265.130243807514,0,0,46257.38965353583,103.81041403200089,49.817859604213844,482.3638985698834,20.891331186908424,34.03125064846134,39.02832632607126,17.595662384307225,61.35893092414832,54.37894736842105,78.31915593761448,0,0,0,0,0,0,0,0,0,0,120238.1371309177,121215.57546519641,1576123.4827544766,100291.82502602339,333181.7559295304,549973.5635112753,3181.4304461942256,9161.356242101583,599670.2736842105,103167.74721633432,0,0,0,0,0,0,0,0,0,0,122.72502336834005,41.17357487447081,471.157312822978,28.3473335108572,48.2455230229711,54.89021956087824,15.45448266335129,74.31905568551531,73.9578947368421,106.10647014183283,0,0,0,0,0,0,0,0,0,0,24659.81195359323,6655.449443733386,143493.6305732484,5792.781234113631,12298.707227490611,6702.7859175266485,2927.5279734769997,10548.30469737302,17310.18947368421,19996.98860365311,0,0,0,0,0,0,0,0,0,0,42,16,56,24,22,2,26,144,0,0,0,0,0.00830501640913021,0.0030692883895131083,0.030911901081916535,0.016377551020408162,0.0015142857142857143,0.003,0.0031289198606271776,0.0032165513951824473,0.02072371748430141,0.004724719101123595,0.07212290502793298,0.024717687074829933,0.004311999999999999,0.0046,0.0048320557491289195,0.004989792511328405,0.023238624833202506,0.004931647940074905,0.08638733705772808,0.04143382352941174,0.0046617142857142855,0.0048,0.006040322580645158,0.007496058558558553,0.03830006697916674,0.008707142857142842,0.09779888268156425,0.09289999999999977,0.004941485714285714,0.00496,0.009982258064516126,0.009589301801801803,0.45969762352003646,0.3739583333333334,0.3865905848787446,0.45878746594005454,0.8780487804878049,0.375,0.45867486338797814,0.4931519357195033,2.1824569893445998,2.163109756097561,0.4958630527817404,2.1262195121951217,2.126829268292683,0.475,2.1259183673469386,2.19507874015748,2.3412284946722997,2.33155487804878,0.7053846153846148,2.313109756097561,2.3134146341463415,0.4875,2.3129591836734695,2.34753937007874,2.46824569893446,2.466310975609756,0.9410769230769231,2.462621951219512,2.462682926829268,0.4975,2.462591836734694,2.469507874015748,396.0672268907566,397.24369747898425,396.53781512606827,392.42016806723825,396.50420168065807,116157328.13445377,9656715.831932772,68.84033613445378,25797227.56302521,54079040.537815124,3040291039.7310925,3177853857.3445377,720365654.0504202,4610137354.756302,3992095081.4117646,0,0,0,0,0,14.890756302521007,1.9663865546218486,4.80672268907563,0.453781512605042,16.823529411764707,0,0,0,0,0,58264.73949579832,19662.52100840336,1078125.7142857143,42035.63025210084,72213.51260504201,1585.9663865546217,265.7647058823529,2832.6554621848736,1756.3361344537816,459.2436974789916,1789.596638655462,376.21848739495795,1921.6638655462184,2135.378151260504,562.9747899159663,0,0,0,0,0,0,0,0,0,0,0,0,0,0,0,0,0,0,0,0
1693106117,0.6848309934941064,0.26676829268292707,0.14125091813096766,0.04225114078080112,1.6395645746539427,0.4837929366231257,0.22240137888854902,0.18203187784623623,0.1778761586655337,0.08421052631578954,0,0.14018644227596297,0.06461339651087616,0.5945303210463734,0.22781205505457974,6.564512816122879,3.77639803145787,0.9462481524379914,0.4640223846543852,11.113327735519428,4.56229433155944,0.33347214144727716,0.5278820739822008,1.6618317746111406,0.9848076231578922,0.00005936842497253404,0.2556819065537644,1.603647238854184,2.8798985045275773,1.0554169036544852,5.405273198649907,3.249722838137472,1.073506977795354,0.33800912624640805,9.111678537830938,3.5478148685695676,0.36140224069389204,0.34383799148733507,1.5811214103602926,0.7368421052631571,0,0.08010653844340741,1.1415033383588222,1.3033933961401258,0.7214048410061705,50000,100000,50000,50000,50000,50000,10000,50000,50000,20000,50000,0,3108864,0,220594176,0,0,1081344,0,0,2973696,0,0,0,0,2568192,1515.7755711001323,4.801829268292683,5.593536357986327,4.182862937299308,205.7787931729606,973.8751814223513,0,0,206.09917584046485,0,0,0,150.6784406633642,10.564346473977865,8.77076411960133,0,0,0,0,0,0,0,0,0,0,0,0,0,0,0,224342016,73519104,10530816,439984128,111390720,349663232,39055360,10829824,310304768,93900800,4952064,3993600,305532928,15704064,134160384,204374016,67448832,9596928,199372800,104214528,331026432,35684352,9596928,289529856,82317312,4055040,2568192,294531072,14598144,35278848,0,0,0,0,0,0,0,0,0,0,0,0,0,0,0,206282752,73269248,10268672,424910848,108056576,333922304,38760448,10440704,293834752,92012544,4796416,2916352,297013248,15441920,39510016,188440576,70160384,10268672,211615744,108056576,333922304,37679104,10440704,293834752,89038848,4796416,2916352,297013248,15441920,36941824,1073741824,1073741824,314572800,0,1073741824,1073741824,1073741824,314572800,1073741824,0,0,0,1073741824,314572800,2147483648,8.609340354767184,0,4.948430680270218,0,0,14.333175130517322,34866.51884700665,0,21265.130243807514,0,0,46257.38965353583,8.609340354767184,0,4.948430680270218,0,0,14.333175130517322,34866.51884700665,0,21265.130243807514,0,0,46257.38965353583,103.81041403200089,49.817859604213844,482.3638985698834,20.891331186908424,34.03125064846134,39.02832632607126,17.595662384307225,61.70167124943934,54.37894736842105,94.61453917412469,0,0,0,0,0,0,0,0,0,0,120238.1371309177,121215.57546519641,1576123.4827544766,100291.82502602339,333181.7559295304,549973.5635112753,3181.4304461942256,9218.003471206537,599670.2736842105,124633.22342596957,0,0,0,0,0,0,0,0,0,0,122.72502336834005,41.17357487447081,471.157312822978,28.3473335108572,48.2455230229711,54.89021956087824,15.45448266335129,74.6894440219193,73.9578947368421,128.18338828701525,0,0,0,0,0,0,0,0,0,0,24659.81195359323,6655.449443733386,143493.6305732484,5792.781234113631,12298.707227490611,6702.7859175266485,2927.5279734769997,10596.306480235575,17310.18947368421,24157.638561783642,0,0,0,0,0,0,0,0,0,0,32,18,56,12,14,2,10,96,0,0,0,0,0.008324876889076677,0.0030631383472609097,0.031003861003861006,0.01640969162995595,0.0015971014492753626,0.003,0.003118918918918919,0.003217072593993852,0.02059788793918525,0.004713649025069638,0.07237659963436929,0.02468281938325991,0.0043286956521739126,0.0046,0.0048140540540540545,0.004990730669188933,0.023049323332263335,0.004919962859795728,0.08641681901279705,0.0409558823529412,0.004670144927536231,0.0048,0.0056666666666666645,0.0074900221729489996,0.02571883491586504,0.008576562499999997,0.09764899451553928,0.09246666666666664,0.004943304347826087,0.00496,0.010899999999999525,0.009568957871396895,0.4597837015363991,0.3739583333333334,0.38602550478214664,0.4597855227882038,0.8646245059288538,0.375,0.4524793388429752,0.4895306859205776,2.18229998880525,2.163333333333333,0.494845908607864,2.1288537549407116,2.109070796460177,0.475,2.108,2.1923884514435694,2.3411499944026253,2.331666666666666,0.6915662650602403,2.314426877470356,2.3045353982300885,0.4875,2.304,2.346194225721785,2.4682299988805245,2.4663333333333335,0.9383132530120479,2.462885375494071,2.460907079646018,0.4975,2.4608,2.4692388451443565,396.1512605042,397.2436974789999,396.5210084033429,392.36974789916724,396.5042016806879,116157328.13445377,9656715.831932772,68.84033613445378,25797227.56302521,54079040.537815124,3040285325.983193,3121117579.8319325,720386581.512605,4610083934.655462,3992076425.680672,0,0,0,0,0,14.924369747899158,0.9915966386554621,4.80672268907563,0.453781512605042,16.89075630252101,0,0,0,0,0,58307.76470588235,14637.176470588234,1078125.7142857143,42035.63025210084,72437.24369747899,1588.2016806722688,268.5882352941176,2835.8487394957983,1759.9831932773109,459.66386554621846,1791.1764705882351,378.89075630252097,1923.3949579831933,2139.4789915966385,563.327731092437,0,0,0,0,0,0,0,0,0,0,0,0,0,0,0,0,0,0,0,0
1693106118,0.6848309934941064,0.3185489159967773,0.14125091813096766,0.06009795967426911,1.6395645746539427,0.4837929366231257,0.22240137888854902,0.1856848014027226,0.1778761586655337,0.08421052631578954,0,0.16499316456889654,0.06461339651087616,0.5945303210463734,0.22781205505457974,6.564512816122879,5.019928566342494,0.9462481524379914,0.4657194266654637,11.113327735519428,4.56229433155944,0.33347214144727716,0.5384753441605444,1.6618317746111406,0.9848076231578922,0.00005936842497253404,0.3009261537736295,1.603647238854184,2.8798985045275773,1.0554169036544852,5.405273198649907,4.3847321378379895,1.073506977795354,0.3906367378827486,9.111678537830938,3.5478148685695676,0.36140224069389204,0.35073795820514264,1.5811214103602926,0.7368421052631571,0,0.09428180832508375,1.1415033383588222,1.3033933961401258,0.7214048410061705,50000,100000,50000,50000,50000,50000,10000,50000,50000,20000,50000,0,3244032,0,220594176,0,0,1081344,0,0,2973696,0,0,0,0,2568192,1515.7755711001323,6.183596604643319,5.593536357986327,3.9664653385017576,205.7787931729606,973.8751814223513,0,0,206.09917584046485,0,0,0,150.6784406633642,10.564346473977865,8.77076411960133,0,0,0,0,0,0,0,0,0,0,0,0,0,0,0,224342016,74018816,10530816,439984128,111390720,349663232,39055360,10829824,310304768,93900800,4952064,3993600,305532928,15704064,134160384,204374016,67719168,9596928,199372800,104214528,331026432,35684352,9596928,289529856,82317312,4055040,2568192,294531072,14598144,35278848,0,0,0,0,0,0,0,0,0,0,0,0,0,0,0,206282752,73732096,10268672,424910848,108056576,333922304,38760448,10440704,293834752,92012544,4796416,2916352,297013248,15441920,39510016,188440576,70488064,10268672,211615744,108056576,333922304,37679104,10440704,293834752,89038848,4796416,2916352,297013248,15441920,36941824,1073741824,1073741824,314572800,0,1073741824,1073741824,1073741824,314572800,1073741824,0,0,0,1073741824,314572800,2147483648,10.49337605636442,0,4.948430680270218,0,0,14.333175130517322,40678.32180935784,0,21265.130243807514,0,0,46257.38965353583,10.49337605636442,0,4.948430680270218,0,0,14.333175130517322,40678.32180935784,0,21265.130243807514,0,0,46257.38965353583,103.81041403200089,49.817859604213844,482.3638985698834,20.891331186908424,34.03125064846134,39.02832632607126,18.076039586956057,61.70167124943934,54.37894736842105,94.61453917412469,0,0,0,0,0,0,0,0,0,0,120238.1371309177,121215.57546519641,1576123.4827544766,100291.82502602339,333181.7559295304,549973.5635112753,3257.3796182993065,9218.003471206537,599670.2736842105,124633.22342596957,0,0,0,0,0,0,0,0,0,0,122.72502336834005,41.17357487447081,471.157312822978,28.3473335108572,48.2455230229711,54.89021956087824,15.736029711685022,74.6894440219193,73.9578947368421,128.18338828701525,0,0,0,0,0,0,0,0,0,0,24659.81195359323,6655.449443733386,143493.6305732484,5792.781234113631,12298.707227490611,6702.7859175266485,2984.8650737425132,10596.306480235575,17310.18947368421,24157.638561783642,0,0,0,0,0,0,0,0,0,0,40,20,52,6,6,2,6,42,0,0,0,0,0.008324876939649785,0.0030631383472609097,0.031003861003861006,0.01640969162995595,0.001467605633802817,0.003,0.003110738255033557,0.003217072593993852,0.02059788810413506,0.004713649025069638,0.07237659963436929,0.02468281938325991,0.0043025352112676055,0.0046,0.004799328859060402,0.004990730669188933,0.023049323414738247,0.004919962859795728,0.08641681901279705,0.0409558823529412,0.0046569014084507036,0.0048,0.005287037037037036,0.0074900221729489996,0.025718836048177752,0.008576562499999997,0.09764899451553928,0.09246666666666664,0.004940394366197184,0.00496,0.0099462962962963,0.009568957871396895,0.4597836772508936,0.3739583333333334,0.38602550478214664,0.4597855227882038,0.8843873517786561,0.375,0.46079088471849866,0.4895306859205776,2.1822999768554547,2.163333333333333,0.494845908607864,2.1288537549407116,2.1314453125,0.475,2.1314453125,2.1923884514435694,2.3411499884277274,2.331666666666666,0.6915662650602403,2.314426877470356,2.31572265625,0.4875,2.31572265625,2.346194225721785,2.4682299976855457,2.4663333333333335,0.9383132530120479,2.462885375494071,2.46314453125,0.4975,2.46314453125,2.4692388451443565,396.1176470588307,397.07563025210356,396.4369747899327,392.50420168067575,396.4705882353106,116157328.13445377,9656715.831932772,68.84033613445378,25797227.56302521,54079040.537815124,3040364079.327731,3064289469.310924,720371987.3613445,4702282278.722689,3913845097.4117646,0,0,0,0,0,14.907563025210083,1.9327731092436975,4.80672268907563,0.453781512605042,16.857142857142858,0,0,0,0,0,58281.94957983193,19111.79831932773,1078125.7142857143,42035.63025210084,72308.16806722688,1592.5378151260502,268.70588235294116,2833.0924369747895,1759.4957983193276,459.69747899159665,1795.848739495798,379.04201680672264,1921.4285714285713,2138.857142857143,563.4789915966386,0,0,0,0,0,0,0,0,0,0,0,0,0,0,0,0,0,0,0,0
1693106119,0.684830993494106,0.3185489159967773,0.14125091813096766,0.06009795967426911,1.6395645746539427,0.4837929366231257,0.22240137888854902,0.21917541338918237,0.1778761586655337,0.08421052631578954,0,0.16499316456889654,0.06461339651087616,0.5945303210463734,0.22781205505457974,6.564512816122877,5.019928566342494,0.9462481524379914,0.4657194266654637,11.113327735519428,4.56229433155944,0.33347214144727716,0.6355962107006305,1.6618317746111406,0.9848076231578922,0.00008910157887382664,0.3009261537736295,1.603647238854184,2.8798985045275773,1.0554169036544852,5.4052731986499065,4.3847321378379895,1.073506977795354,0.3906367378827486,9.111678537830938,3.5478148685695676,0.36140224069389204,0.41399800306845563,1.5811214103602926,0.7368421052631571,0,0.09428180832508375,1.1415033383588222,1.3033933961401258,0.7214048410061705,50000,100000,50000,50000,50000,50000,10000,50000,50000,20000,50000,0,3244032,0,220594176,0,0,1081344,0,0,2973696,0,0,0,0,2568192,1515.7755711001319,6.183596604643319,5.593536357986327,3.9664653385017576,205.7787931729606,973.8751814223513,0,0,206.09917584046485,0,0,0,150.6784406633642,10.564346473977865,8.77076411960133,0,0,0,0,0,0,0,0,0,0,0,0,0,0,0,224342016,74018816,10530816,439984128,111390720,349663232,39055360,10829824,310304768,93900800,4952064,3993600,305532928,15704064,134160384,204374016,67719168,9596928,199372800,104214528,331026432,35684352,9596928,289529856,82317312,4055040,2568192,294531072,14598144,35278848,0,0,0,0,0,0,0,0,0,0,0,0,0,0,0,206282752,73732096,10268672,424910848,108056576,333922304,38760448,10440704,293834752,92012544,4796416,2916352,297013248,15441920,39510016,188440576,70488064,10268672,211615744,108056576,333922304,37679104,10440704,293834752,89038848,4796416,2916352,297013248,15441920,36941824,1073741824,1073741824,314572800,0,1073741824,1073741824,1073741824,314572800,1073741824,0,0,0,1073741824,314572800,2147483648,10.49337605636442,0,4.948430680270218,0,0,14.333175130517322,40678.32180935784,0,21265.130243807514,0,0,46257.38965353583,10.49337605636442,0,4.948430680270218,0,0,14.333175130517322,40678.32180935784,0,21265.130243807514,0,0,46257.38965353583,103.81041403200089,49.817859604213844,482.3638985698834,21.164580141918897,34.48808359499665,39.02832632607126,18.076039586956057,61.70167124943934,54.37894736842105,94.61453917412469,0,0,0,0,0,0,0,0,0,0,120238.1371309177,121215.57546519641,1576123.4827544766,100230.78548412657,335970.77949932223,549973.5635112753,3257.3796182993065,9218.003471206537,599670.2736842105,124633.22342596957,0,0,0,0,0,0,0,0,0,0,122.72502336834005,41.17357487447081,471.157312822978,28.87679819696089,48.64364029443558,54.89021956087824,15.736029711685022,74.6894440219193,73.9578947368421,128.18338828701525,0,0,0,0,0,0,0,0,0,0,24659.81195359323,6655.449443733386,143493.6305732484,5985.279876041061,12704.689349873886,6702.7859175266485,2984.8650737425132,10596.306480235575,17310.18947368421,24157.638561783642,0,0,0,0,0,0,0,0,0,0,32,14,48,10,16,2,10,64,0,0,0,0,0.008324876987755917,0.0030631383472609097,0.031003861003861006,0.01640969162995595,0.001467605633802817,0.003,0.003110738255033557,0.003217072593993852,0.020597888261038526,0.004713649025069638,0.07237659963436929,0.02468281938325991,0.0043025352112676055,0.0046,0.004799328859060402,0.004990730669188933,0.023049323493189975,0.004919962859795728,0.08641681901279705,0.0409558823529412,0.0046569014084507036,0.0048,0.005287037037037036,0.0074900221729489996,0.0257188371252539,0.008576562499999997,0.09764899451553928,0.09246666666666664,0.004940394366197184,0.00496,0.0099462962962963,0.009568957871396895,0.45978365415004663,0.3739583333333334,0.38602550478214664,0.4597855227882038,0.8843873517786561,0.375,0.46079088471849866,0.4895306859205776,2.1822999654885753,2.163333333333333,0.494845908607864,2.1288537549407116,2.1314453125,0.475,2.1314453125,2.1923884514435694,2.341149982744287,2.331666666666666,0.6915662650602403,2.314426877470356,2.31572265625,0.4875,2.31572265625,2.346194225721785,2.468229996548857,2.4663333333333335,0.9383132530120479,2.462885375494071,2.46314453125,0.4975,2.46314453125,2.4692388451443565,395.99999999999005,397.1764705882388,396.4369747899143,392.40336134454105,396.3529411764665,116157328.13445377,9656715.831932772,68.84033613445378,25797227.56302521,54079040.537815124,3040445792.8067226,3064241831.7983193,720416251.697479,4610114362.084033,3992116559.5966387,0,0,0,0,0,14.789915966386554,1.9327731092436975,4.80672268907563,0.453781512605042,16.672268907563023,0,0,0,0,0,57860.3025210084,19111.79831932773,1078125.7142857143,42035.63025210084,71671.3949579832,1585.0588235294117,267.5126050420168,2833.3781512605037,1747.0756302521008,455.99999999999994,1788.5714285714284,377.6974789915966,1921.327731092437,2128.1176470588234,559.8151260504202,0,0,0,0,0,0,0,0,0,0,0,0,0,0,0,0,0,0,0,0
1693106120,0.684830993494106,0.3185489159967773,0.1199424276347352,0.06009795967426911,1.6395645746539427,0.4837929366231257,0.22240137888854902,0.21917541338918237,0.1778761586655337,0.08421052631578954,0,0.16499316456889654,0.1258099012392272,0.5945303210463734,0.20088388911209282,6.564512816122877,5.019928566342494,0.9398552754677759,0.4657194266654637,11.113327735519428,4.56229433155944,0.33347214144727716,0.6355962107006305,1.6618317746111406,0.9848076231578922,0.00008910157887382664,0.3009261537736295,2.9486654148581417,2.8798985045275773,1.0635946615106462,5.4052731986499065,4.3847321378379895,1.079481848712617,0.3906367378827486,9.111678537830938,3.5478148685695676,0.36140224069389204,0.41399800306845563,1.5811214103602926,0.7368421052631571,0,0.09428180832508375,2.474261391038141,1.3033933961401258,0.7533145841703501,50000,100000,50000,50000,50000,50000,10000,50000,50000,20000,50000,0,3244032,0,220594176,0,0,1081344,0,0,2973696,0,0,0,0,2568192,1515.7755711001319,6.183596604643319,3.9581001119462655,3.9664653385017576,205.7787931729606,973.8751814223513,0,0,206.09917584046485,0,0,0,296.1565075171416,10.564346473977865,6.629168340699075,0,0,0,0,0,0,0,0,0,0,0,0,0,0,0,224342016,74018816,10551296,439984128,111390720,349663232,39055360,10829824,310304768,93900800,4952064,3993600,305532928,15704064,134160384,204374016,67719168,9596928,199372800,104214528,331026432,35684352,9596928,289529856,82317312,4055040,2568192,294936576,14598144,35278848,0,0,0,0,0,0,0,0,0,0,0,0,0,0,0,206282752,73732096,10289152,424910848,108056576,333922304,38760448,10440704,293834752,92012544,4796416,2916352,297627648,15441920,39510016,188440576,70488064,10289152,211615744,108056576,333922304,37679104,10440704,293834752,89038848,4796416,2916352,297627648,15441920,36941824,1073741824,1073741824,314572800,0,1073741824,1073741824,1073741824,314572800,1073741824,0,0,0,1073741824,314572800,2147483648,10.49337605636442,0,4.948430680270218,0,0,14.714744877460825,40678.32180935784,0,21265.130243807514,0,0,48662.11329851345,10.49337605636442,0,4.948430680270218,0,0,14.714744877460825,40678.32180935784,0,21265.130243807514,0,0,48662.11329851345,103.81041403200088,49.257425742574256,482.3638985698834,21.164580141918897,34.48808359499665,39.02832632607126,18.076039586956057,61.70167124943934,54.37894736842105,94.61453917412469,0,0,0,0,0,0,0,0,0,0,120238.13713091769,120944.74697469747,1576123.4827544766,100230.78548412657,335970.77949932223,549973.5635112753,3257.3796182993065,9218.003471206537,599670.2736842105,124633.22342596957,0,0,0,0,0,0,0,0,0,0,122.72502336834003,40.73157315731574,471.157312822978,28.87679819696089,48.64364029443558,54.89021956087824,15.736029711685022,74.6894440219193,73.9578947368421,128.18338828701525,0,0,0,0,0,0,0,0,0,0,24659.811953593227,6556.463146314632,143493.6305732484,5985.279876041061,12704.689349873886,6702.7859175266485,2984.8650737425132,10596.306480235575,17310.18947368421,24157.638561783642,0,0,0,0,0,0,0,0,0,0,20.992,16,48,6.773,6.744,2.445,6.387,50.525,0,0,0,0,0.00832487703357129,0.0030631383472609097,0.031003861003861006,0.01640969162995595,0.001467605633802817,0.003,0.003110738255033557,0.0032157962986886094,0.020597888410470413,0.004713649025069638,0.07237659963436929,0.02468281938325991,0.0043025352112676055,0.0046,0.004799328859060402,0.0049884333376394975,0.02304932356790591,0.004919962859795728,0.08641681901279705,0.0409558823529412,0.0046569014084507036,0.0048,0.005287037037037036,0.007476637854614936,0.025718838151041725,0.008576562499999997,0.09764899451553928,0.09246666666666664,0.004940394366197184,0.00496,0.0099462962962963,0.009567070671809227,0.4597836321492401,0.3739583333333334,0.38602550478214664,0.4597855227882038,0.8843873517786561,0.375,0.46079088471849866,0.48712097166677243,2.182299954662974,2.163333333333333,0.494845908607864,2.1288537549407116,2.1314453125,0.475,2.1314453125,2.1905261440799233,2.341149977331486,2.331666666666666,0.6915662650602403,2.314426877470356,2.31572265625,0.4875,2.31572265625,2.3452630720399616,2.468229995466298,2.4663333333333335,0.9383132530120479,2.462885375494071,2.46314453125,0.4975,2.46314453125,2.469052614407992,395.94957983192785,397.09243697478234,396.3865546218629,392.3529411764682,396.33613445379456,116157328.13445377,9656715.831932772,68.84033613445378,25797227.56302521,54079040.537815124,2969766318.252101,3064196259.495798,720431947.2941176,4425839108.302521,3992114700.9075627,0,0,0,0,0,14.672268907563025,1.8655462184873948,4.7899159663865545,0.48739495798319327,16.63865546218487,0,0,0,0,0,57498.89075630252,18552.470588235294,1077781.512605042,42612.16806722689,71559.5294117647,1585.428571428571,268.84033613445376,2832.8067226890753,1745.3949579831933,454.89075630252097,1788.7226890756301,379.09243697478996,1920.3025210084033,2126.638655462185,558.7563025210084,0,0,0,0,0,0,0,0,0,0,0,0,0,0,0,0,0,0,0,0
1693106121,0.684830993494106,0.3185489159967773,0.1199424276347352,0.060097959674269105,1.6395645746539427,0.4837929366231257,0.22729855665416526,0.21917541338918237,0.1778761586655337,0.08421052631578954,0,0.16499316456889654,0.1258099012392272,0.5945303210463734,0.20088388911209282,6.564512816122877,5.019928566342494,0.9398552754677759,0.4657194266654637,11.113327735519428,4.56229433155944,0.34751249194984263,0.6355962107006305,1.6618317746111406,0.9848076231578922,0.00008910157887382664,0.3009261537736295,2.9486654148581417,2.8798985045275773,1.0635946615106462,5.4052731986499065,4.3847321378379895,1.079481848712617,0.3906367378827485,9.111678537830938,3.5478148685695676,0.39777247414478867,0.41399800306845563,1.5811214103602926,0.7368421052631571,0,0.09428180832508375,2.474261391038141,1.3033933961401258,0.7533145841703501,50000,100000,50000,50000,50000,50000,10000,50000,50000,20000,50000,0,3244032,0,220594176,0,0,1351680,0,0,2973696,0,0,0,0,2568192,1515.7755711001319,6.183596604643319,3.9581001119462655,3.966465338501757,205.7787931729606,973.8751814223513,0,0,206.09917584046485,0,0,0,296.1565075171416,10.564346473977865,6.629168340699075,0,0,0,0,0,0,0,0,0,0,0,0,0,0,0,224342016,74018816,10551296,439984128,111390720,349663232,39055360,10829824,310304768,93900800,4952064,3993600,305532928,15704064,134160384,204374016,67719168,9596928,199372800,104214528,331026432,35684352,9596928,289529856,82317312,4055040,2568192,294936576,14598144,35278848,0,0,0,0,0,0,0,0,0,0,0,0,0,0,0,206282752,73732096,10289152,424910848,108056576,333922304,38809600,10440704,293834752,92012544,4796416,2916352,297627648,15441920,39510016,188440576,70488064,10289152,211615744,108056576,333922304,37593088,10440704,293834752,89038848,4796416,2916352,297627648,15441920,36941824,1073741824,1073741824,314572800,0,1073741824,1073741824,1073741824,314572800,1073741824,0,0,0,1073741824,314572800,2147483648,10.49337605636442,0,5.000568246391635,0,0,14.714744877460825,40678.32180935784,0,20579.30825472592,0,0,48662.11329851345,10.49337605636442,0,5.000568246391635,0,0,14.714744877460825,40678.32180935784,0,20579.30825472592,0,0,48662.11329851345,103.81041403200088,49.257425742574256,482.3638985698834,21.164580141918897,34.450568990042676,39.02832632607126,18.076039586956057,61.70167124943934,47.23443113772454,94.61453917412469,0,0,0,0,0,0,0,0,0,0,120238.13713091769,120944.74697469747,1576123.4827544766,100230.78548412657,334932.4768847795,549973.5635112753,3257.3796182993065,9218.003471206537,526283.8036973223,124633.22342596957,0,0,0,0,0,0,0,0,0,0,122.72502336834003,40.73157315731574,471.157312822978,28.87679819696089,48.74199857752489,54.89021956087824,15.736029711685022,74.6894440219193,64.06850512810855,128.18338828701525,0,0,0,0,0,0,0,0,0,0,24659.811953593227,6556.463146314632,143493.6305732484,5985.279876041061,12862.842283072545,6702.7859175266485,2984.8650737425132,10596.306480235575,14910.979084911934,24157.638561783642,0,0,0,0,0,0,0,0,0,0,42,22,54,12,16,2,14,110,0,0,0,0,0.008324877077255717,0.0030631354841383802,0.031003861003861006,0.01640969162995595,0.001467605633802817,0.003,0.003110738255033557,0.003215728201473034,0.02059788855295197,0.004713643871449085,0.07237659963436929,0.02468281938325991,0.0043025352112676055,0.0046,0.004799328859060402,0.00498831076265146,0.023049323639146694,0.004919957419862923,0.08641681901279705,0.0409558823529412,0.0046569014084507036,0.0048,0.005287037037037036,0.007475896860986541,0.025718839129118307,0.008576483534261435,0.09764899451553928,0.09246666666666664,0.004940394366197184,0.00496,0.0099462962962963,0.009566928251121074,0.45978361117172706,0.3740104341736696,0.38602550478214664,0.4597855227882038,0.8843873517786561,0.375,0.46079088471849866,0.4872743682310469,2.1822999443408873,2.1633484899414315,0.494845908607864,2.1288537549407116,2.1314453125,0.475,2.1314453125,2.1906457319770016,2.341149972170443,2.3316742449707153,0.6915662650602403,2.314426877470356,2.31572265625,0.4875,2.31572265625,2.3453228659885004,2.468229994434089,2.4663348489941437,0.9383132530120479,2.462885375494071,2.46314453125,0.4975,2.46314453125,2.4690645731977003,395.9159663865493,397.00840336134087,396.3361344537766,392.4201680672336,396.3361344537943,116157328.13445377,9656715.831932772,68.84033613445378,25797227.56302521,72105433.27731092,3040542651.1596637,3007433271.932773,720464439.9327731,4518068705.882353,4070417554.285714,0,0,0,0,0,14.705882352941176,1.8655462184873948,4.7899159663865545,0.48739495798319327,16.655462184873947,0,0,0,0,0,57550.52100840336,18552.470588235294,1077781.512605042,42612.16806722689,71895.12605042016,1585.2268907563025,269.1428571428571,2833.7478991596636,1744.9243697478992,454.1512605042017,1788.268907563025,379.26050420168065,1920.7226890756303,2126.1008403361348,558.0840336134453,0,0,0,0,0,0,0,0,0,0,0,0,0,0,0,0,0,0,0,0
1693106122,0.684830993494106,0.31854891599677737,0.1199424276347352,0.060097959674269105,1.6395645746539427,0.4837929366231257,0.22729855665416526,0.21917541338918237,0.1778761586655337,0.08421052631578954,0,0.16499316456889654,0.1258099012392272,0.5945303210463734,0.20088388911209282,6.564512816122877,5.019928566342495,0.9398552754677759,0.4657194266654637,11.113327735519428,4.56229433155944,0.34751249194984263,0.6355962107006305,1.6618317746111406,0.9848076231578922,0.00008910157887382664,0.3009261537736295,2.9486654148581417,2.8798985045275773,1.0635946615106462,5.4052731986499065,4.3847321378379895,1.079481848712617,0.3906367378827485,9.111678537830938,3.5478148685695676,0.39777247414478867,0.41399800306845563,1.5811214103602926,0.7368421052631571,0,0.09428180832508375,2.474261391038141,1.3033933961401258,0.7533145841703501,50000,100000,50000,50000,50000,50000,10000,50000,50000,20000,50000,0,3244032,0,220594176,0,0,1351680,0,0,2973696,0,0,0,0,2568192,1515.7755711001319,6.18359660464332,3.9581001119462655,3.966465338501757,205.7787931729606,973.8751814223513,0,0,206.09917584046485,0,0,0,296.1565075171416,10.564346473977865,6.629168340699075,0,0,0,0,0,0,0,0,0,0,0,0,0,0,0,224342016,74018816,10551296,439984128,111390720,349663232,39055360,10829824,310304768,93900800,4952064,3993600,305532928,15704064,134160384,204374016,67719168,9596928,199372800,104214528,331026432,35684352,9596928,289529856,82317312,4055040,2568192,294936576,14598144,35278848,0,0,0,0,0,0,0,0,0,0,0,0,0,0,0,206282752,73732096,10289152,424910848,108056576,333922304,38809600,10440704,293834752,92012544,4796416,2916352,297627648,15441920,39510016,188440576,70488064,10289152,211615744,108056576,333922304,37593088,10440704,293834752,89038848,4796416,2916352,297627648,15441920,36941824,1073741824,1073741824,314572800,0,1073741824,1073741824,1073741824,314572800,1073741824,0,0,0,1073741824,314572800,2147483648,10.493376056364422,0,5.000568246391635,0,0,14.714744877460825,40678.32180935785,0,20579.30825472592,0,0,48662.11329851345,10.493376056364422,0,5.000568246391635,0,0,14.714744877460825,40678.32180935785,0,20579.30825472592,0,0,48662.11329851345,103.39236027934916,49.257425742574256,482.3638985698834,18.16221150254186,34.450568990042676,39.02832632607126,18.076039586956057,61.70167124943934,46.33622754491018,94.61453917412469,0,0,0,0,0,0,0,0,0,0,119429.71125320163,120944.74697469747,1576123.4827544766,86603.94528415274,334932.4768847795,549973.5635112753,3257.3796182993065,9218.003471206537,516276.0616342786,124633.22342596957,0,0,0,0,0,0,0,0,0,0,122.51930199561443,40.73157315731574,471.157312822978,24.766652048920722,48.74199857752489,54.89021956087824,15.736029711685022,74.6894440219193,62.85018704728907,128.18338828701525,0,0,0,0,0,0,0,0,0,0,24608.745324218246,6556.463146314632,143493.6305732484,5066.044801767123,12862.842283072545,6702.7859175266485,2984.8650737425132,10596.306480235575,14627.433911108601,24157.638561783642,0,0,0,0,0,0,0,0,0,0,42,22,50,12,10,2,10,82,0,0,0,0,0.008377046479199653,0.0030669144981412635,0.03131245196003074,0.016428571428571428,0.0015606936416184972,0.003,0.003113274336283186,0.003223175965665236,0.020726257384649664,0.0047204460966542745,0.07277576853526219,0.024709890109890106,0.004321387283236994,0.0046,0.004803893805309734,0.005019693654266962,0.02313462190499451,0.004927137546468402,0.08661392405063287,0.04114285714285714,0.004666473988439306,0.0048,0.005413461538461536,0.00757002188183807,0.028763968944654973,0.008658823529411759,0.09768444846292945,0.09239999999999983,0.004942543352601156,0.00496,0.010224999999999684,0.009610284463894963,0.46089379544948145,0.375,0.3857789212207239,0.45989304812834225,0.8710629921259843,0.375,0.4550137362637363,0.48731884057971014,2.182553712561692,2.163709677419355,0.49440205819730304,2.1291338582677164,2.1156652360515023,0.475,2.1156652360515023,2.1907120743034056,2.341276856280846,2.331854838709677,0.6850823045267486,2.314566929133858,2.307832618025751,0.4875,2.307832618025751,2.3453560371517024,2.4682553712561695,2.4663709677419354,0.9370164609053495,2.4629133858267713,2.46156652360515,0.4975,2.46156652360515,2.4690712074303405,395.96638655463454,397.1428571428653,396.30252100841454,392.3865546218413,396.25210084032284,116157328.13445377,9656715.831932772,68.84033613445378,25797227.56302521,72105433.27731092,3111116455.7983193,2893914525.0420165,721103347.0924369,4426026422.857142,4070428293.378151,0,0,0,0,0,14.672268907563025,2,5.294117647058823,0.5378151260504201,16.705882352941178,0,0,0,0,0,57490.28571428571,19714.1512605042,1080397.4453781513,43016.6050420168,72058.6218487395,1588.5882352941176,269.2436974789916,2831.983193277311,1751.7647058823532,455.8151260504202,1791.361344537815,379.4285714285714,1919.4789915966387,2132.7058823529414,559.7142857142857,0,0,0,0,0,0,0,0,0,0,0,0,0,0,0,0,0,0,0,0
1693106123,0.5835368803230667,0.31854891599677737,0.1199424276347352,0.05859832799437462,1.6395645746539427,0.4837929366231257,0.22729855665416526,0.21917541338918237,0.10467249277014343,0.08421052631578954,0,0.16499316456889654,0.1258099012392272,0.5945303210463734,0.20088388911209282,5.593548431587013,5.019928566342495,0.9398552754677759,0.4613675462926797,11.113327735519428,4.56229433155944,0.34751249194984263,0.6355962107006305,1.0604967268273868,0.9848076231578922,0.00008910157887382664,0.3009261537736295,2.9486654148581417,2.8798985045275773,1.0635946615106462,4.605773233978488,4.3847321378379895,1.079481848712617,0.37112274396437217,9.111678537830938,3.5478148685695676,0.39777247414478867,0.41399800306845563,0.9420524349312885,0.7368421052631571,0,0.09428180832508375,2.474261391038141,1.3033933961401258,0.7533145841703501,50000,100000,50000,50000,50000,50000,10000,50000,50000,20000,50000,0,3244032,0,220594176,0,0,1351680,0,0,2973696,0,0,0,0,2568192,1291.5755221836323,6.18359660464332,3.9581001119462655,2.578326431752481,205.7787931729606,973.8751814223513,0,0,60.448364574757775,0,0,0,296.1565075171416,10.564346473977865,6.629168340699075,0,0,0,0,0,0,0,0,0,0,0,0,0,0,0,224342016,74018816,10551296,439984128,111390720,349663232,39055360,10829824,310304768,93900800,4952064,3993600,305532928,15704064,134160384,204374016,67719168,9596928,199372800,104214528,331026432,35684352,9596928,289529856,82317312,4055040,2568192,294936576,14598144,35278848,0,0,0,0,0,0,0,0,0,0,0,0,0,0,0,206282752,73732096,10289152,424910848,108056576,333922304,38809600,10440704,293834752,92012544,4796416,2916352,297627648,15441920,39510016,188440576,70488064,10289152,211615744,108056576,333922304,37593088,10440704,293834752,89038848,4796416,2916352,297627648,15441920,36941824,1073741824,1073741824,314572800,0,1073741824,1073741824,1073741824,314572800,1073741824,0,0,0,1073741824,314572800,2147483648,10.493376056364422,0,5.000568246391635,0,0,14.714744877460825,40678.32180935785,0,20579.30825472592,0,0,48662.11329851345,10.493376056364422,0,5.000568246391635,0,0,14.714744877460825,40678.32180935785,0,20579.30825472592,0,0,48662.11329851345,103.39236027934916,49.870055456647634,482.3638985698834,21.171368708278518,34.450568990042676,39.02832632607126,18.076039586956057,61.70167124943934,45.438023952095804,94.61453917412469,0,0,0,0,0,0,0,0,0,0,119429.71125320163,121146.92942067243,1576123.4827544766,100952.68722896263,334932.4768847795,549973.5635112753,3257.3796182993065,9218.003471206537,506268.31957123487,124633.22342596957,0,0,0,0,0,0,0,0,0,0,122.51930199561443,41.1934434280803,471.157312822978,28.87004823856162,48.74199857752489,54.89021956087824,15.736029711685022,74.6894440219193,61.631868966469575,128.18338828701525,0,0,0,0,0,0,0,0,0,0,24608.745324218246,6655.24791781775,143493.6305732484,5905.398820835161,12862.842283072545,6702.7859175266485,2984.8650737425132,10596.306480235575,14343.888737305264,24157.638561783642,0,0,0,0,0,0,0,0,0,0,42,14,44,14,18,2,18,90,0,0,0,0,0.008377038843387082,0.0030669144981412635,0.03131245196003074,0.01642852061137363,0.0014874407870764,0.003,0.0031072053635001215,0.003223181030805736,0.020726237167073357,0.0047204460966542745,0.07277576853526219,0.02470987689230408,0.004306451442813333,0.0046,0.004792969654300218,0.005019797786893406,0.023134614462338512,0.004927137546468402,0.08661392405063287,0.041142735204855826,0.00465882777478045,0.0048,0.005105912249515181,0.007570073029531401,0.02876408929425211,0.008658823529411759,0.09768444846292945,0.09239991193070075,0.004940728840354144,0.00496,0.00994422834518425,0.009610293223641804,0.46089083509502826,0.375,0.3857789212207239,0.4598959551843729,0.8828673162178257,0.375,0.4602243542788631,0.4873157134737886,2.18255179339972,2.163709677419355,0.49440205819730304,2.1291414212929265,2.1299924662538596,0.475,2.1299924662538596,2.1907095252915534,2.3412758966998597,2.331854838709677,0.6850823045267486,2.3145707106464632,2.31499623312693,0.4875,2.31499623312693,2.3453547626457767,2.4682551793399714,2.4663709677419354,0.9370164609053495,2.4629141421292924,2.4629992466253863,0.4975,2.4629992466253863,2.469070952529155,396.01680672269487,397.0756302521002,396.38655462184914,392.45378151259877,396.23529411764804,116157328.13445377,9656715.831932772,68.84033613445378,25797227.56302521,72105433.27731092,2969808999.2605042,2950599723.02521,665926922.7563025,4333823948.369748,4148718548.9747896,0,0,0,0,0,14.605042016806722,2,5.294117647058823,0.5378151260504201,16.73949579831933,0,0,0,0,0,57326.78991596639,19714.1512605042,1080397.4453781513,43016.6050420168,72239.32773109243,1586.2857142857142,269.71428571428567,2834.084033613445,1740.3025210084033,453.2268907563025,1789.546218487395,379.9159663865546,1921.310924369748,2120.857142857143,557.2100840336134,0,0,0,0,0,0,0,0,0,0,0,0,0,0,0,0,0,0,0,0
1693106124,0.5721230304314984,0.3201195112842131,0.1199424276347352,0.05859832799437462,1.6395645746539427,0.4837929366231257,0.22729855665416526,0.21917541338918237,0.12665442340573757,0.08421052631578954,0,0.16499316456889654,0.1258099012392272,0.5945303210463734,0.19625159454420543,5.484139884651633,5.2723784292802645,0.9398552754677759,0.4613675462926797,11.113327735519428,4.56229433155944,0.34751249194984263,0.6355962107006305,1.2832082040402775,0.9848076231578922,0.00008910157887382664,0.3009261537736295,2.9486654148581417,2.8798985045275773,1.077776467471297,4.515685347334324,4.615056287680735,1.079481848712617,0.37112274396437217,9.111678537830938,3.5478148685695676,0.39777247414478867,0.41399800306845563,1.1398898106516353,0.7368421052631571,0,0.09428180832508375,2.474261391038141,1.3033933961401258,0.7261308998135612,50000,100000,50000,50000,50000,50000,10000,50000,50000,20000,50000,0,3244032,0,220594176,0,0,1351680,0,0,2973696,0,0,0,0,2568192,1266.3125959986303,8.803286560315852,3.9581001119462655,2.578326431752481,205.7787931729606,973.8751814223513,0,0,73.14292951681338,0,0,0,296.1565075171416,10.564346473977865,7.771563143950544,0,0,0,0,0,0,0,0,0,0,0,0,0,0,0,224342016,74018816,10551296,439984128,111390720,349663232,39055360,10829824,310304768,93900800,4952064,3993600,305532928,15704064,134160384,204374016,67719168,9596928,199372800,104214528,331026432,35684352,9596928,289529856,82317312,4055040,2568192,294936576,14598144,35278848,0,0,0,0,0,0,0,0,0,0,0,0,0,0,0,206282752,73732096,10289152,424910848,108056576,333922304,38809600,10440704,293834752,92012544,4796416,2916352,297627648,15441920,39690240,188440576,70488064,10289152,211615744,108056576,333922304,37593088,10440704,293834752,89038848,4796416,2916352,297627648,15441920,37122048,1073741824,1073741824,314572800,0,1073741824,1073741824,1073741824,314572800,1073741824,0,0,0,1073741824,314572800,2147483648,10.910740009603586,0,5.000568246391635,0,0,14.22824060445491,43146.98820893134,0,20579.30825472592,0,0,46090.5504857227,10.910740009603586,0,5.000568246391635,0,0,14.22824060445491,43146.98820893134,0,20579.30825472592,0,0,46090.5504857227,103.39236027934916,49.870055456647634,482.3638985698834,21.171368708278518,34.450568990042676,39.02832632607126,18.076039586956057,61.70167124943934,55.19335188681081,98.18900364643811,0,0,0,0,0,0,0,0,0,0,119429.71125320163,121146.92942067243,1576123.4827544766,100952.68722896263,334932.4768847795,549973.5635112753,3257.3796182993065,9218.003471206537,601401.8255064904,126292.67249281917,0,0,0,0,0,0,0,0,0,0,122.51930199561443,41.1934434280803,471.157312822978,28.87004823856162,48.74199857752489,54.89021956087824,15.736029711685022,74.6894440219193,75.02481365432146,131.618081443908,0,0,0,0,0,0,0,0,0,0,24608.745324218246,6655.24791781775,143493.6305732484,5905.398820835161,12862.842283072545,6702.7859175266485,2984.8650737425132,10596.306480235575,17891.793005468735,24828.047016643242,0,0,0,0,0,0,0,0,0,0,14,20,52,6,4,2,6,38,0,0,0,0,0.008377046563442906,0.0030669144981412635,0.03131245196003074,0.016428571428571428,0.0014873949579831934,0.003,0.0031072026800670017,0.003223175965665236,0.020726257637386062,0.0047204460966542745,0.07277576853526219,0.024709890109890106,0.004306442577030813,0.0046,0.004792964824120603,0.005019693654266962,0.02313462203136272,0.004927137546468402,0.08661392405063287,0.04114285714285714,0.004658823529411764,0.0048,0.00510576923076923,0.00757002188183807,0.028763970496175836,0.008658823529411759,0.09768444846292945,0.09239999999999983,0.004940728291316527,0.00496,0.009944230769230775,0.009610284463894963,0.4608937581134233,0.375,0.3857789212207239,0.45989304812834225,0.8828740157480315,0.375,0.46022727272727276,0.48731884057971014,2.1825536939678076,2.163709677419355,0.49440205819730304,2.1291338582677164,2.13,0.475,2.13,2.1907120743034056,2.3412768469839036,2.331854838709677,0.6850823045267486,2.314566929133858,2.315,0.4875,2.315,2.3453560371517024,2.4682553693967804,2.4663709677419354,0.9370164609053495,2.4629133858267713,2.463,0.4975,2.463,2.4690712074303405,396.0168067226842,397.1260504201544,396.4201680672387,392.57142857143856,396.3361344537702,116157328.13445377,9656715.831932772,68.84033613445378,25797227.56302521,72105433.27731092,2969848582.4537816,2950596487.529412,665901658.3529412,4241876871.529412,4148727016.3361344,0,0,0,0,0,14.554621848739496,2,5.294117647058823,0.5378151260504201,16.352941176470587,0,0,0,0,0,54134.31932773109,19714.1512605042,1080397.4453781513,43016.6050420168,70105.27731092437,1589.4621848739494,269.17647058823525,2833.126050420168,1748.857142857143,453.51260504201684,1792.5042016806722,379.44537815126046,1920.4033613445376,2131.327731092437,557.4957983193277,0,0,0,0,0,0,0,0,0,0,0,0,0,0,0,0,0,0,0,0
1693106125,0.5607091805399298,0.3201195112842131,0.1199424276347352,0.05859832799437462,1.6395645746539427,0.4837929366231257,0.22729855665416526,0.21917541338918237,0.12665442340573757,0.08421052631578954,0,0.16499316456889654,0.1258099012392272,0.5945303210463734,0.19625159454420543,5.374731337716251,5.2723784292802645,0.9398552754677759,0.4613675462926797,11.11332773551943,4.56229433155944,0.34751249194984263,0.6355962107006305,1.2832082040402775,0.9848076231578922,0.00008910157887382664,0.3009261537736295,2.9486654148581417,2.8798985045275773,1.077776467471297,4.425597460690159,4.615056287680735,1.079481848712617,0.37112274396437217,9.111678537830938,3.5478148685695676,0.39777247414478867,0.41399800306845563,1.1398898106516353,0.7368421052631571,0,0.09428180832508375,2.474261391038141,1.3033933961401258,0.7261308998135612,50000,100000,50000,50000,50000,50000,10000,50000,50000,20000,50000,0,3244032,0,220594176,0,0,1351680,0,0,2973696,0,0,0,0,2568192,1241.049669813628,8.803286560315852,3.9581001119462655,2.578326431752481,205.77879317296063,973.8751814223513,0,0,73.14292951681338,0,0,0,296.1565075171416,10.564346473977865,7.771563143950544,0,0,0,0,0,0,0,0,0,0,0,0,0,0,0,224342016,74018816,10551296,439984128,111390720,349663232,39055360,10829824,310304768,93900800,4952064,3993600,305532928,15704064,134160384,204374016,67719168,9596928,199372800,104214528,331026432,35684352,9596928,289529856,82317312,4055040,2568192,294936576,14598144,35278848,0,0,0,0,0,0,0,0,0,0,0,0,0,0,0,206282752,73732096,10289152,424910848,108056576,333922304,38809600,10440704,293834752,92012544,4796416,2916352,297627648,15441920,39690240,188440576,70488064,10289152,211615744,108056576,333922304,37593088,10440704,293834752,89038848,4796416,2916352,297627648,15441920,37122048,1073741824,1073741824,314572800,0,1073741824,1073741824,1073741824,314572800,1073741824,0,0,0,1073741824,314572800,2147483648,10.910740009603586,0,5.000568246391635,0,0,14.22824060445491,43146.98820893134,0,20579.30825472592,0,0,46090.5504857227,10.910740009603586,0,5.000568246391635,0,0,14.22824060445491,43146.98820893134,0,20579.30825472592,0,0,46090.5504857227,103.39236027934916,49.870055456647634,482.3638985698834,21.171368708278518,34.450568990042676,39.02832632607126,18.076039586956057,61.70167124943934,55.19335188681081,98.18900364643811,0,0,0,0,0,0,0,0,0,0,119429.71125320163,121146.92942067243,1576123.4827544766,100952.68722896263,334932.4768847795,549973.5635112753,3257.3796182993065,9218.003471206537,601401.8255064904,126292.67249281917,0,0,0,0,0,0,0,0,0,0,122.51930199561443,41.1934434280803,471.157312822978,28.87004823856162,48.74199857752489,54.89021956087824,15.736029711685022,74.6894440219193,75.02481365432146,131.618081443908,0,0,0,0,0,0,0,0,0,0,24608.745324218246,6655.24791781775,143493.6305732484,5905.398820835161,12862.842283072545,6702.7859175266485,2984.8650737425132,10596.306480235575,17891.793005468735,24828.047016643242,0,0,0,0,0,0,0,0,0,0,50,10,40,20,24,2,22,112,0,0,0,0,0.008377046602875925,0.0030669144981412635,0.03131245196003074,0.016428571428571428,0.0014873949579831934,0.003,0.0031072026800670017,0.0032330582645661416,0.0207262577556882,0.0047204460966542745,0.07277576853526219,0.024709890109890106,0.004306442577030813,0.0046,0.004792964824120603,0.005213815789473686,0.023134622090513788,0.004927137546468402,0.08661392405063287,0.04114285714285714,0.004658823529411764,0.0048,0.00510576923076923,0.007661732456140347,0.02876397122241987,0.008658823529411759,0.09768444846292945,0.09239999999999983,0.004940728291316527,0.00496,0.009944230769230775,0.009620065789473687,0.4608937406369706,0.375,0.3857789212207239,0.45989304812834225,0.8828740157480315,0.375,0.46022727272727276,0.4710766423357664,2.1825536852642853,2.163709677419355,0.49440205819730304,2.1291338582677164,2.13,0.475,2.13,2.177073288331726,2.341276842632143,2.331854838709677,0.6850823045267486,2.314566929133858,2.315,0.4875,2.315,2.3385366441658624,2.468255368526429,2.4663709677419354,0.9370164609053495,2.4629133858267713,2.463,0.4975,2.463,2.467707328833173,396.01680672268657,397.0924369747943,396.4705882352933,392.55462184874574,396.3193277310842,116157328.13445377,9656715.831932772,68.84033613445378,38695910.184873946,72105433.27731092,2828574238.117647,2893858144.8067226,610697835.5630252,4242042983.2605042,4070459340.3697476,0,0,0,0,0,14.571428571428571,2,5.294117647058823,0.9579831932773109,16.369747899159663,0,0,0,0,0,54220.36974789916,19714.1512605042,1080397.4453781513,45357.17647058823,70148.3025210084,1598.0672268907563,269.5966386554622,2833.495798319328,1755.1596638655462,453.9327731092437,1801.1428571428573,379.8823529411764,1920.4201680672268,2138.789915966386,557.9495798319327,0,0,0,0,0,0,0,0,0,0,0,0,0,0,0,0,0,0,0,0
1693106126,0.5492953306483614,0.3201195112842131,0.1199424276347352,0.05859832799437462,1.6740250183958794,0.5016442784683128,0.22729855665416526,0.21917541338918237,0.12665442340573757,0.08421052631578954,0,0.16499316456889654,0.1258099012392272,0.5945303210463734,0.19625159454420543,5.2653227907808695,5.2723784292802645,0.9398552754677759,0.4613675462926797,10.99855238778514,4.2603041915166555,0.34751249194984263,0.6355962107006305,1.2832082040402775,0.9848076231578922,0.00008910157887382664,0.3009261537736295,2.9486654148581417,2.8798985045275773,1.077776467471297,4.335509574045993,4.615056287680735,1.079481848712617,0.37112274396437217,9.23473142016189,3.3814540252308367,0.39777247414478867,0.41399800306845563,1.1398898106516353,0.7368421052631571,0,0.09428180832508375,2.474261391038141,1.3033933961401258,0.7261308998135612,50000,100000,50000,50000,50000,50000,10000,50000,50000,20000,50000,0,3244032,0,220594176,0,0,1351680,0,0,2973696,0,0,0,0,2568192,1215.7867436286258,8.803286560315852,3.9581001119462655,2.578326431752481,211.25827814569536,847.3329245861435,0,0,73.14292951681338,0,0,0,296.1565075171416,10.564346473977865,7.771563143950544,0,0,0,0,0,0,0,0,0,0,0,0,0,0,0,224342016,74018816,10551296,439984128,111390720,349663232,39055360,10829824,310304768,93900800,4952064,3993600,305532928,15704064,134160384,204374016,67719168,9596928,199372800,104349696,331837440,35684352,9596928,289529856,82317312,4055040,2568192,294936576,14598144,35278848,0,0,0,0,0,0,0,0,0,0,0,0,0,0,0,206282752,73732096,10289152,424910848,108146688,334499840,38809600,10440704,293834752,92012544,4796416,2916352,297627648,15441920,39690240,188440576,70488064,10289152,211615744,108146688,334499840,37593088,10440704,293834752,89038848,4796416,2916352,297627648,15441920,37122048,1073741824,1073741824,314572800,0,1073741824,1073741824,1073741824,314572800,1073741824,0,0,0,1073741824,314572800,2147483648,10.910740009603586,0,5.000568246391635,0,0,14.22824060445491,43146.98820893134,0,20579.30825472592,0,0,46090.5504857227,10.910740009603586,0,5.000568246391635,0,0,14.22824060445491,43146.98820893134,0,20579.30825472592,0,0,46090.5504857227,103.39236027934916,49.870055456647634,483.07881206354085,21.171368708278518,34.450568990042676,39.02832632607126,18.076039586956057,53.68494018997944,55.19335188681081,98.18900364643811,0,0,0,0,0,0,0,0,0,0,119429.71125320163,121146.92942067243,1572302.6436958024,100952.68722896263,334932.4768847795,549973.5635112753,3257.3796182993065,8026.063380586721,601401.8255064904,126292.67249281917,0,0,0,0,0,0,0,0,0,0,122.51930199561443,41.1934434280803,472.4503107973295,28.87004823856162,48.74199857752489,54.89021956087824,15.736029711685022,65.03412491435229,75.02481365432146,131.618081443908,0,0,0,0,0,0,0,0,0,0,24608.745324218246,6655.24791781775,145319.12362827107,5905.398820835161,12862.842283072545,6702.7859175266485,2984.8650737425132,9248.196334806324,17891.793005468735,24828.047016643242,0,0,0,0,0,0,0,0,0,0,24,12,44,8,6,2,6,56,0,0,0,0,0.008377046640665907,0.0030669144981412635,0.03131245196003074,0.016428571428571428,0.0014873949579831934,0.003,0.0031072026800670017,0.003226514067715785,0.020726257869061085,0.0047204460966542745,0.07277576853526219,0.024709890109890106,0.004306442577030813,0.0046,0.004792964824120603,0.005087662337662344,0.02313462214720022,0.004927137546468402,0.08661392405063287,0.04114285714285714,0.004658823529411764,0.0048,0.00510576923076923,0.007614177489177495,0.028763971918402756,0.008658823529411759,0.09768444846292945,0.09239999999999983,0.004940728291316527,0.00496,0.009944230769230775,0.009635389610389617,0.4608937238887033,0.375,0.3857789212207239,0.45989304812834225,0.8828740157480315,0.375,0.46022727272727276,0.4879528985507246,2.1825536769234093,2.163709677419355,0.49440205819730304,2.1291338582677164,2.13,0.475,2.13,2.1912037037037035,2.3412768384617046,2.331854838709677,0.6850823045267486,2.314566929133858,2.315,0.4875,2.315,2.345601851851852,2.4682553676923407,2.4663709677419354,0.9370164609053495,2.4629133858267713,2.463,0.4975,2.463,2.4691203703703706,396.1008403361296,396.99159663864185,396.4369747899105,392.5378151260376,396.38655462183544,116157328.13445377,9656715.831932772,68.84033613445378,38695910.184873946,72105433.27731092,2757949009.747899,2893781938.5546217,666568377.0084033,4242176189.310924,3992203780.3025208,0,0,0,0,0,14.672268907563025,2,3.310924369747899,0.9579831932773109,16.504201680672267,0,0,0,0,0,57584.94117647059,19714.1512605042,603609.2773109244,45357.17647058823,70742.05042016806,1597.3445378151262,266.26890756302515,2833.3613445378146,1755.6638655462186,454.0840336134454,1800.7226890756303,376.77310924369743,1920.1008403361345,2139.428571428571,558.0672268907563,0,0,0,0,0,0,0,0,0,0,0,0,0,0,0,0,0,0,0,0
1693106127,0.6871523975176627,0.3201195112842131,0.1199424276347352,0.05859832799437462,1.6740250183958794,0.5016442784683128,0.22729855665416526,0.21917541338918237,0.11075423634954046,0.08421052631578954,0,0.1488122918953107,0.1258099012392272,0.5945303210463734,0.19625159454420543,7.888368156928428,5.2723784292802645,0.9398552754677759,0.4613675462926797,10.99855238778514,4.2603041915166555,0.34751249194984263,0.6355962107006305,1.5515530734300602,0.9848076231578922,0.00008910157887382664,0.2973240201640656,2.9486654148581417,2.8798985045275773,1.077776467471297,6.785629925486905,4.615056287680735,1.079481848712617,0.37112274396437217,9.23473142016189,3.3814540252308367,0.39777247414478867,0.41399800306845563,1.417654225274118,0.7368421052631571,0,0.13021075540839686,2.474261391038141,1.3033933961401258,0.7261308998135612,50000,100000,50000,50000,50000,50000,10000,50000,50000,20000,50000,0,3244032,0,220594176,0,0,1351680,0,0,2973696,0,0,0,0,2568192,1755.9750048315404,8.803286560315852,3.9581001119462655,2.578326431752481,211.25827814569536,847.3329245861435,0,0,143.27168014176542,0,0,0,296.1565075171416,10.564346473977865,7.771563143950544,0,0,0,0,0,0,0,0,0,0,0,0,0,0,0,224342016,74018816,10551296,439984128,111390720,349663232,39055360,10829824,310304768,93900800,4952064,3993600,305532928,15704064,134160384,208699392,67719168,9596928,199372800,104349696,331837440,35684352,9596928,289665024,82317312,4055040,2568192,294936576,14598144,35278848,0,0,0,0,0,0,0,0,0,0,0,0,0,0,0,210403328,73732096,10289152,424910848,108146688,334499840,38809600,10440704,294023168,92012544,4796416,2916352,297627648,15441920,39690240,192561152,70488064,10289152,211615744,108146688,334499840,37593088,10440704,294023168,89038848,4796416,2916352,297627648,15441920,37122048,1073741824,1073741824,314572800,0,1073741824,1073741824,1073741824,314572800,1073741824,0,0,0,1073741824,314572800,2147483648,10.910740009603586,0,5.000568246391635,0,0,14.22824060445491,43146.98820893134,0,20579.30825472592,0,0,46090.5504857227,10.910740009603586,0,5.000568246391635,0,0,14.22824060445491,43146.98820893134,0,20579.30825472592,0,0,46090.5504857227,107.91066001171124,49.870055456647634,483.07881206354085,21.171368708278518,34.450568990042676,39.02832632607126,18.076039586956057,61.93800766075357,55.19335188681081,98.18900364643811,0,0,0,0,0,0,0,0,0,0,119957.11457491008,121146.92942067243,1572302.6436958024,100952.68722896263,334932.4768847795,549973.5635112753,3257.3796182993065,9259.922305832495,601401.8255064904,126292.67249281917,0,0,0,0,0,0,0,0,0,0,127.28996458745783,41.1934434280803,472.4503107973295,28.87004823856162,48.74199857752489,54.89021956087824,15.736029711685022,75.03191980657955,75.02481365432146,131.618081443908,0,0,0,0,0,0,0,0,0,0,25777.821152720073,6655.24791781775,145319.12362827107,5905.398820835161,12862.842283072545,6702.7859175266485,2984.8650737425132,10669.935617070983,17891.793005468735,24828.047016643242,0,0,0,0,0,0,0,0,0,0,26,18,60,8,6,2,6,62,0,0,0,0,0.008495958634745,0.0030887245841035122,0.031691729323308264,0.016661073825503355,0.0015244956772334293,0.003,0.00310801393728223,0.0032298136645962736,0.021429336901181522,0.0047597042513863215,0.07322003577817532,0.028124999999999994,0.004314121037463977,0.0046,0.004794425087108013,0.00515212765957447,0.023801134616004298,0.004968576709796673,0.08701252236135955,0.046164772727272735,0.004662824207492795,0.0048,0.005149999999999999,0.007634574468085109,0.05220468241342018,0.009170454545454551,0.09804651162790697,0.09440476190476192,0.0049417867435158505,0.00496,0.00999,0.009620531914893619,0.4598786385310092,0.375,0.38559620119591975,0.4599867724867725,0.8745136186770428,0.375,0.4560626702997275,0.4881254532269761,2.181684142983437,2.1643564356435645,0.4940731621526556,2.1293774319066148,2.1186974789915967,0.475,2.1186974789915967,2.1913359788359785,2.340842071491718,2.3321782178217823,0.6800829875518666,2.314688715953307,2.3093487394957983,0.4875,2.3093487394957983,2.345667989417989,2.468168414298344,2.4664356435643566,0.9360165975103735,2.4629377431906616,2.46186974789916,0.4975,2.46186974789916,2.4691335978835975,396.20168067226314,396.95798319327287,396.47058823529557,392.5378151260502,396.45378151259496,116157328.13445377,9656715.831932772,68.84033613445378,38695910.184873946,72105433.27731092,2758120697.5462184,2893762525.5798316,666575054.5210084,4242263272.3361344,3913950698.487395,0,0,0,0,0,14.621848739495798,2,3.310924369747899,0.9579831932773109,16.45378151260504,0,0,0,0,0,57430.05042016807,19714.1512605042,603609.2773109244,45357.17647058823,70681.81512605042,1598.6386554621847,267.9831932773109,2833.1260504201678,1757.1932773109243,452.63865546218483,1802.1680672268906,378.4033613445378,1918.9579831932772,2142.268907563025,556.5882352941176,0,0,0,0,0,0,0,0,0,0,0,0,0,0,0,0,0,0,0,0
1693106128,0.6871523975176627,0.3201195112842131,0.1199424276347352,0.05859832799437462,1.6740250183958798,0.5016442784683128,0.19364297767573116,0.21917541338918237,0.11075423634954046,0.08421052631578954,0,0.1488122918953107,0.1258099012392272,0.5945303210463734,0.19625159454420543,7.888368156928428,5.2723784292802645,0.9398552754677759,0.4613675462926797,10.998552387785141,4.2603041915166555,0.3539209687681537,0.6355962107006305,1.5515530734300602,0.9848076231578922,0.00008910157887382664,0.2973240201640656,2.9486654148581417,2.8798985045275773,1.077776467471297,6.785629925486905,4.615056287680735,1.079481848712617,0.37112274396437217,9.23473142016189,3.3814540252308367,0.44261252040167,0.41399800306845563,1.417654225274118,0.7368421052631571,0,0.13021075540839686,2.474261391038141,1.3033933961401258,0.7261308998135612,50000,100000,50000,50000,50000,50000,10000,50000,50000,20000,50000,0,3244032,0,220594176,0,0,1351680,0,0,2973696,0,0,0,0,2568192,1755.9750048315404,8.803286560315852,3.9581001119462655,2.578326431752481,211.25827814569539,847.3329245861435,0,0,143.27168014176542,0,0,0,296.1565075171416,10.564346473977865,7.771563143950544,0,0,0,0,0,0,0,0,0,0,0,0,0,0,0,224342016,74018816,10551296,439984128,111390720,349663232,39055360,10829824,310304768,93900800,4952064,3993600,305532928,15704064,134160384,208699392,67719168,9596928,199372800,104349696,331837440,35684352,9596928,289665024,82317312,4055040,2568192,294936576,14598144,35278848,0,0,0,0,0,0,0,0,0,0,0,0,0,0,0,210403328,73732096,10289152,424910848,108146688,334499840,38809600,10440704,294023168,92012544,4796416,2916352,297627648,15441920,39690240,192561152,70488064,10289152,211615744,108146688,334499840,37593088,10440704,294023168,89038848,4796416,2916352,297627648,15441920,37122048,1073741824,1073741824,314572800,0,1073741824,1073741824,1073741824,314572800,1073741824,0,0,0,1073741824,314572800,2147483648,10.910740009603586,0,5.1453705496694235,0,0,14.22824060445491,43146.98820893134,0,21939.41741127002,0,0,46090.5504857227,10.910740009603586,0,5.1453705496694235,0,0,14.22824060445491,43146.98820893134,0,21939.41741127002,0,0,46090.5504857227,107.91066001171124,49.870055456647634,483.07881206354085,21.171368708278518,34.450568990042676,39.10053706771068,18.076039586956057,61.93800766075357,55.19335188681081,98.18900364643811,0,0,0,0,0,0,0,0,0,0,119957.11457491008,121146.92942067243,1572302.6436958024,100952.68722896263,334932.4768847795,548612.1233415315,3257.3796182993065,9259.922305832495,601401.8255064904,126292.67249281917,0,0,0,0,0,0,0,0,0,0,127.28996458745783,41.1934434280803,472.4503107973295,28.87004823856162,48.74199857752489,54.87794676169921,15.736029711685022,75.03191980657955,75.02481365432146,131.618081443908,0,0,0,0,0,0,0,0,0,0,25777.821152720073,6655.24791781775,145319.12362827107,5905.398820835161,12862.842283072545,6714.6514079204935,2984.8650737425132,10669.935617070983,17891.793005468735,24828.047016643242,0,0,0,0,0,0,0,0,0,0,16,8,20,6,6,2,6,34,0,0,0,0,0.008495958676072902,0.0030887245841035122,0.031691729323308264,0.016661073825503355,0.0014593837535014007,0.003,0.0031028192371475955,0.0032298136645962736,0.021429337005263165,0.0047597042513863215,0.07322003577817532,0.028124999999999994,0.004300840336134455,0.0046,0.0047850746268656725,0.00515212765957447,0.02380113466804511,0.004968576709796673,0.08701252236135955,0.046164772727272735,0.0046560224089635845,0.0048,0.004995356550580431,0.007634574468085109,0.05220468346212092,0.009170454545454551,0.09804651162790697,0.09440476190476192,0.004940168067226891,0.00496,0.009932000000000005,0.009620531914893619,0.45987862323165346,0.375,0.38559620119591975,0.4599867724867725,0.8832684824902723,0.375,0.4602122015915119,0.4881254532269761,2.18168413514628,2.1643564356435645,0.4940731621526556,2.1293774319066148,2.1299610894941634,0.475,2.1299610894941634,2.1913359788359785,2.3408420675731394,2.3321782178217823,0.6800829875518666,2.314688715953307,2.3149805447470815,0.4875,2.3149805447470815,2.345667989417989,2.468168413514628,2.4664356435643566,0.9360165975103735,2.4629377431906616,2.462996108949416,0.4975,2.462996108949416,2.4691335978835975,396.21848739497005,397.0084033613512,396.4033613445365,392.5546218487328,396.369747899185,116157328.13445377,9656715.831932772,68.84033613445378,38695910.184873946,72105433.27731092,2899559432.605042,2893673652.705882,666573058.1512605,4334498377.142857,3835666776.2016807,0,0,0,0,0,14.504201680672269,2,5.260504201680672,0.9579831932773109,16.369747899159663,0,0,0,0,0,57085.8487394958,19714.1512605042,1061948.2352941176,45357.17647058823,70354.82352941176,1593.0756302521008,269.47899159663865,2830.4537815126046,1752.235294117647,452.35294117647055,1796.2689075630253,379.83193277310926,1916.7394957983195,2137.2941176470586,556.3529411764706,0,0,0,0,0,0,0,0,0,0,0,0,0,0,0,0,0,0,0,0
1693106129,0.6871523975176627,0.3071504627733643,0.1199424276347352,0.05859832799437462,1.6740250183958798,0.5016442784683128,0.19364297767573116,0.21917541338918237,0.11075423634954046,0.08421052631578954,0,0.1488122918953107,0.1258099012392272,0.5945303210463734,0.19625159454420543,7.888368156928428,5.209482973626014,0.9398552754677759,0.4613675462926797,10.998552387785141,4.2603041915166555,0.3539209687681537,0.6355962107006305,1.5515530734300602,0.9848076231578922,0.00008910157887382664,0.2973240201640656,2.9486654148581417,2.8798985045275773,1.077776467471297,6.785629925486905,4.689163731673358,1.079481848712617,0.37112274396437217,9.23473142016189,3.3814540252308367,0.44261252040167,0.41399800306845563,1.417654225274118,0.7368421052631571,0,0.13021075540839686,2.474261391038141,1.3033933961401258,0.7261308998135612,50000,100000,50000,50000,50000,50000,10000,50000,50000,20000,50000,0,3379200,0,220594176,0,0,1351680,0,0,2973696,0,0,0,0,2568192,1755.9750048315404,6.757310181014007,3.9581001119462655,2.578326431752481,211.25827814569539,847.3329245861435,0,0,143.27168014176542,0,0,0,296.1565075171416,10.564346473977865,7.771563143950544,0,0,0,0,0,0,0,0,0,0,0,0,0,0,0,224342016,74063872,10551296,439984128,111390720,349663232,39055360,10829824,310304768,93900800,4952064,3993600,305532928,15704064,134160384,208699392,67719168,9596928,199372800,104349696,331837440,35684352,9596928,289665024,82317312,4055040,2568192,294936576,14598144,35278848,0,0,0,0,0,0,0,0,0,0,0,0,0,0,0,210403328,73814016,10289152,424910848,108146688,334499840,38809600,10440704,294023168,92012544,4796416,2916352,297627648,15441920,39690240,192561152,70434816,10289152,211615744,108146688,334499840,37593088,10440704,294023168,89038848,4796416,2916352,297627648,15441920,37122048,1073741824,1073741824,314572800,0,1073741824,1073741824,1073741824,314572800,1073741824,0,0,0,1073741824,314572800,2147483648,10.484069129330823,0,5.1453705496694235,0,0,14.22824060445491,41024.162503071515,0,21939.41741127002,0,0,46090.5504857227,10.484069129330823,0,5.1453705496694235,0,0,14.22824060445491,41024.162503071515,0,21939.41741127002,0,0,46090.5504857227,107.91066001171124,49.870055456647634,483.07881206354085,21.171368708278518,34.450568990042676,39.224266992192,18.076039586956057,61.93800766075357,55.19335188681081,98.18900364643811,0,0,0,0,0,0,0,0,0,0,119957.11457491008,121146.92942067243,1572302.6436958024,100952.68722896263,334932.4768847795,552131.676532234,3257.3796182993065,9259.922305832495,601401.8255064904,126292.67249281917,0,0,0,0,0,0,0,0,0,0,127.28996458745783,41.1934434280803,472.4503107973295,28.87004823856162,48.74199857752489,55.116659373056635,15.736029711685022,75.03191980657955,75.02481365432146,131.618081443908,0,0,0,0,0,0,0,0,0,0,25777.821152720073,6655.24791781775,145319.12362827107,5905.398820835161,12862.842283072545,6703.871755303222,2984.8650737425132,10669.935617070983,17891.793005468735,24828.047016643242,0,0,0,0,0,0,0,0,0,0,38,12,36,12,14,2,10,98,0,0,0,0,0.008495958715780105,0.0030887245841035122,0.031691729323308264,0.016661073825503355,0.0014593837535014007,0.003,0.0031028192371475955,0.0032298136645962736,0.02142933710526316,0.0047597042513863215,0.07322003577817532,0.028124999999999994,0.004300840336134455,0.0046,0.0047850746268656725,0.00515212765957447,0.02380113471804511,0.004968576709796673,0.08701252236135955,0.046164772727272735,0.0046560224089635845,0.0048,0.004995356550580431,0.007634574468085109,0.05220468446969642,0.009170454545454551,0.09804651162790697,0.09440476190476192,0.004940168067226891,0.00496,0.009932000000000005,0.009620531914893619,0.4598786085322723,0.375,0.38559620119591975,0.4599867724867725,0.8832684824902723,0.375,0.4602122015915119,0.4881254532269761,2.1816841276164625,2.1643564356435645,0.4940731621526556,2.1293774319066148,2.1299610894941634,0.475,2.1299610894941634,2.1913359788359785,2.340842063808231,2.3321782178217823,0.6800829875518666,2.314688715953307,2.3149805447470815,0.4875,2.3149805447470815,2.345667989417989,2.4681684127616457,2.4664356435643566,0.9360165975103735,2.4629377431906616,2.462996108949416,0.4975,2.462996108949416,2.4691335978835975,396.184873949569,396.941176470598,396.3193277310814,392.5714285714184,396.4033613445362,116157328.13445377,9656715.831932772,68.84033613445378,38695910.184873946,90131826.01680672,2970340997.378151,2780106992.9411764,666581594.3529412,4426754271.731092,3835697960.8739495,0,0,0,0,0,14.42016806722689,2.0504201680672267,5.260504201680672,0.907563025210084,16.30252100840336,0,0,0,0,0,56819.09243697479,19989.512605042015,1061948.2352941176,41846.31932773109,70225.74789915966,1584.655462184874,269.2773109243697,2832.487394957983,1745.4957983193278,451.89915966386553,1787.6470588235293,379.81512605042013,1917.5462184873948,2128.991596638655,555.8991596638655,0,0,0,0,0,0,0,0,0,0,0,0,0,0,0,0,0,0,0,0
1693106130,0.6871523975176627,0.3071504627733643,0.12314133546778291,0.05859832799437462,1.6740250183958798,0.5016442784683128,0.19364297767573116,0.21917541338918237,0.11075423634954046,0.05703367838708762,0,0.1488122918953107,0.1258099012392272,0.5945303210463734,0.19625159454420543,7.888368156928428,5.209482973626014,0.9405503832774069,0.4613675462926797,10.998552387785141,4.2603041915166555,0.3539209687681537,0.6355962107006305,1.5515530734300602,0.9870877862377718,0.00008910157887382664,0.2973240201640656,2.9486654148581417,2.8798985045275773,1.077776467471297,6.785629925486905,4.689163731673358,1.0467013514761563,0.37112274396437217,9.23473142016189,3.3814540252308367,0.44261252040167,0.41399800306845563,1.417654225274118,0.769954658225681,0,0.13021075540839686,2.474261391038141,1.3033933961401258,0.7261308998135612,50000,100000,50000,50000,50000,50000,10000,50000,50000,20000,50000,0,3379200,0,220594176,0,0,1351680,0,0,2973696,0,0,0,0,2568192,1755.9750048315404,6.757310181014007,6.095496105655266,2.578326431752481,211.25827814569539,847.3329245861435,0,0,143.27168014176542,0,0,0,296.1565075171416,10.564346473977865,7.771563143950544,0,0,0,0,0,0,0,0,0,0,0,0,0,0,0,224342016,74063872,10551296,439984128,111390720,349663232,39055360,10829824,310304768,93900800,4952064,3993600,305532928,15704064,134160384,208699392,67719168,9596928,199372800,104349696,331837440,35684352,9596928,289665024,82317312,4055040,2568192,294936576,14598144,35278848,0,0,0,0,0,0,0,0,0,0,0,0,0,0,0,210403328,73814016,10289152,424910848,108146688,334499840,38809600,10440704,294023168,92012544,4796416,2916352,297627648,15441920,39690240,192561152,70434816,10289152,211615744,108146688,334499840,37593088,10440704,294023168,89038848,4796416,2916352,297627648,15441920,37122048,1073741824,1073741824,314572800,0,1073741824,1073741824,1073741824,314572800,1073741824,0,0,0,1073741824,314572800,2147483648,10.484069129330823,0,5.1453705496694235,0,0,14.22824060445491,41024.162503071515,0,21939.41741127002,0,0,46090.5504857227,10.484069129330823,0,5.1453705496694235,0,0,14.22824060445491,41024.162503071515,0,21939.41741127002,0,0,46090.5504857227,107.91066001171124,49.870055456647634,483.07881206354085,21.171368708278518,34.450568990042676,39.224266992192,14.518964047179194,61.93800766075357,55.19335188681081,98.18900364643811,0,0,0,0,0,0,0,0,0,0,119957.11457491008,121146.92942067243,1572302.6436958024,100952.68722896263,334932.4768847795,552131.676532234,2618.548284069916,9259.922305832495,601401.8255064904,126292.67249281917,0,0,0,0,0,0,0,0,0,0,127.28996458745783,41.1934434280803,472.4503107973295,28.87004823856162,48.74199857752489,55.116659373056635,12.748358675571975,75.03191980657955,75.02481365432146,131.618081443908,0,0,0,0,0,0,0,0,0,0,25777.821152720073,6655.24791781775,145319.12362827107,5905.398820835161,12862.842283072545,6703.871755303222,2413.0203472123535,10669.935617070983,17891.793005468735,24828.047016643242,0,0,0,0,0,0,0,0,0,0,36,12,36,14,12,2,14,92,0,0,0,0,0.008495958753960114,0.0030887245841035122,0.031691729323308264,0.016661073825503355,0.0014593837535014007,0.003,0.0031028192371475955,0.0032358186772355707,0.021429337201416997,0.0047597042513863215,0.07322003577817532,0.028124999999999994,0.004300840336134455,0.0046,0.0047850746268656725,0.0052655913978494635,0.02380113476612203,0.004968576709796673,0.08701252236135955,0.046164772727272735,0.0046560224089635845,0.0048,0.004995356550580431,0.007691935483870962,0.05220468543851998,0.009170454545454551,0.09804651162790697,0.09440476190476192,0.004940168067226891,0.00496,0.009932000000000005,0.009633010752688168,0.45987859439825196,0.375,0.38559620119591975,0.4599867724867725,0.8832684824902723,0.375,0.4602122015915119,0.4758035062089116,2.181684120376252,2.1643564356435645,0.4940731621526556,2.1293774319066148,2.1299610894941634,0.475,2.1299610894941634,2.1812853107344634,2.340842060188126,2.3321782178217823,0.6800829875518666,2.314688715953307,2.3149805447470815,0.4875,2.3149805447470815,2.3406426553672315,2.4681684120376253,2.4664356435643566,0.9360165975103735,2.4629377431906616,2.462996108949416,0.4975,2.462996108949416,2.4681285310734467,396.16806722688176,396.907563025213,396.38655462183607,392.4705882352988,396.3361344537925,116157328.13445377,9656715.831932772,68.84033613445378,38695910.184873946,72105708.63865545,2970320827.1596637,2723343385.815126,666584829.8487395,4426807485.310925,3757459197.848739,0,0,0,0,0,14.42016806722689,2.0504201680672267,5.260504201680672,0.907563025210084,16.201680672268907,0,0,0,0,0,56913.74789915966,19989.512605042015,1061948.2352941176,41846.31932773109,69804.10084033613,1581.0420168067228,268.672268907563,2831.798319327731,1739.2436974789914,450.48739495798316,1783.81512605042,379.17647058823525,1916.9915966386554,2122.4705882352937,554.5042016806723,0,0,0,0,0,0,0,0,0,0,0,0,0,0,0,0,0,0,0,0
1693106131,0.6871523975176627,0.3071504627733643,0.12314133546778291,0.05859832799437462,1.6740250183958798,0.5016442784683128,0.21570784529433332,0.1860026057521369,0.11075423634954046,0.06174491119023659,0,0.1488122918953107,0.11779157621956361,0.5945303210463734,0.19625159454420543,7.888368156928428,5.209482973626014,0.9405503832774069,0.4613675462926797,10.998552387785141,4.2603041915166555,0.35018759248473874,0.5393969586660604,1.5515530734300602,1.0107762590816463,0.00005860243709680174,0.2973240201640656,2.9507044424251605,2.8798985045275773,1.077776467471297,6.785629925486905,4.689163731673358,1.0467013514761563,0.37112274396437217,9.23473142016189,3.3814540252308367,0.38827412152979945,0.3513382553095919,1.417654225274118,0.8026838454730684,0,0.13021075540839686,2.4736231006108316,1.3033933961401258,0.7261308998135612,50000,100000,50000,50000,50000,50000,10000,50000,50000,20000,50000,0,3379200,0,220594176,0,0,1351680,0,0,2973696,0,0,0,0,2568192,1755.9750048315404,6.757310181014007,6.095496105655266,2.578326431752481,211.25827814569539,847.3329245861435,0,0,143.27168014176542,1.3583880461851936,0,0,373.16371346357715,10.564346473977865,7.771563143950544,0,0,0,0,0,0,0,0,0,0,0,0,0,0,0,224342016,74063872,10551296,439984128,111390720,349663232,39100416,10829824,310304768,93900800,4952064,3993600,305532928,15704064,134160384,208699392,67719168,9596928,199372800,104349696,331837440,35684352,9596928,289665024,82452480,4055040,2568192,295477248,14598144,35278848,0,0,0,0,0,0,0,0,0,0,0,0,0,0,0,210403328,73814016,10289152,424910848,108146688,334499840,38846464,10440704,294023168,92127232,4796416,2916352,297906176,15441920,39690240,192561152,70434816,10289152,211615744,108146688,334499840,37629952,10440704,294023168,89153536,4796416,2916352,297906176,15441920,37122048,1073741824,1073741824,314572800,0,1073741824,1073741824,1073741824,314572800,1073741824,0,0,0,1073741824,314572800,2147483648,10.484069129330823,0,5.004422010828534,0,0,14.22824060445491,41024.162503071515,0,20818.395565046703,0,0,46090.5504857227,10.484069129330823,0,5.004422010828534,0,0,14.22824060445491,41024.162503071515,0,20818.395565046703,0,0,46090.5504857227,107.91066001171124,49.870055456647634,483.07881206354085,21.171368708278518,34.450568990042676,39.224266992192,14.810281369901947,53.75823349904467,55.19335188681081,98.18900364643811,0,0,0,0,0,0,0,0,0,0,119957.11457491008,121146.92942067243,1572302.6436958024,100952.68722896263,334932.4768847795,552131.676532234,2671.0884290180475,8037.020955315289,601401.8255064904,126292.67249281917,0,0,0,0,0,0,0,0,0,0,127.28996458745783,41.1934434280803,472.4503107973295,28.87004823856162,48.74199857752489,55.116659373056635,13.004149495523661,65.12291268612341,75.02481365432146,131.618081443908,0,0,0,0,0,0,0,0,0,0,25777.821152720073,6655.24791781775,145319.12362827107,5905.398820835161,12862.842283072545,6703.871755303222,2461.4366546666033,9260.822425286524,17891.793005468735,24828.047016643242,0,0,0,0,0,0,0,0,0,0,38,10,44,10,14,2,14,78,0,0,0,0,0.008495958790699367,0.0030887245841035122,0.031691729323308264,0.016661073825503355,0.0014593837535014007,0.003,0.0031028192371475955,0.0032291963861150737,0.021429337293942405,0.0047597042513863215,0.07322003577817532,0.028124999999999994,0.004300840336134455,0.0046,0.0047850746268656725,0.005140127388535031,0.02380113481238473,0.004968576709796673,0.08701252236135955,0.046164772727272735,0.0046560224089635845,0.0048,0.004995356550580431,0.007628450106157109,0.05220468637078329,0.009170454545454551,0.09804651162790697,0.09440476190476192,0.004940168067226891,0.00496,0.009932000000000005,0.009619108280254772,0.4598785807975911,0.375,0.38559620119591975,0.4599867724867725,0.8832684824902723,0.375,0.4602122015915119,0.49002900652646836,2.181684113409257,2.1643564356435645,0.4940731621526556,2.1293774319066148,2.1299610894941634,0.475,2.1299610894941634,2.192791612057667,2.340842056704629,2.3321782178217823,0.6800829875518666,2.314688715953307,2.3149805447470815,0.4875,2.3149805447470815,2.3463958060288332,2.4681684113409257,2.4664356435643566,0.9360165975103735,2.4629377431906616,2.462996108949416,0.4975,2.462996108949416,2.4692791612057667,396.25210084032375,396.97478991597876,396.40336134454503,392.5882352941122,396.2521008403445,116157328.13445377,9656715.831932772,68.84033613445378,38695910.184873946,90131963.697479,2899703308.9075627,2723298639.5966387,666588065.3445377,4519050024.873949,3835747663.5966387,0,0,0,0,0,14.705882352941176,2.0504201680672267,5.142857142857142,0.907563025210084,15.798319327731091,0,0,0,0,0,56345.81512605042,19989.512605042015,1061018.8907563025,41846.31932773109,66405.10924369747,1577.1596638655462,269.0756302521008,2833.4453781512602,1729.6302521008404,449.0588235294117,1780.2184873949577,379.5462184873949,1917.4453781512605,2112.521008403361,553.1596638655461,0,0,0,0,0,0,0,0,0,0,0,0,0,0,0,0,0,0,0,0
1693106132,0.6871523975176627,0.3071504627733643,0.12314133546778291,0.051275542183778416,1.617204789195938,0.4556327599954441,0.21570784529433332,0.18234968219565054,0.11075423634954046,0.06174491119023659,0,0.1488122918953107,0.13636983499249977,0.4450909860347014,0.19625159454420543,7.888368156928428,5.209482973626014,0.9405503832774069,0.380341784738312,11.457299599954597,3.5910676500740646,0.35018759248473874,0.5288036884877166,1.5515530734300602,1.0107762590816463,0.00005860243709680174,0.2973240201640656,3.3048758398109035,2.4850420107434044,1.077776467471297,6.785629925486905,4.689163731673358,1.0467013514761563,0.30765325310266933,9.731600749021165,2.7622736074723537,0.38827412152979945,0.3444382885917843,1.417654225274118,0.8026838454730684,0,0.13021075540839686,2.8637665348424886,1.1869092960925387,0.7261308998135612,50000,100000,50000,50000,50000,50000,10000,50000,50000,20000,50000,0,3379200,0,220594176,0,0,1351680,0,0,2973696,0,0,0,0,2568192,1755.9750048315404,6.757310181014007,6.095496105655266,1.692092892064686,196.6180559496113,665.3377377833466,0,0,143.27168014176542,1.3583880461851936,0,0,463.5210691395064,0,7.771563143950544,0,0,0,0,0,0,0,0,0,0,0,0,0,0,0,224342016,74063872,10551296,439984128,111390720,349663232,39100416,10829824,310304768,93900800,4952064,3993600,305532928,15704064,134160384,208699392,67719168,9596928,199372800,104349696,331837440,35684352,9596928,289665024,82452480,4055040,2568192,295477248,14598144,35278848,0,0,0,0,0,0,0,0,0,0,0,0,0,0,0,210403328,73814016,10289152,424910848,108146688,334499840,38846464,10440704,294023168,92127232,4796416,2916352,297906176,15441920,39690240,192561152,70434816,10289152,211615744,108146688,334499840,37629952,10440704,294023168,89153536,4796416,2916352,297906176,15441920,37122048,1073741824,1073741824,314572800,0,1073741824,1073741824,1073741824,314572800,1073741824,0,0,0,1073741824,314572800,2147483648,10.484069129330823,0,5.004422010828534,0,0,14.22824060445491,41024.162503071515,0,20818.395565046703,0,0,46090.5504857227,10.484069129330823,0,5.004422010828534,0,0,14.22824060445491,41024.162503071515,0,20818.395565046703,0,0,46090.5504857227,107.91066001171124,49.870055456647634,483.07881206354085,21.171368708278518,34.450568990042676,39.224266992192,17.47903936336507,60.59128671165022,55.19335188681081,98.18900364643811,0,0,0,0,0,0,0,0,0,0,119957.11457491008,121146.92942067243,1572302.6436958024,100952.68722896263,334932.4768847795,552131.676532234,3152.4086968878782,9047.661765279458,601401.8255064904,126292.67249281917,0,0,0,0,0,0,0,0,0,0,127.28996458745783,41.1934434280803,472.4503107973295,28.87004823856162,48.74199857752489,55.116659373056635,15.347449197101037,73.91083895627754,75.02481365432146,131.618081443908,0,0,0,0,0,0,0,0,0,0,25777.821152720073,6655.24791781775,145319.12362827107,5905.398820835161,12862.842283072545,6703.871755303222,2904.9784472549854,10475.954600413434,17891.793005468735,24828.047016643242,0,0,0,0,0,0,0,0,0,0,52,24,62,14,14,2,14,102,0,0,0,0,0.008545831693099902,0.00308695652173913,0.03160576923076923,0.01644736842105263,0.0015275362318840579,0.003,0.003094076655052265,0.0032288438617401665,0.02156663077802728,0.0047565217391304345,0.07320976491862567,0.024763157894736838,0.0043147826086956526,0.0046,0.004769337979094077,0.005133262260127929,0.0239120579039837,0.0049652173913043475,0.08692133815551534,0.04105263157894737,0.004663188405797101,0.0048,0.004978745644599303,0.0076252665245202566,0.05252286908670007,0.009161904761904751,0.09789059674502712,0.08244444444444443,0.004941913043478261,0.00496,0.01742499999999984,0.009618869936034117,0.45977186176369195,0.375,0.38617995689655177,0.46010638297872347,0.8720703125,0.375,0.4552595628415301,0.4912010159651669,2.1815538098851293,2.163414634146341,0.49512392241379316,2.1296875,2.1163829787234043,0.475,2.1163829787234043,2.1936435124508518,2.3407769049425644,2.331707317073171,0.6954819277108429,2.31484375,2.308191489361702,0.4875,2.308191489361702,2.3468217562254257,2.4681553809885126,2.4663414634146337,0.9390963855421687,2.46296875,2.4616382978723403,0.4975,2.4616382978723403,2.469364351245085,396.4033613445325,396.78991596637803,396.4033613445271,392.57142857142793,396.31932773108207,116157328.13445377,9656715.831932772,68.84033613445378,38695910.184873946,90131963.697479,2899740689.210084,2723287762.8235292,666586000.1344538,4519174006.319327,3914030828.638655,0,0,0,0,0,14.857142857142856,2.0504201680672267,5.142857142857142,0.907563025210084,15.88235294117647,0,0,0,0,0,56801.882352941175,19989.512605042015,1061018.8907563025,41846.31932773109,66689.0756302521,1577.5798319327732,268.4033613445378,2832.3529411764703,1732.2521008403362,450.2857142857143,1780.6554621848738,378.8571428571428,1915.6974789915964,2114.6554621848736,554.3865546218486,0,0,0,0,0,0,0,0,0,0,0,0,0,0,0,0,0,0,0,0
1693106133,0.6871523975176627,0.3071504627733643,0.12314133546778291,0.05232021227696298,1.617204789195938,0.4556327599954441,0.21570784529433332,0.17869675863916418,0.11075423634954046,0.06174491119023659,0,0.1488122918953107,0.13636983499249977,0.5254515599343186,0.19994001799460123,7.888368156928428,5.209482973626014,0.9405503832774069,0.38809073620293943,11.457299599954597,3.5910676500740646,0.35018759248473874,0.5182104183093729,1.5515530734300602,1.0107762590816463,0.00005860243709680174,0.2973240201640656,3.3048758398109035,2.9080576113847836,1.095725312406277,6.785629925486905,4.689163731673358,1.0467013514761563,0.31392127366177675,9.731600749021165,2.7622736074723537,0.38827412152979945,0.33753832187397675,1.417654225274118,0.8026838454730684,0,0.13021075540839686,2.8637665348424886,1.4449917898193765,0.6997900629811051,50000,100000,50000,50000,50000,50000,10000,50000,50000,20000,50000,0,3379200,0,220594176,0,0,1351680,0,0,2973696,0,0,0,0,2568192,1755.9750048315404,6.757310181014007,6.095496105655266,1.726567005139777,196.6180559496113,665.3377377833466,0,0,143.27168014176542,1.3583880461851936,0,0,463.5210691395064,1.4449917898193763,8.247525742277316,0,0,0,0,0,0,0,0,0,0,0,0,0,0,0,224342016,74063872,10551296,439984128,111390720,349663232,39100416,10829824,310304768,93900800,4952064,3993600,305532928,15712256,134160384,208699392,67719168,9596928,199372800,104349696,331837440,35684352,9596928,289665024,82452480,4055040,2568192,295477248,14598144,35278848,0,0,0,0,0,0,0,0,0,0,0,0,0,0,0,210403328,73814016,10289152,424910848,108146688,334499840,38846464,10440704,294023168,92127232,4796416,2916352,297906176,15446016,39690240,192561152,70434816,10289152,211615744,108146688,334499840,37629952,10440704,294023168,89153536,4796416,2916352,297906176,15446016,37122048,1073741824,1073741824,314572800,0,1073741824,1073741824,1073741824,314572800,1073741824,0,0,0,1073741824,314572800,2147483648,10.484069129330823,0,5.004422010828534,0,0,14.64560631810457,41024.162503071515,0,20818.395565046703,0,0,48407.87763670899,10.484069129330823,0,5.004422010828534,0,0,14.64560631810457,41024.162503071515,0,20818.395565046703,0,0,48407.87763670899,107.91066001171124,50.322406855565106,483.07881206354085,21.171368708278518,34.450568990042676,39.224266992192,17.47903936336507,60.59128671165022,55.43899489052897,98.18900364643811,0,0,0,0,0,0,0,0,0,0,119957.11457491008,121726.0972776403,1572302.6436958024,100952.68722896263,334932.4768847795,552131.676532234,3152.4086968878782,9047.661765279458,600350.5294596796,126292.67249281917,0,0,0,0,0,0,0,0,0,0,127.28996458745783,41.5340842130074,472.4503107973295,28.87004823856162,48.74199857752489,55.116659373056635,15.347449197101037,73.91083895627754,75.33384345765558,131.618081443908,0,0,0,0,0,0,0,0,0,0,25777.821152720073,6717.612000606092,145319.12362827107,5905.398820835161,12862.842283072545,6703.871755303222,2904.9784472549854,10475.954600413434,18044.282082294572,24828.047016643242,0,0,0,0,0,0,0,0,0,0,26,26,56,10,10,2,10,70,0,0,0,0,0.008545831729223982,0.00308695652173913,0.03160576923076923,0.01644736842105263,0.0014563380281690144,0.003,0.0030928689883913765,0.0032288438617401665,0.02156663086350027,0.0047565217391304345,0.07320976491862567,0.024763157894736838,0.004300281690140846,0.0046,0.004767164179104478,0.005133262260127929,0.023912057946720185,0.0049652173913043475,0.08692133815551534,0.04105263157894737,0.004655774647887323,0.0048,0.004976451077943615,0.0076252665245202566,0.05252286995179053,0.009161904761904751,0.09789059674502712,0.08244444444444443,0.004940169014084507,0.00496,0.02267499999999984,0.009618869936034117,0.4597718491094455,0.375,0.38617995689655177,0.46010638297872347,0.8818359375,0.375,0.4597739361702128,0.4912010159651669,2.181553803369101,2.163414634146341,0.49512392241379316,2.1296875,2.128823529411765,0.475,2.128823529411765,2.1936435124508518,2.34077690168455,2.331707317073171,0.6954819277108429,2.31484375,2.3144117647058824,0.4875,2.3144117647058824,2.3468217562254257,2.4681553803369103,2.4663414634146337,0.9390963855421687,2.46296875,2.4628823529411767,0.4975,2.4628823529411767,2.469364351245085,396.4201680672292,396.7899159663853,396.45378151261076,392.6386554621853,396.3865546218551,116157328.13445377,9656715.831932772,68.84033613445378,38695910.184873946,90131963.697479,2829033403.1596637,2779935580.5042014,666620557.9831933,4519183988.168067,3835800464.134454,0,0,0,0,0,15.277310924369747,2.0504201680672267,5.19327731092437,0.907563025210084,16.48739495798319,0,0,0,0,0,61130.21848739495,19989.512605042015,1061500.7731092437,41846.31932773109,72445.84873949579,1576.638655462185,267.31092436974785,2829.4621848739494,1732.4369747899161,450.1344537815126,1780.0504201680671,377.84873949579827,1912.8739495798318,2116.53781512605,554.2521008403361,0,0,0,0,0,0,0,0,0,0,0,0,0,0,0,0,0,0,0,0
1693106134,0.6871523975176627,0.3071504627733643,0.12314133546778291,0.06268020559107439,1.617204789195938,0.4556327599954441,0.21570784529433332,0.18564460871179517,0.11075423634954046,0.06174491119023659,0,0.15090163728276462,0.13636983499249977,0.5254515599343186,0.19994001799460123,7.888368156928428,5.209482973626014,0.9405503832774069,0.46493708787765037,11.457299599954597,3.5910676500740646,0.35018759248473874,0.636333389026716,1.5515530734300602,1.0107762590816463,0.00005860243709680174,0.2986191368426346,3.3048758398109035,2.9080576113847836,1.095725312406277,6.785629925486905,4.689163731673358,1.0467013514761563,0.3760812335464449,9.731600749021165,2.7622736074723537,0.38827412152979945,0.4219195652540799,1.417654225274118,0.8026838454730684,0,0.15090163728276462,2.8637665348424886,1.4449917898193765,0.6997900629811051,50000,100000,50000,50000,50000,50000,10000,50000,50000,20000,50000,0,3379200,0,220594176,0,0,1351680,0,0,2973696,0,0,0,0,2568192,1755.9750048315404,6.757310181014007,6.095496105655266,2.068446784505453,196.6180559496113,665.3377377833466,0,0,143.27168014176542,1.3583880461851936,0,0,463.5210691395064,1.4449917898193763,8.247525742277316,0,0,0,0,0,0,0,0,0,0,0,0,0,0,0,224342016,74063872,10551296,439984128,111390720,349663232,39100416,10838016,310304768,93900800,4952064,3993600,305532928,15712256,134160384,208699392,67719168,9596928,199372800,104349696,331837440,35684352,9596928,289665024,82452480,4055040,2568192,295477248,14598144,35278848,0,0,0,0,0,0,0,0,0,0,0,0,0,0,0,210403328,73814016,10289152,424910848,108146688,334499840,38846464,10444800,294023168,92127232,4796416,2916352,297906176,15446016,39690240,192561152,70434816,10289152,211615744,108146688,334499840,37629952,10444800,294023168,89153536,4796416,2916352,297906176,15446016,37122048,1073741824,1073741824,314572800,0,1073741824,1073741824,1073741824,314572800,1073741824,0,0,0,1073741824,314572800,2147483648,10.484069129330823,0,5.004422010828534,0,0,14.64560631810457,41024.162503071515,0,20818.395565046703,0,0,48407.87763670899,10.484069129330823,0,5.004422010828534,0,0,14.64560631810457,41024.162503071515,0,20818.395565046703,0,0,48407.87763670899,107.91066001171124,40.84300849736474,489.73083990919906,18.08599457519206,34.4209146720011,39.224266992192,17.47903936336507,60.59128671165022,55.43899489052897,98.18900364643811,0,0,0,0,0,0,0,0,0,0,119957.11457491008,98076.43163551518,1578081.7749432495,86240.51561012848,335002.27633303445,552131.676532234,3152.4086968878782,9047.661765279458,600350.5294596796,126292.67249281917,0,0,0,0,0,0,0,0,0,0,127.28996458745783,33.86350704528343,479.9751378229381,24.662719875261903,48.52728150651859,55.116659373056635,15.347449197101037,73.91083895627754,75.33384345765558,131.618081443908,0,0,0,0,0,0,0,0,0,0,25777.821152720073,5475.448716087076,147144.44384390878,5044.785366012116,12921.259570945715,6703.871755303222,2904.9784472549854,10475.954600413434,18044.282082294572,24828.047016643242,0,0,0,0,0,0,0,0,0,0,26,20,46,8,8,2,6,82,0,0,0,0,0.00854583176405792,0.00308695652173913,0.03160576923076923,0.01644736842105263,0.0014563380281690144,0.003,0.0030928689883913765,0.0032288438617401665,0.021566630945920658,0.0047565217391304345,0.07320976491862567,0.024763157894736838,0.004300281690140846,0.0046,0.004767164179104478,0.005133262260127929,0.023912057987930377,0.0049652173913043475,0.08692133815551534,0.04105263157894737,0.004655774647887323,0.0048,0.004976451077943615,0.0076252665245202566,0.05252287078598493,0.009161904761904751,0.09789059674502712,0.08244444444444443,0.004940169014084507,0.00496,0.02267499999999984,0.009618869936034117,0.45977183690713663,0.375,0.38617995689655177,0.46010638297872347,0.8818359375,0.375,0.4597739361702128,0.4912010159651669,2.1815537970857872,2.163414634146341,0.49512392241379316,2.1296875,2.128823529411765,0.475,2.128823529411765,2.1936435124508518,2.340776898542893,2.331707317073171,0.6954819277108429,2.31484375,2.3144117647058824,0.4875,2.3144117647058824,2.3468217562254257,2.468155379708579,2.4663414634146337,0.9390963855421687,2.46296875,2.4628823529411767,0.4975,2.4628823529411767,2.469364351245085,396.62184873950565,396.7058823529496,396.4201680672177,392.6722689075732,396.48739495798833,116157259.29411764,9656715.831932772,68.84033613445378,25797365.24369748,90131963.697479,2829097080.470588,2836630898.0168066,611275543.6638656,4519242227.092437,3757543183.0588236,0,0,0,0,0,15.210084033613445,2.0504201680672267,5.19327731092437,0.8067226890756303,16.470588235294116,0,0,0,0,0,60854.85714285714,19989.512605042015,1061500.7731092437,27665.210084033613,72420.03361344537,1579.8655462184872,267.781512605042,2830.7394957983192,1734.218487394958,450.38655462184875,1783.0588235294117,378.453781512605,1913.2100840336134,2118.7394957983192,554.5042016806722,0,0,0,0,0,0,0,0,0,0,0,0,0,0,0,0,0,0,0,0
1693106135,0.6871523975176627,0.3071504627733643,0.12314133546778291,0.06268020559107439,1.617204789195938,0.4556327599954441,0.21570784529433332,0.18089725036179444,0.11075423634954046,0.06174491119023659,0,0.15090163728276462,0.13636983499249977,0.5254515599343186,0.19994001799460123,7.888368156928428,5.209482973626014,0.9405503832774069,0.46493708787765037,11.457299599954597,3.5910676500740646,0.35018759248473874,0.6332140896345878,1.5515530734300602,1.0107762590816463,0.00005860243709680174,0.2986191368426346,3.3048758398109035,2.9080576113847836,1.095725312406277,6.785629925486905,4.689163731673358,1.0467013514761563,0.3760812335464449,9.731600749021165,2.7622736074723537,0.38827412152979945,0.3844066570188132,1.417654225274118,0.8026838454730684,0,0.15090163728276462,2.8637665348424886,1.4449917898193765,0.6997900629811051,50000,100000,50000,50000,50000,50000,10000,50000,50000,20000,50000,0,3379200,0,220594176,0,0,1351680,0,0,2973696,0,0,0,0,2568192,1755.9750048315404,6.757310181014007,6.095496105655266,2.068446784505453,196.6180559496113,665.3377377833466,0,0,143.27168014176542,1.3583880461851936,0,0,463.5210691395064,1.4449917898193763,8.247525742277316,0,0,0,0,0,0,0,0,0,0,0,0,0,0,0,224342016,74063872,10551296,439984128,111390720,349663232,39100416,10838016,310304768,93900800,4952064,3993600,305532928,15712256,134160384,208699392,67719168,9596928,199372800,104349696,331837440,35684352,9596928,289665024,82452480,4055040,2568192,295477248,14598144,35278848,0,0,0,0,0,0,0,0,0,0,0,0,0,0,0,210403328,73814016,10289152,424910848,108146688,334499840,38846464,10444800,294023168,92127232,4796416,2916352,297906176,15446016,39690240,192561152,70434816,10289152,211615744,108146688,334499840,37629952,10444800,294023168,89153536,4796416,2916352,297906176,15446016,37122048,1073741824,1073741824,314572800,0,1073741824,1073741824,1073741824,314572800,1073741824,0,0,0,1073741824,314572800,2147483648,10.484069129330823,0,5.004422010828534,0,0,14.64560631810457,41024.162503071515,0,20818.395565046703,0,0,48407.87763670899,10.484069129330823,0,5.004422010828534,0,0,14.64560631810457,41024.162503071515,0,20818.395565046703,0,0,48407.87763670899,107.91066001171124,41.69274497149618,489.73083990919906,21.104882239616778,34.31801359262499,39.224266992192,17.47903936336507,60.59128671165022,55.43899489052897,99.74556248864117,0,0,0,0,0,0,0,0,0,0,119957.11457491008,100116.90623029761,1578081.7749432495,100516.46215526666,334265.3702083754,552131.676532234,3152.4086968878782,9047.661765279458,600350.5294596796,125878.08202580722,0,0,0,0,0,0,0,0,0,0,127.28996458745783,34.568035387759494,479.9751378229381,28.741517260530745,47.977928806944355,55.116659373056635,15.347449197101037,73.91083895627754,75.33384345765558,133.27679166414248,0,0,0,0,0,0,0,0,0,0,25777.821152720073,5589.365115918286,147144.44384390878,5889.199368242012,12716.640872081287,6703.871755303222,2904.9784472549854,10475.954600413434,18044.282082294572,25281.63809293027,0,0,0,0,0,0,0,0,0,0,24,8,32,2,2,2,2,26,0,0,0,0,0.008545831797669613,0.00308695652173913,0.03160576923076923,0.01644736842105263,0.0014563380281690144,0.003,0.0030928689883913765,0.0032346424974823767,0.021566631025449097,0.0047565217391304345,0.07320976491862567,0.024763157894736838,0.004300281690140846,0.0046,0.004767164179104478,0.005243956043956047,0.023912058027694603,0.0049652173913043475,0.08692133815551534,0.04105263157894737,0.004655774647887323,0.0048,0.004976451077943615,0.007682417582417576,0.052522871590909036,0.009161904761904751,0.09789059674502712,0.08244444444444443,0.004940169014084507,0.00496,0.02267499999999984,0.009633186813186806,0.4597718251329787,0.375,0.38617995689655177,0.46010638297872347,0.8818359375,0.375,0.4597739361702128,0.4713084795321637,2.1815537910229406,2.163414634146341,0.49512392241379316,2.1296875,2.128823529411765,0.475,2.128823529411765,2.177158098933075,2.34077689551147,2.331707317073171,0.6954819277108429,2.31484375,2.3144117647058824,0.4875,2.3144117647058824,2.3385790494665373,2.4681553791022943,2.4663414634146337,0.9390963855421687,2.46296875,2.4628823529411767,0.4975,2.4628823529411767,2.467715809893307,396.4705882352781,396.6722689075585,396.38655462186904,392.6050420168017,396.50420168066364,99563571.6302521,9656715.831932772,68.84033613445378,25797296.403361343,90131963.697479,2829303050.7563024,2893329657.5462184,555912906.2184874,4703682628.840336,3835830340.840336,0,0,0,0,0,15.142857142857142,2.0504201680672267,5.19327731092437,0.8067226890756303,16.386554621848738,0,0,0,0,0,60682.756302521004,19989.512605042015,1061500.7731092437,27665.210084033613,72075.8319327731,1575.428571428571,268.11764705882354,2829.3109243697477,1729.2268907563025,449.12605042016804,1778.6050420168065,378.7731092436975,1911.9663865546215,2114.084033613445,553.1764705882352,0,0,0,0,0,0,0,0,0,0,0,0,0,0,0,0,0,0,0,0
1693106136,0.6871523975176627,0.3071504627733643,0.12314133546778291,0.06268020559107439,1.617204789195938,0.4556327599954441,0.21570784529433332,0.18089725036179444,0.11075423634954046,0.06174491119023659,0,0.15090163728276462,0.13636983499249977,0.5254515599343186,0.19994001799460123,7.888368156928428,5.209482973626014,0.9405503832774069,0.46493708787765037,11.457299599954597,3.5910676500740646,0.35018759248473874,0.6332140896345878,1.5515530734300602,1.0107762590816463,0,0.2986191368426346,3.3048758398109035,2.9080576113847836,1.095725312406277,6.785629925486905,4.689163731673358,1.0467013514761563,0.3760812335464449,9.731600749021165,2.7622736074723537,0.38827412152979945,0.3844066570188132,1.417654225274118,0.8026838454730684,0,0.15090163728276462,2.8637665348424886,1.4449917898193765,0.6997900629811051,50000,100000,50000,50000,50000,50000,10000,50000,50000,20000,50000,0,3379200,0,220594176,0,0,1351680,0,0,2973696,0,0,0,0,2568192,1755.9750048315404,6.757310181014007,6.095496105655266,2.068446784505453,196.6180559496113,665.3377377833466,0,0,143.27168014176542,1.3583880461851936,0,0,463.5210691395064,1.4449917898193763,8.247525742277316,0,0,0,0,0,0,0,0,0,0,0,0,0,0,0,224342016,74063872,10551296,439984128,111390720,349663232,39100416,10838016,310304768,93900800,4952064,3993600,305532928,15712256,134160384,208699392,67719168,9596928,199372800,104349696,331837440,35684352,9596928,289665024,82452480,4055040,2568192,295477248,14598144,35278848,0,0,0,0,0,0,0,0,0,0,0,0,0,0,0,210403328,73814016,10289152,424910848,108146688,334499840,38846464,10444800,294023168,92127232,4796416,2916352,297906176,15446016,39690240,192561152,70434816,10289152,211615744,108146688,334499840,37629952,10444800,294023168,89153536,4796416,2916352,297906176,15446016,37122048,1073741824,1073741824,314572800,0,1073741824,1073741824,1073741824,314572800,1073741824,0,0,0,1073741824,314572800,2147483648,10.484069129330823,0,5.004422010828534,0,0,14.64560631810457,41024.162503071515,0,20818.395565046703,0,0,48407.87763670899,10.484069129330823,0,5.004422010828534,0,0,14.64560631810457,41024.162503071515,0,20818.395565046703,0,0,48407.87763670899,107.91066001171124,42.54248144562762,489.73083990919906,21.104882239616778,34.31801359262499,39.224266992192,17.47903936336507,60.59128671165022,55.43899489052897,99.74556248864117,0,0,0,0,0,0,0,0,0,0,119957.11457491008,102157.38082508005,1578081.7749432495,100516.46215526666,334265.3702083754,552131.676532234,3152.4086968878782,9047.661765279458,600350.5294596796,125878.08202580722,0,0,0,0,0,0,0,0,0,0,127.28996458745783,35.27256373023556,479.9751378229381,28.741517260530745,47.977928806944355,55.116659373056635,15.347449197101037,73.91083895627754,75.33384345765558,133.27679166414248,0,0,0,0,0,0,0,0,0,0,25777.821152720073,5703.281515749497,147144.44384390878,5889.199368242012,12716.640872081287,6703.871755303222,2904.9784472549854,10475.954600413434,18044.282082294572,25281.63809293027,0,0,0,0,0,0,0,0,0,0,46,34,86,2,4,2,2,48,0,0,0,0,0.008545831830122289,0.00308695652173913,0.03160576923076923,0.01644736842105263,0.0014563380281690144,0.003,0.0030928689883913765,0.003228103946102021,0.021566631102235185,0.0047565217391304345,0.07320976491862567,0.024763157894736838,0.004300281690140846,0.0046,0.004767164179104478,0.005118790496760263,0.023912058066087646,0.0049652173913043475,0.08692133815551534,0.04105263157894737,0.004655774647887323,0.0048,0.004976451077943615,0.007618790496760255,0.05252287236807713,0.009161904761904751,0.09789059674502712,0.08244444444444443,0.004940169014084507,0.00496,0.02267499999999984,0.009618790496760255,0.45977181376482634,0.375,0.38617995689655177,0.46010638297872347,0.8818359375,0.375,0.4597739361702128,0.4871190130624093,2.181553785169156,2.163414634146341,0.49512392241379316,2.1296875,2.128823529411765,0.475,2.128823529411765,2.1905080213903747,2.340776892584578,2.331707317073171,0.6954819277108429,2.31484375,2.3144117647058824,0.4875,2.3144117647058824,2.345254010695187,2.468155378516916,2.4663414634146337,0.9390963855421687,2.46296875,2.4628823529411767,0.4975,2.4628823529411767,2.4690508021390376,396.4033613445413,396.63865546218227,396.30252100839965,392.6386554621929,396.55462184874,99563571.6302521,9656715.831932772,68.84033613445378,25797296.403361343,90131963.697479,2900204604.235294,2836554209.882353,556598900.1680672,4611491719.529411,3757626342.1848736,0,0,0,0,0,15.193277310924369,2.0504201680672267,4.605042016806722,0.8067226890756303,16.352941176470587,0,0,0,0,0,60837.647058823524,19989.512605042015,920446.9243697479,27665.210084033613,71998.38655462184,1572.7394957983192,267.3949579831933,2831.361344537815,1724.7226890756303,447.05882352941177,1776,378.03361344537814,1912.8067226890753,2111.4621848739494,551.1764705882352,0,0,0,0,0,0,0,0,0,0,0,0,0,0,0,0,0,0,0,0
1693106137,0.6871523975176627,0.3071504627733643,0.16160963193406316,0.06268020559107439,1.617204789195938,0.4556327599954441,0.21570784529433332,0.18089725036179444,0.11075423634954046,0.06174491119023659,0,0.15090163728276462,0.13636983499249977,0.5254515599343186,0.19994001799460123,7.888368156928428,5.209482973626014,0.9402009454163476,0.46493708787765037,11.457299599954597,3.5910676500740646,0.35018759248473874,0.6332140896345878,1.5515530734300602,1.0107762590816463,0,0.2986191368426346,3.3048758398109035,2.9080576113847836,1.095725312406277,6.785629925486905,4.689163731673358,1.090865015554927,0.3760812335464449,9.731600749021165,2.7622736074723537,0.38827412152979945,0.3844066570188132,1.417654225274118,0.8026838454730684,0,0.15090163728276462,2.8637665348424886,1.4449917898193765,0.6997900629811051,50000,100000,50000,50000,50000,50000,10000,50000,50000,20000,50000,0,3379200,0,220594176,0,0,1351680,0,0,2973696,0,0,0,0,2568192,1755.9750048315404,6.757310181014007,3.9998383903680654,2.068446784505453,196.6180559496113,665.3377377833466,0,0,143.27168014176542,1.3583880461851936,0,0,463.5210691395064,1.4449917898193763,8.247525742277316,0,0,0,0,0,0,0,0,0,0,0,0,0,0,0,224342016,74063872,10682368,439984128,111390720,349663232,39100416,10838016,310304768,93900800,4952064,3993600,305532928,15712256,134160384,208699392,67719168,9596928,199372800,104349696,331837440,35684352,9596928,289665024,82452480,4055040,2568192,295477248,14598144,35278848,0,0,0,0,0,0,0,0,0,0,0,0,0,0,0,210403328,73814016,10297344,424910848,108146688,334499840,38846464,10444800,294023168,92127232,4796416,2916352,297906176,15446016,39690240,192561152,70434816,10297344,211615744,108146688,334499840,37629952,10444800,294023168,89153536,4796416,2916352,297906176,15446016,37122048,1073741824,1073741824,314572800,0,1073741824,1073741824,1073741824,314572800,1073741824,0,0,0,1073741824,314572800,2147483648,10.484069129330823,0,5.004422010828534,0,0,14.64560631810457,41024.162503071515,0,20818.395565046703,0,0,48407.87763670899,10.484069129330823,0,5.004422010828534,0,0,14.64560631810457,41024.162503071515,0,20818.395565046703,0,0,48407.87763670899,107.91066001171124,43.39221791975906,489.73083990919906,21.104882239616778,34.31801359262499,39.224266992192,17.47903936336507,60.59128671165022,55.43899489052897,99.74556248864117,0,0,0,0,0,0,0,0,0,0,119957.11457491008,104197.85541986249,1578081.7749432495,100516.46215526666,334265.3702083754,552131.676532234,3152.4086968878782,9047.661765279458,600350.5294596796,125878.08202580722,0,0,0,0,0,0,0,0,0,0,127.28996458745783,35.97709207271163,479.9751378229381,28.741517260530745,47.977928806944355,55.116659373056635,15.347449197101037,73.91083895627754,75.33384345765558,133.27679166414248,0,0,0,0,0,0,0,0,0,0,25777.821152720073,5817.1979155807085,147144.44384390878,5889.199368242012,12716.640872081287,6703.871755303222,2904.9784472549854,10475.954600413434,18044.282082294572,25281.63809293027,0,0,0,0,0,0,0,0,0,0,56,26,66,10,10,2,10,96,0,0,0,0,0.008597456322979452,0.003082242990654205,0.03142666157372039,0.01622767857142857,0.0015416666666666664,0.003,0.0030896057347670246,0.003223138491389765,0.02163105362495967,0.00474803738317757,0.07292043399638336,0.024424107142857143,0.004317857142857143,0.0046,0.004761290322580645,0.005018888888888896,0.023930460926681874,0.00495626168224299,0.0867766726943942,0.036964285714285665,0.004664880952380953,0.0048,0.004970250896057347,0.007564999999999999,0.052409236755264585,0.009107499999999989,0.09786166365280287,0.08087499999999988,0.004942499999999999,0.00496,0.026062499999999603,0.009601888888888889,0.45844468077941475,0.37291666666666645,0.3863434163701068,0.45958904109589044,0.8674089068825912,0.375,0.4541316526610644,0.49126195732155997,2.1814390652184956,2.163104838709677,0.49541814946619217,2.12834008097166,2.1130530973451327,0.475,2.1130530973451322,2.1936497326203206,2.340719532609247,2.3315524193548387,0.6995098039215681,2.31417004048583,2.306526548672567,0.4875,2.306526548672567,2.34682486631016,2.4681439065218496,2.4663104838709677,0.9399019607843133,2.4628340080971656,2.4613053097345126,0.4975,2.4613053097345126,2.469364973262032,396.3865546218454,396.6386554621796,396.55462184873903,392.5378151260664,396.504201680698,99563571.6302521,9656715.831932772,68.84033613445378,25797296.403361343,90131963.697479,2970926553.277311,2723032915.8991594,612641886.6554621,4703684281.008403,3835886927.5966387,0,0,0,0,0,15.3781512605042,2.0168067226890756,4.605042016806722,0.8067226890756303,16.436974789915965,0,0,0,0,0,61414.184873949576,19576.470588235294,920446.9243697479,27665.210084033613,72239.32773109243,1571.9999999999998,263.86554621848734,2831.2605042016808,1733.579831932773,448.92436974789916,1775.7310924369747,374.92436974789916,1912.033613445378,2119.3781512605037,552.9579831932773,0,0,0,0,0,0,0,0,0,0,0,0,0,0,0,0,0,0,0,0
1693106138,0.6871523975176627,0.3071504627733643,0.16160963193406316,0.06268020559107439,1.617204789195938,0.4556327599954441,0.21570784529433332,0.18089725036179444,0.11075423634954046,0.06174491119023659,0,0.15090163728276462,0.13636983499249977,0.5254515599343186,0.19994001799460123,7.888368156928428,5.209482973626014,0.9402009454163476,0.46493708787765037,11.457299599954597,3.5910676500740646,0.35018759248473874,0.6332140896345878,1.5515530734300602,1.0107762590816463,0,0.2986191368426346,3.3048758398109035,2.9080576113847836,1.095725312406277,6.785629925486905,4.689163731673358,1.090865015554927,0.3760812335464449,9.731600749021165,2.7622736074723537,0.38827412152979945,0.3844066570188132,1.417654225274118,0.8026838454730684,0,0.15090163728276462,2.8637665348424886,1.4449917898193765,0.6997900629811051,50000,100000,50000,50000,50000,50000,10000,50000,50000,20000,50000,0,3379200,0,220594176,0,0,1351680,0,0,2973696,0,0,0,0,2568192,1755.9750048315404,6.757310181014007,3.9998383903680654,2.068446784505453,196.6180559496113,665.3377377833466,0,0,143.27168014176542,1.3583880461851936,0,0,463.5210691395064,1.4449917898193763,8.247525742277316,0,0,0,0,0,0,0,0,0,0,0,0,0,0,0,224342016,74063872,10682368,439984128,111390720,349663232,39100416,10838016,310304768,93900800,4952064,3993600,305532928,15712256,134160384,208699392,67719168,9596928,199372800,104349696,331837440,35684352,9596928,289665024,82452480,4055040,2568192,295477248,14598144,35278848,0,0,0,0,0,0,0,0,0,0,0,0,0,0,0,210403328,73814016,10297344,424910848,108146688,334499840,38846464,10444800,294023168,92127232,4796416,2916352,297906176,15446016,39690240,192561152,70434816,10297344,211615744,108146688,334499840,37629952,10444800,294023168,89153536,4796416,2916352,297906176,15446016,37122048,1073741824,1073741824,314572800,0,1073741824,1073741824,1073741824,314572800,1073741824,0,0,0,1073741824,314572800,2147483648,10.484069129330823,0,5.004422010828534,0,0,14.64560631810457,41024.162503071515,0,20818.395565046703,0,0,48407.87763670899,10.484069129330823,0,5.004422010828534,0,0,14.64560631810457,41024.162503071515,0,20818.395565046703,0,0,48407.87763670899,107.91066001171124,50.98418844788641,489.73083990919906,21.223190874252033,34.31801359262499,39.224266992192,17.47903936336507,60.59128671165022,55.43899489052897,99.74556248864117,0,0,0,0,0,0,0,0,0,0,119957.11457491008,122428.47568694616,1578081.7749432495,100715.69440398019,334265.3702083754,552131.676532234,3152.4086968878782,9047.661765279458,600350.5294596796,125878.08202580722,0,0,0,0,0,0,0,0,0,0,127.28996458745783,42.27170054856405,479.9751378229381,28.9773873288362,47.977928806944355,55.116659373056635,15.347449197101037,73.91083895627754,75.33384345765558,133.27679166414248,0,0,0,0,0,0,0,0,0,0,25777.821152720073,6834.983989872663,147144.44384390878,5991.932049931646,12716.640872081287,6703.871755303222,2904.9784472549854,10475.954600413434,18044.282082294572,25281.63809293027,0,0,0,0,0,0,0,0,0,0,48,14,50,6,14,2,6,72,0,0,0,0,0.008597456339073268,0.003082242990654205,0.03142666157372039,0.01622767857142857,0.0014739884393063585,0.003,0.0030851788756388414,0.003223138491389765,0.02163105366032211,0.00474803738317757,0.07292043399638336,0.024424107142857143,0.004304046242774567,0.0046,0.004753321976149914,0.005018888888888896,0.023930460944363095,0.00495626168224299,0.0867766726943942,0.036964285714285665,0.004657803468208092,0.0048,0.004961839863713798,0.007564999999999999,0.05240923712121203,0.009107499999999989,0.09786166365280287,0.08087499999999988,0.004940809248554914,0.00496,0.009968421052631567,0.009601888888888889,0.45844467529518623,0.37291666666666645,0.3863434163701068,0.45958904109589044,0.8765182186234818,0.375,0.45844686648501365,0.49126195732155997,2.1814390624658238,2.163104838709677,0.49541814946619217,2.12834008097166,2.125306122448979,0.475,2.125306122448979,2.1936497326203206,2.3407195312329114,2.3315524193548387,0.6995098039215681,2.31417004048583,2.3126530612244895,0.4875,2.3126530612244895,2.34682486631016,2.4681439062465826,2.4663104838709677,0.9399019607843133,2.4628340080971656,2.462530612244898,0.4975,2.462530612244898,2.469364973262032,396.3193277310942,396.60504201680527,396.35294117647214,392.4369747899359,396.6218487394943,99563571.6302521,9656715.831932772,68.84033613445378,25797296.403361343,90131963.697479,3041653252.3025208,2666286312.3361344,612644777.9495798,4611595048.873949,3757656012.3697476,0,0,0,0,0,15.46218487394958,2.0168067226890756,4.890756302521008,0.8067226890756303,16.53781512605042,0,0,0,0,0,61672.33613445378,19576.470588235294,991008.268907563,27665.210084033613,72557.71428571428,1582.4033613445376,267.781512605042,2828.3025210084033,1736.0336134453783,450.0504201680672,1785.7478991596638,378.52100840336135,1909.2436974789914,2121.5462184873945,554.1512605042017,0,0,0,0,0,0,0,0,0,0,0,0,0,0,0,0,0,0,0,0
1693106139,0.6871523975176627,0.3071504627733643,0.16160963193406316,0.06268020559107439,1.617204789195938,0.4556327599954441,0.21570784529433332,0.18089725036179444,0.11075423634954046,0.06174491119023659,0,0.15090163728276462,0.13636983499249977,0.5254515599343186,0.1704877425661187,7.888368156928428,5.209482973626014,0.9402009454163476,0.46493708787765037,11.457299599954597,3.5910676500740646,0.35018759248473874,0.6332140896345878,1.5515530734300602,1.0107762590816463,0,0.2986191368426346,3.3048758398109035,2.9080576113847836,0.9343188865259856,6.785629925486905,4.689163731673358,1.090865015554927,0.3760812335464449,9.731600749021165,2.7622736074723537,0.38827412152979945,0.3844066570188132,1.417654225274118,0.8026838454730684,0,0.15090163728276462,2.8637665348424886,1.4449917898193765,0.5967070989814163,50000,100000,50000,50000,50000,50000,10000,50000,50000,20000,50000,0,3379200,0,220594176,0,0,1351680,0,0,2973696,0,0,0,0,2568192,1755.9750048315404,6.757310181014007,3.9998383903680654,2.068446784505453,196.6180559496113,665.3377377833466,0,0,143.27168014176542,1.3583880461851936,0,0,463.5210691395064,1.4449917898193763,7.0326193808524105,0,0,0,0,0,0,0,0,0,0,0,0,0,0,0,224342016,74063872,10682368,439984128,111390720,349663232,39100416,10838016,310304768,93900800,4952064,3993600,305532928,15712256,134160384,208699392,67719168,9596928,199372800,104349696,331837440,35684352,9596928,289665024,82452480,4055040,2568192,295477248,14598144,35278848,0,0,0,0,0,0,0,0,0,0,0,0,0,0,0,210403328,73814016,10297344,424910848,108146688,334499840,38846464,10444800,294023168,92127232,4796416,2916352,297906176,15446016,39690240,192561152,70434816,10297344,211615744,108146688,334499840,37629952,10444800,294023168,89153536,4796416,2916352,297906176,15446016,37122048,1073741824,1073741824,314572800,0,1073741824,1073741824,1073741824,314572800,1073741824,0,0,0,1073741824,314572800,2147483648,10.484069129330823,0,5.004422010828534,0,0,12.488227142968219,41024.162503071515,0,20818.395565046703,0,0,41277.12832816821,10.484069129330823,0,5.004422010828534,0,0,12.488227142968219,41024.162503071515,0,20818.395565046703,0,0,41277.12832816821,106.94791903570616,50.98418844788641,489.73083990919906,21.223190874252033,34.31801359262499,39.224266992192,17.47903936336507,60.59128671165022,47.509524651895,99.74556248864117,0,0,0,0,0,0,0,0,0,0,120233.66310363126,122428.47568694616,1578081.7749432495,100715.69440398019,334265.3702083754,552131.676532234,3152.4086968878782,9047.661765279458,514482.0597029897,125878.08202580722,0,0,0,0,0,0,0,0,0,0,126.56356606777348,42.27170054856405,479.9751378229381,28.9773873288362,47.977928806944355,55.116659373056635,15.347449197101037,73.91083895627754,64.55880197577183,133.27679166414248,0,0,0,0,0,0,0,0,0,0,25583.617618072927,6834.983989872663,147144.44384390878,5991.932049931646,12716.640872081287,6703.871755303222,2904.9784472549854,10475.954600413434,15463.398391462822,25281.63809293027,0,0,0,0,0,0,0,0,0,0,40,26,62,10,10,2,10,66,0,0,0,0,0.008597456339073268,0.003082242990654205,0.03142666157372039,0.01622767857142857,0.0014739884393063585,0.003,0.0030851788756388414,0.003223138491389765,0.02163105366032211,0.00474803738317757,0.07292043399638336,0.024424107142857143,0.004304046242774567,0.0046,0.004753321976149914,0.005018888888888896,0.023930460944363095,0.00495626168224299,0.0867766726943942,0.036964285714285665,0.004657803468208092,0.0048,0.004961839863713798,0.007564999999999999,0.05240923712121203,0.009107499999999989,0.09786166365280287,0.08087499999999988,0.004940809248554914,0.00496,0.009968421052631567,0.009601888888888889,0.45844467529518623,0.37291666666666645,0.3863434163701068,0.45958904109589044,0.8765182186234818,0.375,0.45844686648501365,0.49126195732155997,2.1814390624658238,2.163104838709677,0.49541814946619217,2.12834008097166,2.125306122448979,0.475,2.125306122448979,2.1936497326203206,2.3407195312329114,2.3315524193548387,0.6995098039215681,2.31417004048583,2.3126530612244895,0.4875,2.3126530612244895,2.34682486631016,2.4681439062465826,2.4663104838709677,0.9399019607843133,2.4628340080971656,2.462530612244898,0.4975,2.462530612244898,2.469364973262032,396.2857142857225,396.5714285714325,396.4537815125997,392.40336134453884,396.6386554621727,99563571.6302521,9656715.831932772,68.84033613445378,25797296.403361343,90131963.697479,3112386973.0420165,2666298772.4369745,557210890.7563025,4519493356.638656,3835945304.2016807,0,0,0,0,0,15.445378151260504,2.0168067226890756,4.890756302521008,0.8067226890756303,16.655462184873947,0,0,0,0,0,61655.126050420164,19576.470588235294,991008.268907563,27665.210084033613,72996.57142857142,1582.268907563025,267.57983193277306,2831.1932773109243,1746.6218487394958,454.0672268907563,1785.8655462184872,378.3193277310924,1911.9495798319326,2131.2773109243694,558.218487394958,0,0,0,0,0,0,0,0,0,0,0,0,0,0,0,0,0,0,0,0
1693106140,0.7162468664199599,0.2871454551255466,0.16160963193406316,0.061350947872144686,1.617204789195938,0.4221784407542921,0.21570784529433332,0.18089725036179444,0.11075423634954046,0.06174491119023659,0,0.15218383807639643,0.13636983499249977,0.5254515599343186,0.1671554089328754,8.419570129521317,5.390402485403436,0.9402009454163476,0.47787334914824575,11.457299599954597,3.3222986590808565,0.35018759248473874,0.6332140896345878,1.5515530734300602,1.0107762590816463,0,0.30092503233906526,3.3048758398109035,2.9080576113847836,0.916056797985881,7.192312283633748,4.9771878888428045,1.090865015554927,0.42945663510501236,9.731600749021165,2.472759438703705,0.38827412152979945,0.3844066570188132,1.417654225274118,0.8026838454730684,0,0.13316085831684688,2.8637665348424886,1.4449917898193765,0.5850439312650646,50000,100000,50000,50000,50000,50000,10000,50000,50000,20000,50000,0,3379200,0,220594176,0,0,1351680,0,0,2973696,0,0,0,0,2568192,1733.3174167363015,4.211466675174679,3.9998383903680654,4.0491625595615455,196.6180559496113,575.8513931888546,0,0,143.27168014176542,1.3583880461851936,0,0,463.5210691395064,1.4449917898193763,6.895160618481123,0,0,0,0,0,0,0,0,0,0,0,0,0,0,0,224342016,74063872,10682368,439984128,111390720,349663232,39100416,10838016,310304768,93900800,4952064,3993600,305532928,15712256,134160384,208699392,67719168,9596928,199372800,104349696,331837440,35684352,9596928,289665024,82452480,4055040,2568192,295477248,14598144,35278848,0,0,0,0,0,0,0,0,0,0,0,0,0,0,0,210403328,73814016,10297344,424910848,108146688,334446592,38846464,10444800,294023168,92127232,4796416,2916352,297906176,15446016,39690240,192561152,70434816,10297344,211615744,108146688,334446592,37629952,10444800,294023168,89153536,4796416,2916352,297906176,15446016,37122048,1073741824,1073741824,314572800,0,1073741824,1073741824,1073741824,314572800,1073741824,0,0,0,1073741824,314572800,2147483648,9.826755575407585,0,5.004422010828534,0,0,12.244133704333144,35709.15355900839,0,20818.395565046703,0,0,40470.3303675564,9.826755575407585,0,5.004422010828534,0,0,12.244133704333144,35709.15355900839,0,20818.395565046703,0,0,40470.3303675564,106.94791903570616,50.98418844788641,491.4537479593242,21.223190874252033,34.31801359262499,39.224266992192,17.47903936336507,60.59128671165022,46.585541403719525,96.97661152310324,0,0,0,0,0,0,0,0,0,0,120233.66310363126,122428.47568694616,1583019.9642021202,100715.69440398019,334265.3702083754,552131.676532234,3152.4086968878782,9047.661765279458,504476.2175453284,124776.70931464428,0,0,0,0,0,0,0,0,0,0,126.56356606777348,42.27170054856405,481.1077673531205,28.9773873288362,47.977928806944355,55.116659373056635,15.347449197101037,73.91083895627754,63.303237918144255,130.04237633444706,0,0,0,0,0,0,0,0,0,0,25583.617618072927,6834.983989872663,147381.6604708798,5991.932049931646,12716.640872081287,6703.871755303222,2904.9784472549854,10475.954600413434,15162.660356757915,24632.222312769944,0,0,0,0,0,0,0,0,0,0,32,20,56,6,6,2,6,54,0,0,0,0,0.008597456339073268,0.003082242990654205,0.03142666157372039,0.01622767857142857,0.0014739884393063585,0.003,0.0030851788756388414,0.003233792751403778,0.02163105366032211,0.00474803738317757,0.07292043399638336,0.024424107142857143,0.004304046242774567,0.0046,0.004753321976149914,0.005227678571428571,0.023930460944363095,0.00495626168224299,0.0867766726943942,0.036964285714285665,0.004657803468208092,0.0048,0.004961839863713798,0.007669642857142857,0.05240923712121203,0.009107499999999989,0.09786166365280287,0.08087499999999988,0.004940809248554914,0.00496,0.009968421052631567,0.009623214285714284,0.45844467529518623,0.37291666666666645,0.3863434163701068,0.45958904109589044,0.8765182186234818,0.375,0.45844686648501365,0.473869532987398,2.1814390624658238,2.163104838709677,0.49541814946619217,2.12834008097166,2.125306122448979,0.475,2.125306122448979,2.1793356130923303,2.3407195312329114,2.3315524193548387,0.6995098039215681,2.31417004048583,2.3126530612244895,0.4875,2.3126530612244895,2.3396678065461654,2.4681439062465826,2.4663104838709677,0.9399019607843133,2.4628340080971656,2.462530612244898,0.4975,2.462530612244898,2.4679335613092332,396.1344537815195,396.67226890758025,396.4537815126137,392.2352941176472,396.6386554621688,99563571.6302521,9656715.831932772,0,25797296.403361343,90131963.697479,3112461871.327731,2666305381.1092434,557207999.4621849,4611715794.823529,3835976970.7563024,0,0,0,0,0,15.529411764705882,2.0168067226890756,4.890756302521008,0.8067226890756303,16.672268907563023,0,0,0,0,0,61861.647058823524,19576.470588235294,991008.268907563,27665.210084033613,72987.96638655462,1580.6386554621847,267.61344537815125,2830.470588235294,1746.1512605042017,453.74789915966386,1784.016806722689,378.38655462184875,1911.2268907563025,2130.504201680672,557.8487394957983,0,0,0,0,0,0,0,0,0,0,0,0,0,0,0,0,0,0,0,0
1693106141,0.7162468664199599,0.2871454551255466,0.16160963193406316,0.061350947872144686,1.617204789195938,0.4221784407542921,0.21570784529433332,0.18089725036179444,0.13502109704641366,0.06174491119023659,0,0.15218383807639643,0.13636983499249977,0.5254515599343186,0.16382307529963203,8.419570129521317,5.390402485403436,0.9402009454163476,0.47787334914824575,11.457299599954597,3.3222986590808565,0.35018759248473874,0.6332140896345878,1.647165586497897,1.0107762590816463,0,0.30092503233906526,3.3048758398109035,2.9080576113847836,0.8977947094457764,7.192312283633748,4.9771878888428045,1.090865015554927,0.42945663510501236,9.731600749021165,2.472759438703705,0.38827412152979945,0.3844066570188132,1.485232067510553,0.8026838454730684,0,0.13316085831684688,2.8637665348424886,1.4449917898193765,0.5733807635487128,50000,100000,50000,50000,50000,50000,10000,50000,50000,20000,50000,0,3379200,0,220594176,0,0,1351680,0,0,2973696,0,0,0,0,2568192,1733.3174167363015,4.211466675174679,3.9998383903680654,4.0491625595615455,196.6180559496113,575.8513931888546,0,0,176.00000000000003,1.3583880461851936,0,0,463.5210691395064,1.4449917898193763,6.757701856109834,0,0,0,0,0,0,0,0,0,0,0,0,0,0,0,224342016,74063872,10682368,439984128,111390720,349663232,39100416,10838016,310304768,93900800,4952064,3993600,305532928,15712256,134160384,208699392,67719168,9596928,199372800,104349696,331837440,35684352,9596928,289935360,82452480,4055040,2568192,295477248,14598144,35278848,0,0,0,0,0,0,0,0,0,0,0,0,0,0,0,210403328,73814016,10297344,424910848,108146688,334446592,38846464,10444800,294072320,92127232,4796416,2916352,297906176,15446016,39690240,192561152,70434816,10297344,211615744,108146688,334446592,37629952,10444800,294072320,89153536,4796416,2916352,297906176,15446016,37122048,1073741824,1073741824,314572800,0,1073741824,1073741824,1073741824,314572800,1073741824,0,0,0,1073741824,314572800,2147483648,9.826755575407585,0,5.004422010828534,0,0,12.000040265698068,35709.15355900839,0,20818.395565046703,0,0,39663.532406944585,9.826755575407585,0,5.004422010828534,0,0,12.000040265698068,35709.15355900839,0,20818.395565046703,0,0,39663.532406944585,106.94791903570616,50.98418844788641,491.4537479593242,21.223190874252033,34.31801359262499,39.224266992192,17.47903936336507,60.8693423548106,54.52934123412167,96.97661152310324,0,0,0,0,0,0,0,0,0,0,120233.66310363126,122428.47568694616,1583019.9642021202,100715.69440398019,334265.3702083754,552131.676532234,3152.4086968878782,9092.752063150341,599373.3643804194,124776.70931464428,0,0,0,0,0,0,0,0,0,0,126.56356606777348,42.27170054856405,481.1077673531205,28.9773873288362,47.977928806944355,55.116659373056635,15.347449197101037,74.06837869701164,74.02644794689557,130.04237633444706,0,0,0,0,0,0,0,0,0,0,25583.617618072927,6834.983989872663,147381.6604708798,5991.932049931646,12716.640872081287,6703.871755303222,2904.9784472549854,10512.788969193705,17499.22671902966,24632.222312769944,0,0,0,0,0,0,0,0,0,0,16,10,36,6,6,2,6,36,0,0,0,0,0.008597456339073268,0.003082242990654205,0.03142666157372039,0.01622767857142857,0.0014739884393063585,0.003,0.0030851788756388414,0.0032257435397367138,0.02163105366032211,0.00474803738317757,0.07292043399638336,0.024424107142857143,0.004304046242774567,0.0046,0.004753321976149914,0.005071743929359821,0.023930460944363095,0.00495626168224299,0.0867766726943942,0.036964285714285665,0.004657803468208092,0.0048,0.004961839863713798,0.007591059602649005,0.05240923712121203,0.009107499999999989,0.09786166365280287,0.08087499999999988,0.004940809248554914,0.00496,0.009968421052631567,0.009606512141280351,0.45844467529518623,0.37291666666666645,0.3863434163701068,0.45958904109589044,0.8765182186234818,0.375,0.45844686648501365,0.489606328182487,2.1814390624658238,2.163104838709677,0.49541814946619217,2.12834008097166,2.125306122448979,0.475,2.125306122448979,2.1923854447439353,2.3407195312329114,2.3315524193548387,0.6995098039215681,2.31417004048583,2.3126530612244895,0.4875,2.3126530612244895,2.346192722371968,2.4681439062465826,2.4663104838709677,0.9399019607843133,2.4628340080971656,2.462530612244898,0.4975,2.462530612244898,2.469238544474393,396.201680672239,396.65546218488817,396.40336134454236,392.2016806722491,396.60504201680334,82969952.80672269,9656715.831932772,0,25797296.403361343,90131963.697479,3112553842.0168066,2609558708.705882,557240079.0588235,4519582298.352941,3757748740.3025208,0,0,0,0,0,15.663865546218487,2.0168067226890756,4.890756302521008,0.8067226890756303,16.655462184873947,0,0,0,0,0,62309.10924369748,19576.470588235294,991008.268907563,27665.210084033613,72979.36134453781,1581.3781512605042,267.8487394957983,2830.453781512605,1746.4873949579833,453.89915966386553,1784.6722689075627,378.65546218487395,1911.5462184873948,2130.773109243697,558.0672268907563,0,0,0,0,0,0,0,0,0,0,0,0,0,0,0,0,0,0,0,0
1693106142,0.7162468664199599,0.2871454551255466,0.16160963193406316,0.061350947872144686,1.617204789195938,0.4221784407542921,0.21570784529433332,0.18089725036179444,0.1548021849222673,0.05929662963483766,0,0.15218383807639643,0.13636983499249977,0.5254515599343186,0.1604907416663887,8.419570129521317,5.390402485403436,0.9402009454163476,0.47787334914824575,11.457299599954597,3.3222986590808565,0.35018759248473874,0.6332140896345878,1.842238598819086,0.8940436485589611,0,0.30092503233906526,3.3048758398109035,2.9080576113847836,0.8795326209056719,7.192312283633748,4.9771878888428045,1.090865015554927,0.42945663510501236,9.731600749021165,2.472759438703705,0.38827412152979945,0.3844066570188132,1.7028240341449457,0.6522629259832187,0,0.13316085831684688,2.8637665348424886,1.4449917898193765,0.5617175958323611,50000,100000,50000,50000,50000,50000,10000,50000,50000,20000,50000,0,3379200,0,220594176,0,0,1351680,0,0,2973696,0,0,0,0,2568192,1733.3174167363015,4.211466675174679,3.9998383903680654,4.0491625595615455,196.6180559496113,575.8513931888546,0,0,229.15146288064747,2.6090517039328742,0,0,463.5210691395064,1.4449917898193763,6.620243093738546,0,0,0,0,0,0,0,0,0,0,0,0,0,0,0,224342016,74063872,10682368,439984128,111390720,349663232,39100416,10838016,310304768,93900800,4952064,3993600,305532928,15712256,134160384,208699392,67719168,9596928,199372800,104349696,331837440,35684352,9596928,289935360,82452480,4055040,2568192,295477248,14598144,35278848,0,0,0,0,0,0,0,0,0,0,0,0,0,0,0,210403328,73814016,10297344,424910848,108146688,334446592,38846464,10444800,294072320,92233728,4796416,2916352,297906176,15446016,39690240,192561152,70434816,10297344,211615744,108146688,334446592,37629952,10444800,294072320,89260032,4796416,2916352,297906176,15446016,37122048,1073741824,1073741824,314572800,0,1073741824,1073741824,1073741824,314572800,1073741824,0,0,0,1073741824,314572800,2147483648,9.826755575407585,0,5.004422010828534,0,0,11.755946827062994,35709.15355900839,0,20818.395565046703,0,0,38856.73444633277,9.826755575407585,0,5.004422010828534,0,0,11.755946827062994,35709.15355900839,0,20818.395565046703,0,0,38856.73444633277,106.94791903570616,50.98418844788641,491.4537479593242,21.223190874252033,34.31801359262499,39.224266992192,17.47903936336507,60.8693423548106,54.52934123412167,96.97661152310324,0,0,0,0,0,0,0,0,0,0,120233.66310363126,122428.47568694616,1583019.9642021202,100715.69440398019,334265.3702083754,552131.676532234,3152.4086968878782,9092.752063150341,599373.3643804194,124776.70931464428,0,0,0,0,0,0,0,0,0,0,126.56356606777348,42.27170054856405,481.1077673531205,28.9773873288362,47.977928806944355,55.116659373056635,15.347449197101037,74.06837869701164,74.02644794689557,130.04237633444706,0,0,0,0,0,0,0,0,0,0,25583.617618072927,6834.983989872663,147381.6604708798,5991.932049931646,12716.640872081287,6703.871755303222,2904.9784472549854,10512.788969193705,17499.22671902966,24632.222312769944,0,0,0,0,0,0,0,0,0,0,26,16,36,2,4,2,2,38,0,0,0,0,0.00871304581122607,0.0030794824399260627,0.03136991557943208,0.016299934812919182,0.0014990861787561554,0.003,0.003096766798833381,0.0032286926668489667,0.02209508019341564,0.0047430683918669135,0.0733214920071048,0.024629762550384925,0.004309422515187458,0.0046,0.0047741802379000844,0.0051306611212057155,0.02435393828930575,0.004951016635859519,0.08701598579040849,0.04132908341617033,0.00466071455724137,0.0048,0.004983856917783423,0.0076309485346495705,0.06869004378458016,0.009070512820512812,0.0979715808170515,0.08479792253550744,0.0049417481908845,0.00496,0.025938012799474542,0.009631178465404665,0.459297142195775,0.3739583333333334,0.3862672322375398,0.45944334552723626,0.8723666041872105,0.375,0.45599532295195716,0.48883585487948406,2.1822494217055253,2.1638446215139444,0.4952810180275716,2.1279576367689934,2.118370697559045,0.475,2.118505151697195,2.191778844188848,2.341124710852762,2.3319223107569713,0.6976470588235288,2.3139788183844963,2.3091853487795224,0.4875,2.309252575848597,2.345889422094424,2.468224942170553,2.4663844621513946,0.9395294117647058,2.4627957636769,2.4618370697559038,0.4975,2.4618505151697194,2.469177884418885,396.13876218209856,396.62184873948866,396.36186345219426,392.2689075630234,396.6317063332188,83094176.09533587,9656715.831932772,0,25797296.403361343,90138023.39653087,3117316744.1719546,2666256986.352941,557415185.891293,4611831102.386555,3836264334.543499,0,0,0,0,0,15.704162528824627,1.2268907563025209,4.89231855550512,0.8067226890756303,16.72381336560441,0,0,0,0,0,62488.63005167393,10971.42857142857,991324.8264151579,27665.210084033613,73225.22522522524,1581.7272895591725,267.4621848739496,2831.7614028008948,1747.0420168067228,454.686029312895,1784.9219841443503,378.65546218487395,1912.9469914762701,2131.1932773109243,558.7770606427323,0,0,0,0,0,0,0,0,0,0,0,0,0,0,0,0,0,0,0,0
1693106143,0.7162468664199599,0.31022868285764915,0.16160963193406316,0.061350947872144686,1.617204789195938,0.4221784407542921,0.21570784529433332,0.18089725036179444,0.1548021849222673,0.07031359864997846,0,0.15218383807639643,0.13636983499249977,0.5254515599343186,0.15715840803314532,8.419570129521317,5.425321986349937,0.9402009454163476,0.47787334914824575,11.457299599954597,3.3222986590808565,0.35018759248473874,0.6332140896345878,1.842238598819086,1.0601517601837522,0,0.30092503233906526,3.3048758398109035,2.9080576113847836,0.8612705323655669,7.192312283633748,5.118773267151215,1.090865015554927,0.42945663510501236,9.731600749021165,2.472759438703705,0.38827412152979945,0.3844066570188132,1.7028240341449457,0.7734495851497684,0,0.13316085831684688,2.8637665348424886,1.4449917898193765,0.5500544281160092,50000,100000,50000,50000,50000,50000,10000,50000,50000,20000,50000,0,3514368,0,220594176,0,0,1351680,0,0,2973696,0,0,0,0,2568192,1733.3174167363015,4.387519943272469,3.9998383903680654,4.0491625595615455,196.6180559496113,575.8513931888546,0,0,229.15146288064747,3.0937983405990725,0,0,463.5210691395064,1.4449917898193763,6.482784331367256,0,0,0,0,0,0,0,0,0,0,0,0,0,0,0,224342016,74260480,10682368,439984128,111390720,349663232,39100416,10838016,310304768,93900800,4952064,3993600,305532928,15712256,134160384,208699392,67854336,9596928,199372800,104349696,331837440,35684352,9596928,289935360,82452480,4055040,2568192,295477248,14598144,35278848,0,0,0,0,0,0,0,0,0,0,0,0,0,0,0,210403328,74014720,10297344,424910848,108146688,334446592,38846464,10444800,294072320,92233728,4796416,2916352,297906176,15446016,39690240,192561152,70500352,10297344,211615744,108146688,334446592,37629952,10444800,294072320,89260032,4796416,2916352,297906176,15446016,37122048,1073741824,1073741824,314572800,0,1073741824,1073741824,1073741824,314572800,1073741824,0,0,0,1073741824,314572800,2147483648,10.082432192873604,0,5.004422010828534,0,0,11.511853388427914,36532.529693316785,0,20818.395565046703,0,0,38049.936485720944,10.082432192873604,0,5.004422010828534,0,0,11.511853388427914,36532.529693316785,0,20818.395565046703,0,0,38049.936485720944,106.94791903570616,50.98418844788641,491.4537479593242,21.22319087425203,34.31801359262499,39.224266992192,17.47903936336507,60.8693423548106,54.52934123412167,96.97661152310324,0,0,0,0,0,0,0,0,0,0,120233.66310363126,122428.47568694616,1583019.9642021202,100715.69440398017,334265.3702083754,552131.676532234,3152.4086968878782,9092.752063150341,599373.3643804194,124776.70931464428,0,0,0,0,0,0,0,0,0,0,126.56356606777348,42.27170054856405,481.1077673531205,28.977387328836194,47.977928806944355,55.116659373056635,15.347449197101037,74.06837869701164,74.02644794689557,130.04237633444706,0,0,0,0,0,0,0,0,0,0,25583.617618072927,6834.983989872663,147381.6604708798,5991.932049931645,12716.640872081287,6703.871755303222,2904.9784472549854,10512.788969193705,17499.22671902966,24632.222312769944,0,0,0,0,0,0,0,0,0,0,30,8,32,20,16,2,18,130,0,0,0,0,0.008713436928702011,0.0030794824399260627,0.03136991557943208,0.0163013698630137,0.0014606413994169099,0.003,0.003092783505154639,0.003228557504873294,0.022095473833097592,0.0047430683918669135,0.0733214920071048,0.024630136986301374,0.0043014577259475216,0.0046,0.00476701030927835,0.005128008752735227,0.0243539603960396,0.004951016635859519,0.08701598579040849,0.0413333333333333,0.004656559766763849,0.0048,0.004976288659793814,0.007629649890590809,0.06869117647058826,0.009070512820512812,0.0979715808170515,0.08479999999999985,0.004940641399416909,0.00496,0.009978571428571436,0.009630962800875269,0.45924657534246577,0.3739583333333334,0.3862672322375398,0.459366391184573,0.8765306122448979,0.375,0.45856164383561643,0.48891941391941396,2.182238805970149,2.1638446215139444,0.4952810180275716,2.1277551020408163,2.1256147540983608,0.475,2.1256147540983608,2.1918463611859837,2.341119402985075,2.3319223107569713,0.6976470588235288,2.313877551020408,2.31280737704918,0.4875,2.31280737704918,2.345923180592992,2.468223880597015,2.4663844621513946,0.9395294117647058,2.4627755102040814,2.462561475409836,0.4975,2.462561475409836,2.469184636118598,396.18487394956554,396.6890756302479,396.3025210083969,392.43697478991584,396.62184873948894,82969883.96638656,9656715.831932772,0,25797296.403361343,90131963.697479,3254135145.4117646,2666264627.630252,502248146.82352936,4611923210.756302,3835997622.857143,0,0,0,0,0,15.512605042016807,1.2268907563025209,4.890756302521008,0.8067226890756303,16.73949579831933,0,0,0,0,0,61878.85714285714,10971.42857142857,991008.268907563,27665.210084033613,73289.14285714286,1578.8739495798318,268.28571428571433,2830.5042016806724,1746.9579831932772,454.5714285714285,1781.9495798319326,378.99159663865544,1912.689075630252,2130.8235294117644,558.5378151260503,0,0,0,0,0,0,0,0,0,0,0,0,0,0,0,0,0,0,0,0
1693106144,0.7162468664199599,0.31022868285764915,0.16160963193406316,0.061350947872144686,1.7922161223989288,0.4221784407542921,0.21570784529433332,0.18089725036179444,0.1548021849222673,0.07031359864997846,0,0.15218383807639643,0.13636983499249977,0.5254515599343186,0.19752622678902262,8.419570129521317,5.425321986349937,0.9402009454163476,0.47787334914824575,11.130116818533404,3.3222986590808565,0.35018759248473874,0.6332140896345878,1.842238598819086,1.0601517601837522,0,0.30092503233906526,3.3048758398109035,2.9080576113847836,0.8620810800564517,7.192312283633748,5.118773267151215,1.090865015554927,0.42945663510501236,9.413851000811205,2.472759438703705,0.38827412152979945,0.3844066570188132,1.7028240341449457,0.7734495851497684,0,0.13316085831684688,2.8637665348424886,1.4449917898193765,0.5530734350092625,50000,100000,50000,50000,50000,50000,10000,50000,50000,20000,50000,0,3514368,0,220594176,0,0,1351680,0,0,2973696,0,0,0,0,2568192,1733.3174167363015,4.387519943272469,3.9998383903680654,4.0491625595615455,222.8762238949573,575.8513931888546,0,0,229.15146288064747,3.0937983405990725,0,0,463.5210691395064,1.4449917898193763,11.733057871267933,0,0,0,0,0,0,0,0,0,0,0,0,0,0,0,224342016,74260480,10682368,439984128,111390720,349663232,39100416,10838016,310304768,93900800,4952064,3993600,305532928,15712256,134160384,208699392,67854336,9596928,199372800,104079360,331837440,35684352,9596928,289935360,82452480,4055040,2568192,295477248,14598144,35819520,0,0,0,0,0,0,0,0,0,0,0,0,0,0,0,210403328,74014720,10297344,424910848,107995136,334446592,38846464,10444800,294072320,92233728,4796416,2916352,297906176,15446016,40296448,192561152,70500352,10297344,211615744,107995136,334446592,37629952,10444800,294072320,89260032,4796416,2916352,297906176,15446016,37593088,1073741824,1073741824,314572800,0,1073741824,1073741824,1073741824,314572800,1073741824,0,0,0,1073741824,314572800,2147483648,10.082432192873604,0,5.004422010828534,0,0,10.725674114643919,36532.529693316785,0,20818.395565046703,0,0,31786.236456852355,10.082432192873604,0,5.004422010828534,0,0,10.725674114643919,36532.529693316785,0,20818.395565046703,0,0,31786.236456852355,106.94791903570616,50.98418844788641,491.4537479593242,21.22319087425203,34.31801359262499,33.47213719408424,17.47903936336507,60.8693423548106,54.89158463573783,96.97661152310324,0,0,0,0,0,0,0,0,0,0,120233.66310363126,122428.47568694616,1583019.9642021202,100715.69440398017,334265.3702083754,471163.0998678833,3152.4086968878782,9092.752063150341,598950.1760208085,124776.70931464428,0,0,0,0,0,0,0,0,0,0,126.56356606777348,42.27170054856405,481.1077673531205,28.977387328836194,47.977928806944355,47.033954377829474,15.347449197101037,74.06837869701164,74.46689239186492,130.04237633444706,0,0,0,0,0,0,0,0,0,0,25583.617618072927,6834.983989872663,147381.6604708798,5991.932049931645,12716.640872081287,5720.767584253992,2904.9784472549854,10512.788969193705,17754.55748144494,24632.222312769944,0,0,0,0,0,0,0,0,0,0,24,14,44,10,10,2,10,60,0,0,0,0,0.008713436928702011,0.0030794824399260627,0.03136991557943208,0.0163013698630137,0.0014606413994169099,0.003,0.003092783505154639,0.003228557504873294,0.022095473833097592,0.0047430683918669135,0.0733214920071048,0.024630136986301374,0.0043014577259475216,0.0046,0.00476701030927835,0.005128008752735227,0.0243539603960396,0.004951016635859519,0.08701598579040849,0.0413333333333333,0.004656559766763849,0.0048,0.004976288659793814,0.007629649890590809,0.06869117647058826,0.009070512820512812,0.0979715808170515,0.08479999999999985,0.004940641399416909,0.00496,0.009978571428571436,0.009630962800875269,0.45924657534246577,0.3739583333333334,0.3862672322375398,0.459366391184573,0.8765306122448979,0.375,0.45856164383561643,0.48891941391941396,2.182238805970149,2.1638446215139444,0.4952810180275716,2.1277551020408163,2.1256147540983608,0.475,2.1256147540983608,2.1918463611859837,2.341119402985075,2.3319223107569713,0.6976470588235288,2.313877551020408,2.31280737704918,0.4875,2.31280737704918,2.345923180592992,2.468223880597015,2.4663844621513946,0.9395294117647058,2.4627755102040814,2.462561475409836,0.4975,2.462561475409836,2.469184636118598,396.16806722689324,396.6386554621964,396.43697478992215,392.5210084033666,396.57142857143435,66376265.14285714,9656715.831932772,0,25797296.403361343,90131963.697479,3254197377.07563,2722971510.319328,502244842.4873949,4611946065.747899,3757762783.7310925,0,0,0,0,0,15.61344537815126,1.2773109243697478,4.890756302521008,0.7058823529411764,16.789915966386555,0,0,0,0,0,62119.798319327725,15996.773109243697,991008.268907563,20987.697478991595,73495.66386554622,1579.579831932773,268.28571428571433,2831.579831932773,1747.4117647058824,454.9243697478991,1782.7899159663864,379.0924369747899,1913.2773109243697,2131.6134453781515,558.8067226890756,0,0,0,0,0,0,0,0,0,0,0,0,0,0,0,0,0,0,0,0
1693106145,0.5951772710994395,0.31022868285764915,0.16160963193406316,0.061350947872144686,1.7922161223989288,0.4221784407542921,0.20712077214268967,0.18089725036179444,0.1548021849222673,0.07031359864997846,0,0.15218383807639643,0.13636983499249977,0.5254515599343186,0.2015652600060318,6.996382125294563,5.425321986349937,0.9402009454163476,0.47787334914824575,11.130116818533404,3.3222986590808565,0.28972366063798577,0.6332140896345878,1.842238598819086,1.0601517601837522,0,0.30092503233906526,3.3048758398109035,2.9080576113847836,0.8797089878776356,5.9765717639568585,5.118773267151215,1.090865015554927,0.42945663510501236,9.413851000811205,2.472759438703705,0.29588681734669936,0.3844066570188132,1.7028240341449457,0.7734495851497684,0,0.13316085831684688,2.8637665348424886,1.4449917898193765,0.564382728016888,50000,100000,50000,50000,50000,50000,10000,50000,50000,20000,50000,0,3514368,0,220594176,0,0,1351680,0,0,2973696,0,0,0,0,2568192,1440.3289960606423,4.387519943272469,3.9998383903680654,4.0491625595615455,222.8762238949573,575.8513931888546,0,0,229.15146288064747,3.0937983405990725,0,0,463.5210691395064,1.4449917898193763,11.972976444358277,0,0,0,0,0,0,0,0,0,0,0,0,0,0,0,224342016,74260480,10682368,439984128,111390720,349663232,39100416,10838016,310304768,93900800,4952064,3993600,305532928,15712256,134160384,208699392,67854336,9596928,199372800,104079360,331837440,35684352,9596928,289935360,82452480,4055040,2568192,295477248,14598144,35819520,0,0,0,0,0,0,0,0,0,0,0,0,0,0,0,210403328,74014720,10297344,424910848,107995136,334446592,38846464,10444800,294072320,92233728,4796416,2916352,297906176,15446016,40296448,192561152,70500352,10297344,211615744,107995136,334446592,37629952,10444800,294072320,89260032,4796416,2916352,297906176,15446016,37593088,1073741824,1073741824,314572800,0,1073741824,1073741824,1073741824,314572800,1073741824,0,0,0,1073741824,314572800,2147483648,10.082432192873604,0,3.905705988976437,0,0,10.944993618327516,36532.529693316785,0,14604.02646641759,0,0,32436.204144586616,10.082432192873604,0,3.905705988976437,0,0,10.944993618327516,36532.529693316785,0,14604.02646641759,0,0,32436.204144586616,106.94791903570616,50.98418844788641,491.4537479593242,21.22319087425203,34.31801359262499,39.14302751512054,14.990315475344607,60.8693423548106,54.89158463573783,96.97661152310324,0,0,0,0,0,0,0,0,0,0,120233.66310363126,122428.47568694616,1583019.9642021202,100715.69440398017,334265.3702083754,551590.1482238692,2703.558238595993,9092.752063150341,598950.1760208085,124776.70931464428,0,0,0,0,0,0,0,0,0,0,126.56356606777348,42.27170054856405,481.1077673531205,28.977387328836194,47.977928806944355,54.51912428656614,13.162228222253802,74.06837869701164,74.46689239186492,130.04237633444706,0,0,0,0,0,0,0,0,0,0,25583.617618072927,6834.983989872663,147381.6604708798,5991.932049931645,12716.640872081287,6687.345600136297,2491.3579326733297,10512.788969193705,17754.55748144494,24632.222312769944,0,0,0,0,0,0,0,0,0,0,36,20,60,18,18,2,18,116,0,0,0,0,0.008713436928702011,0.0030794824399260627,0.03136991557943208,0.0163013698630137,0.0014606413994169099,0.003,0.003092783505154639,0.003235294117647059,0.022095473833097592,0.0047430683918669135,0.0733214920071048,0.024630136986301374,0.0043014577259475216,0.0046,0.00476701030927835,0.0052566371681415916,0.0243539603960396,0.004951016635859519,0.08701598579040849,0.0413333333333333,0.004656559766763849,0.0048,0.004976288659793814,0.007694690265486725,0.06869117647058826,0.009070512820512812,0.0979715808170515,0.08479999999999985,0.004940641399416909,0.00496,0.009978571428571436,0.00964513274336283,0.45924657534246577,0.3739583333333334,0.3862672322375398,0.459366391184573,0.8765306122448979,0.375,0.45856164383561643,0.4754612546125461,2.182238805970149,2.1638446215139444,0.4952810180275716,2.1277551020408163,2.1256147540983608,0.475,2.1256147540983608,2.1807339449541283,2.341119402985075,2.3319223107569713,0.6976470588235288,2.313877551020408,2.31280737704918,0.4875,2.31280737704918,2.340366972477064,2.468223880597015,2.4663844621513946,0.9395294117647058,2.4627755102040814,2.462561475409836,0.4975,2.462561475409836,2.4680733944954127,396.2352941176319,396.6890756302655,396.4201680672059,392.4705882352872,396.67226890756257,82970090.48739496,19313362.82352941,0,25797296.403361343,90131963.697479,3324980731.697479,2779661182.92437,502252896.80672264,4519776978.823529,3757782059.02521,0,0,0,0,0,15.61344537815126,2.033613445378151,4.890756302521008,0.7058823529411764,16.857142857142858,0,0,0,0,0,62137.00840336134,19378.55462184874,991008.268907563,20987.697478991595,73822.65546218488,1586.3193277310925,268.30252100840335,2828.974789915966,1752.4201680672268,455.7142857142856,1790.0168067226891,379.04201680672264,1911.310924369748,2136.8235294117644,559.4957983193277,0,0,0,0,0,0,0,0,0,0,0,0,0,0,0,0,0,0,0,0
1693106146,0.5832398233257734,0.31022868285764915,0.16160963193406316,0.061350947872144686,1.7922161223989288,0.4221784407542921,0.1749999999999999,0.18089725036179444,0.1548021849222673,0.07031359864997846,0,0.15218383807639643,0.13636983499249977,0.5254515599343186,0.20560429322304097,6.8560559564692065,5.425321986349937,0.9402009454163476,0.47787334914824575,11.130116818533404,3.3222986590808565,0.24479264000000006,0.6332140896345878,1.842238598819086,1.0601517601837522,0,0.30092503233906526,3.3048758398109035,2.9080576113847836,0.8973368956988195,5.856699892562961,5.118773267151215,1.090865015554927,0.42945663510501236,9.413851000811205,2.472759438703705,0.2499999999999997,0.3844066570188132,1.7028240341449457,0.7734495851497684,0,0.13316085831684688,2.8637665348424886,1.4449917898193765,0.5756920210245138,50000,100000,50000,50000,50000,50000,10000,50000,50000,20000,50000,0,3514368,0,220594176,0,0,1351680,0,0,2973696,0,0,0,0,2568192,1411.4403724483705,4.387519943272469,3.9998383903680654,4.0491625595615455,222.8762238949573,575.8513931888546,0,0,229.15146288064747,3.0937983405990725,0,0,463.5210691395064,1.4449917898193763,12.212895017448622,0,0,0,0,0,0,0,0,0,0,0,0,0,0,0,224342016,74260480,10682368,439984128,111390720,349663232,39100416,10838016,310304768,93900800,4952064,3993600,305532928,15712256,134160384,208699392,67854336,9596928,199372800,104079360,331837440,35684352,9596928,289935360,82452480,4055040,2568192,295477248,14598144,35819520,0,0,0,0,0,0,0,0,0,0,0,0,0,0,0,210403328,74014720,10297344,424910848,107995136,334446592,38846464,10444800,294072320,92233728,4796416,2916352,297906176,15446016,40296448,192561152,70500352,10297344,211615744,107995136,334446592,37629952,10444800,294072320,89260032,4796416,2916352,297906176,15446016,37593088,1073741824,1073741824,314572800,0,1073741824,1073741824,1073741824,314572800,1073741824,0,0,0,1073741824,314572800,2147483648,10.082432192873604,0,3.3000000000000007,0,0,11.164313122011114,36532.529693316785,0,12339.200000000003,0,0,33086.17183232088,10.082432192873604,0,3.3000000000000007,0,0,11.164313122011114,36532.529693316785,0,12339.200000000003,0,0,33086.17183232088,103.690079319462,50.98418844788641,491.4537479593242,21.22319087425203,34.31801359262499,39.14302751512054,14.698998152621854,52.663140516342885,54.89158463573783,96.97661152310324,0,0,0,0,0,0,0,0,0,0,119260.14484423496,122428.47568694616,1583019.9642021202,100715.69440398017,334265.3702083754,551590.1482238692,2651.018093647861,7866.897539169956,598950.1760208085,124776.70931464428,0,0,0,0,0,0,0,0,0,0,123.51994482124381,42.27170054856405,481.1077673531205,28.977387328836194,47.977928806944355,54.51912428656614,12.906437402302117,64.08272677567619,74.46689239186492,130.04237633444706,0,0,0,0,0,0,0,0,0,0,24828.71594436142,6834.983989872663,147381.6604708798,5991.932049931645,12716.640872081287,6687.345600136297,2442.94162521908,9095.489802996908,17754.55748144494,24632.222312769944,0,0,0,0,0,0,0,0,0,0,58,30,82,14,14,2,14,124,0,0,0,0,0.008713436928702011,0.0030794824399260627,0.03136991557943208,0.0163013698630137,0.0014606413994169099,0.003,0.003092783505154639,0.0032271186440677967,0.022095473833097592,0.0047430683918669135,0.0733214920071048,0.024630136986301374,0.0043014577259475216,0.0046,0.00476701030927835,0.005099562363238513,0.0243539603960396,0.004951016635859519,0.08701598579040849,0.0413333333333333,0.004656559766763849,0.0048,0.004976288659793814,0.007615426695842446,0.06869117647058826,0.009070512820512812,0.0979715808170515,0.08479999999999985,0.004940641399416909,0.00496,0.009978571428571436,0.009628118161925598,0.45924657534246577,0.3739583333333334,0.3862672322375398,0.459366391184573,0.8765306122448979,0.375,0.45856164383561643,0.4913003663003664,2.182238805970149,2.1638446215139444,0.4952810180275716,2.1277551020408163,2.1256147540983608,0.475,2.1256147540983608,2.1936722912966253,2.341119402985075,2.3319223107569713,0.6976470588235288,2.313877551020408,2.31280737704918,0.4875,2.31280737704918,2.3468361456483127,2.468223880597015,2.4663844621513946,0.9395294117647058,2.4627755102040814,2.462561475409836,0.4975,2.462561475409836,2.469367229129662,396.33613445377136,396.7563025210042,396.5378151260297,392.5546218487301,396.7563025210015,82970090.48739496,19313431.663865544,0,25797296.403361343,90131894.85714285,3395700202.487395,2722942322.0168066,558532694.0504202,4519791848.336134,3679606009.5462184,0,0,0,0,0,15.697478991596638,2.033613445378151,4.873949579831932,0.8067226890756303,16.63865546218487,0,0,0,0,0,62429.57983193277,19378.55462184874,990939.4285714285,38128.94117647059,71275.56302521008,1589.4789915966387,268.35294117647055,2833.5126050420167,1758.1680672268908,456.9075630252101,1792.7899159663864,379.12605042016804,1914.4705882352941,2143.378151260504,560.6386554621848,0,0,0,0,0,0,0,0,0,0,0,0,0,0,0,0,0,0,0,0
1693106147,0.8054847894500219,0.31022868285764915,0.13228590614631075,0.061350947872144686,1.7922161223989288,0.4221784407542921,0.2370558854019414,0.18089725036179444,0.1548021849222673,0.07031359864997846,0,0.15218383807639643,0.12500000000000067,0.5254515599343186,0.24234199302055082,9.531229937809076,5.425321986349937,0.7807502883538877,0.47787334914824575,11.130116818533404,3.3222986590808565,0.2998226853865484,0.6332140896345878,1.842238598819086,1.0601517601837522,0,0.30092503233906526,3.0358258650000103,2.9080576113847836,1.0576744692710347,8.16724112093511,5.118773267151215,0.9524585242534374,0.42945663510501236,9.413851000811205,2.472759438703705,0.25681054251877006,0.3844066570188132,1.7028240341449457,0.7734495851497684,0,0.13316085831684688,2.6999999999999957,1.4449917898193765,0.6785575804575412,50000,100000,50000,50000,50000,50000,10000,50000,50000,20000,50000,0,3514368,0,220594176,0,0,1486848,0,0,2973696,0,0,0,0,2568192,2790.386632698936,4.387519943272469,0,4.0491625595615455,222.8762238949573,575.8513931888546,0,0,229.15146288064747,3.0937983405990725,0,0,453.75,1.4449917898193763,14.395114385420705,0,0,0,0,0,0,0,0,0,0,0,0,0,0,0,224342016,74260480,10682368,439984128,111390720,349663232,39141376,10838016,310304768,93900800,4952064,3993600,305532928,15712256,134160384,206131200,67854336,9596928,199372800,104079360,331837440,35684352,9596928,289935360,82452480,4055040,2568192,295477248,14598144,35819520,0,0,0,0,0,0,0,0,0,0,0,0,0,0,0,207966208,74014720,10297344,424910848,107995136,334446592,38944768,10444800,294072320,92233728,4796416,2916352,297906176,15446016,40296448,189177856,70500352,10297344,211615744,107995136,334446592,37593088,10444800,294072320,89260032,4796416,2916352,297906176,15446016,37593088,1073741824,1073741824,314572800,0,1073741824,1073741824,1073741824,314572800,1073741824,0,0,0,1073741824,314572800,2147483648,10.082432192873604,0,4.32626990858543,0,0,13.159170221015897,36532.529693316785,0,18256.46392108818,0,0,38998.06126405583,10.082432192873604,0,4.32626990858543,0,0,13.159170221015897,36532.529693316785,0,18256.46392108818,0,0,38998.06126405583,103.690079319462,50.98418844788641,491.4537479593242,21.22319087425203,33.968298597687415,39.14302751512054,14.407680829899105,61.35621813914255,54.89158463573783,96.97661152310324,0,0,0,0,0,0,0,0,0,0,119260.14484423496,122428.47568694616,1583019.9642021202,100715.69440398017,332385.70625241625,551590.1482238692,2598.47794869973,9169.600616129386,598950.1760208085,124776.70931464428,0,0,0,0,0,0,0,0,0,0,123.51994482124381,42.27170054856405,481.1077673531205,28.977387328836194,47.745404702491825,54.51912428656614,12.650646582350433,73.95386364469871,74.46689239186492,130.04237633444706,0,0,0,0,0,0,0,0,0,0,24828.71594436142,6834.983989872663,147381.6604708798,5991.932049931645,12495.870382736442,6687.345600136297,2394.5253177648306,10553.617926431216,17754.55748144494,24632.222312769944,0,0,0,0,0,0,0,0,0,0,36,18,58,2,2,2,2,36,0,0,0,0,0.00871590909090909,0.0030779944289693593,0.03137480798771121,0.016320224719101124,0.0015373134328358208,0.003,0.0030863309352517983,0.0032262879152623975,0.02210729312762973,0.004740389972144847,0.073585237258348,0.024612359550561794,0.004307462686567164,0.0046,0.0047553956834532375,0.0050829694323144105,0.024363604488078536,0.004948189415041783,0.0871880492091388,0.04218749999999993,0.004653731343283582,0.0048,0.004964028776978418,0.007606986899563318,0.06750000000000016,0.009053947368421083,0.09807029876977151,0.08602272727272728,0.004930746268656716,0.00496,0.02625,0.009626200873362441,0.4575407608695652,0.3760416666666666,0.3862676056338028,0.4594686648501362,0.8629032258064517,0.375,0.45251396648044695,0.48909883720930225,2.181435643564357,2.1643000000000003,0.49528169014084505,2.1280241935483875,2.1081081081081083,0.475,2.108108108108108,2.1920071047957372,2.3407178217821785,2.3321499999999995,0.6976562499999993,2.314012096774193,2.3040540540540544,0.4875,2.3040540540540544,2.3460035523978684,2.468143564356436,2.4664300000000003,0.9395312499999996,2.462802419354839,2.460810810810811,0.4975,2.460810810810811,2.4692007104795732,396.4705882352954,396.7563025210011,396.48739495798657,392.7394957983171,396.77310924370425,82970090.48739496,19313431.663865544,0,25797296.403361343,90131826.01680672,3466459807.1932774,2666213823.462185,558586871.3949579,4519807268.571428,3679577578.487395,0,0,0,0,0,15.663865546218487,2.033613445378151,4.873949579831932,0.8067226890756303,16.89075630252101,0,0,0,0,0,62274.68907563025,19378.55462184874,990939.4285714285,38128.94117647059,74407.79831932773,1576.1848739495797,264.06722689075633,2830.8403361344535,1746.453781512605,453.71428571428567,1779.8823529411766,375.0924369747899,1912.1344537815125,2131.109243697479,557.4285714285714,0,0,0,0,0,0,0,0,0,0,0,0,0,0,0,0,0,0,0,0
1693106148,0.8054847894500219,0.31022868285764915,0.15800284405119303,0.061350947872144686,1.7922161223989288,0.4221784407542921,0.2417679766280275,0.18089725036179444,0.1548021849222673,0.07031359864997846,0,0.15031189718666244,0.117604465709729,0.5771635617404693,0.24234199302055082,9.531229937809076,5.425321986349937,0.9325314362458533,0.47787334914824575,11.130116818533404,3.3222986590808565,0.30578242708541425,0.6332140896345878,1.842238598819086,1.0601517601837522,0,0.3049322419019464,2.9262449021514643,2.9556577612466732,1.0576744692710347,8.16724112093511,5.118773267151215,1.1376204771685898,0.42945663510501236,9.413851000811205,2.472759438703705,0.26191530801369667,0.3844066570188132,1.7028240341449457,0.7734495851497684,0,0.15031189718666244,2.5872982456140363,1.5070381889890012,0.6785575804575412,50000,100000,50000,50000,50000,50000,10000,50000,50000,20000,50000,0,3514368,0,220594176,0,0,1486848,0,0,2973696,0,0,0,0,2568192,2790.386632698936,4.387519943272469,0,4.0491625595615455,222.8762238949573,575.8513931888546,0,0,229.15146288064747,3.0937983405990725,0,0,423.02326315789486,2.116266393048386,14.395114385420705,0,0,0,0,0,0,0,0,0,0,0,0,0,0,0,224342016,74260480,10682368,439984128,111390720,349663232,39141376,10838016,310304768,93900800,4952064,3993600,305532928,15712256,134160384,206131200,67854336,9596928,199372800,104079360,331837440,35684352,9596928,289935360,82452480,4055040,2568192,295612416,14598144,35819520,0,0,0,0,0,0,0,0,0,0,0,0,0,0,0,207966208,74014720,10297344,424910848,107995136,334446592,38944768,10444800,294072320,92233728,4796416,2916352,297701376,15446016,40296448,189177856,70500352,10297344,211615744,107995136,334446592,37593088,10444800,294072320,89260032,4796416,2916352,297701376,15446016,37593088,1073741824,1073741824,314572800,0,1073741824,1073741824,1073741824,314572800,1073741824,0,0,0,1073741824,314572800,2147483648,10.082432192873604,0,4.412265573461501,0,0,13.159170221015897,36532.529693316785,0,18619.357773379823,0,0,38998.06126405583,10.082432192873604,0,4.412265573461501,0,0,13.159170221015897,36532.529693316785,0,18619.357773379823,0,0,38998.06126405583,103.690079319462,43.889313757125954,491.4537479593242,21.22319087425203,33.968298597687415,39.14302751512054,11.625,61.35621813914255,54.89158463573783,96.97661152310324,0,0,0,0,0,0,0,0,0,0,119260.14484423496,105391.5330578102,1583019.9642021202,100715.69440398017,332385.70625241625,551590.1482238692,2091.05,9169.600616129386,598950.1760208085,124776.70931464428,0,0,0,0,0,0,0,0,0,0,123.51994482124381,36.38924115306013,481.1077673531205,28.977387328836194,47.745404702491825,54.51912428656614,10.05,73.95386364469871,74.46689239186492,130.04237633444706,0,0,0,0,0,0,0,0,0,0,24828.71594436142,5883.839009481967,147381.6604708798,5991.932049931645,12495.870382736442,6687.345600136297,1918.4750000000001,10553.617926431216,17754.55748144494,24632.222312769944,0,0,0,0,0,0,0,0,0,0,22,18,38,2,2,2,2,32,0,0,0,0,0.00871590909090909,0.0030779944289693593,0.03137480798771121,0.016320224719101124,0.0014405797101449274,0.003,0.0030813559322033896,0.0032262879152623975,0.02210729312762973,0.004740389972144847,0.073585237258348,0.024612359550561794,0.0042881159420289855,0.0046,0.004746440677966101,0.0050829694323144105,0.024363604488078536,0.004948189415041783,0.0871880492091388,0.04218749999999993,0.004644057971014493,0.0048,0.00495457627118644,0.007606986899563318,0.06750000000000016,0.009053947368421083,0.09807029876977151,0.08602272727272728,0.004928811594202899,0.00496,0.009961111111111117,0.009626200873362441,0.4575407608695652,0.3760416666666666,0.3862676056338028,0.4594686648501362,0.877016129032258,0.375,0.4585597826086956,0.48909883720930225,2.181435643564357,2.1643000000000003,0.49528169014084505,2.1280241935483875,2.125609756097561,0.475,2.125609756097561,2.1920071047957372,2.3407178217821785,2.3321499999999995,0.6976562499999993,2.314012096774193,2.3128048780487807,0.4875,2.3128048780487807,2.3460035523978684,2.468143564356436,2.4664300000000003,0.9395312499999996,2.462802419354839,2.4625609756097564,0.4975,2.4625609756097564,2.4692007104795732,396.38655462184005,396.78991596639025,396.52100840336925,392.672268907555,396.689075630254,82970090.48739496,19313431.663865544,0,25797296.403361343,90131826.01680672,3466508339.630252,2666202740.168067,558586320.6722689,4427659590.991596,3601332757.5126047,0,0,0,0,0,15.663865546218487,2.0672268907563023,4.873949579831932,0.8067226890756303,16.941176470588236,0,0,0,0,0,62283.294117647056,19499.025210084033,990939.4285714285,38128.94117647059,74579.89915966387,1578.0504201680671,267.4117647058824,2830.7899159663866,1748.8739495798318,455.34453781512605,1781.4957983193276,378.4033613445378,1911.764705882353,2133.0420168067226,559.126050420168,0,0,0,0,0,0,0,0,0,0,0,0,0,0,0,0,0,0,0,0
1693106149,0.8054847894500219,0.31022868285764915,0.15800284405119303,0.061350947872144686,1.7922161223989288,0.4221784407542921,0.2827254735651682,0.16928780619931943,0.1548021849222673,0.07031359864997846,0,0.15031189718666244,0.11999681020733666,0.5771635617404693,0.24234199302055082,9.531229937809076,5.425321986349937,0.9325314362458533,0.47787334914824575,11.130116818533404,3.3222986590808565,0.3575845019319572,0.6287954309221111,1.842238598819086,1.0601517601837522,0,0.3049322419019464,2.985771433291815,2.9556577612466732,1.0576744692710347,8.16724112093511,5.118773267151215,1.1376204771685898,0.42945663510501236,9.413851000811205,2.472759438703705,0.30628592969559915,0.40629073487836637,1.7028240341449457,0.7734495851497684,0,0.15031189718666244,2.6399298245614045,1.5070381889890012,0.6785575804575412,50000,100000,50000,50000,50000,50000,10000,50000,50000,20000,50000,0,3514368,0,220594176,0,0,1486848,0,0,2973696,0,0,0,0,2568192,2790.386632698936,4.387519943272469,0,4.0491625595615455,222.8762238949573,575.8513931888546,0,0,229.15146288064747,3.0937983405990725,0,0,431.62852631578954,2.116266393048386,14.395114385420705,0,0,0,0,0,0,0,0,0,0,0,0,0,0,0,224342016,74260480,10682368,439984128,111390720,349663232,39141376,10838016,310304768,93900800,4952064,3993600,305532928,15712256,134160384,206131200,67854336,9596928,199372800,104079360,331837440,35684352,9596928,289935360,82452480,4055040,2568192,295612416,14598144,35819520,0,0,0,0,0,0,0,0,0,0,0,0,0,0,0,207966208,74014720,10297344,424910848,107995136,334446592,38944768,10444800,294072320,92233728,4796416,2916352,297701376,15446016,40296448,189177856,70500352,10297344,211615744,107995136,334446592,37593088,10444800,294072320,89260032,4796416,2916352,297701376,15446016,37593088,1073741824,1073741824,314572800,0,1073741824,1073741824,1073741824,314572800,1073741824,0,0,0,1073741824,314572800,2147483648,10.082432192873604,0,5.159739892564319,0,0,13.159170221015897,36532.529693316785,0,21773.63113749882,0,0,38998.06126405583,10.082432192873604,0,5.159739892564319,0,0,13.159170221015897,36532.529693316785,0,21773.63113749882,0,0,38998.06126405583,103.690079319462,43.039577282994514,489.3044037090308,21.22319087425203,33.968298597687415,39.14302751512054,11.625,61.35621813914255,54.89158463573783,96.97661152310324,0,0,0,0,0,0,0,0,0,0,119260.14484423496,103351.05846302777,1578541.1451479634,100715.69440398017,332385.70625241625,551590.1482238692,2091.05,9169.600616129386,598950.1760208085,124776.70931464428,0,0,0,0,0,0,0,0,0,0,123.51994482124381,35.68471281058406,478.7159163937938,28.977387328836194,47.745404702491825,54.51912428656614,10.05,73.95386364469871,74.46689239186492,130.04237633444706,0,0,0,0,0,0,0,0,0,0,24828.71594436142,5769.9226096507555,148320.53126051964,5991.932049931645,12495.870382736442,6687.345600136297,1918.4750000000001,10553.617926431216,17754.55748144494,24632.222312769944,0,0,0,0,0,0,0,0,0,0,30,16,46,16,18,2,18,102,0,0,0,0,0.00871590909090909,0.0030779944289693593,0.03137480798771121,0.016320224719101124,0.0014405797101449274,0.003,0.0030813559322033896,0.0032262879152623975,0.02210729312762973,0.004740389972144847,0.073585237258348,0.024612359550561794,0.0042881159420289855,0.0046,0.004746440677966101,0.0050829694323144105,0.024363604488078536,0.004948189415041783,0.0871880492091388,0.04218749999999993,0.004644057971014493,0.0048,0.00495457627118644,0.007606986899563318,0.06750000000000016,0.009053947368421083,0.09807029876977151,0.08602272727272728,0.004928811594202899,0.00496,0.009961111111111117,0.009626200873362441,0.4575407608695652,0.3760416666666666,0.3862676056338028,0.4594686648501362,0.877016129032258,0.375,0.4585597826086956,0.48909883720930225,2.181435643564357,2.1643000000000003,0.49528169014084505,2.1280241935483875,2.125609756097561,0.475,2.125609756097561,2.1920071047957372,2.3407178217821785,2.3321499999999995,0.6976562499999993,2.314012096774193,2.3128048780487807,0.4875,2.3128048780487807,2.3460035523978684,2.468143564356436,2.4664300000000003,0.9395312499999996,2.462802419354839,2.4625609756097564,0.4975,2.4625609756097564,2.4692007104795732,396.4537815125906,396.82352941176345,396.60504201680016,392.7394957983185,396.8067226890844,82970090.48739496,19313431.663865544,0,25797296.403361343,90131826.01680672,3608008686.789916,2609485256.067227,558592103.2605041,4427691464.067226,3757925866.487395,0,0,0,0,0,14.907563025210083,2.0672268907563023,4.873949579831932,0.8067226890756303,16.80672268907563,0,0,0,0,0,56672.80672268907,19499.025210084033,990939.4285714285,38128.94117647059,74201.27731092437,1569.1932773109245,265.34453781512605,2829.0588235294117,1734.638655462185,451.96638655462186,1772.890756302521,376.2689075630252,1909.7142857142856,2119.159663865546,555.6638655462184,0,0,0,0,0,0,0,0,0,0,0,0,0,0,0,0,0,0,0,0
1693106150,0.8054847894500219,0.31022868285764915,0.15800284405119303,0.061350947872144686,1.7922161223989288,0.4221784407542921,0.2827254735651682,0.17906706061419994,0.1548021849222673,0.07031359864997846,0,0.15031189718666244,0.12238915470494428,0.5648771915142894,0.24234199302055082,9.531229937809076,5.425321986349937,0.9325314362458533,0.47787334914824575,11.130116818533404,3.3222986590808565,0.3575845019319572,0.6375758751902588,1.842238598819086,1.0601517601837522,0,0.3049322419019464,3.0452979644321654,2.837064105192686,1.0576744692710347,8.16724112093511,5.118773267151215,1.1376204771685898,0.42945663510501236,9.413851000811205,2.472759438703705,0.30628592969559915,0.42528426895872445,1.7028240341449457,0.7734495851497684,0,0.15031189718666244,2.6925614035087726,1.4435750449809623,0.6785575804575412,50000,100000,50000,50000,50000,50000,10000,50000,50000,20000,50000,0,3514368,0,220594176,0,0,1486848,0,0,2973696,0,0,0,0,2568192,2790.386632698936,4.387519943272469,0,4.0491625595615455,222.8762238949573,575.8513931888546,0,0,229.15146288064747,3.0937983405990725,0,0,440.2337894736842,1.380810912590485,14.395114385420705,0,0,0,0,0,0,0,0,0,0,0,0,0,0,0,224342016,74260480,10682368,439984128,111390720,349663232,39141376,10838016,310304768,93900800,4952064,3993600,305532928,15724544,134160384,206131200,67854336,9596928,199372800,104079360,331837440,35684352,9596928,289935360,82452480,4055040,2568192,295612416,14598144,35819520,0,0,0,0,0,0,0,0,0,0,0,0,0,0,0,207966208,74014720,10297344,424910848,107995136,334446592,38944768,10444800,294072320,92233728,4796416,2916352,297701376,15470592,40296448,189177856,70500352,10297344,211615744,107995136,334446592,37593088,10444800,294072320,89260032,4796416,2916352,297701376,15470592,37593088,1073741824,1073741824,314572800,0,1073741824,1073741824,1073741824,314572800,1073741824,0,0,0,1073741824,314572800,2147483648,10.082432192873604,0,5.159739892564319,0,0,13.159170221015897,36532.529693316785,0,21773.63113749882,0,0,38998.06126405583,10.082432192873604,0,5.159739892564319,0,0,13.159170221015897,36532.529693316785,0,21773.63113749882,0,0,38998.06126405583,103.690079319462,50.73138181115775,407.0529244757194,21.061839714689462,27.195035787590125,39.14302751512054,17.377427076868514,61.35621813914255,54.89158463573783,96.97661152310324,0,0,0,0,0,0,0,0,0,0,119260.14484423496,121233.16417019335,1324152.7784357897,99955.5043402194,265199.2371296247,551590.1482238692,3152.008156751485,9169.600616129386,598950.1760208085,124776.70931464428,0,0,0,0,0,0,0,0,0,0,123.51994482124381,41.88104728958506,396.4626442787803,28.71610255029945,37.9271763474437,54.51912428656614,15.205248692259952,73.95386364469871,74.46689239186492,130.04237633444706,0,0,0,0,0,0,0,0,0,0,24828.71594436142,6758.723023161889,121988.30639839136,5864.3092658636715,10090.42107169798,6687.345600136297,2890.0611756361377,10553.617926431216,17754.55748144494,24632.222312769944,0,0,0,0,0,0,0,0,0,0,44,26,40,6,10,2,10,58,0,0,0,0,0.00871590909090909,0.0030779944289693593,0.03137480798771121,0.016320224719101124,0.0014405797101449274,0.003,0.0030813559322033896,0.003233687405159332,0.02210729312762973,0.004740389972144847,0.073585237258348,0.024612359550561794,0.0042881159420289855,0.0046,0.004746440677966101,0.005226666666666656,0.024363604488078536,0.004948189415041783,0.0871880492091388,0.04218749999999993,0.004644057971014493,0.0048,0.00495457627118644,0.007679999999999995,0.06750000000000016,0.009053947368421083,0.09807029876977151,0.08602272727272728,0.004928811594202899,0.00496,0.009961111111111117,0.009642666666666664,0.4575407608695652,0.3760416666666666,0.3862676056338028,0.4594686648501362,0.877016129032258,0.375,0.4585597826086956,0.47181551976573927,2.181435643564357,2.1643000000000003,0.49528169014084505,2.1280241935483875,2.125609756097561,0.475,2.125609756097561,2.1775073028237584,2.3407178217821785,2.3321499999999995,0.6976562499999993,2.314012096774193,2.3128048780487807,0.4875,2.3128048780487807,2.338753651411879,2.468143564356436,2.4664300000000003,0.9395312499999996,2.462802419354839,2.4625609756097564,0.4975,2.4625609756097564,2.467750730282376,396.521008403377,396.890756302527,396.50420168068604,392.6554621848617,396.7226890756268,82969883.96638656,19313431.663865544,0,25797296.403361343,90131826.01680672,3678753766.1848736,2552770938.6218486,558598918.4537815,4335575177.680672,3757975982.2521005,0,0,0,0,0,15.697478991596638,2.0168067226890756,4.873949579831932,0.8067226890756303,16.823529411764707,0,0,0,0,0,62988.907563025205,19189.243697478993,990939.4285714285,38128.94117647059,74295.93277310923,1573.781512605042,267.39495798319325,2832.5378151260506,1739.1428571428573,453.37815126050424,1777.126050420168,378.21848739495795,1912.4033613445379,2122.621848739496,556.9243697478992,0,0,0,0,0,0,0,0,0,0,0,0,0,0,0,0,0,0,0,0
1693106151,0.8054847894500219,0.31022868285764915,0.15800284405119303,0.04405480417639547,1.9475312177798163,0.3753419432619565,0.2827254735651682,0.17906706061419994,0.1548021849222673,0.07031359864997846,0,0.15031189718666244,0.14354066985645947,0.5648771915142894,0.24234199302055082,9.531229937809076,5.425321986349937,0.9325314362458533,0.46238162474117805,10.61290153224883,2.6464684240889698,0.3575845019319572,0.6375758751902588,1.842238598819086,1.0601517601837522,0,0.3049322419019464,3.571591868421055,2.837064105192686,1.0576744692710347,8.16724112093511,5.118773267151215,1.1376204771685898,0.4185206396757574,9.136212624584712,2.037570549136354,0.30628592969559915,0.42528426895872445,1.7028240341449457,0.7734495851497684,0,0.15031189718666244,3.157894736842106,1.4435750449809623,0.6785575804575412,50000,100000,50000,50000,50000,50000,10000,50000,50000,20000,50000,0,3514368,0,220594176,0,0,1486848,0,0,2973696,0,0,0,0,2568192,2790.386632698936,4.387519943272469,0,2.9076170756420985,249.51311719555505,392.82215376244284,0,0,229.15146288064747,3.0937983405990725,0,0,516.3157894736843,1.380810912590485,14.395114385420705,0,0,0,0,0,0,0,0,0,0,0,0,0,0,0,224342016,74260480,10682368,439984128,111390720,349663232,39141376,10838016,310304768,93900800,4952064,3993600,305532928,15724544,134160384,206131200,67854336,9596928,199372800,104079360,331837440,35684352,9596928,289935360,82452480,4055040,2568192,295612416,14598144,35819520,0,0,0,0,0,0,0,0,0,0,0,0,0,0,0,207966208,74014720,10297344,424910848,107995136,334446592,38944768,10444800,294072320,92233728,4796416,2916352,297701376,15470592,40296448,189177856,70500352,10297344,211615744,107995136,334446592,37593088,10444800,294072320,89260032,4796416,2916352,297701376,15470592,37593088,1073741824,1073741824,314572800,0,1073741824,1073741824,1073741824,314572800,1073741824,0,0,0,1073741824,314572800,2147483648,10.082432192873604,0,5.159739892564319,0,0,13.159170221015897,36532.529693316785,0,21773.63113749882,0,0,38998.06126405583,10.082432192873604,0,5.159739892564319,0,0,13.159170221015897,36532.529693316785,0,21773.63113749882,0,0,38998.06126405583,103.690079319462,50.73138181115774,415.13137497387305,21.13998037458936,27.767374085574446,39.14302751512054,17.377427076868514,61.35621813914255,54.89158463573783,98.27700066038301,0,0,0,0,0,0,0,0,0,0,119260.14484423496,121233.16417019334,1350432.1687297274,99085.39186825376,270780.53811378346,551590.1482238692,3152.008156751485,9169.600616129386,598950.1760208085,126056.22260911328,0,0,0,0,0,0,0,0,0,0,123.51994482124381,41.881047289585055,404.3309180426856,28.883484790306756,38.72537995076283,54.51912428656614,15.205248692259952,73.95386364469871,74.46689239186492,130.93594284685116,0,0,0,0,0,0,0,0,0,0,24828.71594436142,6758.723023161887,124409.30975038126,5947.032723239046,10302.780947493991,6687.345600136297,2890.0611756361377,10553.617926431216,17754.55748144494,24730.863901062614,0,0,0,0,0,0,0,0,0,0,28,38,64,8,8,2,10,56,0,0,0,0,0.00871590909090909,0.0030779944289693593,0.03137480798771121,0.016320224719101124,0.0014405797101449274,0.003,0.0030813559322033896,0.003225024248302619,0.02210729312762973,0.004740389972144847,0.073585237258348,0.024612359550561794,0.0042881159420289855,0.0046,0.004746440677966101,0.005057522123893805,0.024363604488078536,0.004948189415041783,0.0871880492091388,0.04218749999999993,0.004644057971014493,0.0048,0.00495457627118644,0.007595132743362827,0.06750000000000016,0.009053947368421083,0.09807029876977151,0.08602272727272728,0.004928811594202899,0.00496,0.009961111111111117,0.009625221238938048,0.4575407608695652,0.3760416666666666,0.3862676056338028,0.4594686648501362,0.877016129032258,0.375,0.4585597826086956,0.485828488372093,2.181435643564357,2.1643000000000003,0.49528169014084505,2.1280241935483875,2.125609756097561,0.475,2.125609756097561,2.189440433212996,2.3407178217821785,2.3321499999999995,0.6976562499999993,2.314012096774193,2.3128048780487807,0.4875,2.3128048780487807,2.344720216606498,2.468143564356436,2.4664300000000003,0.9395312499999996,2.462802419354839,2.4625609756097564,0.4975,2.4625609756097564,2.4689440433212995,396.4705882353133,396.80672268907597,396.48739495797287,392.7899159663804,396.7731092436749,82969883.96638656,19313431.663865544,0,25797296.403361343,90131826.01680672,3678712530.8235292,2609468390.184874,558619088.6722689,4519951557.915966,3914579141.915966,0,0,0,0,0,15.76470588235294,2.0168067226890756,4.873949579831932,0.7394957983193277,16.907563025210084,0,0,0,0,0,63117.98319327731,19189.243697478993,990939.4285714285,37922.42016806723,74571.29411764705,1577.344537815126,267.3781512605042,2829.8991596638652,1750.9747899159663,455.4117647058823,1780.7563025210084,378.218487394958,1909.3781512605042,2135.2773109243694,559.0420168067227,0,0,0,0,0,0,0,0,0,0,0,0,0,0,0,0,0,0,0,0
1693106152,0.8054847894500219,0.31022868285764915,0.15800284405119303,0.04405480417639547,1.9475312177798163,0.4481003744838834,0.2827254735651682,0.17906706061419994,0.15948398072015893,0.07031359864997846,0,0.15031189718666244,0.14354066985645947,0.5648771915142894,0.24234199302055082,9.531229937809076,5.425321986349937,0.9325314362458533,0.46238162474117805,10.61290153224883,3.1594750152033906,0.3575845019319572,0.6375758751902588,1.88113310533031,1.0601517601837522,0,0.3049322419019464,3.571591868421055,2.837064105192686,1.0576744692710347,8.16724112093511,5.118773267151215,1.1376204771685898,0.4185206396757574,9.136212624584712,2.432544890055389,0.30628592969559915,0.42528426895872445,1.7188829033172648,0.7734495851497684,0,0.15031189718666244,3.157894736842106,1.4435750449809623,0.6785575804575412,50000,100000,50000,50000,50000,50000,10000,50000,50000,20000,50000,0,3514368,0,220594176,0,0,1486848,0,0,2973696,0,0,0,0,2568192,2790.386632698936,4.387519943272469,0,2.9076170756420985,249.51311719555505,468.96904906699103,0,0,256.131273036575,3.0937983405990725,0,0,516.3157894736843,1.380810912590485,14.395114385420705,0,0,0,0,0,0,0,0,0,0,0,0,0,0,0,224342016,74260480,10682368,439984128,111390720,349663232,39141376,10838016,310304768,93900800,4952064,3993600,305532928,15724544,134160384,206131200,67854336,9596928,199372800,104079360,331837440,35684352,9596928,290070528,82452480,4055040,2568192,295612416,14598144,35819520,0,0,0,0,0,0,0,0,0,0,0,0,0,0,0,207966208,74014720,10297344,424910848,107995136,334446592,38944768,10444800,294359040,92233728,4796416,2916352,297701376,15470592,40296448,189177856,70500352,10297344,211615744,107995136,334446592,37593088,10444800,294359040,89260032,4796416,2916352,297701376,15470592,37593088,1073741824,1073741824,314572800,0,1073741824,1073741824,1073741824,314572800,1073741824,0,0,0,1073741824,314572800,2147483648,10.082432192873604,0,5.159739892564319,0,0,13.159170221015897,36532.529693316785,0,21773.63113749882,0,0,38998.06126405583,10.082432192873604,0,5.159739892564319,0,0,13.159170221015897,36532.529693316785,0,21773.63113749882,0,0,38998.06126405583,103.83555398992932,50.73138181115774,484.7070298892218,21.13998037458936,28.33971238355876,39.14302751512054,17.377427076868514,61.35621813914255,54.89158463573783,98.27700066038301,0,0,0,0,0,0,0,0,0,0,119492.07401728173,121233.16417019334,1576763.4176362667,99085.39186825376,276361.8390979422,551590.1482238692,3152.008156751485,9169.600616129386,598950.1760208085,126056.22260911328,0,0,0,0,0,0,0,0,0,0,123.70749497503056,41.881047289585055,472.0964258343204,28.883484790306756,39.523583554081945,54.51912428656614,15.205248692259952,73.95386364469871,74.46689239186492,130.93594284685116,0,0,0,0,0,0,0,0,0,0,24794.753310263368,6758.723023161887,145260.20111939433,5947.032723239046,10515.140823290001,6687.345600136297,2890.0611756361377,10553.617926431216,17754.55748144494,24730.863901062614,0,0,0,0,0,0,0,0,0,0,50,14,54,10,12,2,10,78,0,0,0,0,0.008708715596330276,0.003076208178438662,0.03135593220338983,0.01630410022779043,0.0015209580838323356,0.003,0.00307843137254902,0.0032203307392996107,0.02209507042253521,0.004737174721189591,0.07326750448833035,0.02462756264236902,0.004304191616766467,0.0046,0.004741176470588236,0.0049965953307393,0.024350352112676048,0.004944795539033457,0.08703770197486531,0.04245535714285711,0.004652095808383233,0.0048,0.004949019607843138,0.007548185941043082,0.06664062499999983,0.009031081081081091,0.09805385996409335,0.08615909090909096,0.004930419161676647,0.00496,0.026062499999999603,0.00961848072562358,0.4613013698630137,0.3739583333333334,0.38647686832740213,0.45913461538461536,0.8683673469387755,0.375,0.4552816901408451,0.4878294289897511,2.1832344213649852,2.16355421686747,0.4956583629893239,2.127142857142857,2.114380530973451,0.475,2.1164473684210523,2.1909972924187726,2.3416172106824926,2.3317771084337346,0.702713178294573,2.3135714285714286,2.3071902654867253,0.4875,2.3082236842105264,2.345498646209386,2.468323442136499,2.466355421686747,0.9405426356589146,2.462714285714286,2.461438053097345,0.4975,2.461644736842105,2.469099729241877,396.68907563026266,396.8235294117547,396.50420168065966,392.78991596638224,396.924369747907,82969883.96638656,19313431.663865544,0,25797296.403361343,90131826.01680672,3678663860.705882,2552751043.7647057,558619364.0336134,4335647460.033613,3914623475.092437,0,0,0,0,0,15.76470588235294,2.084033613445378,4.873949579831932,0.7394957983193277,16.823529411764707,0,0,0,0,0,63109.3781512605,19894.85714285714,990939.4285714285,37922.42016806723,74330.35294117646,1585.0588235294117,267.74789915966386,2832,1747.0252100840335,454.2016806722689,1787.8487394957983,378.5882352941177,1909.8991596638657,2130.873949579832,557.8319327731092,0,0,0,0,0,0,0,0,0,0,0,0,0,0,0,0,0,0,0,0
1693106153,0.7427137222762897,0.34309653653075217,0.15800284405119303,0.04405480417639547,1.9475312177798163,0.43090740026761504,0.2827254735651682,0.17906706061419994,0.15948398072015893,0.07031359864997846,0,0.17216972108505177,0.14354066985645947,0.5648771915142894,0.24234199302055082,10.54616732571837,5.649174558488931,0.9325314362458533,0.46238162474117805,10.612901532248832,3.4340150182568725,0.3575845019319572,0.6375758751902588,1.88113310533031,1.0601517601837522,0,0.30421310976776206,3.571591868421055,2.837064105192686,1.0576744692710347,9.219894483429805,5.146448047961283,1.1376204771685898,0.4185206396757574,9.136212624584712,2.7215204227428456,0.30628592969559915,0.42528426895872445,1.7188829033172648,0.7734495851497684,0,0.11477981405670133,3.157894736842106,1.4435750449809623,0.6785575804575412,50000,100000,50000,50000,50000,50000,10000,50000,50000,20000,50000,0,3649536,0,220594176,0,0,1486848,0,0,2973696,0,0,0,0,2568192,3318.0863596783283,5.959045108165697,0,2.9076170756420985,249.51311719555508,552.3325697956592,0,0,256.131273036575,3.0937983405990725,0,0,516.3157894736843,1.380810912590485,14.395114385420705,0,0,0,0,0,0,0,0,0,0,0,0,0,0,0,224342016,74665984,10682368,439984128,111390720,349663232,39141376,10838016,310304768,93900800,4952064,3993600,305532928,15724544,134160384,206131200,68124672,9596928,199372800,104079360,330620928,35684352,9596928,290070528,82452480,4055040,2568192,295612416,14598144,35819520,0,0,0,0,0,0,0,0,0,0,0,0,0,0,0,207966208,74416128,10297344,424910848,107995136,333377536,38944768,10444800,294359040,92233728,4796416,2916352,297701376,15470592,40296448,189177856,70766592,10297344,211615744,107995136,333377536,37593088,10444800,294359040,89260032,4796416,2916352,297701376,15470592,37593088,1073741824,1073741824,314572800,0,1073741824,1073741824,1073741824,314572800,1073741824,0,0,0,1073741824,314572800,2147483648,10.852685181841164,0,5.159739892564319,0,0,13.159170221015897,42131.965762577194,0,21773.63113749882,0,0,38998.06126405583,10.852685181841164,0,5.159739892564319,0,0,13.159170221015897,42131.965762577194,0,21773.63113749882,0,0,38998.06126405583,103.83555398992932,42.43603623839473,484.7070298892218,21.13998037458936,28.91205068154308,39.14302751512054,17.377427076868514,60.8109641260693,54.89158463573783,96.7741935483871,0,0,0,0,0,0,0,0,0,0,119492.07401728173,100281.02931854632,1576763.4176362667,99085.39186825376,281943.140082101,551590.1482238692,3152.008156751485,9083.59238501509,598950.1760208085,124887.70541692029,0,0,0,0,0,0,0,0,0,0,123.70749497503056,34.817170902922975,472.0964258343204,28.883484790306756,40.321787157401076,54.51912428656614,15.205248692259952,73.44966077465908,74.46689239186492,129.74958699243547,0,0,0,0,0,0,0,0,0,0,24794.753310263368,5638.81616599911,145260.20111939433,5947.032723239046,10727.500699086015,6687.345600136297,2890.0611756361377,10456.399900161105,17754.55748144494,24541.887661942445,0,0,0,0,0,0,0,0,0,0,36,22,58,8,6,2,6,82,0,0,0,0,0.008708715596330276,0.003076208178438662,0.03135593220338983,0.01630410022779043,0.0014593023255813956,0.003,0.003078231292517006,0.0032203307392996107,0.02209507042253521,0.004737174721189591,0.07326750448833035,0.02462756264236902,0.0042918604651162795,0.0046,0.004740816326530611,0.0049965953307393,0.024350352112676048,0.004944795539033457,0.08703770197486531,0.04245535714285711,0.00464593023255814,0.0048,0.004948639455782312,0.007548185941043082,0.06664062499999983,0.009031081081081091,0.09805385996409335,0.08615909090909096,0.004929186046511628,0.00496,0.009967647058823524,0.00961848072562358,0.4613013698630137,0.3739583333333334,0.38647686832740213,0.45913461538461536,0.8765306122448979,0.375,0.45924657534246577,0.4878294289897511,2.1832344213649852,2.16355421686747,0.4956583629893239,2.127142857142857,2.1256147540983608,0.475,2.127439024390244,2.1909972924187726,2.3416172106824926,2.3317771084337346,0.702713178294573,2.3135714285714286,2.31280737704918,0.4875,2.3137195121951217,2.345498646209386,2.468323442136499,2.466355421686747,0.9405426356589146,2.462714285714286,2.462561475409836,0.4975,2.462743902439024,2.469099729241877,396.60504201680305,396.87394957983753,396.4537815125832,392.8907563025185,396.7731092436822,82969883.96638656,19313431.663865544,0,25797296.403361343,90131826.01680672,3678629165.1764703,2609444089.5462184,615057218.6890756,4427880017.747899,3836384505.5462184,0,0,0,0,0,15.88235294117647,2.084033613445378,4.9075630252100835,0.8067226890756303,17.04201680672269,0,0,0,0,0,63513.81512605042,19894.85714285714,991145.9495798319,38206.386554621844,75070.38655462184,1592.3193277310925,267.7647058823529,2830.3865546218485,1767.9159663865548,458.2016806722689,1795.3613445378153,378.5546218487395,1908.7899159663866,2152.2184873949577,561.8823529411765,0,0,0,0,0,0,0,0,0,0,0,0,0,0,0,0,0,0,0,0
1693106154,0.7427137222762897,0.34309653653075217,0.16549441456350863,0.04405480417639547,1.9475312177798163,0.43090740026761504,0.2827254735651682,0.17906706061419994,0.15948398072015893,0.07031359864997846,0,0.17216972108505177,0.14354066985645947,0.5648771915142894,0.24234199302055082,10.54616732571837,5.649174558488931,0.9412188105088959,0.46238162474117805,10.612901532248832,3.4340150182568725,0.3575845019319572,0.6375758751902588,1.88113310533031,1.0601517601837522,0,0.30421310976776206,3.571591868421055,2.837064105192686,1.0576744692710347,9.219894483429805,5.146448047961283,1.1377741001241222,0.4185206396757574,9.136212624584712,2.7215204227428456,0.30628592969559915,0.42528426895872445,1.7188829033172648,0.7734495851497684,0,0.11477981405670133,3.157894736842106,1.4435750449809623,0.6785575804575412,50000,100000,50000,50000,50000,50000,10000,50000,50000,20000,50000,0,3649536,0,220594176,0,0,1486848,0,0,2973696,0,0,0,0,2568192,3318.0863596783283,5.959045108165697,1.365328920148945,2.9076170756420985,249.51311719555508,552.3325697956592,0,0,256.131273036575,3.0937983405990725,0,0,516.3157894736843,1.380810912590485,14.395114385420705,0,0,0,0,0,0,0,0,0,0,0,0,0,0,0,224342016,74665984,10682368,439984128,111390720,349663232,39141376,10838016,310304768,93900800,4952064,3993600,305532928,15724544,134160384,206131200,68124672,9596928,199372800,104079360,330620928,35684352,9596928,290070528,82452480,4055040,2568192,295612416,14598144,35819520,0,0,0,0,0,0,0,0,0,0,0,0,0,0,0,207966208,74416128,10313728,424910848,107995136,333377536,38944768,10444800,294359040,92233728,4796416,2916352,297701376,15470592,40296448,189177856,70766592,10313728,211615744,107995136,333377536,37593088,10444800,294359040,89260032,4796416,2916352,297701376,15470592,37593088,1073741824,1073741824,314572800,0,1073741824,1073741824,1073741824,314572800,1073741824,0,0,0,1073741824,314572800,2147483648,10.852685181841164,0,5.159739892564319,0,0,13.159170221015897,42131.965762577194,0,21773.63113749882,0,0,38998.06126405583,10.852685181841164,0,5.159739892564319,0,0,13.159170221015897,42131.965762577194,0,21773.63113749882,0,0,38998.06126405583,103.83555398992932,43.28958520515125,484.7070298892218,21.13998037458936,29.48438897952739,39.14302751512054,17.377427076868514,60.8109641260693,54.89158463573783,96.7741935483871,0,0,0,0,0,0,0,0,0,0,119492.07401728173,102298.05957272172,1576763.4176362667,99085.39186825376,287524.44106625963,551590.1482238692,3152.008156751485,9083.59238501509,598950.1760208085,124887.70541692029,0,0,0,0,0,0,0,0,0,0,123.70749497503056,35.51747571185061,472.0964258343204,28.883484790306756,41.11999076072019,54.51912428656614,15.205248692259952,73.44966077465908,74.46689239186492,129.74958699243547,0,0,0,0,0,0,0,0,0,0,24794.753310263368,5752.234056519805,145260.20111939433,5947.032723239046,10939.860574882023,6687.345600136297,2890.0611756361377,10456.399900161105,17754.55748144494,24541.887661942445,0,0,0,0,0,0,0,0,0,0,44,22,58,24,22,2,24,130,0,0,0,0,0.008708715596330276,0.003076208178438662,0.03135593220338983,0.01630410022779043,0.0014593023255813956,0.003,0.003078231292517006,0.0032203307392996107,0.02209507042253521,0.004737174721189591,0.07326750448833035,0.02462756264236902,0.0042918604651162795,0.0046,0.004740816326530611,0.0049965953307393,0.024350352112676048,0.004944795539033457,0.08703770197486531,0.04245535714285711,0.00464593023255814,0.0048,0.004948639455782312,0.007548185941043082,0.06664062499999983,0.009031081081081091,0.09805385996409335,0.08615909090909096,0.004929186046511628,0.00496,0.009967647058823524,0.00961848072562358,0.4613013698630137,0.3739583333333334,0.38647686832740213,0.45913461538461536,0.8765306122448979,0.375,0.45924657534246577,0.4878294289897511,2.1832344213649852,2.16355421686747,0.4956583629893239,2.127142857142857,2.1256147540983608,0.475,2.127439024390244,2.1909972924187726,2.3416172106824926,2.3317771084337346,0.702713178294573,2.3135714285714286,2.31280737704918,0.4875,2.3137195121951217,2.345498646209386,2.468323442136499,2.466355421686747,0.9405426356589146,2.462714285714286,2.462561475409836,0.4975,2.462743902439024,2.469099729241877,396.8403361344416,396.90756302521714,396.5042016806665,393.02521008404415,396.82352941175515,82969815.12605041,19313431.663865544,0,25797296.403361343,90131826.01680672,3607892277.7815123,2609448908.3697476,559660092.2352941,4427851999.731092,3836425809.747899,0,0,0,0,0,15.848739495798318,2.084033613445378,4.9075630252100835,0.8067226890756303,16.991596638655462,0,0,0,0,0,63401.94957983193,19894.85714285714,991145.9495798319,38206.386554621844,74889.6806722689,1598.7394957983192,267.8487394957983,2830.890756302521,1770.218487394958,458.2857142857143,1801.7310924369747,378.672268907563,1909.563025210084,2155.0588235294117,562.016806722689,0,0,0,0,0,0,0,0,0,0,0,0,0,0,0,0,0,0,0,0
1693106155,0.7427137222762897,0.34309653653075217,0.16549441456350863,0.04405480417639547,1.9475312177798163,0.43090740026761504,0.2827254735651682,0.17906706061419994,0.15948398072015893,0.07031359864997846,0,0.17216972108505177,0.14354066985645947,0.5648771915142894,0.24234199302055082,10.54616732571837,5.649174558488931,0.9412188105088959,0.46238162474117805,10.612901532248832,3.4340150182568725,0.3575845019319572,0.6375758751902588,1.88113310533031,1.0601517601837522,0,0.30421310976776206,3.571591868421055,2.837064105192686,1.0576744692710347,9.219894483429805,5.146448047961283,1.1377741001241222,0.4185206396757574,9.136212624584712,2.7215204227428456,0.30628592969559915,0.42528426895872445,1.7188829033172648,0.7734495851497684,0,0.11477981405670133,3.157894736842106,1.4435750449809623,0.6785575804575412,50000,100000,50000,50000,50000,50000,10000,50000,50000,20000,50000,0,3649536,0,220594176,0,0,1486848,0,0,2973696,0,0,0,0,2568192,3318.0863596783283,5.959045108165697,1.365328920148945,2.9076170756420985,249.51311719555508,552.3325697956592,0,0,256.131273036575,3.0937983405990725,0,0,516.3157894736843,1.380810912590485,14.395114385420705,0,0,0,0,0,0,0,0,0,0,0,0,0,0,0,224342016,74665984,10682368,439984128,111390720,349663232,39141376,10838016,310304768,93900800,4952064,3993600,305532928,15724544,134160384,206131200,68124672,9596928,199372800,104079360,330620928,35684352,9596928,290070528,82452480,4055040,2568192,295612416,14598144,35819520,0,0,0,0,0,0,0,0,0,0,0,0,0,0,0,207966208,74416128,10313728,424910848,107995136,333377536,38944768,10444800,294359040,92233728,4796416,2916352,297701376,15470592,40296448,189177856,70766592,10313728,211615744,107995136,333377536,37593088,10444800,294359040,89260032,4796416,2916352,297701376,15470592,37593088,1073741824,1073741824,314572800,0,1073741824,1073741824,1073741824,314572800,1073741824,0,0,0,1073741824,314572800,2147483648,10.852685181841164,0,5.159739892564319,0,0,13.159170221015897,42131.965762577194,0,21773.63113749882,0,0,38998.06126405583,10.852685181841164,0,5.159739892564319,0,0,13.159170221015897,42131.965762577194,0,21773.63113749882,0,0,38998.06126405583,103.83555398992932,44.14313417190776,484.7070298892218,21.13998037458936,34.340297879058994,39.14302751512054,17.377427076868514,60.8109641260693,54.89158463573783,96.7741935483871,0,0,0,0,0,0,0,0,0,0,119492.07401728173,104315.08982689709,1576763.4176362667,99085.39186825376,334878.05904952367,551590.1482238692,3152.008156751485,9083.59238501509,598950.1760208085,124887.70541692029,0,0,0,0,0,0,0,0,0,0,123.70749497503056,36.217780520778234,472.0964258343204,28.883484790306756,47.892216199147406,54.51912428656614,15.205248692259952,73.44966077465908,74.46689239186492,129.74958699243547,0,0,0,0,0,0,0,0,0,0,24794.753310263368,5865.651947040499,145260.20111939433,5947.032723239046,12741.592547760643,6687.345600136297,2890.0611756361377,10456.399900161105,17754.55748144494,24541.887661942445,0,0,0,0,0,0,0,0,0,0,54,30,82,6,6,2,4,94,0,0,0,0,0.008708715596330276,0.003076208178438662,0.03135593220338983,0.01630410022779043,0.0014593023255813956,0.003,0.003078231292517006,0.0032272957889396244,0.02209507042253521,0.004737174721189591,0.07326750448833035,0.02462756264236902,0.0042918604651162795,0.0046,0.004740816326530611,0.0051032110091743165,0.024350352112676048,0.004944795539033457,0.08703770197486531,0.04245535714285711,0.00464593023255814,0.0048,0.004948639455782312,0.007620412844036695,0.06664062499999983,0.009031081081081091,0.09805385996409335,0.08615909090909096,0.004929186046511628,0.00496,0.009967647058823524,0.009634174311926603,0.4613013698630137,0.3739583333333334,0.38647686832740213,0.45913461538461536,0.8765306122448979,0.375,0.45924657534246577,0.47345132743362833,2.1832344213649852,2.16355421686747,0.4956583629893239,2.127142857142857,2.1256147540983608,0.475,2.127439024390244,2.1789371038517795,2.3416172106824926,2.3317771084337346,0.702713178294573,2.3135714285714286,2.31280737704918,0.4875,2.3137195121951217,2.3394685519258895,2.468323442136499,2.466355421686747,0.9405426356589146,2.462714285714286,2.462561475409836,0.4975,2.462743902439024,2.4678937103851775,396.7731092437149,396.8739495798353,396.5546218487399,392.9243697479009,397.00840336134115,82969815.12605041,19313156.30252101,0,25797296.403361343,90131826.01680672,3678597223.2605042,2609385162.2184873,559654585.0084033,4427886557.579832,3836448320.537815,0,0,0,0,0,15.932773109243696,2.084033613445378,4.9075630252100835,0.8067226890756303,17.04201680672269,0,0,0,0,0,61026.95798319327,19894.85714285714,991145.9495798319,38206.386554621844,74924.10084033613,1602.1008403361343,268,2829.09243697479,1778.1680672268908,459.5462184873949,1805.1596638655458,378.8067226890756,1907.2268907563025,2163.6134453781515,563.2436974789915,0,0,0,0,0,0,0,0,0,0,0,0,0,0,0,0,0,0,0,0
1693106156,0.7427137222762897,0.34309653653075217,0.16549441456350863,0.04405480417639547,1.9475312177798163,0.43090740026761504,0.2827254735651682,0.17906706061419994,0.1275408725770086,0.07031359864997846,0,0.17216972108505177,0.14354066985645947,0.5648771915142894,0.24234199302055082,10.54616732571837,5.649174558488931,0.9412188105088959,0.46238162474117805,10.612901532248832,3.4340150182568725,0.3575845019319572,0.6375758751902588,1.6988485826838824,1.0601517601837522,0,0.30421310976776206,3.571591868421055,2.837064105192686,1.0576744692710347,9.219894483429805,5.146448047961283,1.1377741001241222,0.4185206396757574,9.136212624584712,2.7215204227428456,0.30628592969559915,0.42528426895872445,1.5304904709240994,0.7734495851497684,0,0.11477981405670133,3.157894736842106,1.4435750449809623,0.6785575804575412,50000,100000,50000,50000,50000,50000,10000,50000,50000,20000,50000,0,3649536,0,220594176,0,0,1486848,0,0,2973696,0,0,0,0,2568192,3318.0863596783283,5.959045108165697,1.365328920148945,2.9076170756420985,249.51311719555508,552.3325697956592,0,0,259.54567569421226,3.0937983405990725,0,0,516.3157894736843,1.380810912590485,14.395114385420705,0,0,0,0,0,0,0,0,0,0,0,0,0,0,0,224342016,74665984,10682368,439984128,111390720,349663232,39141376,10838016,310304768,93900800,4952064,3993600,305532928,15724544,134160384,206131200,68124672,9596928,199372800,104079360,330620928,35684352,9596928,290070528,82452480,4055040,2568192,295612416,14598144,35819520,0,0,0,0,0,0,0,0,0,0,0,0,0,0,0,207966208,74416128,10313728,424910848,107995136,333377536,38944768,10444800,294359040,92233728,4796416,2916352,297701376,15470592,40296448,189177856,70766592,10313728,211615744,107995136,333377536,37593088,10444800,294359040,89260032,4796416,2916352,297701376,15470592,37593088,1073741824,1073741824,314572800,0,1073741824,1073741824,1073741824,314572800,1073741824,0,0,0,1073741824,314572800,2147483648,10.852685181841164,0,5.159739892564319,0,0,13.159170221015897,42131.965762577194,0,21773.63113749882,0,0,38998.06126405583,10.852685181841164,0,5.159739892564319,0,0,13.159170221015897,42131.965762577194,0,21773.63113749882,0,0,38998.06126405583,103.83555398992932,51.21293800539083,484.7070298892218,21.13998037458936,34.340297879058994,39.172222703264346,17.377427076868514,60.8109641260693,54.89158463573783,96.7741935483871,0,0,0,0,0,0,0,0,0,0,119492.07401728173,121021.8152505227,1576763.4176362667,99085.39186825376,334878.05904952367,553495.8524547579,3152.008156751485,9083.59238501509,598950.1760208085,124887.70541692029,0,0,0,0,0,0,0,0,0,0,123.70749497503056,42.018288535657604,472.0964258343204,28.883484790306756,47.892216199147406,54.35968482119664,15.205248692259952,73.44966077465908,74.46689239186492,129.74958699243547,0,0,0,0,0,0,0,0,0,0,24794.753310263368,6805.073431241655,145260.20111939433,5947.032723239046,12741.592547760643,6653.632349121135,2890.0611756361377,10456.399900161105,17754.55748144494,24541.887661942445,0,0,0,0,0,0,0,0,0,0,38,12,58,20,18,2,18,104,0,0,0,0,0.008708715596330276,0.003076208178438662,0.03135593220338983,0.01630410022779043,0.0014593023255813956,0.003,0.003078231292517006,0.003218915026404224,0.02209507042253521,0.004737174721189591,0.07326750448833035,0.02462756264236902,0.0042918604651162795,0.0046,0.004740816326530611,0.004994047047527604,0.024350352112676048,0.004944795539033457,0.08703770197486531,0.04245535714285711,0.00464593023255814,0.0048,0.004948639455782312,0.0075326576576576505,0.06664062499999983,0.009031081081081091,0.09805385996409335,0.08615909090909096,0.004929186046511628,0.00496,0.009967647058823524,0.009614639639639641,0.4613013698630137,0.3739583333333334,0.38647686832740213,0.45913461538461536,0.8765306122448979,0.375,0.45924657534246577,0.49304538799414355,2.1832344213649852,2.16355421686747,0.4956583629893239,2.127142857142857,2.1256147540983608,0.475,2.127439024390244,2.194984601847778,2.3416172106824926,2.3317771084337346,0.702713178294573,2.3135714285714286,2.31280737704918,0.4875,2.3137195121951217,2.3474923009238893,2.468323442136499,2.466355421686747,0.9405426356589146,2.462714285714286,2.462561475409836,0.4975,2.462743902439024,2.469498460184778,396.8739495798256,396.85714285714727,396.5210084033697,392.7226890756226,396.857142857132,82969815.12605041,19313431.663865544,0,25797296.403361343,90131826.01680672,3537179140.3025208,2722732290.1512604,559662295.1260504,4427908930.689075,3758195307.563025,0,0,0,0,0,15.781512605042016,2.084033613445378,2.9243697478991595,0.8067226890756303,16.95798319327731,0,0,0,0,0,60588.100840336134,19894.85714285714,532669.3109243697,38206.386554621844,74579.89915966387,1596.100840336134,268.25210084033614,2828.974789915966,1772.1008403361345,457.89915966386553,1799.2436974789916,379.05882352941177,1906.9243697478992,2157.310924369748,561.5462184873949,0,0,0,0,0,0,0,0,0,0,0,0,0,0,0,0,0,0,0,0
1693106157,0.7427137222762897,0.34309653653075217,0.16549441456350863,0.04405480417639547,1.9475312177798163,0.43090740026761504,0.2827254735651682,0.17906706061419994,0.1301128228869286,0.06010523601931242,0,0.17216972108505177,0.14354066985645947,0.5648771915142894,0.24234199302055082,10.54616732571837,5.649174558488931,0.9412188105088959,0.46238162474117805,10.612901532248832,3.4340150182568725,0.3575845019319572,0.6375758751902588,1.7331070447004633,0.9062353938010742,0,0.30421310976776206,3.571591868421055,2.837064105192686,1.0576744692710347,9.219894483429805,5.146448047961283,1.1377741001241222,0.4185206396757574,9.136212624584712,2.7215204227428456,0.30628592969559915,0.42528426895872445,1.5613538746431395,0.6611575962124411,0,0.11477981405670133,3.157894736842106,1.4435750449809623,0.6785575804575412,50000,100000,50000,50000,50000,50000,10000,50000,50000,20000,50000,0,3649536,0,220594176,0,0,1486848,0,0,2973696,0,0,0,0,2568192,3318.0863596783283,5.959045108165697,1.365328920148945,2.9076170756420985,249.51311719555508,552.3325697956592,0,0,264.7795945748995,2.6446303848497634,0,0,516.3157894736843,1.380810912590485,14.395114385420705,0,0,0,0,0,0,0,0,0,0,0,0,0,0,0,224342016,74665984,10682368,439984128,111390720,349663232,39141376,10838016,310304768,93900800,4952064,3993600,305532928,15724544,134160384,206131200,68124672,9596928,199372800,104079360,330620928,35684352,9596928,290070528,82452480,4055040,2568192,295612416,14598144,35819520,0,0,0,0,0,0,0,0,0,0,0,0,0,0,0,207966208,74416128,10313728,424910848,107995136,333377536,38944768,10444800,294359040,92233728,4796416,2916352,297701376,15470592,40296448,189177856,70766592,10313728,211615744,107995136,333377536,37593088,10444800,294359040,89260032,4796416,2916352,297701376,15470592,37593088,1073741824,1073741824,314572800,0,1073741824,1073741824,1073741824,314572800,1073741824,0,0,0,1073741824,314572800,2147483648,10.852685181841164,0,5.159739892564319,0,0,13.159170221015897,42131.965762577194,0,21773.63113749882,0,0,38998.06126405583,10.852685181841164,0,5.159739892564319,0,0,13.159170221015897,42131.965762577194,0,21773.63113749882,0,0,38998.06126405583,103.83555398992932,51.21293800539083,484.7070298892218,21.13998037458936,34.340297879058994,39.172222703264346,17.377427076868514,60.8109641260693,55.129797352558086,96.7741935483871,0,0,0,0,0,0,0,0,0,0,119492.07401728173,121021.8152505227,1576763.4176362667,99085.39186825376,334878.05904952367,553495.8524547579,3152.008156751485,9083.59238501509,600161.2092206101,124887.70541692029,0,0,0,0,0,0,0,0,0,0,123.70749497503056,42.018288535657604,472.0964258343204,28.883484790306756,47.892216199147406,54.35968482119664,15.205248692259952,73.44966077465908,74.9704661799897,129.74958699243547,0,0,0,0,0,0,0,0,0,0,24794.753310263368,6805.073431241655,145260.20111939433,5947.032723239046,12741.592547760643,6653.632349121135,2890.0611756361377,10456.399900161105,17963.10544331021,24541.887661942445,0,0,0,0,0,0,0,0,0,0,30,10,40,6,2,2,4,48,0,0,0,0,0.00868705035971223,0.003076923076923077,0.031381777108433734,0.01632450331125828,0.0014925816023738873,0.003,0.003084656084656085,0.0032161649680018966,0.021983402489626557,0.004738461538461539,0.07284946236559141,0.02456291390728477,0.004298516320474777,0.0046,0.004752380952380953,0.004989096942403413,0.024238589211618256,0.004946153846153847,0.08678315412186378,0.041574074074074104,0.004649258160237389,0.0048,0.004960846560846562,0.007497191011235956,0.06603124999999999,0.009034210526315783,0.09793010752688171,0.08586363636363635,0.004929851632047478,0.00496,0.02556249999999987,0.009598314606741572,0.46024258760107817,0.375,0.38640350877192986,0.45956873315363883,0.8695219123505976,0.375,0.45463988919667586,0.4884076204169662,2.182782101167315,2.164497041420118,0.4955263157894737,2.1282868525896417,2.1145652173913043,0.475,2.1145652173913043,2.1914870215574127,2.3413910505836575,2.332248520710059,0.7009615384615382,2.3141434262948204,2.307282608695652,0.4875,2.307282608695652,2.3457435107787066,2.4682782101167313,2.4664497041420117,0.9401923076923075,2.462828685258964,2.4614565217391307,0.4975,2.4614565217391307,2.469148702155741,396.84033613444853,396.8067226890679,396.52100840336396,392.7899159663698,396.78991596637593,82969815.12605041,19313431.663865544,0,25797296.403361343,90131826.01680672,3678675632.4033613,2665994360.470588,504365744.4033613,4243565318.453781,3758228282.0840335,0,0,0,0,0,15.865546218487394,2.084033613445378,2.9243697478991595,0.8067226890756303,17.10924369747899,0,0,0,0,0,63513.81512605042,19894.85714285714,532669.3109243697,38206.386554621844,75294.11764705883,1595.81512605042,264.48739495798316,2828.8235294117644,1775.6974789915964,459.0588235294117,1799.2436974789912,375.4957983193277,1906,2159.4453781512607,562.5882352941176,0,0,0,0,0,0,0,0,0,0,0,0,0,0,0,0,0,0,0,0
1693106158,0.7427137222762897,0.285861005134002,0.16549441456350863,0.04405480417639547,1.9475312177798163,0.43090740026761504,0.296170149751032,0.17906706061419994,0.13268477319684863,0.0679474766005878,0,0.17216972108505177,0.14354066985645947,0.5648771915142894,0.24234199302055082,10.54616732571837,4.412342375033515,0.9412188105088959,0.46238162474117805,10.612901532248832,3.4340150182568725,0.3493268848453437,0.6375758751902588,1.7673655067170435,1.034203433046255,0,0.30421310976776206,3.571591868421055,2.837064105192686,1.0576744692710347,9.219894483429805,4.068021996137722,1.1377741001241222,0.4185206396757574,9.136212624584712,2.7215204227428456,0.2961701497510318,0.42528426895872445,1.5922172783621795,0.798382850056907,0,0.11477981405670133,3.157894736842106,1.4435750449809623,0.6785575804575412,50000,100000,50000,50000,50000,50000,10000,50000,50000,20000,50000,0,3649536,0,220594176,0,0,1486848,0,0,2973696,0,0,0,0,2568192,3318.0863596783283,4.353883001271726,1.365328920148945,2.9076170756420985,249.51311719555508,552.3325697956592,0,0,270.0135134555867,3.363400091729093,0,0,516.3157894736843,1.380810912590485,14.395114385420705,0,0,0,0,0,0,0,0,0,0,0,0,0,0,0,224342016,74665984,10682368,439984128,111390720,349663232,39215104,10838016,310304768,93900800,4952064,3993600,305532928,15724544,134160384,206131200,68124672,9596928,199372800,104079360,330620928,35684352,9596928,290070528,82452480,4055040,2568192,295612416,14598144,35819520,0,0,0,0,0,0,0,0,0,0,0,0,0,0,0,207966208,74416128,10313728,424910848,107995136,333377536,38973440,10444800,294359040,92233728,4796416,2916352,297701376,15470592,40296448,189177856,70766592,10313728,211615744,107995136,333377536,37621760,10444800,294359040,89260032,4796416,2916352,297701376,15470592,37593088,1073741824,1073741824,314572800,0,1073741824,1073741824,1073741824,314572800,1073741824,0,0,0,1073741824,314572800,2147483648,8.707766002543451,0,4.942339373970346,0,0,13.159170221015897,35182.8929395695,0,20423.893526831165,0,0,38998.06126405583,8.707766002543451,0,4.942339373970346,0,0,13.159170221015897,35182.8929395695,0,20423.893526831165,0,0,38998.06126405583,103.83555398992932,51.21293800539083,484.7070298892218,21.13998037458936,34.65823979644183,32.14710384153661,17.377427076868514,60.8109641260693,55.129797352558086,96.7741935483871,0,0,0,0,0,0,0,0,0,0,119492.07401728173,121021.8152505227,1576763.4176362667,99085.39186825376,336632.1589066956,453655.2781662665,3152.008156751485,9083.59238501509,600161.2092206101,124887.70541692029,0,0,0,0,0,0,0,0,0,0,123.70749497503056,42.018288535657604,472.0964258343204,28.883484790306756,47.95518437198612,43.857540516206484,15.205248692259952,73.44966077465908,74.9704661799897,129.74958699243547,0,0,0,0,0,0,0,0,0,0,24794.753310263368,6805.073431241655,145260.20111939433,5947.032723239046,12641.413415960436,5389.394042617047,2890.0611756361377,10456.399900161105,17963.10544331021,24541.887661942445,0,0,0,0,0,0,0,0,0,0,20,20,46,8,6,2,6,66,0,0,0,0,0.00868705035971223,0.003076923076923077,0.031381777108433734,0.01632450331125828,0.0014149855907780978,0.003,0.003083752093802345,0.0032161649680018966,0.021983402489626557,0.004738461538461539,0.07284946236559141,0.02456291390728477,0.004282997118155619,0.0046,0.004750753768844222,0.004989096942403413,0.024238589211618256,0.004946153846153847,0.08678315412186378,0.041574074074074104,0.00464149855907781,0.0048,0.004959128978224456,0.007497191011235956,0.06603124999999999,0.009034210526315783,0.09793010752688171,0.08586363636363635,0.004928299711815562,0.00496,0.02334999999999977,0.009598314606741572,0.46024258760107817,0.375,0.38640350877192986,0.45956873315363883,0.8804780876494024,0.375,0.45956873315363883,0.4884076204169662,2.182782101167315,2.164497041420118,0.4955263157894737,2.1282868525896417,2.1282868525896417,0.475,2.1282868525896417,2.1914870215574127,2.3413910505836575,2.332248520710059,0.7009615384615382,2.3141434262948204,2.3141434262948204,0.4875,2.3141434262948204,2.3457435107787066,2.4682782101167313,2.4664497041420117,0.9401923076923075,2.462828685258964,2.462828685258964,0.4975,2.462828685258964,2.469148702155741,396.9075630252179,396.94117647060403,396.57142857142617,392.8907563025133,396.857142857149,82969815.12605041,19313431.663865544,0,25797296.403361343,90131826.01680672,3678713288.067227,2666010400.2689075,560883247.327731,4243642626.1512604,3679992823.394958,0,0,0,0,0,15.91596638655462,2.084033613445378,4.840336134453781,0.8067226890756303,17.210084033613445,0,0,0,0,0,63685.91596638655,19894.85714285714,991145.9495798319,38206.386554621844,75664.1344537815,1601.5630252100839,268.235294117647,2829.9831932773104,1778.1512605042017,459.79831932773106,1804.5882352941176,379.2100840336134,1906.1344537815123,2162.285714285714,563.2436974789915,0,0,0,0,0,0,0,0,0,0,0,0,0,0,0,0,0,0,0,0
1693106159,0.7427137222762897,0.2919841269841268,0.16549441456350863,0.04405480417639547,1.9475312177798163,0.43090740026761504,0.296170149751032,0.17906706061419994,0.1543170185952009,0.06032472324723297,0,0.17216972108505177,0.14354066985645947,0.5648771915142894,0.2064524901986129,10.54616732571837,4.506854426420637,0.9412188105088959,0.46238162474117805,10.612901532248832,3.4340150182568725,0.3493268848453437,0.6375758751902588,2.055507720994833,0.8204200667822894,0,0.30421310976776206,3.571591868421055,2.837064105192686,0.9010387563412681,9.219894483429805,4.15515873015873,1.1377741001241222,0.4185206396757574,9.136212624584712,2.7215204227428456,0.2961701497510318,0.42528426895872445,1.8518042231424063,0.6434637146371469,0,0.11477981405670133,3.157894736842106,1.4435750449809623,0.5780669725561152,50000,100000,50000,50000,50000,50000,10000,50000,50000,20000,50000,0,3649536,0,220594176,0,0,1486848,0,0,2973696,0,0,0,0,2568192,3318.0863596783283,4.4471428571428575,1.365328920148945,2.9076170756420985,249.51311719555508,552.3325697956592,0,0,314.0351328412335,3.981431734317343,0,0,516.3157894736843,1.380810912590485,12.263277917797595,0,0,0,0,0,0,0,0,0,0,0,0,0,0,0,224342016,74665984,10682368,439984128,111390720,349663232,39215104,10838016,310304768,93900800,4952064,3993600,305532928,15724544,134160384,206131200,68124672,9596928,199372800,104079360,330620928,35684352,9596928,290070528,82452480,4055040,2568192,295612416,14598144,35819520,0,0,0,0,0,0,0,0,0,0,0,0,0,0,0,207966208,74416128,10313728,424910848,107995136,333377536,38973440,10444800,294359040,92233728,4796416,2916352,297701376,15470592,40296448,189177856,70766592,10313728,211615744,107995136,333377536,37621760,10444800,294359040,89260032,4796416,2916352,297701376,15470592,37593088,1073741824,1073741824,314572800,0,1073741824,1073741824,1073741824,314572800,1073741824,0,0,0,1073741824,314572800,2147483648,8.894285714285715,0,4.942339373970346,0,0,11.21037021778467,35936.50793650794,0,20423.893526831165,0,0,33222.665046745075,8.894285714285715,0,4.942339373970346,0,0,11.21037021778467,35936.50793650794,0,20423.893526831165,0,0,33222.665046745075,103.83555398992932,51.21293800539083,484.7070298892218,21.13998037458936,34.65823979644183,32.79819761237828,17.377427076868514,60.8109641260693,45.898542493361205,96.7741935483871,0,0,0,0,0,0,0,0,0,0,119492.07401728173,121021.8152505227,1576763.4176362667,99085.39186825376,336632.1589066956,462843.41925603576,3152.008156751485,9083.59238501509,499666.71540832403,124887.70541692029,0,0,0,0,0,0,0,0,0,0,123.70749497503056,42.018288535657604,472.0964258343204,28.883484790306756,47.95518437198612,44.74581249166333,15.205248692259952,73.44966077465908,62.416973995092846,129.74958699243547,0,0,0,0,0,0,0,0,0,0,24794.753310263368,6805.073431241655,145260.20111939433,5947.032723239046,12641.413415960436,5498.548537748433,2890.0611756361377,10456.399900161105,14955.258283100598,24541.887661942445,0,0,0,0,0,0,0,0,0,0,14,18,42,6,6,2,6,36,0,0,0,0,0.00868705035971223,0.003076923076923077,0.031381777108433734,0.01632450331125828,0.0014149855907780978,0.003,0.003083752093802345,0.0032161649680018966,0.021983402489626557,0.004738461538461539,0.07284946236559141,0.02456291390728477,0.004282997118155619,0.0046,0.004750753768844222,0.004989096942403413,0.024238589211618256,0.004946153846153847,0.08678315412186378,0.041574074074074104,0.00464149855907781,0.0048,0.004959128978224456,0.007497191011235956,0.06603124999999999,0.009034210526315783,0.09793010752688171,0.08586363636363635,0.004928299711815562,0.00496,0.02334999999999977,0.009598314606741572,0.46024258760107817,0.375,0.38640350877192986,0.45956873315363883,0.8804780876494024,0.375,0.45956873315363883,0.4884076204169662,2.182782101167315,2.164497041420118,0.4955263157894737,2.1282868525896417,2.1282868525896417,0.475,2.1282868525896417,2.1914870215574127,2.3413910505836575,2.332248520710059,0.7009615384615382,2.3141434262948204,2.3141434262948204,0.4875,2.3141434262948204,2.3457435107787066,2.4682782101167313,2.4664497041420117,0.9401923076923075,2.462828685258964,2.462828685258964,0.4975,2.462828685258964,2.469148702155741,396.94117647057635,397.0420168067258,396.4537815125982,392.78991596639077,396.8571428571417,82969815.12605041,19313431.663865544,0,25797296.403361343,90131826.01680672,3678869142.588235,2609280593.747899,617375554.6890756,4151740020.168067,3758261118.92437,0,0,0,0,0,15.714285714285714,2.8907563025210083,4.840336134453781,0.8067226890756303,17.10924369747899,0,0,0,0,0,63083.56302521008,23681.0756302521,991145.9495798319,38206.386554621844,75294.11764705883,1593.7647058823527,267.17647058823525,2827.0420168067226,1770.7899159663864,458.3193277310924,1796.8067226890755,378.11764705882354,1903.2941176470588,2155.176470588235,561.6302521008403,0,0,0,0,0,0,0,0,0,0,0,0,0,0,0,0,0,0,0,0
1693106160,0.7427137222762897,0.29810724883425155,0.16549441456350863,0.04405480417639547,1.9475312177798163,0.43090740026761504,0.296170149751032,0.17906706061419994,0.1543170185952009,0.06155473554735599,0,0.13854517722917853,0.14354066985645947,0.5648771915142894,0.2024134569816037,10.54616732571837,4.60136647780776,0.9412188105088959,0.46238162474117805,10.612901532248832,3.4340150182568725,0.3493268848453437,0.6375758751902588,2.055507720994833,0.8371483121697433,0,0.25152499159440767,3.571591868421055,2.837064105192686,0.8834108485200841,9.219894483429805,4.242295464179737,1.1377741001241222,0.4185206396757574,9.136212624584712,2.7215204227428456,0.2961701497510318,0.42528426895872445,1.8518042231424063,0.656583845838459,0,0.09236345148611919,3.157894736842106,1.4435750449809623,0.5667576795484894,50000,100000,50000,50000,50000,50000,10000,50000,50000,20000,50000,0,3649536,0,220594176,0,0,1486848,0,0,2973696,0,0,0,0,2568192,3318.0863596783283,4.5404027130139895,1.365328920148945,2.9076170756420985,249.51311719555508,552.3325697956592,0,0,314.0351328412335,4.062612546125462,0,0,516.3157894736843,1.380810912590485,12.02335934470725,0,0,0,0,0,0,0,0,0,0,0,0,0,0,0,224342016,74665984,10682368,439984128,111390720,349663232,39215104,10838016,310304768,93900800,4952064,3993600,305532928,15724544,134160384,206131200,68124672,9596928,199372800,104079360,330620928,35684352,9596928,290070528,82452480,4055040,2568192,295612416,14598144,35819520,0,0,0,0,0,0,0,0,0,0,0,0,0,0,0,207966208,74416128,10313728,424910848,107995136,333377536,38973440,10444800,294359040,92233728,4796416,2916352,297701376,15470592,40296448,189177856,70766592,10313728,211615744,107995136,333377536,37621760,10444800,294359040,89260032,4796416,2916352,297701376,15470592,37593088,1073741824,1073741824,314572800,0,1073741824,1073741824,1073741824,314572800,1073741824,0,0,0,1073741824,314572800,2147483648,9.080805426027979,0,4.942339373970346,0,0,10.991050714101071,36690.12293344638,0,20423.893526831165,0,0,32572.69735901081,9.080805426027979,0,4.942339373970346,0,0,10.991050714101071,36690.12293344638,0,20423.893526831165,0,0,32572.69735901081,103.83555398992932,51.21293800539083,484.7070298892218,21.13998037458936,34.65823979644183,33.44929138321996,17.377427076868514,60.8109641260693,53.394984747030946,96.7741935483871,0,0,0,0,0,0,0,0,0,0,119492.07401728173,121021.8152505227,1576763.4176362667,99085.39186825376,336632.1589066956,472031.5603458051,3152.008156751485,9083.59238501509,597827.2097619001,124887.70541692029,0,0,0,0,0,0,0,0,0,0,123.70749497503056,42.018288535657604,472.0964258343204,28.883484790306756,47.95518437198612,45.63408446712019,15.205248692259952,73.44966077465908,72.772970587671,129.74958699243547,0,0,0,0,0,0,0,0,0,0,24794.753310263368,6805.073431241655,145260.20111939433,5947.032723239046,12641.413415960436,5607.703032879819,2890.0611756361377,10456.399900161105,17038.92864680263,24541.887661942445,0,0,0,0,0,0,0,0,0,0,24,12,34,12,8,2,14,78,0,0,0,0,0.00868705035971223,0.003076923076923077,0.031381777108433734,0.01632450331125828,0.0014149855907780978,0.003,0.003083752093802345,0.003222112537018756,0.021983402489626557,0.004738461538461539,0.07284946236559141,0.02456291390728477,0.004282997118155619,0.0046,0.004750753768844222,0.004999802566633761,0.024238589211618256,0.004946153846153847,0.08678315412186378,0.041574074074074104,0.00464149855907781,0.0048,0.004959128978224456,0.007555681818181811,0.06603124999999999,0.009034210526315783,0.09793010752688171,0.08586363636363635,0.004928299711815562,0.00496,0.02334999999999977,0.009602045454545453,0.46024258760107817,0.375,0.38640350877192986,0.45956873315363883,0.8804780876494024,0.375,0.45956873315363883,0.474475018102824,2.182782101167315,2.164497041420118,0.4955263157894737,2.1282868525896417,2.1282868525896417,0.475,2.1282868525896417,2.179952606635071,2.3413910505836575,2.332248520710059,0.7009615384615382,2.3141434262948204,2.3141434262948204,0.4875,2.3141434262948204,2.3399763033175356,2.4682782101167313,2.4664497041420117,0.9401923076923075,2.462828685258964,2.462828685258964,0.4975,2.462828685258964,2.467995260663507,396.99159663865913,396.8907563025089,396.57142857141093,392.8739495798311,396.8067226890818,82969815.12605041,19313431.663865544,0,25797296.403361343,72105502.11764705,3820247091.630252,2552516711.2605042,673871510.5882353,4243939534.521008,3680039772.5042014,0,0,0,0,0,15.747899159663865,2.8907563025210083,4.840336134453781,0.8067226890756303,17.04201680672269,0,0,0,0,0,63161.00840336134,23681.0756302521,991145.9495798319,38206.386554621844,75087.59663865546,1597.6470588235293,267.83193277310926,2827.63025210084,1771.0252100840337,457.7310924369748,1800.705882352941,378.75630252100837,1902.470588235294,2155.428571428571,561.0756302521008,0,0,0,0,0,0,0,0,0,0,0,0,0,0,0,0,0,0,0,0
1693106161,0.7427137222762897,0.30423037068437636,0.16549441456350863,0.04405480417639547,1.9475312177798163,0.43090740026761504,0.296170149751032,0.1741583796304359,0.1543170185952009,0.06278474784747899,0,0.14128512845804664,0.14354066985645947,0.5648771915142894,0.19837442376459455,10.54616732571837,4.695878529194882,0.9412188105088959,0.46238162474117805,10.612901532248832,3.4340150182568725,0.3493268848453437,0.6385900485901875,2.055507720994833,0.8538765575571973,0,0.25649929834108093,3.571591868421055,2.837064105192686,0.8657829406989004,9.219894483429805,4.329432198200743,1.1377741001241222,0.4185206396757574,9.136212624584712,2.7215204227428456,0.2961701497510318,0.41798011111304617,1.8518042231424063,0.6697039770397709,0,0.09419008563869793,3.157894736842106,1.4435750449809623,0.5554483865408638,50000,100000,50000,50000,50000,50000,10000,50000,50000,20000,50000,0,3649536,0,220594176,0,0,1486848,0,0,2973696,0,0,0,0,2568192,3318.0863596783283,4.6336625688851205,1.365328920148945,2.9076170756420985,249.51311719555508,552.3325697956592,0,0,314.0351328412335,4.143793357933579,0,0,516.3157894736843,1.380810912590485,11.783440771616906,0,0,0,0,0,0,0,0,0,0,0,0,0,0,0,224342016,74665984,10682368,439984128,111390720,349663232,39215104,10838016,310304768,93900800,4952064,3993600,305532928,15724544,134160384,206131200,68124672,9596928,199372800,104079360,330620928,35684352,9596928,290070528,82452480,4055040,2568192,295612416,14598144,35819520,0,0,0,0,0,0,0,0,0,0,0,0,0,0,0,207966208,74416128,10313728,424910848,107995136,333377536,38973440,10461184,294359040,92233728,4796416,2916352,297701376,15470592,40296448,189177856,70766592,10313728,211615744,107995136,333377536,37621760,10461184,294359040,89260032,4796416,2916352,297701376,15470592,37593088,1073741824,1073741824,314572800,0,1073741824,1073741824,1073741824,314572800,1073741824,0,0,0,1073741824,314572800,2147483648,9.267325137770241,0,4.942339373970346,0,0,10.771731210417475,37443.737930384814,0,20423.893526831165,0,0,31922.72967127655,9.267325137770241,0,4.942339373970346,0,0,10.771731210417475,37443.737930384814,0,20423.893526831165,0,0,31922.72967127655,103.83555398992932,51.21293800539083,484.7070298892218,21.147983926839405,34.65823979644183,39.065626250500195,17.377427076868514,60.8109641260693,53.394984747030946,96.7741935483871,0,0,0,0,0,0,0,0,0,0,119492.07401728173,121021.8152505227,1576763.4176362667,99479.2330608286,336632.1589066956,551288.4653861545,3152.008156751485,9083.59238501509,597827.2097619001,124887.70541692029,0,0,0,0,0,0,0,0,0,0,123.70749497503056,42.018288535657604,472.0964258343204,28.87280033254815,47.95518437198612,53.29631852741096,15.205248692259952,73.44966077465908,72.772970587671,129.74958699243547,0,0,0,0,0,0,0,0,0,0,24794.753310263368,6805.073431241655,145260.20111939433,6008.573506997367,12641.413415960436,6549.2697078831525,2890.0611756361377,10456.399900161105,17038.92864680263,24541.887661942445,0,0,0,0,0,0,0,0,0,0,58,30,70,16,18,2,18,126,0,0,0,0,0.00868705035971223,0.003076923076923077,0.031381777108433734,0.01632450331125828,0.0014149855907780978,0.003,0.003083752093802345,0.003214860388073829,0.021983402489626557,0.004738461538461539,0.07284946236559141,0.02456291390728477,0.004282997118155619,0.0046,0.004750753768844222,0.004986748698532891,0.024238589211618256,0.004946153846153847,0.08678315412186378,0.041574074074074104,0.00464149855907781,0.0048,0.004959128978224456,0.007477477477477477,0.06603124999999999,0.009034210526315783,0.09793010752688171,0.08586363636363635,0.004928299711815562,0.00496,0.02334999999999977,0.009585585585585588,0.46024258760107817,0.375,0.38640350877192986,0.45956873315363883,0.8804780876494024,0.375,0.45956873315363883,0.48885693745506825,2.182782101167315,2.164497041420118,0.4955263157894737,2.1282868525896417,2.1282868525896417,0.475,2.1282868525896417,2.1918349429323967,2.3413910505836575,2.332248520710059,0.7009615384615382,2.3141434262948204,2.3141434262948204,0.4875,2.3141434262948204,2.3459174714661986,2.4682782101167313,2.4664497041420117,0.9401923076923075,2.462828685258964,2.462828685258964,0.4975,2.462828685258964,2.4691834942932402,396.9579831932873,396.8907563025189,396.5546218487555,392.9075630252116,396.68907563024516,82969815.12605041,19313431.663865544,0,25797296.403361343,72105433.27731092,3820253149.5798316,2552477059.2268906,674016763.697479,4336154675.630252,3758305383.2605042,0,0,0,0,0,15.815126050420167,2.8907563025210083,4.840336134453781,0.8067226890756303,17.142857142857142,0,0,0,0,0,63298.68907563025,23681.0756302521,991145.9495798319,38206.386554621844,75380.16806722688,1603.7142857142856,268.3361344537815,2826.504201680672,1783.075630252101,460.1344537815126,1806.7731092436975,379.2100840336134,1900.6386554621847,2167.2436974789916,563.5966386554621,0,0,0,0,0,0,0,0,0,0,0,0,0,0,0,0,0,0,0,0
1693106162,0.7427137222762897,0.3103534925345012,0.16549441456350863,0.05255689283649555,1.9475312177798163,0.43090740026761504,0.296170149751032,0.1741583796304359,0.1543170185952009,0.07380073800738068,0,0.14402507968691478,0.143322942420008,0.5305039787798407,0.18498798920377885,10.54616732571837,4.790390580582005,0.9412188105088959,0.46451678667157237,10.612901532248832,3.4340150182568725,0.3493268848453437,0.6385900485901875,2.055507720994833,1.0036947232472344,0,0.2614736050877542,3.187077887061517,2.7263508782788097,0.8463371619962886,9.219894483429805,4.41656893222175,1.1377741001241222,0.43797410697079586,9.136212624584712,2.7215204227428456,0.2961701497510318,0.41798011111304617,1.8518042231424063,0.7872078720787214,0,0.0960167197912767,2.75896664158515,1.4146772767462437,0.5285371120107956,50000,100000,50000,50000,50000,50000,10000,50000,50000,20000,50000,0,3649536,0,220594176,0,0,1486848,0,0,2973696,0,0,0,0,2568192,3318.0863596783283,4.7269224247562525,1.365328920148945,3.4687549272087033,249.51311719555508,552.3325697956592,0,0,314.0351328412335,4.870848708487085,0,0,437.493281737074,1.9451812555260832,13.95337975708502,0,0,0,0,0,0,0,0,0,0,0,0,0,0,0,224342016,74665984,10682368,439984128,111390720,349663232,39215104,10838016,310304768,93900800,4952064,3993600,305532928,15724544,134160384,206131200,68124672,9596928,199372800,104079360,330620928,35684352,9596928,290070528,82452480,4055040,2568192,295612416,14598144,35819520,0,0,0,0,0,0,0,0,0,0,0,0,0,0,0,207966208,74416128,10313728,424910848,107995136,333377536,38973440,10461184,294359040,92233728,4796416,2916352,297869312,15470592,40296448,189177856,70766592,10313728,211615744,107995136,333377536,37621760,10461184,294359040,89260032,4796416,2916352,297869312,15470592,37593088,1073741824,1073741824,314572800,0,1073741824,1073741824,1073741824,314572800,1073741824,0,0,0,1073741824,314572800,2147483648,9.453844849512505,0,4.942339373970346,0,0,10.438607962213226,38197.352927323256,0,20423.893526831165,0,0,30890.245804048584,9.453844849512505,0,4.942339373970346,0,0,10.438607962213226,38197.352927323256,0,20423.893526831165,0,0,30890.245804048584,103.83555398992932,51.21293800539083,484.7070298892218,21.147983926839405,34.65823979644183,39.065626250500195,17.377427076868514,60.8109641260693,53.394984747030946,96.7741935483871,0,0,0,0,0,0,0,0,0,0,119492.07401728173,121021.8152505227,1576763.4176362667,99479.2330608286,336632.1589066956,551288.4653861545,3152.008156751485,9083.59238501509,597827.2097619001,124887.70541692029,0,0,0,0,0,0,0,0,0,0,123.70749497503056,42.018288535657604,472.0964258343204,28.87280033254815,47.95518437198612,53.29631852741096,15.205248692259952,73.44966077465908,72.772970587671,129.74958699243547,0,0,0,0,0,0,0,0,0,0,24794.753310263368,6805.073431241655,145260.20111939433,6008.573506997367,12641.413415960436,6549.2697078831525,2890.0611756361377,10456.399900161105,17038.92864680263,24541.887661942445,0,0,0,0,0,0,0,0,0,0,38,16.081,40,6,10,2,6,68,0,0,0,0,0.008650224215246638,0.003080438756855576,0.031226591760299623,0.016317494600431963,0.001526315789473684,0.003,0.0030805604203152366,0.0032115655853314534,0.02197899159663866,0.004744789762340038,0.07225776965265081,0.024481641468682504,0.004305263157894737,0.0046,0.004745008756567426,0.004980818053596616,0.024266806722689077,0.004952833638025594,0.0864945155393053,0.039351851851851846,0.004652631578947367,0.0048,0.00495306479859895,0.007429864253393671,0.06797058823529417,0.009077500000000011,0.09788391224862888,0.08425000000000009,0.004930526315789474,0.00496,0.02537500000000013,0.009558371040723978,0.4613333333333333,0.3770833333333333,0.3858126961981165,0.46,0.8666666666666667,0.375,0.4534246575342466,0.48675733715103797,2.183123181377304,2.1652941176470586,0.4944628531566097,2.1294117647058823,2.110917030567686,0.475,2.110917030567686,2.1902546093064093,2.3415615906886513,2.3326470588235297,0.6859879032258065,2.3147058823529414,2.3054585152838425,0.4875,2.3054585152838425,2.345127304653204,2.4683123181377304,2.4665294117647063,0.9371975806451612,2.462941176470588,2.461091703056769,0.4975,2.461091703056769,2.4690254609306406,396.99159663865385,396.85714285714926,396.6722689075679,392.9411764705686,396.84033613445513,99563709.31092437,19313431.663865544,0,25797296.403361343,72105433.27731092,3749558667.8319325,2552487178.7563024,674089872.1344538,4336213878.319327,3680053747.092437,0,0,0,0,0,15.546218487394958,2.8907563025210083,4.7899159663865545,0.8067226890756303,16.621848739495796,0,0,0,0,0,59770.621848739494,23681.0756302521,990956.6386554622,38206.386554621844,69675.02521008403,1597.8487394957983,267.36134453781506,2824.336134453781,1774.285714285714,457.66386554621846,1800.2184873949582,378.3193277310924,1898.6386554621847,2158.5882352941176,561.1428571428571,0,0,0,0,0,0,0,0,0,0,0,0,0,0,0,0,0,0,0,0
1693106163,0.7427137222762897,0.316476614384626,0.16549441456350863,0.05255689283649555,1.8747932213358824,0.43090740026761504,0.296170149751032,0.1741583796304359,0.1543170185952009,0.07380073800738068,0,0.1643970737320874,0.143322942420008,0.5305039787798407,0.19892184360764675,10.54616732571837,4.884902631969128,0.9412188105088959,0.46451678667157237,10.5861958129618,3.4340150182568725,0.3493268848453437,0.6385900485901875,2.055507720994833,1.0036947232472344,0.00006284427032321106,0.2984584048003941,3.187077887061517,2.7263508782788097,1.0744842453899863,9.219894483429805,4.503705666242757,1.1377741001241222,0.43797410697079586,8.840936661397643,2.7215204227428456,0.2961701497510318,0.41798011111304617,1.8518042231424063,0.7872078720787214,0,0.10959804915472514,2.75896664158515,1.4146772767462437,0.7161186369875274,50000,100000,50000,50000,50000,50000,10000,50000,50000,20000,50000,0,3649536,0,220594176,0,0,1486848,0,0,2973696,0,0,0,0,3108864,3318.0863596783283,4.820182280627384,1.365328920148945,3.4687549272087033,265.6692276587141,552.3325697956592,0,0,314.0351328412335,4.870848708487085,0,0,437.493281737074,1.9451812555260832,14.441725845915142,0,0,0,0,0,0,0,0,0,0,0,0,0,0,0,224342016,74665984,10682368,439984128,111390720,349663232,39215104,10838016,310304768,93900800,4952064,3993600,305532928,15724544,134160384,206131200,68124672,9596928,199372800,105160704,330620928,35684352,9596928,290070528,82452480,4055040,2568192,295612416,14598144,35954688,0,0,0,0,0,0,0,0,0,0,0,0,0,0,0,207966208,74416128,10313728,424910848,108539904,333377536,38973440,10461184,294359040,92233728,4796416,2916352,297869312,15470592,40738816,189177856,70766592,10313728,211615744,108539904,333377536,37621760,10461184,294359040,89260032,4796416,2916352,297869312,15470592,37765120,1073741824,1073741824,314572800,0,1073741824,1073741824,1073741824,314572800,1073741824,0,0,0,1073741824,314572800,2147483648,9.640364561254769,0,4.942339373970346,0,0,14.382049292832848,38950.96792426169,0,20423.893526831165,0,0,47247.27974378867,9.640364561254769,0,4.942339373970346,0,0,14.382049292832848,38950.96792426169,0,20423.893526831165,0,0,47247.27974378867,103.83555398992932,51.21293800539083,484.7070298892218,20.87475149105368,34.65823979644183,39.065626250500195,17.377427076868514,59.96731481172666,53.394984747030946,96.7741935483871,0,0,0,0,0,0,0,0,0,0,119492.07401728173,121021.8152505227,1576763.4176362667,99263.49048565749,336632.1589066956,551288.4653861545,3152.008156751485,8950.171763999602,597827.2097619001,124887.70541692029,0,0,0,0,0,0,0,0,0,0,123.70749497503056,42.018288535657604,472.0964258343204,28.353687399413047,47.95518437198612,53.29631852741096,15.205248692259952,72.40769769536072,72.772970587671,129.74958699243547,0,0,0,0,0,0,0,0,0,0,24794.753310263368,6805.073431241655,145260.20111939433,5828.907507336931,12641.413415960436,6549.2697078831525,2890.0611756361377,10331.120968548847,17038.92864680263,24541.887661942445,0,0,0,0,0,0,0,0,0,0,36,22,60,10,8,2,10,80,0,0,0,0,0.008650224215246638,0.003080438756855576,0.031226591760299623,0.016317494600431963,0.0014261363636363634,0.003,0.0030759075907590763,0.0032115655853314534,0.02197899159663866,0.004744789762340038,0.07225776965265081,0.024481641468682504,0.004285227272727273,0.0046,0.004736633663366337,0.004980818053596616,0.024266806722689077,0.004952833638025594,0.0864945155393053,0.039351851851851846,0.0046426136363636366,0.0048,0.004944224422442245,0.007429864253393671,0.06797058823529417,0.009077500000000011,0.09788391224862888,0.08425000000000009,0.0049285227272727284,0.00496,0.022825000000000158,0.009558371040723978,0.4613333333333333,0.3770833333333333,0.3858126961981165,0.46,0.8813725490196078,0.375,0.45966666666666667,0.48675733715103797,2.183123181377304,2.1652941176470586,0.4944628531566097,2.1294117647058823,2.1285433070866144,0.475,2.128543307086615,2.1902546093064093,2.3415615906886513,2.3326470588235297,0.6859879032258065,2.3147058823529414,2.314271653543307,0.4875,2.314271653543307,2.345127304653204,2.4683123181377304,2.4665294117647063,0.9371975806451612,2.462941176470588,2.4628543307086614,0.4975,2.4628543307086614,2.4690254609306406,397.1092436974846,396.87394957982946,396.6386554621833,393.1092436974767,396.7899159663922,99563709.31092437,19313431.663865544,0,25797296.403361343,72105433.27731092,3820349319.529412,2495870889.9495797,618830013.3109243,4428404718.789916,3601834947.7647057,0,0,0,0,0,15.46218487394958,2.8907563025210083,4.7899159663865545,0.8067226890756303,16.53781512605042,0,0,0,0,0,59503.86554621848,23681.0756302521,990956.6386554622,38206.386554621844,69434.08403361344,1597.6134453781515,267.6974789915966,2821.0924369747895,1768.3025210084036,456.4033613445378,1800.420168067227,378.7394957983193,1894.873949579832,2153.764705882353,559.8151260504202,0,0,0,0,0,0,0,0,0,0,0,0,0,0,0,0,0,0,0,0
1693106164,0.7427137222762897,0.32259973623475086,0.16549441456350863,0.05255689283649555,1.8747932213358824,0.43090740026761504,0.2667258064516129,0.13106159895150735,0.1543170185952009,0.07380073800738068,0,0.16824395373291265,0.143322942420008,0.5305039787798407,0.19892184360764675,10.54616732571837,4.979414683356251,0.9412188105088959,0.46451678667157237,10.5861958129618,3.4340150182568725,0.27829366466854877,0.6318993512450851,2.055507720994833,1.0036947232472344,0.00006284427032321108,0.3001512597266035,3.187077887061517,2.7263508782788097,1.0744842453899863,9.219894483429805,4.590842400263765,1.1377741001241222,0.43797410697079586,8.840936661397643,2.7215204227428456,0.17781720430107545,0.43687199650502445,1.8518042231424063,0.7872078720787214,0,0.10515247108307033,2.75896664158515,1.4146772767462437,0.7161186369875274,50000,100000,50000,50000,50000,50000,10000,50000,50000,20000,50000,0,3649536,0,220594176,0,0,1486848,0,0,2973696,0,0,0,0,3108864,3318.0863596783283,4.913442136498516,1.365328920148945,3.4687549272087033,265.6692276587141,552.3325697956592,0,0,314.0351328412335,4.870848708487085,0,0,437.493281737074,1.9451812555260832,14.441725845915142,0,0,0,0,0,0,0,0,0,0,0,0,0,0,0,224342016,74665984,10682368,439984128,111390720,349663232,39215104,10838016,310304768,93900800,4952064,3993600,305532928,15724544,134160384,206131200,68124672,9596928,199372800,105160704,330620928,35684352,9596928,290070528,82452480,4055040,2568192,295612416,14598144,35954688,0,0,0,0,0,0,0,0,0,0,0,0,0,0,0,207966208,74416128,10313728,424910848,108539904,333377536,38973440,10461184,294359040,92233728,4796416,3047424,297869312,15470592,40738816,189177856,70766592,10313728,211615744,108539904,333377536,37621760,10461184,294359040,89260032,4796416,3047424,297869312,15470592,37765120,1073741824,1073741824,314572800,0,1073741824,1073741824,1073741824,314572800,1073741824,0,0,0,1073741824,314572800,2147483648,9.826884272997033,0,4.023114247311828,0,0,14.382049292832848,39704.58292120013,0,17377.719741935485,0,0,47247.27974378867,9.826884272997033,0,4.023114247311828,0,0,14.382049292832848,39704.58292120013,0,17377.719741935485,0,0,47247.27974378867,87.94561981293637,51.21293800539083,484.7070298892218,20.87475149105368,34.65823979644183,39.065626250500195,17.377427076868514,50.39228368297591,53.394984747030946,96.7741935483871,0,0,0,0,0,0,0,0,0,0,101314.10167303386,121021.8152505227,1576763.4176362667,99263.49048565749,336632.1589066956,551288.4653861545,3152.008156751485,7521.090379965313,597827.2097619001,124887.70541692029,0,0,0,0,0,0,0,0,0,0,104.8092477934396,42.018288535657604,472.0964258343204,28.353687399413047,47.95518437198612,53.29631852741096,15.205248692259952,60.84630026459438,72.772970587671,129.74958699243547,0,0,0,0,0,0,0,0,0,0,20991.035542089314,6805.073431241655,145260.20111939433,5828.907507336931,12641.413415960436,6549.2697078831525,2890.0611756361377,8681.542274233178,17038.92864680263,24541.887661942445,0,0,0,0,0,0,0,0,0,0,46,16,52,14,12,2,14,122,0,0,0,0,0.008650224215246638,0.003080438756855576,0.031226591760299623,0.016317494600431963,0.0014261363636363634,0.003,0.0030759075907590763,0.0032115655853314534,0.02197899159663866,0.004744789762340038,0.07225776965265081,0.024481641468682504,0.004285227272727273,0.0046,0.004736633663366337,0.004980818053596616,0.024266806722689077,0.004952833638025594,0.0864945155393053,0.039351851851851846,0.0046426136363636366,0.0048,0.004944224422442245,0.007429864253393671,0.06797058823529417,0.009077500000000011,0.09788391224862888,0.08425000000000009,0.0049285227272727284,0.00496,0.022825000000000158,0.009558371040723978,0.4613333333333333,0.3770833333333333,0.3858126961981165,0.46,0.8813725490196078,0.375,0.45966666666666667,0.48675733715103797,2.183123181377304,2.1652941176470586,0.4944628531566097,2.1294117647058823,2.1285433070866144,0.475,2.128543307086615,2.1902546093064093,2.3415615906886513,2.3326470588235297,0.6859879032258065,2.3147058823529414,2.314271653543307,0.4875,2.314271653543307,2.345127304653204,2.4683123181377304,2.4665294117647063,0.9371975806451612,2.462941176470588,2.4628543307086614,0.4975,2.4628543307086614,2.4690254609306406,397.0252100840429,396.9579831932889,396.7226890756221,393.12605042017077,396.82352941176003,99563571.6302521,19313431.663865544,0,12898889.142857142,72105433.27731092,3961751500.3697476,2552584105.9495797,618982770.0168067,4336231294.92437,3680140141.7142854,0,0,0,0,0,15.714285714285714,2.8907563025210083,5.159663865546218,0.8067226890756303,17.19327731092437,0,0,0,0,0,62756.57142857143,23681.0756302521,993254.1848739495,38206.386554621844,76283.6974789916,1596.436974789916,267.4117647058823,2821.4789915966385,1766.0168067226891,455.4957983193278,1799.1764705882351,378.43697478991595,1893.9999999999998,2151.344537815126,558.9243697478992,0,0,0,0,0,0,0,0,0,0,0,0,0,0,0,0,0,0,0,0
1693106165,0.6643937407116005,0.3673873110074887,0.2076288782108325,0.04147119236487027,1.8747932213358824,0.43090740026761504,0.2721021505376344,0.13106159895150732,0.1543170185952009,0.07380073800738068,0,0.16824395373291265,0.143322942420008,0.5305039787798407,0.19892184360764675,9.166005388582924,5.670723083227359,0.9485225455300478,0.38140198408424897,10.5861958129618,3.4340150182568725,0.28390317999112946,0.6318993512450849,2.055507720994833,1.0036947232472344,0.00006284427032321108,0.3001512597266035,3.187077887061517,2.7263508782788097,1.0744842453899863,7.9027887053064125,5.228204041260421,1.156789464317496,0.3939763274662671,8.840936661397643,2.7215204227428456,0.18140143369175646,0.4368719965050244,1.8518042231424063,0.7872078720787214,0,0.10515247108307033,2.75896664158515,1.4146772767462437,0.7161186369875274,50000,100000,50000,50000,50000,50000,10000,50000,50000,20000,50000,0,3649536,0,220594176,0,0,1486848,0,0,2973696,0,0,0,0,3108864,2622.9215840545503,5.59559135226791,1.9576437088449903,4.105648044122153,265.6692276587141,552.3325697956592,0,0,314.0351328412335,4.870848708487085,0,0,437.493281737074,1.9451812555260832,14.441725845915142,0,0,0,0,0,0,0,0,0,0,0,0,0,0,0,224342016,74665984,10682368,439984128,111390720,349663232,39215104,10838016,310304768,93900800,4952064,3993600,305532928,15724544,134160384,205320192,68124672,9596928,199372800,105160704,330620928,35684352,9596928,290070528,82452480,4055040,2568192,295612416,14598144,35954688,0,0,0,0,0,0,0,0,0,0,0,0,0,0,0,207331328,74416128,10313728,424910848,108539904,333377536,38973440,10461184,294359040,92233728,4796416,3047424,297869312,15470592,40738816,189489152,70766592,10313728,211615744,108539904,333377536,37621760,10461184,294359040,89260032,4796416,3047424,297869312,15470592,37765120,1073741824,1073741824,314572800,0,1073741824,1073741824,1073741824,314572800,1073741824,0,0,0,1073741824,314572800,2147483648,11.19118270453582,0,4.104207437275986,0,0,14.382049292832848,45216.899816306344,0,17727.99931182796,0,0,47247.27974378867,11.19118270453582,0,4.104207437275986,0,0,14.382049292832848,45216.899816306344,0,17727.99931182796,0,0,47247.27974378867,104.59754972994337,43.71209194369572,489.4346681446584,20.87475149105368,34.65823979644183,39.065626250500195,16.522049209556638,49.392828436113795,53.394984747030946,96.7741935483871,0,0,0,0,0,0,0,0,0,0,120497.26649980241,103296.48954853852,1577315.7475405294,99263.49048565749,336632.1589066956,551288.4653861545,3016.9380720313798,7371.9208505653205,597827.2097619001,124887.70541692029,0,0,0,0,0,0,0,0,0,0,124.65419575813465,35.86412659226978,476.8255507828738,28.353687399413047,47.95518437198612,53.29631852741096,14.620230595506953,59.63950530300504,72.772970587671,129.74958699243547,0,0,0,0,0,0,0,0,0,0,24965.55131076275,5808.375912327548,147061.93709297493,5828.907507336931,12641.413415960436,6549.2697078831525,2776.5957446808507,8509.356924757363,17038.92864680263,24541.887661942445,0,0,0,0,0,0,0,0,0,0,36.901,4,42,14,17.225,2,18,74,0,0,0,0,0.008650347354231149,0.003080438756855576,0.031226591760299623,0.016317494600431963,0.0014267688831310088,0.003,0.0030759075907590763,0.0032194699033936086,0.021979078309207475,0.004744789762340038,0.07225776965265081,0.024481641468682504,0.004285353776626202,0.0046,0.004736633663366337,0.004995045826108495,0.02426683486707479,0.004952833638025594,0.0864945155393053,0.039351851851851846,0.004642676888313101,0.0048,0.004944224422442245,0.007517241379310338,0.06797057602511442,0.009077500000000011,0.09788391224862888,0.08425000000000009,0.0049285353776626194,0.00496,0.022825000000000158,0.009577011494252875,0.46120588996989964,0.3770833333333333,0.3858126961981165,0.46,0.8812798808684065,0.375,0.45966666666666667,0.4682768565248738,2.183062911915494,2.1652941176470586,0.4944628531566097,2.1294117647058823,2.1284370078740156,0.475,2.128543307086615,2.1744186046511627,2.3415314559577465,2.3326470588235297,0.6859879032258065,2.3147058823529414,2.314218503937008,0.4875,2.314271653543307,2.337209302325581,2.4683062911915497,2.4665294117647063,0.9371975806451612,2.462941176470588,2.4628437007874013,0.4975,2.4628543307086614,2.4674418604651165,394.2739333333206,396.9985211078187,396.7627118644323,393.1260504201793,396.95798319328014,83098394.90169492,19312133.369185265,0,12898682.62184874,54079178.21848739,3967891923.42071,2609102920.139823,624261779.5254238,4428447055.596639,3601879487.462185,0,0,0,0,0,15.41881581920904,2.9073675719279377,5.203389830508475,0.8067226890756303,17.04201680672269,0,0,0,0,0,61845.47623050848,23954.82656628126,1001671.5932203389,38206.386554621844,75646.9243697479,1579.0651672316385,268.469346598548,2821.4745762711864,1753.2100840336134,453.74789915966386,1780.1494180790962,378.9997311105136,1892.7457627118645,2138.134453781512,557.0588235294117,0,0,0,0,0,0,0,0,0,0,0,0,0,0,0,0,0,0,0,0
1693106166,0.6643937407116005,0.32143021996137694,0.2076288782108325,0.04232231414337434,1.8747932213358824,0.43090740026761504,0.27747849462365587,0.13106159895150732,0.1543170185952009,0.07380073800738068,0,0.16824395373291265,0.09431515408738309,0.5305039787798407,0.19892184360764675,9.166005388582924,4.9613628815413096,0.9485225455300478,0.3892295751542793,10.5861958129618,3.4340150182568725,0.28951269531371004,0.6318993512450849,2.055507720994833,1.0036947232472344,0.00006284427032321108,0.3001512597266035,2.150149477729829,2.7263508782788097,1.0744842453899863,7.9027887053064125,4.5741992840657515,1.156789464317496,0.40206198436205576,8.840936661397643,2.7215204227428456,0.18498566308243744,0.4368719965050244,1.8518042231424063,0.7872078720787214,0,0.10515247108307033,1.7684091391384313,1.4146772767462437,0.7161186369875274,50000,100000,50000,50000,50000,50000,10000,50000,50000,20000,50000,0,3649536,0,220594176,0,0,1486848,0,0,2973696,0,0,0,0,3108864,2622.9215840545503,4.89562950402713,1.9576437088449903,4.189909100194056,265.6692276587141,552.3325697956592,0,0,314.0351328412335,4.870848708487085,0,0,337.6954092098748,1.9451812555260832,14.441725845915142,0,0,0,0,0,0,0,0,0,0,0,0,0,0,0,224342016,74665984,10682368,439984128,111390720,349663232,39215104,10838016,310304768,93900800,4952064,3993600,305532928,15724544,134160384,205320192,68124672,9596928,199372800,105160704,330620928,35684352,9596928,290070528,82452480,4055040,2568192,295612416,14598144,35954688,0,0,0,0,0,0,0,0,0,0,0,0,0,0,0,207331328,74416128,10313728,424910848,108539904,333377536,38973440,10461184,294359040,92233728,4796416,3047424,297869312,15470592,40738816,189489152,70766592,10313728,211615744,108539904,333377536,37621760,10461184,294359040,89260032,4796416,3047424,297869312,15470592,37765120,1073741824,1073741824,314572800,0,1073741824,1073741824,1073741824,314572800,1073741824,0,0,0,1073741824,314572800,2147483648,9.79125900805426,0,4.185300627240143,0,0,14.382049292832848,39560.64245678489,0,18078.27888172043,0,0,47247.27974378867,9.79125900805426,0,4.185300627240143,0,0,14.382049292832848,39560.64245678489,0,18078.27888172043,0,0,47247.27974378867,104.59754972994337,42.8585429769392,489.4346681446584,20.87475149105368,34.65823979644183,39.065626250500195,16.522049209556638,48.39337318925168,53.394984747030946,96.7741935483871,0,0,0,0,0,0,0,0,0,0,120497.26649980241,101279.45929436313,1577315.7475405294,99263.49048565749,336632.1589066956,551288.4653861545,3016.9380720313798,7222.751321165327,597827.2097619001,124887.70541692029,0,0,0,0,0,0,0,0,0,0,124.65419575813465,35.16382178334215,476.8255507828738,28.353687399413047,47.95518437198612,53.29631852741096,14.620230595506953,58.43271034141569,72.772970587671,129.74958699243547,0,0,0,0,0,0,0,0,0,0,24965.55131076275,5694.958021806853,147061.93709297493,5828.907507336931,12641.413415960436,6549.2697078831525,2776.5957446808507,8337.171575281549,17038.92864680263,24541.887661942445,0,0,0,0,0,0,0,0,0,0,36,14.608,52,14,14,4.024,14,114.848,0,0,0,0,0.008650224215246638,0.003080438756855576,0.031226591760299623,0.016317494600431963,0.0014261363636363634,0.003,0.0030759075907590763,0.003211389735176939,0.02197899159663866,0.004744789762340038,0.07225776965265081,0.024481641468682504,0.004285227272727273,0.0046,0.004736633663366337,0.00498050152331849,0.024266806722689077,0.004952833638025594,0.0864945155393053,0.039351851851851846,0.0046426136363636366,0.0048,0.004944224422442245,0.007427765237020306,0.06797058823529417,0.009077500000000011,0.09788391224862888,0.08425000000000009,0.0049285227272727284,0.00496,0.022825000000000158,0.009557787810383743,0.4613333333333333,0.3770833333333333,0.3858126961981165,0.46,0.8813725490196078,0.375,0.45966666666666667,0.4880100214745884,2.183123181377304,2.1652941176470586,0.4944628531566097,2.1294117647058823,2.1285433070866144,0.475,2.128543307086615,2.191230366492147,2.3415615906886513,2.3326470588235297,0.6859879032258065,2.3147058823529414,2.314271653543307,0.4875,2.314271653543307,2.345615183246073,2.4683123181377304,2.4665294117647063,0.9371975806451612,2.462941176470588,2.4628543307086614,0.4975,2.4628543307086614,2.4691230366492145,397.15966386555596,397.0588235294068,396.8739495798164,393.22689075628494,396.90756302521686,99563709.31092437,19313431.663865544,0,12898682.62184874,54079109.37815126,3961827706.6218486,2609292571.9663863,621296149.5126051,4428469359.865546,3601961407.462185,0,0,0,0,0,15.411764705882351,2.907563025210084,5.159663865546218,0.8235294117647058,17.092436974789916,0,0,0,0,0,61853.04201680672,23956.436974789915,993254.1848739495,38344.06722689075,75836.23529411765,1596.7394957983195,269.4957983193277,2818.5882352941176,1758.9915966386552,455.12605042016804,1799.4957983193276,380.3865546218487,1890.3025210084033,2143.3445378151255,558.436974789916,0,0,0,0,0,0,0,0,0,0,0,0,0,0,0,0,0,0,0,0
1693106167,0.6643937407116005,0.3153070981112521,0.2076288782108325,0.04317343592187841,1.8747932213358824,0.43090740026761504,0.32258064516129026,0.13106159895150732,0.13181802594240558,0.07380073800738068,0,0.16824395373291265,0.09431515408738309,0.5305039787798407,0.19892184360764675,9.166005388582924,4.8668508301541875,0.9485225455300478,0.39705716622430964,10.5861958129618,3.4340150182568725,0.3365709193548391,0.6318993512450849,1.755820405017456,1.0036947232472344,0.00006284427032321108,0.3001512597266035,2.150149477729829,2.7263508782788097,1.0744842453899863,7.9027887053064125,4.487062550044745,1.156789464317496,0.4101476412578444,8.840936661397643,2.7215204227428456,0.21505376344086038,0.4368719965050244,1.5818163113088632,0.7872078720787214,0,0.10515247108307033,1.7684091391384313,1.4146772767462437,0.7161186369875274,50000,100000,50000,50000,50000,50000,10000,50000,50000,20000,50000,0,3649536,0,220594176,0,0,1486848,0,0,2973696,0,0,0,0,3108864,2622.9215840545503,4.802369648155998,1.9576437088449903,4.274170156265958,265.6692276587141,552.3325697956592,0,0,268.2496827927951,4.870848708487085,0,0,337.6954092098748,1.9451812555260832,14.441725845915142,0,0,0,0,0,0,0,0,0,0,0,0,0,0,0,224342016,74665984,10682368,439984128,111390720,349663232,39215104,10838016,310304768,93900800,4952064,3993600,305532928,15724544,134160384,205320192,68124672,9596928,199372800,105160704,330620928,35684352,9596928,290070528,82452480,4055040,2568192,295612416,14598144,35954688,0,0,0,0,0,0,0,0,0,0,0,0,0,0,0,207331328,74416128,10313728,424910848,108539904,333377536,38973440,10461184,294359040,92233728,4796416,3047424,297869312,15470592,40738816,189489152,70766592,10313728,211615744,108539904,333377536,37621760,10461184,294359040,89260032,4796416,3047424,297869312,15470592,37765120,1073741824,1073741824,314572800,0,1073741824,1073741824,1073741824,314572800,1073741824,0,0,0,1073741824,314572800,2147483648,9.604739296311996,0,4.865591397849462,0,0,14.382049292832848,38807.027459846446,0,21016.774193548386,0,0,47247.27974378867,9.604739296311996,0,4.865591397849462,0,0,14.382049292832848,38807.027459846446,0,21016.774193548386,0,0,47247.27974378867,106.26696933279922,42.00499401018269,392.3214916415284,20.87475149105368,34.65823979644183,39.065626250500195,16.522049209556638,62.01487873228363,53.394984747030946,77.87544622160408,0,0,0,0,0,0,0,0,0,0,120683.6916366226,99262.42904018775,1262550.0039954123,99263.49048565749,336632.1589066956,551288.4653861545,3016.9380720313798,9255.418237535534,597827.2097619001,103481.54067454798,0,0,0,0,0,0,0,0,0,0,126.07379712467174,34.463516974414524,381.10527589240826,28.353687399413047,47.95518437198612,53.29631852741096,14.620230595506953,74.97832704985787,72.772970587671,105.6986207695874,0,0,0,0,0,0,0,0,0,0,25389.92744914764,5581.5401312861595,116718.27865133232,5828.907507336931,12641.413415960436,6549.2697078831525,2776.5957446808507,10647.38614140844,17038.92864680263,20007.39455609643,0,0,0,0,0,0,0,0,0,0,26,22,48,16,18,2,18,106,0,0,0,0,0.008534873188405796,0.0030770642201834865,0.03130961115187087,0.016330561330561332,0.0015356125356125357,0.003,0.0030786324786324787,0.003213034337771549,0.021842455621301774,0.004738715596330275,0.07123106060606062,0.02438877338877339,0.004307122507122507,0.0046,0.004741538461538462,0.004983461807988788,0.024220044378698215,0.004946422018348624,0.08594696969696966,0.035948275862069015,0.004653561253561253,0.0048,0.00494940170940171,0.007456838565022417,0.07023611111111074,0.009036842105263159,0.09771969696969697,0.07981250000000008,0.004930712250712251,0.00496,0.024399999999999523,0.009581053811659189,0.4599609375,0.375,0.38550749912800836,0.4613874345549739,0.8674242424242424,0.375,0.4532085561497326,0.4863975817923186,2.181732673267327,2.164426877470356,0.4939134984304151,2.1329545454545458,2.1102564102564103,0.475,2.1102564102564103,2.1899869109947643,2.3408663366336633,2.332213438735178,0.6775933609958499,2.316477272727273,2.305128205128205,0.4875,2.305128205128205,2.344993455497382,2.4681732673267325,2.4664426877470356,0.93551867219917,2.463295454545455,2.461025641025641,0.4975,2.461025641025641,2.4689986910994763,397.1428571428432,397.02521008404824,396.85714285715557,393.2773109243743,396.97478991595807,99563709.31092437,19313431.663865544,0,12898682.62184874,54079109.37815126,4032558673.747899,2609302278.4537816,678806398.9243697,4428492765.579832,3680225503.7310925,0,0,0,0,0,15.3781512605042,2.907563025210084,5.126050420168067,0.8235294117647058,17.176470588235293,0,0,0,0,0,61706.756302521004,23956.436974789915,993116.5042016807,38344.06722689075,76189.04201680672,1600.5378151260504,266.7058823529411,2817.7815126050423,1766.1176470588234,455.21008403361344,1803.8319327731092,378.05042016806726,1890.1008403361343,2151.361344537815,558.3865546218487,0,0,0,0,0,0,0,0,0,0,0,0,0,0,0,0,0,0,0,0
1693106168,0.7363576594345809,0.3091839762611273,0.2076288782108325,0.044024557700382466,1.8747932213358824,0.43090740026761504,0.32258064516129026,0.13106159895150732,0.12924607563248558,0.07380073800738068,0,0.16824395373291265,0.09431515408738309,0.5916030534351142,0.19892184360764675,8.9192965654175,4.772338778767065,0.9485225455300478,0.4048847572943398,10.5861958129618,3.4340150182568725,0.3365709193548391,0.6318993512450849,1.7215619430008753,1.0036947232472344,0.00006284427032321108,0.3001512597266035,2.150149477729829,2.824416114503816,1.0744842453899863,7.547666009204483,4.399925816023738,1.156789464317496,0.418233298153633,8.840936661397643,2.7215204227428456,0.21505376344086038,0.4368719965050244,1.550952907589823,0.7872078720787214,0,0.10515247108307033,1.7684091391384313,1.5267175572519083,0.7161186369875274,50000,100000,50000,50000,50000,50000,10000,50000,50000,20000,50000,0,3649536,0,220594176,0,0,1486848,0,0,2973696,0,0,0,0,3108864,2928.1262327416175,4.709109792284866,1.9576437088449903,4.358431212337861,265.6692276587141,552.3325697956592,0,0,263.0157639121079,4.870848708487085,0,0,337.6954092098748,2.519083969465649,14.441725845915142,0,0,0,0,0,0,0,0,0,0,0,0,0,0,0,224342016,74665984,10682368,439984128,111390720,349663232,39215104,10838016,310304768,93900800,4952064,3993600,305532928,15876096,134160384,205320192,68124672,9596928,199372800,105160704,330620928,35684352,9596928,290070528,82452480,4055040,2568192,295612416,14733312,35954688,0,0,0,0,0,0,0,0,0,0,0,0,0,0,0,207331328,74416128,10313728,424910848,108539904,333377536,38973440,10461184,294359040,92233728,4796416,3047424,297869312,15613952,40738816,189489152,70766592,10313728,211615744,108539904,333377536,37621760,10461184,294359040,89260032,4796416,3047424,297869312,15613952,37765120,1073741824,1073741824,314572800,0,1073741824,1073741824,1073741824,314572800,1073741824,0,0,0,1073741824,314572800,2147483648,9.418219584569732,0,4.865591397849462,0,0,14.382049292832848,38053.41246290801,0,21016.774193548386,0,0,47247.27974378867,9.418219584569732,0,4.865591397849462,0,0,14.382049292832848,38053.41246290801,0,21016.774193548386,0,0,47247.27974378867,106.26696933279922,51.40130151843818,400.5198496560629,20.87475149105368,34.65823979644183,39.065626250500195,13.697880264669758,62.01487873228363,51.32532787338831,78.68476471951784,0,0,0,0,0,0,0,0,0,0,120683.6916366226,121667.27982646422,1288933.5622876103,99263.49048565749,336632.1589066956,551288.4653861545,2501.2427909188164,9255.418237535534,595328.648110232,104556.96982614743,0,0,0,0,0,0,0,0,0,0,126.07379712467174,42.39479392624729,389.06924819461585,28.353687399413047,47.95518437198612,53.29631852741096,12.121145845714965,74.97832704985787,69.89098555696974,106.79709086694483,0,0,0,0,0,0,0,0,0,0,25389.92744914764,6874.342733188721,119157.34522201655,5828.907507336931,12641.413415960436,6549.2697078831525,2301.9829787234044,10647.38614140844,15800.730452105587,20215.32087042188,0,0,0,0,0,0,0,0,0,0,16,12,28,4,2,2,2,30,0,0,0,0,0.008534873188405796,0.0030770642201834865,0.03130961115187087,0.016330561330561332,0.0013988919667590025,0.003,0.0030733652312599684,0.003213034337771549,0.021842455621301774,0.004738715596330275,0.07123106060606062,0.02438877338877339,0.004279778393351801,0.0046,0.004732057416267944,0.004983461807988788,0.024220044378698215,0.004946422018348624,0.08594696969696966,0.035948275862069015,0.004639889196675901,0.0048,0.0049393939393939405,0.007456838565022417,0.07023611111111074,0.009036842105263159,0.09771969696969697,0.07981250000000008,0.00492797783933518,0.00496,0.02125,0.009581053811659189,0.4599609375,0.375,0.38550749912800836,0.4613874345549739,0.8882575757575758,0.375,0.4615885416666667,0.4863975817923186,2.181732673267327,2.164426877470356,0.4939134984304151,2.1329545454545458,2.1334586466165417,0.475,2.1334586466165417,2.1899869109947643,2.3408663366336633,2.332213438735178,0.6775933609958499,2.316477272727273,2.316729323308271,0.4875,2.316729323308271,2.344993455497382,2.4681732673267325,2.4664426877470356,0.93551867219917,2.463295454545455,2.4633458646616546,0.4975,2.4633458646616546,2.4689986910994763,397.2436974789868,397.00840336136037,396.78991596639656,393.36134453782876,397.04201680672804,99563709.31092437,19313431.663865544,0,12898682.62184874,54079109.37815126,4032538503.529412,2609325133.445378,678834348.1008403,4520720366.789916,3601960237.1764703,0,0,0,0,0,15.3781512605042,2.907563025210084,5.142857142857142,0.8235294117647058,17.07563025210084,0,0,0,0,0,61689.54621848739,23956.436974789915,993185.3445378151,38344.06722689075,75801.81512605042,1597.2436974789916,269.61344537815125,2818.3361344537816,1759.6638655462184,453.09243697478985,1799.966386554622,380.89075630252097,1890.1176470588234,2145.4453781512602,556.420168067227,0,0,0,0,0,0,0,0,0,0,0,0,0,0,0,0,0,0,0,0
1693106169,0.7363576594345809,0.3030608544110025,0.20124368597935258,0.05106730671024415,1.932834017878714,0.24999999999999914,0.32258064516129026,0.13106159895150732,0.18135654697134582,0.07380073800738068,0,0.16824395373291265,0.09431515408738309,0.5916030534351142,0.19892184360764675,8.9192965654175,4.677826727379942,0.9362754985812312,0.46965546420181714,10.510929102574424,2.296459864999996,0.3365709193548391,0.6318993512450849,1.960951439970989,1.0036947232472344,0.00006284427032321108,0.3001512597266035,2.150149477729829,2.824416114503816,1.0744842453899863,7.547666009204483,4.31278908200273,1.1269646414843744,0.48513941374731884,8.536683578964324,1.750000000000007,0.21505376344086038,0.4368719965050244,1.777294160319182,0.7872078720787214,0,0.10515247108307033,1.7684091391384313,1.5267175572519083,0.7161186369875274,50000,100000,50000,50000,50000,50000,10000,50000,50000,20000,50000,0,3649536,0,220594176,0,0,1486848,0,0,2973696,0,0,0,0,3108864,2928.1262327416175,4.615849936413734,1.3282083274637257,5.0556633643141655,285.2540871386003,374.55,0,0,275.2992383025027,4.870848708487085,0,0,337.6954092098748,2.519083969465649,14.441725845915142,0,0,0,0,0,0,0,0,0,0,0,0,0,0,0,224342016,74665984,10711040,439984128,111390720,349663232,39215104,10838016,310304768,93900800,4952064,3993600,305532928,15876096,134160384,205320192,68124672,9596928,199372800,105160704,330620928,35684352,9596928,290205696,82452480,4055040,2568192,295612416,14733312,35954688,0,0,0,0,0,0,0,0,0,0,0,0,0,0,0,207331328,74416128,10321920,424910848,108539904,333377536,38973440,10461184,294445056,92233728,4796416,3047424,297869312,15613952,40738816,189489152,70766592,10321920,211615744,108539904,333377536,37621760,10461184,294445056,89260032,4796416,3047424,297869312,15613952,37765120,1073741824,1073741824,314572800,0,1073741824,1073741824,1073741824,314572800,1073741824,0,0,0,1073741824,314572800,2147483648,9.231699872827468,0,4.865591397849462,0,0,14.382049292832848,37299.79746596957,0,21016.774193548386,0,0,47247.27974378867,9.231699872827468,0,4.865591397849462,0,0,14.382049292832848,37299.79746596957,0,21016.774193548386,0,0,47247.27974378867,106.26696933279922,51.40130151843818,408.71820767059734,20.87475149105368,34.132960691457704,39.065626250500195,17.672092978873643,62.01487873228363,51.32532787338831,77.1519645340751,0,0,0,0,0,0,0,0,0,0,120683.6916366226,121667.27982646422,1315317.1205798083,99263.49048565749,333326.70858887763,551288.4653861545,3203.6298402641273,9255.418237535534,595328.648110232,102520.17219054242,0,0,0,0,0,0,0,0,0,0,126.07379712467174,42.39479392624729,397.0332204968234,28.353687399413047,47.27893797065445,53.29631852741096,15.553731941449264,74.97832704985787,69.89098555696974,104.71665507649513,0,0,0,0,0,0,0,0,0,0,25389.92744914764,6874.342733188721,121596.41179270076,5828.907507336931,12118.598452501099,6549.2697078831525,2953.720490849062,10647.38614140844,15800.730452105587,19821.521032684283,0,0,0,0,0,0,0,0,0,0,30,18,48,10,10,2,10,40,0,0,0,0,0.008534873188405796,0.0030770642201834865,0.03130961115187087,0.016330561330561332,0.0013988919667590025,0.003,0.0030733652312599684,0.003213034337771549,0.021842455621301774,0.004738715596330275,0.07123106060606062,0.02438877338877339,0.004279778393351801,0.0046,0.004732057416267944,0.004983461807988788,0.024220044378698215,0.004946422018348624,0.08594696969696966,0.035948275862069015,0.004639889196675901,0.0048,0.0049393939393939405,0.007456838565022417,0.07023611111111074,0.009036842105263159,0.09771969696969697,0.07981250000000008,0.00492797783933518,0.00496,0.02125,0.009581053811659189,0.4599609375,0.375,0.38550749912800836,0.4613874345549739,0.8882575757575758,0.375,0.4615885416666667,0.4863975817923186,2.181732673267327,2.164426877470356,0.4939134984304151,2.1329545454545458,2.1334586466165417,0.475,2.1334586466165417,2.1899869109947643,2.3408663366336633,2.332213438735178,0.6775933609958499,2.316477272727273,2.316729323308271,0.4875,2.316729323308271,2.344993455497382,2.4681732673267325,2.4664426877470356,0.93551867219917,2.463295454545455,2.4633458646616546,0.4975,2.4633458646616546,2.4689986910994763,397.3445378151544,397.04201680672975,396.62184873949593,393.3277310924335,397.04201680670434,99563709.31092437,19313431.663865544,0,12898682.62184874,54079109.37815126,4032532445.5798316,2552622105.815126,678838891.5630252,4520734960.941176,3602004501.5126047,0,0,0,0,0,15.394957983193276,2.907563025210084,5.142857142857142,0.8235294117647058,17.04201680672269,0,0,0,0,0,61758.386554621844,23956.436974789915,993185.3445378151,38344.06722689075,75707.15966386555,1595.764705882353,268.3697478991597,2818.8067226890757,1759.3949579831933,453.09243697478985,1798.487394957983,379.68067226890753,1890.268907563025,2145.7142857142853,556.453781512605,0,0,0,0,0,0,0,0,0,0,0,0,0,0,0,0,0,0,0,0
1693106170,0.7363576594345809,0.2969377325608777,0.20124368597935258,0.05106730671024415,1.932834017878714,0.24999999999999914,0.32258064516129026,0.13106159895150732,0.18135654697134582,0.07380073800738068,0,0.16824395373291265,0.09431515408738309,0.5916030534351142,0.19892184360764675,8.9192965654175,4.583314675992819,0.9362754985812312,0.46965546420181714,10.510929102574424,2.296459864999996,0.3365709193548391,0.6318993512450849,1.960951439970989,1.0036947232472344,0.00006284427032321108,0.3001512597266035,2.150149477729829,2.824416114503816,1.0744842453899863,7.547666009204483,4.225652347981724,1.1269646414843744,0.48513941374731884,8.536683578964324,1.750000000000007,0.21505376344086038,0.4368719965050244,1.777294160319182,0.7872078720787214,0,0.10515247108307033,1.7684091391384313,1.5267175572519083,0.7161186369875274,50000,100000,50000,50000,50000,50000,10000,50000,50000,20000,50000,0,3649536,0,220594176,0,0,1486848,0,0,2973696,0,0,0,0,3108864,2928.1262327416175,4.522590080542602,1.3282083274637257,5.0556633643141655,285.2540871386003,374.55,0,0,275.2992383025027,4.870848708487085,0,0,337.6954092098748,2.519083969465649,14.441725845915142,0,0,0,0,0,0,0,0,0,0,0,0,0,0,0,224342016,74665984,10711040,439984128,111390720,349663232,39215104,10838016,310304768,93900800,4952064,3993600,305532928,15876096,134160384,205320192,68124672,9596928,199372800,105160704,330620928,35684352,9596928,290205696,82452480,4055040,2568192,295612416,14733312,35954688,0,0,0,0,0,0,0,0,0,0,0,0,0,0,0,207331328,74416128,10321920,424910848,108539904,333377536,38973440,10461184,294445056,92233728,4796416,3047424,297869312,15613952,40738816,189489152,70766592,10321920,211615744,108539904,333377536,37621760,10461184,294445056,89260032,4796416,3047424,297869312,15613952,37765120,1073741824,1073741824,314572800,0,1073741824,1073741824,1073741824,314572800,1073741824,0,0,0,1073741824,314572800,2147483648,9.045180161085204,0,4.865591397849462,0,0,14.382049292832848,36546.18246903113,0,21016.774193548386,0,0,47247.27974378867,9.045180161085204,0,4.865591397849462,0,0,14.382049292832848,36546.18246903113,0,21016.774193548386,0,0,47247.27974378867,106.26696933279922,51.33206259142692,416.9165656851319,20.87475149105368,34.3448275862069,33.81650826997466,17.672092978873643,62.01487873228363,51.32532787338831,97.11687640062058,0,0,0,0,0,0,0,0,0,0,120683.6916366226,121648.58814663769,1341700.6788720065,99263.49048565749,333281.22167487687,477213.67192043486,3203.6298402641273,9255.418237535534,595328.648110232,124247.32804688846,0,0,0,0,0,0,0,0,0,0,126.07379712467174,42.35560086883283,404.9971927990311,28.353687399413047,47.52709359605911,46.13506986127785,15.553731941449264,74.97832704985787,69.89098555696974,129.82675400792968,0,0,0,0,0,0,0,0,0,0,25389.92744914764,6855.467884214725,124035.478363385,5828.907507336931,12643.724137931034,5669.2661681339205,2953.720490849062,10647.38614140844,15800.730452105587,24608.041716945354,0,0,0,0,0,0,0,0,0,0,44,32,66,12,14,2,14,84,0,0,0,0,0.008534873188405796,0.0030770642201834865,0.03130961115187087,0.016330561330561332,0.0013988919667590025,0.003,0.0030733652312599684,0.003219131283552953,0.021842455621301774,0.004738715596330275,0.07123106060606062,0.02438877338877339,0.004279778393351801,0.0046,0.004732057416267944,0.004994436310395315,0.024220044378698215,0.004946422018348624,0.08594696969696966,0.035948275862069015,0.004639889196675901,0.0048,0.0049393939393939405,0.007524487471526202,0.07023611111111074,0.009036842105263159,0.09771969696969697,0.07981250000000008,0.00492797783933518,0.00496,0.02125,0.009596013667425974,0.4599609375,0.375,0.38550749912800836,0.4613874345549739,0.8882575757575758,0.375,0.4615885416666667,0.4710780802292264,2.181732673267327,2.164426877470356,0.4939134984304151,2.1329545454545458,2.1334586466165417,0.475,2.1334586466165417,2.177059659090909,2.3408663366336633,2.332213438735178,0.6775933609958499,2.316477272727273,2.316729323308271,0.4875,2.316729323308271,2.3385298295454544,2.4681732673267325,2.4664426877470356,0.93551867219917,2.463295454545455,2.4633458646616546,0.4975,2.4633458646616546,2.467705965909091,397.4285714285814,397.0588235294126,396.58823529411467,393.3109243697608,397.0084033613656,99563709.31092437,19313431.663865544,0,12898682.62184874,54079109.37815126,4032543391.1932774,2495924998.4537816,678841851.697479,4520766007.932773,3523708463.327731,0,0,0,0,0,15.428571428571427,2.907563025210084,5.142857142857142,0.8235294117647058,17.176470588235293,0,0,0,0,0,61853.04201680672,23956.436974789915,993185.3445378151,38344.06722689075,76189.04201680672,1600.0000000000002,270.21848739495795,2817.176470588235,1764.9243697478987,453.8655462184874,1802.9579831932772,381.15966386554624,1888.6890756302523,2151.5294117647054,557.1932773109244,0,0,0,0,0,0,0,0,0,0,0,0,0,0,0,0,0,0,0,0
1693106171,0.7363576594345809,0.29081461071075293,0.20124368597935258,0.05106730671024415,1.932834017878714,0.29428713543941276,0.32258064516129026,0.13106159895150732,0.18135654697134582,0.07380073800738068,0,0.16824395373291265,0.09431515408738309,0.5916030534351142,0.19892184360764675,8.9192965654175,4.488802624605697,0.9362754985812312,0.46965546420181714,10.510929102574424,2.7032743812897264,0.3365709193548391,0.6318993512450849,1.960951439970989,1.0036947232472344,0.00006284427032321108,0.3001512597266035,2.150149477729829,2.824416114503816,1.0744842453899863,7.547666009204483,4.138515613960717,1.1269646414843744,0.48513941374731884,8.536683578964324,2.060009948075905,0.21505376344086038,0.4368719965050244,1.777294160319182,0.7872078720787214,0,0.10515247108307033,1.7684091391384313,1.5267175572519083,0.7161186369875274,50000,100000,50000,50000,50000,50000,10000,50000,50000,20000,50000,0,3649536,0,220594176,0,0,1486848,0,0,2973696,0,0,0,0,3108864,2928.1262327416175,4.429330224671471,1.3282083274637257,5.0556633643141655,285.2540871386003,440.90098631532976,0,0,275.2992383025027,4.870848708487085,0,0,337.6954092098748,2.519083969465649,14.441725845915142,0,0,0,0,0,0,0,0,0,0,0,0,0,0,0,224342016,74665984,10711040,439984128,111390720,349663232,39215104,10838016,310304768,93900800,4952064,3993600,305532928,15876096,134160384,205320192,68124672,9596928,199372800,105160704,330620928,35684352,9596928,290205696,82452480,4055040,2568192,295612416,14733312,35954688,0,0,0,0,0,0,0,0,0,0,0,0,0,0,0,207331328,74416128,10321920,424910848,108539904,333377536,38973440,10461184,294445056,92233728,4796416,3047424,297869312,15613952,40738816,189489152,70766592,10321920,211615744,108539904,333377536,37621760,10461184,294445056,89260032,4796416,3047424,297869312,15613952,37765120,1073741824,1073741824,314572800,0,1073741824,1073741824,1073741824,314572800,1073741824,0,0,0,1073741824,314572800,2147483648,8.858660449342942,0,4.865591397849462,0,0,14.382049292832848,35792.5674720927,0,21016.774193548386,0,0,47247.27974378867,8.858660449342942,0,4.865591397849462,0,0,14.382049292832848,35792.5674720927,0,21016.774193548386,0,0,47247.27974378867,106.26696933279922,51.33206259142692,425.11492369966635,20.87475149105368,34.3448275862069,33.165414499132986,17.672092978873643,62.01487873228363,51.32532787338831,97.11687640062058,0,0,0,0,0,0,0,0,0,0,120683.6916366226,121648.58814663769,1368084.2371642042,99263.49048565749,333281.22167487687,468025.53083066555,3203.6298402641273,9255.418237535534,595328.648110232,124247.32804688846,0,0,0,0,0,0,0,0,0,0,126.07379712467174,42.35560086883283,412.96116510123863,28.353687399413047,47.52709359605911,45.24679788582099,15.553731941449264,74.97832704985787,69.89098555696974,129.82675400792968,0,0,0,0,0,0,0,0,0,0,25389.92744914764,6855.467884214725,126474.5449340692,5828.907507336931,12643.724137931034,5560.111673002534,2953.720490849062,10647.38614140844,15800.730452105587,24608.041716945354,0,0,0,0,0,0,0,0,0,0,20,24,52,6,6,2,6,26,0,0,0,0,0.008534873188405796,0.0030770642201834865,0.03130961115187087,0.016330561330561332,0.0013988919667590025,0.003,0.0030733652312599684,0.003214020427112349,0.021842455621301774,0.004738715596330275,0.07123106060606062,0.02438877338877339,0.004279778393351801,0.0046,0.004732057416267944,0.004985236768802227,0.024220044378698215,0.004946422018348624,0.08594696969696966,0.035948275862069015,0.004639889196675901,0.0048,0.0049393939393939405,0.007478285077950997,0.07023611111111074,0.009036842105263159,0.09771969696969697,0.07981250000000008,0.00492797783933518,0.00496,0.02125,0.009602561247216031,0.4599609375,0.375,0.38550749912800836,0.4613874345549739,0.8882575757575758,0.375,0.4615885416666667,0.4892425320056899,2.181732673267327,2.164426877470356,0.4939134984304151,2.1329545454545458,2.1334586466165417,0.475,2.1334586466165417,2.1921901893287434,2.3408663366336633,2.332213438735178,0.6775933609958499,2.316477272727273,2.316729323308271,0.4875,2.316729323308271,2.3460950946643715,2.4681732673267325,2.4664426877470356,0.93551867219917,2.463295454545455,2.4633458646616546,0.4975,2.4633458646616546,2.4692190189328738,397.378151260487,397.14285714284034,396.73949579832004,393.3613445378259,396.97478991598405,99563502.78991596,19313431.663865544,0,12898682.62184874,54079109.37815126,4032547659.2941175,2439179358.6554623,678838340.8403361,4428509769.142857,3602018957.983193,0,0,0,0,0,15.310924369747898,2.907563025210084,5.142857142857142,0.8235294117647058,17.008403361344538,0,0,0,0,0,61474.42016806723,23956.436974789915,993185.3445378151,38344.06722689075,75664.1344537815,1587.1092436974789,269.6302521008403,2817.798319327731,1747.0588235294117,449.563025210084,1790.1344537815125,380.75630252100837,1889.2773109243699,2133.5126050420167,553.2100840336135,0,0,0,0,0,0,0,0,0,0,0,0,0,0,0,0,0,0,0,0
1693106172,0.7363576594345809,0.28469148886062806,0.20124368597935258,0.05106730671024415,1.932834017878714,0.2882212355024982,0.279510752688172,0.13106159895150732,0.18135654697134582,0.07380073800738068,0,0.16824395373291265,0.09431515408738309,0.5916030534351142,0.19892184360764675,8.9192965654175,4.394290573218574,0.9362754985812312,0.46965546420181714,10.510929102574424,2.6475539982888048,0.2916330921056455,0.6318993512450849,1.960951439970989,1.0036947232472344,0.0000820427942083494,0.3001512597266035,2.150149477729829,2.824416114503816,1.0744842453899863,7.547666009204483,4.05137887993971,1.1269646414843744,0.48513941374731884,8.536683578964324,2.0175486485175025,0.18634050179211484,0.4368719965050244,1.777294160319182,0.7872078720787214,0,0.10515247108307033,1.7684091391384313,1.5267175572519083,0.7161186369875274,50000,100000,50000,50000,50000,50000,10000,50000,50000,20000,50000,0,3649536,0,220594176,0,0,1486848,0,0,2973696,0,0,0,0,3108864,2928.1262327416175,4.336070368800339,1.3282083274637257,5.0556633643141655,285.2540871386003,431.81305502984424,0,0,275.2992383025027,4.870848708487085,0,0,337.6954092098748,2.519083969465649,14.441725845915142,0,0,0,0,0,0,0,0,0,0,0,0,0,0,0,224342016,74665984,10711040,439984128,111390720,349663232,39215104,10838016,310304768,93900800,4952064,3993600,305532928,15876096,134160384,205320192,68124672,9596928,199372800,105160704,330620928,35684352,9596928,290205696,82452480,4055040,2568192,295612416,14733312,35954688,0,0,0,0,0,0,0,0,0,0,0,0,0,0,0,207331328,74416128,10321920,424910848,108539904,333377536,38973440,10461184,294445056,92233728,4796416,3047424,297869312,15613952,40738816,189489152,70766592,10321920,211615744,108539904,333377536,37621760,10461184,294445056,89260032,4796416,3047424,297869312,15613952,37765120,1073741824,1073741824,314572800,0,1073741824,1073741824,1073741824,314572800,1073741824,0,0,0,1073741824,314572800,2147483648,8.672140737600678,0,4.215953853046594,0,0,14.382049292832848,35038.952475154256,0,18210.684559139783,0,0,47247.27974378867,8.672140737600678,0,4.215953853046594,0,0,14.382049292832848,35038.952475154256,0,18210.684559139783,0,0,47247.27974378867,106.26696933279922,51.33206259142692,491.9014808720691,20.87475149105368,34.3448275862069,32.51432072829132,17.672092978873643,62.01487873228363,51.32532787338831,97.11687640062058,0,0,0,0,0,0,0,0,0,0,120683.6916366226,121648.58814663769,1583013.49753188,99263.49048565749,333281.22167487687,458837.38974089635,3203.6298402641273,9255.418237535534,595328.648110232,124247.32804688846,0,0,0,0,0,0,0,0,0,0,126.07379712467174,42.35560086883283,477.8383381324558,28.353687399413047,47.52709359605911,44.35852591036414,15.553731941449264,74.97832704985787,69.89098555696974,129.82675400792968,0,0,0,0,0,0,0,0,0,0,25389.92744914764,6855.467884214725,146343.99424105306,5828.907507336931,12643.724137931034,5450.957177871148,2953.720490849062,10647.38614140844,15800.730452105587,24608.041716945354,0,0,0,0,0,0,0,0,0,0,62,16,70,22,16,2,18,172,0,0,0,0,0.008488106129917657,0.0030773480662983424,0.031107221812822404,0.016278705636743215,0.0014813753581661893,0.003,0.0030534223706176963,0.0032105753552294433,0.02180504587155963,0.004739226519337016,0.07074612403100776,0.024307933194154488,0.004296275071633238,0.0046,0.004696160267111853,0.004979035639412999,0.02422821100917431,0.004946961325966851,0.08576065891472869,0.034567307692307654,0.004648137535816619,0.0048,0.004901502504173622,0.007440340909090906,0.07065277777777769,0.009042105263157905,0.09777228682170543,0.07996874999999994,0.004929627507163325,0.00496,0.009104166666666675,0.009597159090909095,0.4608552631578947,0.375,0.3854458041958042,0.46030183727034124,0.8788461538461538,0.375,0.45777027027027023,0.4912706983441325,2.1820962888666,2.164285714285714,0.49380244755244757,2.1301923076923077,2.1225409836065574,0.475,2.123469387755102,2.193739242685026,2.3410481444333,2.332142857142857,0.6758368200836821,2.3150961538461536,2.3112704918032785,0.4875,2.311734693877551,2.346869621342513,2.46820962888666,2.4664285714285716,0.9351673640167362,2.4630192307692305,2.462254098360656,0.4975,2.4623469387755104,2.4693739242685027,397.3949579831845,397.1932773109193,396.7394957983252,393.2436974789824,397.02521008403863,99563571.6302521,19313431.663865544,0,12898682.62184874,54079109.37815126,4103402057.142857,2439202764.3697476,678841714.0168067,4520748040.6050415,3602040023.1260505,0,0,0,0,0,15.260504201680671,2.907563025210084,5.126050420168067,1.5126050420168067,16.92436974789916,0,0,0,0,0,61431.39495798319,23956.436974789915,993047.6638655462,41992.6050420168,75371.56302521008,1589.6806722689075,269.4789915966386,2818.168067226891,1745.5966386554621,449.73109243697473,1792.6050420168067,380.77310924369743,1889.7647058823532,2131.9159663865544,553.327731092437,0,0,0,0,0,0,0,0,0,0,0,0,0,0,0,0,0,0,0,0
1693106173,0.7363576594345809,0.39983279719390064,0.20124368597935258,0.08024394158241016,1.932834017878714,0.533743248147911,0.2741344086021505,0.13106159895150732,0.2164658344757921,0.06292250922509277,0,0.16824395373291265,0.09431515408738309,0.5916030534351142,0.20439448134900373,8.9192965654175,5.508562459335188,0.9362754985812312,0.4581852150537626,10.510929102574424,3.515657847093219,0.2860235767830649,0.6318993512450849,1.8906674459436779,0.855750121040592,0.00009893912292604468,0.3001512597266035,2.150149477729829,2.824416114503816,1.059118329075116,7.547666009204483,5.088781055195101,1.1269646414843744,0.46140266409886055,8.536683578964324,2.7754648903691614,0.18275627240143386,0.4368719965050244,1.6836231570339266,0.6711734317343179,0,0.10515247108307033,1.7684091391384313,1.5267175572519083,0.740929994890138,50000,100000,50000,50000,50000,50000,10000,50000,50000,20000,50000,0,3784704,0,220594176,0,0,1486848,0,0,2973696,0,0,0,0,3108864,2928.1262327416175,7.196990349490212,1.3282083274637257,5.296100144439095,285.2540871386003,635.4960609748288,0,0,265.0984919546865,4.152885608856089,0,0,337.6954092098748,2.519083969465649,15.176290240163516,0,0,0,0,0,0,0,0,0,0,0,0,0,0,0,224342016,75182080,10711040,439984128,111390720,349663232,39215104,10838016,310304768,93900800,4952064,3993600,305532928,15876096,134160384,205320192,68530176,9596928,199372800,105160704,330891264,35684352,9596928,290205696,82452480,4055040,2568192,295612416,14733312,35954688,0,0,0,0,0,0,0,0,0,0,0,0,0,0,0,207331328,74932224,10321920,424910848,108539904,333750272,38973440,10461184,294445056,92233728,4796416,3047424,297869312,15613952,40738816,189489152,71147520,10321920,211615744,108539904,333750272,37621760,10461184,294445056,89260032,4796416,3047424,297869312,15613952,37765120,1073741824,1073741824,314572800,0,1073741824,1073741824,1073741824,314572800,1073741824,0,0,0,1073741824,314572800,2147483648,10.595569125638368,0,4.134860663082438,0,0,14.92079713847726,41324.39161805063,0,17860.404989247312,0,0,50192.743995912104,10.595569125638368,0,4.134860663082438,0,0,14.92079713847726,41324.39161805063,0,17860.404989247312,0,0,50192.743995912104,106.26696933279922,51.33206259142692,491.9014808720691,21.037998146431878,34.3448275862069,39.133241446691216,17.672092978873643,62.01487873228363,51.32532787338831,97.11687640062058,0,0,0,0,0,0,0,0,0,0,120683.6916366226,121648.58814663769,1583013.49753188,99058.60982391101,333281.22167487687,548093.3754383516,3203.6298402641273,9255.418237535534,595328.648110232,124247.32804688846,0,0,0,0,0,0,0,0,0,0,126.07379712467174,42.35560086883283,477.8383381324558,28.656163113994438,47.52709359605911,54.120069089449906,15.553731941449264,74.97832704985787,69.89098555696974,129.82675400792968,0,0,0,0,0,0,0,0,0,0,25389.92744914764,6855.467884214725,146343.99424105306,5983.68860055607,12643.724137931034,6667.515745764783,2953.720490849062,10647.38614140844,15800.730452105587,24608.041716945354,0,0,0,0,0,0,0,0,0,0,26,6,36,8,6,2,6,62,0,0,0,0,0.008488106129917657,0.0030773480662983424,0.031107221812822404,0.016278705636743215,0.0014289693593314765,0.003,0.0030511182108626206,0.0032105753552294433,0.02180504587155963,0.004739226519337016,0.07074612403100776,0.024307933194154488,0.004285793871866296,0.0046,0.004692012779552716,0.004979035639412999,0.02422821100917431,0.004946961325966851,0.08576065891472869,0.034567307692307654,0.004642896935933148,0.0048,0.004897124600638979,0.007440340909090906,0.07065277777777769,0.009042105263157905,0.09777228682170543,0.07996874999999994,0.00492857938718663,0.00496,0.008991666666666667,0.009597159090909095,0.4608552631578947,0.375,0.3854458041958042,0.46030183727034124,0.885576923076923,0.375,0.46118421052631586,0.4912706983441325,2.1820962888666,2.164285714285714,0.49380244755244757,2.1301923076923077,2.1316091954022984,0.475,2.1324427480916035,2.193739242685026,2.3410481444333,2.332142857142857,0.6758368200836821,2.3150961538461536,2.31580459770115,0.4875,2.316221374045802,2.346869621342513,2.46820962888666,2.4664285714285716,0.9351673640167362,2.4630192307692305,2.46316091954023,0.4975,2.46324427480916,2.4693739242685027,397.3109243697197,397.15966386554396,396.80672268906494,393.0252100840315,396.94117647057584,99563571.6302521,19313431.663865544,0,12898682.62184874,54079109.37815126,4103488038.7226887,2382481700.5714283,623242265.8151261,4428548870.453781,3523790107.9663863,0,0,0,0,0,15.294117647058822,2.857142857142857,5.126050420168067,1.5126050420168067,16.857142857142858,0,0,0,0,0,61517.44537815126,19206.453781512606,993047.6638655462,41992.6050420168,75096.20168067227,1580.9915966386557,269.44537815126046,2817.6806722689075,1742.1176470588234,448.77310924369743,1784.6050420168067,380.8067226890756,1889.5798319327732,2128.033613445378,552.4201680672269,0,0,0,0,0,0,0,0,0,0,0,0,0,0,0,0,0,0,0,0
1693106174,0.7363576594345809,0.3998327971939007,0.20124368597935258,0.08024394158241016,1.932834017878714,0.533743248147911,0.268758064516129,0.13106159895150732,0.2164658344757921,0.06169249692496977,0,0.16824395373291265,0.09431515408738309,0.5916030534351142,0.19897329778343764,8.9192965654175,5.50856245933519,0.9362754985812312,0.4581852150537626,10.510929102574424,3.515657847093219,0.28041406146048425,0.6318993512450849,1.8906674459436779,0.8390218756531382,0.00006255619235336788,0.3001512597266035,2.150149477729829,2.824416114503816,1.0705316168570183,7.547666009204483,5.088781055195102,1.1269646414843744,0.46140266409886055,8.536683578964324,2.7754648903691614,0.17917204301075285,0.4368719965050244,1.6836231570339266,0.6580533005330059,0,0.10515247108307033,1.7684091391384313,1.5267175572519083,0.736201201798719,50000,100000,50000,50000,50000,50000,10000,50000,50000,20000,50000,0,3784704,0,220594176,0,0,1486848,0,0,2973696,0,0,0,0,3108864,2928.1262327416175,7.196990349490214,1.3282083274637257,5.296100144439095,285.2540871386003,635.4960609748288,0,0,265.0984919546865,4.071704797047971,0,0,337.6954092098748,2.519083969465649,14.445461419077562,0,0,0,0,0,0,0,0,0,0,0,0,0,0,0,224342016,75182080,10711040,439984128,111390720,349663232,39215104,10838016,310304768,93900800,4952064,3993600,305532928,15876096,134160384,205320192,68530176,9596928,199372800,105160704,330891264,35684352,9596928,290205696,82452480,4055040,2568192,295612416,14733312,35954688,0,0,0,0,0,0,0,0,0,0,0,0,0,0,0,207331328,74932224,10321920,424910848,108539904,333750272,38973440,10461184,294445056,92233728,4796416,3047424,297869312,15613952,40873984,189489152,71147520,10321920,211615744,108539904,333750272,37621760,10461184,294445056,89260032,4796416,3047424,297869312,15613952,37900288,1073741824,1073741824,314572800,0,1073741824,1073741824,1073741824,314572800,1073741824,0,0,0,1073741824,314572800,2147483648,10.59556912563837,0,4.053767473118279,0,0,13.948028174618967,41324.391618050635,0,17510.125419354838,0,0,46016.634167694705,10.59556912563837,0,4.053767473118279,0,0,13.948028174618967,41324.391618050635,0,17510.125419354838,0,0,46016.634167694705,106.26696933279922,51.33206259142692,491.9014808720691,21.037998146431878,34.3448275862069,39.133241446691216,17.672092978873643,62.01487873228363,51.32532787338831,97.11687640062058,0,0,0,0,0,0,0,0,0,0,120683.6916366226,121648.58814663769,1583013.49753188,99058.60982391101,333281.22167487687,548093.3754383516,3203.6298402641273,9255.418237535534,595328.648110232,124247.32804688846,0,0,0,0,0,0,0,0,0,0,126.07379712467174,42.35560086883283,477.8383381324558,28.656163113994438,47.52709359605911,54.120069089449906,15.553731941449264,74.97832704985787,69.89098555696974,129.82675400792968,0,0,0,0,0,0,0,0,0,0,25389.92744914764,6855.467884214725,146343.99424105306,5983.68860055607,12643.724137931034,6667.515745764783,2953.720490849062,10647.38614140844,15800.730452105587,24608.041716945354,0,0,0,0,0,0,0,0,0,0,36,26,62,32,30,2,32,188,0,0,0,0,0.008488106129917657,0.0030773480662983424,0.031107221812822404,0.016278705636743215,0.0014289693593314765,0.003,0.0030511182108626206,0.0032105753552294433,0.02180504587155963,0.004739226519337016,0.07074612403100776,0.024307933194154488,0.004285793871866296,0.0046,0.004692012779552716,0.004979035639412999,0.02422821100917431,0.004946961325966851,0.08576065891472869,0.034567307692307654,0.004642896935933148,0.0048,0.004897124600638979,0.007440340909090906,0.07065277777777769,0.009042105263157905,0.09777228682170543,0.07996874999999994,0.00492857938718663,0.00496,0.008991666666666667,0.009597159090909095,0.4608552631578947,0.375,0.3854458041958042,0.46030183727034124,0.885576923076923,0.375,0.46118421052631586,0.4912706983441325,2.1820962888666,2.164285714285714,0.49380244755244757,2.1301923076923077,2.1316091954022984,0.475,2.1324427480916035,2.193739242685026,2.3410481444333,2.332142857142857,0.6758368200836821,2.3150961538461536,2.31580459770115,0.4875,2.316221374045802,2.346869621342513,2.46820962888666,2.4664285714285716,0.9351673640167362,2.4630192307692305,2.46316091954023,0.4975,2.46324427480916,2.4693739242685027,397.32773109244044,397.0924369747896,396.8571428571218,393.0252100840309,397.0420168067174,82969746.28571428,19313431.663865544,0,12898682.62184874,54079109.37815126,4103517364.705882,2382503522.957983,680888681.4117646,4428482164.168067,3523817506.420168,0,0,0,0,0,15.260504201680671,2.857142857142857,5.126050420168067,1.5126050420168067,16.95798319327731,0,0,0,0,0,61362.554621848736,19206.453781512606,993047.6638655462,41992.6050420168,75457.61344537814,1593.5966386554621,270.1512605042016,2818.621848739496,1752.2857142857142,450.7899159663865,1796.9915966386554,381.5462184873949,1890.8739495798318,2138.941176470588,554.436974789916,0,0,0,0,0,0,0,0,0,0,0,0,0,0,0,0,0,0,0,0
1693106175,0.7363576594345809,0.3998327971939007,0.20124368597935258,0.08024394158241016,1.932834017878714,0.533743248147911,0.28043673347292836,0.15076134479119568,0.2164658344757921,0.06046248462484675,0,0.16824395373291265,0.09431515408738309,0.5916030534351142,0.19897329778343764,8.9192965654175,5.50856245933519,0.9362754985812312,0.4581852150537626,10.510929102574424,3.515657847093219,0.3379797300329047,0.6432810895019851,1.8906674459436779,0.8222936302656842,0.00007374324790253823,0.3001512597266035,2.150149477729829,2.824416114503816,1.0705316168570183,7.547666009204483,5.088781055195102,1.1269646414843744,0.46140266409886055,8.536683578964324,2.7754648903691614,0.3178282979359864,0.4355327738412319,1.6836231570339266,0.6449331693316939,0,0.10515247108307033,1.7684091391384313,1.5267175572519083,0.736201201798719,50000,100000,50000,50000,50000,50000,10000,50000,50000,20000,50000,0,3784704,0,220594176,0,0,1486848,0,0,2973696,0,0,0,0,3108864,2928.1262327416175,7.196990349490214,1.3282083274637257,5.296100144439095,285.2540871386003,635.4960609748288,0,0,265.0984919546865,3.9905239852398524,0,0,337.6954092098748,2.519083969465649,14.445461419077562,0,0,0,0,0,0,0,0,0,0,0,0,0,0,0,224342016,75182080,10711040,439984128,111390720,349663232,39288832,10838016,310304768,93900800,4952064,3993600,305532928,15876096,134160384,205320192,68530176,9596928,199372800,105160704,330891264,35684352,9596928,290205696,82452480,4055040,2568192,295612416,14733312,35954688,0,0,0,0,0,0,0,0,0,0,0,0,0,0,0,207331328,74932224,10321920,424910848,108539904,333750272,39026688,10469376,294445056,92233728,4796416,3047424,297869312,15613952,40873984,189489152,71147520,10321920,211615744,108539904,333750272,37539840,10469376,294445056,89260032,4796416,3047424,297869312,15613952,37900288,1073741824,1073741824,314572800,0,1073741824,1073741824,1073741824,314572800,1073741824,0,0,0,1073741824,314572800,2147483648,10.59556912563837,0,5.010469638049656,0,0,13.948028174618967,41324.391618050635,0,20743.04516900987,0,0,46016.634167694705,10.59556912563837,0,5.010469638049656,0,0,13.948028174618967,41324.391618050635,0,20743.04516900987,0,0,46016.634167694705,106.26696933279922,51.33206259142692,491.9014808720691,21.037998146431878,34.3448275862069,39.133241446691216,17.672092978873643,62.01487873228363,51.32532787338831,97.11687640062058,0,0,0,0,0,0,0,0,0,0,120683.6916366226,121648.58814663769,1583013.49753188,99058.60982391101,333281.22167487687,548093.3754383516,3203.6298402641273,9255.418237535534,595328.648110232,124247.32804688846,0,0,0,0,0,0,0,0,0,0,126.07379712467174,42.35560086883283,477.8383381324558,28.656163113994438,47.52709359605911,54.120069089449906,15.553731941449264,74.97832704985787,69.89098555696974,129.82675400792968,0,0,0,0,0,0,0,0,0,0,25389.92744914764,6855.467884214725,146343.99424105306,5983.68860055607,12643.724137931034,6667.515745764783,2953.720490849062,10647.38614140844,15800.730452105587,24608.041716945354,0,0,0,0,0,0,0,0,0,0,18,24,46,4,4,2,2,34,0,0,0,0,0.008488106129917657,0.0030773480662983424,0.031107221812822404,0.016278705636743215,0.0014289693593314765,0.003,0.0030511182108626206,0.003220747295968535,0.02180504587155963,0.004739226519337016,0.07074612403100776,0.024307933194154488,0.004285793871866296,0.0046,0.004692012779552716,0.004997345132743364,0.02422821100917431,0.004946961325966851,0.08576065891472869,0.034567307692307654,0.004642896935933148,0.0048,0.004897124600638979,0.00755320366132724,0.07065277777777769,0.009042105263157905,0.09777228682170543,0.07996874999999994,0.00492857938718663,0.00496,0.008991666666666667,0.009620480549199093,0.4608552631578947,0.375,0.3854458041958042,0.46030183727034124,0.885576923076923,0.375,0.46118421052631586,0.4723531544597535,2.1820962888666,2.164285714285714,0.49380244755244757,2.1301923076923077,2.1316091954022984,0.475,2.1324427480916035,2.1782763532763534,2.3410481444333,2.332142857142857,0.6758368200836821,2.3150961538461536,2.31580459770115,0.4875,2.316221374045802,2.3391381766381767,2.46820962888666,2.4664285714285716,0.9351673640167362,2.4630192307692305,2.46316091954023,0.4975,2.46324427480916,2.467827635327635,397.42857142857866,397.0924369748014,396.9411764705919,393.0252100840437,397.0588235294167,82969677.44537815,28970078.655462183,0,12898682.62184874,54079109.37815126,4174217629.0420165,2439235532.3697476,738573922.9579831,4428502403.226891,3523827832.470588,0,0,0,0,0,15.277310924369747,2.991596638655462,5.126050420168067,1.4117647058823528,16.823529411764707,0,0,0,0,0,61448.6050420168,24851.361344537814,993047.6638655462,24644.840336134454,74975.73109243697,1586.8571428571427,269.21008403361344,2817.4957983193276,1741.5294117647056,447.52941176470586,1790.5546218487393,380.62184873949576,1889.9327731092437,2128.857142857143,551.1428571428571,0,0,0,0,0,0,0,0,0,0,0,0,0,0,0,0,0,0,0,0
1693106176,0.7363576594345809,0.3998327971939007,0.20124368597935258,0.08024394158241016,1.932834017878714,0.533743248147911,0.28043673347292836,0.1395627377443699,0.2164658344757921,0.05923247232472375,0,0.19327939917718187,0.09431515408738309,0.6271200934979041,0.19897329778343764,8.9192965654175,5.50856245933519,0.9362754985812312,0.4581852150537626,10.510929102574424,3.515657847093219,0.3379797300329047,0.5342616336055565,1.8906674459436779,0.8055653848782305,0.00007374324790253823,0.30525563685562024,2.150149477729829,2.819822998204155,1.0705316168570183,7.547666009204483,5.088781055195102,1.1269646414843744,0.46140266409886055,8.536683578964324,2.7754648903691614,0.3178282979359864,0.35887561134266543,1.6836231570339266,0.6318130381303819,0,0.05522268547919461,1.7684091391384313,1.5392947749494028,0.736201201798719,50000,100000,50000,50000,50000,50000,10000,50000,50000,20000,50000,0,3784704,0,220594176,0,0,1486848,0,0,2973696,0,0,0,0,3108864,2928.1262327416175,7.196990349490214,1.3282083274637257,5.296100144439095,285.2540871386003,635.4960609748288,0,0,265.0984919546865,3.9093431734317345,0,0,337.6954092098748,1.8813602804937144,14.445461419077562,0,0,0,0,0,0,0,0,0,0,0,0,0,0,0,224342016,75182080,10711040,439984128,111390720,349663232,39288832,10838016,310304768,93900800,4952064,3993600,305532928,15876096,134160384,205320192,68530176,9596928,199372800,105160704,330891264,35684352,9596928,290205696,82452480,4055040,2568192,295612416,14733312,35954688,0,0,0,0,0,0,0,0,0,0,0,0,0,0,0,207331328,74932224,10321920,424910848,108539904,333750272,39026688,10469376,294445056,92233728,4796416,3047424,297869312,15613952,40873984,189489152,71147520,10321920,211615744,108539904,333750272,37539840,10469376,294445056,89260032,4796416,3047424,297869312,15613952,37900288,1073741824,1073741824,314572800,0,1073741824,1073741824,1073741824,314572800,1073741824,0,0,0,1073741824,314572800,2147483648,10.59556912563837,0,5.010469638049656,0,0,13.948028174618967,41324.391618050635,0,20743.04516900987,0,0,46016.634167694705,10.59556912563837,0,5.010469638049656,0,0,13.948028174618967,41324.391618050635,0,20743.04516900987,0,0,46016.634167694705,106.26696933279922,51.33206259142692,491.9014808720691,21.037998146431878,34.3448275862069,39.06635007392142,17.822960318692118,62.01487873228363,51.32532787338831,97.11687640062058,0,0,0,0,0,0,0,0,0,0,120683.6916366226,121648.58814663769,1583013.49753188,99058.60982391101,333281.22167487687,549382.3081403163,3231.0259196026695,9255.418237535534,595328.648110232,124247.32804688846,0,0,0,0,0,0,0,0,0,0,126.07379712467174,42.35560086883283,477.8383381324558,28.656163113994438,47.52709359605911,53.917835222436274,15.701795229965336,74.97832704985787,69.89098555696974,129.82675400792968,0,0,0,0,0,0,0,0,0,0,25389.92744914764,6855.467884214725,146343.99424105306,5983.68860055607,12643.724137931034,6641.615519017965,2974.3649438667285,10647.38614140844,15800.730452105587,24608.041716945354,0,0,0,0,0,0,0,0,0,0,20,6,30,6,8,2,6,28,0,0,0,0,0.008488106129917657,0.0030773480662983424,0.031107221812822404,0.016278705636743215,0.0014289693593314765,0.003,0.0030511182108626206,0.00321279587532224,0.02180504587155963,0.004739226519337016,0.07074612403100776,0.024307933194154488,0.004285793871866296,0.0046,0.004692012779552716,0.004983032575580033,0.02422821100917431,0.004946961325966851,0.08576065891472869,0.034567307692307654,0.004642896935933148,0.0048,0.004897124600638979,0.007465497737556557,0.07065277777777769,0.009042105263157905,0.09777228682170543,0.07996874999999994,0.00492857938718663,0.00496,0.008991666666666667,0.009601696832579184,0.4608552631578947,0.375,0.3854458041958042,0.46030183727034124,0.885576923076923,0.375,0.46118421052631586,0.48911087113030954,2.1820962888666,2.164285714285714,0.49380244755244757,2.1301923076923077,2.1316091954022984,0.475,2.1324427480916035,2.192108695652174,2.3410481444333,2.332142857142857,0.6758368200836821,2.3150961538461536,2.31580459770115,0.4875,2.316221374045802,2.346054347826087,2.46820962888666,2.4664285714285716,0.9351673640167362,2.4630192307692305,2.46316091954023,0.4975,2.46324427480916,2.4692108695652175,397.49579831932965,397.008403361329,396.8571428571436,393.1596638655447,397.0420168067008,82969677.44537815,28970147.49579832,0,12898682.62184874,54079109.37815126,4174196839.2605042,2495980965.6470585,738565868.6386554,4520685877.781512,3680271351.394958,0,0,0,0,0,15.176470588235293,2.991596638655462,5.126050420168067,1.4117647058823528,16.80672268907563,0,0,0,0,0,61156.033613445376,24851.361344537814,993047.6638655462,24644.840336134454,74924.10084033613,1575.2268907563023,269.1932773109243,2820.2521008403364,1735.7983193277312,446.1008403361344,1778.739495798319,380.6890756302521,1891.142857142857,2123.4285714285716,549.6638655462185,0,0,0,0,0,0,0,0,0,0,0,0,0,0,0,0,0,0,0,0
1693106177,0.7363576594345809,0.3998327971939007,0.20124368597935258,0.08024394158241016,1.932834017878714,0.533743248147911,0.28043673347292836,0.14237350861835898,0.2164658344757921,0.0649561545956475,0,0.16784436713268466,0.09431515408738309,0.6271200934979041,0.19897329778343764,8.9192965654175,5.50856245933519,0.9362754985812312,0.4581852150537626,10.510929102574424,3.515657847093219,0.3379797300329047,0.545021576145369,1.8906674459436779,1.0281636072317848,0.00007374324790253823,0.2650848429777452,2.150149477729829,2.819822998204155,1.0705316168570183,7.547666009204483,5.088781055195102,1.1269646414843744,0.46140266409886055,8.536683578964324,2.7754648903691614,0.3178282979359864,0.36610330787578027,1.6836231570339266,0.801125906679658,0,0.04795553346648114,1.7684091391384313,1.5392947749494028,0.736201201798719,50000,100000,50000,50000,50000,50000,10000,50000,50000,20000,50000,0,3784704,0,220594176,0,0,1486848,0,0,2973696,0,0,0,0,3108864,2928.1262327416175,7.196990349490214,1.3282083274637257,5.296100144439095,285.2540871386003,635.4960609748288,0,0,265.0984919546865,4.287106203312764,0,0,337.6954092098748,1.8813602804937144,14.445461419077562,0,0,0,0,0,0,0,0,0,0,0,0,0,0,0,224342016,75182080,10711040,439984128,111390720,349663232,39288832,10838016,310304768,93900800,4952064,3993600,305532928,15876096,134160384,205320192,68530176,9596928,199372800,105160704,330891264,35684352,9596928,290205696,82587648,4055040,2568192,295612416,14733312,35954688,0,0,0,0,0,0,0,0,0,0,0,0,0,0,0,207331328,74932224,10321920,424910848,108539904,333750272,39026688,10469376,294445056,92291072,4796416,3047424,297869312,15613952,40873984,189489152,71147520,10321920,211615744,108539904,333750272,37539840,10469376,294445056,89317376,4796416,3047424,297869312,15613952,37900288,1073741824,1073741824,314572800,0,1073741824,1073741824,1073741824,314572800,1073741824,0,0,0,1073741824,314572800,2147483648,10.59556912563837,0,5.010469638049656,0,0,13.948028174618967,41324.391618050635,0,20743.04516900987,0,0,46016.634167694705,10.59556912563837,0,5.010469638049656,0,0,13.948028174618967,41324.391618050635,0,20743.04516900987,0,0,46016.634167694705,106.26696933279922,51.33206259142692,491.9014808720691,21.037998146431878,34.3448275862069,39.06635007392142,17.822960318692118,64.01206808219958,51.32532787338831,97.11687640062058,0,0,0,0,0,0,0,0,0,0,120683.6916366226,121648.58814663769,1583013.49753188,99058.60982391101,333281.22167487687,549382.3081403163,3231.0259196026695,9563.357431547789,595328.648110232,124247.32804688846,0,0,0,0,0,0,0,0,0,0,126.07379712467174,42.35560086883283,477.8383381324558,28.656163113994438,47.52709359605911,53.917835222436274,15.701795229965336,76.59247452610008,69.89098555696974,129.82675400792968,0,0,0,0,0,0,0,0,0,0,25389.92744914764,6855.467884214725,146343.99424105306,5983.68860055607,12643.724137931034,6641.615519017965,2974.3649438667285,10921.215916206524,15800.730452105587,24608.041716945354,0,0,0,0,0,0,0,0,0,0,14,12,40,4,2,2,2,54,0,0,0,0,0.008436626281453866,0.0030803738317757004,0.031030619865571322,0.016231501057082456,0.0015433526011560694,0.003,0.003058519793459553,0.0032104516434145187,0.021772,0.004744672897196261,0.0704761904761905,0.02426109936575053,0.004308670520231214,0.0046,0.004705335628227195,0.0049788129581461345,0.024249999999999997,0.004952710280373831,0.0856349206349206,0.03369791666666667,0.004654335260115607,0.0048,0.00491118760757315,0.007439953810623562,0.0713194444444446,0.009085897435897428,0.09776190476190473,0.08021874999999992,0.004930867052023121,0.00496,0.009238461538461553,0.009598845265588914,0.46054376657824936,0.37395833333333317,0.38560525381611643,0.46043882978723405,0.8677042801556419,0.375,0.45367847411444145,0.4932383040935673,2.1816546762589932,2.1634072580645163,0.4940894568690096,2.130544747081712,2.111688311688312,0.475,2.111688311688312,2.1951739130434786,2.340827338129497,2.3317036290322575,0.6803347280334722,2.3152723735408562,2.305844155844156,0.4875,2.305844155844156,2.347586956521739,2.4681654676258997,2.4663407258064516,0.936066945606694,2.4630544747081706,2.461168831168831,0.4975,2.461168831168831,2.4695173913043478,397.32773109246114,397.10924369747784,396.92436974790473,393.07563025208987,397.0252100840435,82969677.44537815,28970147.49579832,0,12898682.62184874,54079109.37815126,4174228368.134454,2609411596.9075627,738557401.2773108,4612931170.957983,3680293655.6638656,0,0,0,0,0,15.126050420168067,2.991596638655462,5.126050420168067,1.5294117647058822,16.722689075630253,0,0,0,0,0,61001.142857142855,24851.361344537814,993047.6638655462,42887.529411764706,74674.55462184874,1565.159663865546,265.34453781512605,2819.1932773109243,1723.8823529411764,442.9411764705882,1768.8571428571427,377.07563025210084,1890.420168067227,2110.3361344537816,546.5042016806723,0,0,0,0,0,0,0,0,0,0,0,0,0,0,0,0,0,0,0,0
1693106178,0.6444683136412461,0.43505140475808834,0.20124368597935258,0.08024394158241016,1.932834017878714,0.533743248147911,0.28043673347292836,0.14518427949234816,0.2164658344757921,0.0649561545956475,0,0.16462304381306497,0.07968765964804736,0.6271200934979041,0.19897329778343764,7.466250436480816,5.640274299910701,0.9362754985812312,0.4581852150537626,10.510929102574424,3.515657847093219,0.3379797300329047,0.5557815186851816,1.8906674459436779,1.0281636072317848,0.00007374324790253823,0.25999724903015153,1.816679211646247,2.819822998204155,1.0705316168570183,6.288448393711564,5.129027087674307,1.1269646414843744,0.46140266409886055,8.536683578964324,2.7754648903691614,0.3178282979359864,0.3733310044088952,1.6836231570339266,0.801125906679658,0,0.04703515537516123,1.4941436184008867,1.5392947749494028,0.736201201798719,50000,100000,50000,50000,50000,50000,10000,50000,50000,20000,50000,0,3784704,0,220594176,0,0,1486848,0,0,2973696,0,0,0,0,3108864,2216.9709989258863,9.067387172852792,1.3282083274637257,5.296100144439095,285.2540871386003,635.4960609748288,0,0,265.0984919546865,4.287106203312764,0,0,285.32166536983334,1.8813602804937144,14.445461419077562,0,0,0,0,0,0,0,0,0,0,0,0,0,0,0,224342016,75182080,10711040,439984128,111390720,349663232,39288832,10838016,310304768,93900800,4952064,3993600,305532928,15876096,134160384,205590528,68530176,9596928,199372800,105160704,330891264,35684352,9596928,290205696,82587648,4055040,2568192,295612416,14733312,35954688,0,0,0,0,0,0,0,0,0,0,0,0,0,0,0,207429632,74932224,10321920,424910848,108539904,333750272,39026688,10469376,294445056,92291072,4796416,3047424,297869312,15613952,40873984,189587456,71147520,10321920,211615744,108539904,333750272,37539840,10469376,294445056,89317376,4796416,3047424,297869312,15613952,37900288,1073741824,1073741824,314572800,0,1073741824,1073741824,1073741824,314572800,1073741824,0,0,0,1073741824,314572800,2147483648,10.990772330730657,0,5.010469638049656,0,0,13.948028174618967,43224.509422297524,0,20743.04516900987,0,0,46016.634167694705,10.990772330730657,0,5.010469638049656,0,0,13.948028174618967,43224.509422297524,0,20743.04516900987,0,0,46016.634167694705,106.26696933279922,51.33206259142692,491.9014808720691,21.037998146431878,34.3448275862069,39.06635007392142,17.822960318692118,64.01206808219958,53.126522048630626,97.11687640062058,0,0,0,0,0,0,0,0,0,0,120683.6916366226,121648.58814663769,1583013.49753188,99058.60982391101,333281.22167487687,549382.3081403163,3231.0259196026695,9563.357431547789,599601.6447491663,124247.32804688846,0,0,0,0,0,0,0,0,0,0,126.07379712467174,42.35560086883283,477.8383381324558,28.656163113994438,47.52709359605911,53.917835222436274,15.701795229965336,76.59247452610008,71.80322955303286,129.82675400792968,0,0,0,0,0,0,0,0,0,0,25389.92744914764,6855.467884214725,146343.99424105306,5983.68860055607,12643.724137931034,6641.615519017965,2974.3649438667285,10921.215916206524,16670.30085047394,24608.041716945354,0,0,0,0,0,0,0,0,0,0,54,26,74,6,8,2,6,66,0,0,0,0,0.008436626281453866,0.0030803738317757004,0.031030619865571322,0.016231501057082456,0.0014606741573033708,0.003,0.003055464926590538,0.0032104516434145187,0.021772,0.004744672897196261,0.0704761904761905,0.02426109936575053,0.004292134831460674,0.0046,0.004699836867862969,0.0049788129581461345,0.024249999999999997,0.004952710280373831,0.0856349206349206,0.03369791666666667,0.0046460674157303376,0.0048,0.004905383360522022,0.007439953810623562,0.0713194444444446,0.009085897435897428,0.09776190476190473,0.08021874999999992,0.004929213483146068,0.00496,0.009115384615384615,0.009598845265588914,0.46054376657824936,0.37395833333333317,0.38560525381611643,0.46043882978723405,0.8793774319066148,0.375,0.45888594164456237,0.4932383040935673,2.1816546762589932,2.1634072580645163,0.4940894568690096,2.130544747081712,2.126482213438735,0.475,2.126482213438735,2.1951739130434786,2.340827338129497,2.3317036290322575,0.6803347280334722,2.3152723735408562,2.313241106719368,0.4875,2.313241106719368,2.347586956521739,2.4681654676258997,2.4663407258064516,0.936066945606694,2.4630544747081706,2.462648221343874,0.4975,2.462648221343874,2.4695173913043478,397.32773109244744,397.1260504201489,396.9915966386626,393.1932773109199,397.21008403362055,82969677.44537815,28970147.49579832,0,12898682.62184874,54079109.37815126,4174208679.7983193,2609470248.8739495,738562908.5042017,4520701573.378151,3602016410.890756,0,0,0,0,0,15.176470588235293,2.0504201680672267,5.126050420168067,1.5294117647058822,16.756302521008404,0,0,0,0,0,61164.638655462186,20376.73949579832,993047.6638655462,42887.529411764706,74786.42016806723,1571.378151260504,268.78991596638656,2819.4957983193276,1721.5294117647059,442.77310924369743,1774.4705882352941,380.3193277310924,1891.2605042016805,2108.18487394958,546.3697478991596,0,0,0,0,0,0,0,0,0,0,0,0,0,0,0,0,0,0,0,0
1693106179,0.6444683136412461,0.43505140475808834,0.20124368597935258,0.08024394158241016,1.932834017878714,0.533743248147911,0.28043673347292836,0.16864625243934775,0.2164658344757921,0.0649561545956475,0,0.15467605034705428,0.07811574041325764,0.6271200934979041,0.19897329778343764,7.466250436480816,5.640274299910701,0.9362754985812312,0.4581852150537626,10.510929102574424,3.515657847093219,0.3379797300329047,0.6455965523887537,1.8906674459436779,1.0281636072317848,0.00007374324790253823,0.29604759382069157,1.7808433870174163,2.819822998204155,1.0705316168570183,6.288448393711564,5.129027087674307,1.1269646414843744,0.46140266409886055,8.536683578964324,2.7754648903691614,0.3178282979359864,0.43366179198689425,1.6836231570339266,0.801125906679658,0,0.09667253146690885,1.4646701327485794,1.5392947749494028,0.736201201798719,50000,100000,50000,50000,50000,50000,10000,50000,50000,20000,50000,0,3784704,0,220594176,0,0,1486848,0,0,2973696,0,0,0,0,3108864,2216.9709989258863,9.067387172852792,1.3282083274637257,5.296100144439095,285.2540871386003,635.4960609748288,0,0,265.0984919546865,4.287106203312764,0,0,279.69340854966873,1.8813602804937144,14.445461419077562,0,0,0,0,0,0,0,0,0,0,0,0,0,0,0,224342016,75182080,10711040,439984128,111390720,349663232,39288832,10838016,310304768,93900800,4952064,3993600,305532928,15876096,134160384,205590528,68530176,9596928,199372800,105160704,330891264,35684352,9596928,290205696,82587648,4055040,2568192,295612416,14733312,35954688,0,0,0,0,0,0,0,0,0,0,0,0,0,0,0,207429632,74932224,10321920,424910848,108539904,333750272,39026688,10469376,294445056,92291072,4796416,2916352,297869312,15613952,40873984,189587456,71147520,10321920,211615744,108539904,333750272,37539840,10469376,294445056,89317376,4796416,2916352,297869312,15613952,37900288,1073741824,1073741824,314572800,0,1073741824,1073741824,1073741824,314572800,1073741824,0,0,0,1073741824,314572800,2147483648,10.990772330730657,0,5.010469638049656,0,0,13.948028174618967,43224.509422297524,0,20743.04516900987,0,0,46016.634167694705,10.990772330730657,0,5.010469638049656,0,0,13.948028174618967,43224.509422297524,0,20743.04516900987,0,0,46016.634167694705,106.26696933279922,51.33206259142692,426.3774708339046,17.653468822363124,28.90977448182803,39.06635007392142,17.822960318692118,64.01206808219958,53.126522048630626,97.11687640062058,0,0,0,0,0,0,0,0,0,0,120683.6916366226,121648.58814663769,1372147.3051412026,82811.32450462382,279895.43654546223,549382.3081403163,3231.0259196026695,9563.357431547789,599601.6447491663,124247.32804688846,0,0,0,0,0,0,0,0,0,0,126.07379712467174,42.35560086883283,414.18761683577856,24.08309515741162,40.10604552392328,53.917835222436274,15.701795229965336,76.59247452610008,71.80322955303286,129.82675400792968,0,0,0,0,0,0,0,0,0,0,25389.92744914764,6855.467884214725,126850.16118595455,5060.6984005427885,10727.46001709596,6641.615519017965,2974.3649438667285,10921.215916206524,16670.30085047394,24608.041716945354,0,0,0,0,0,0,0,0,0,0,36,28,54,8,10,2,10,56,0,0,0,0,0.008436237400344427,0.0030803738317757004,0.031030619865571322,0.016230170968804258,0.0014612747302264505,0.003,0.0030554972034816607,0.003210579213641249,0.02177135284412432,0.004744672897196261,0.0704761904761905,0.024260756920307266,0.00429225494604529,0.0046,0.0046998949662669905,0.004979042584554248,0.024249809833714317,0.004952710280373831,0.0856349206349206,0.033691772738294996,0.004646127473022645,0.0048,0.0049054446866151555,0.00744138781674122,0.07131749822992683,0.009085897435897428,0.09776190476190473,0.08021617445488108,0.00492922549460453,0.00496,0.009116197882389744,0.009599055988685453,0.46058342417400727,0.37395833333333317,0.38560525381611643,0.4605180941892145,0.8792903955071417,0.375,0.4588080596188171,0.49316431000579053,2.1816611304303897,2.1634072580645163,0.4940894568690096,2.1307481542033155,2.1263796391500387,0.475,2.1262745005041244,2.19511772647634,2.340830565215195,2.3317036290322575,0.6803347280334722,2.3153740771016578,2.313189819575019,0.4875,2.3131372502520615,2.3475588632381696,2.4681661130430386,2.4663407258064516,0.936066945606694,2.4630748154203315,2.4626379639150042,0.4975,2.4626274500504124,2.469511772647634,397.4412928204817,397.1423768700634,396.94040514414974,393.395162512,397.1862746748041,83102361.88872992,28975017.246596064,0,12918005.35254414,54149184.79376672,4110001280.161603,2553218775.5925364,738716440.3799276,4527496994.967261,3606660241.3207006,0,0,0,0,0,15.23440787812474,2.0507648344259537,5.715726653778263,1.5317028833044384,16.84532924961715,0,0,0,0,0,61348.64068681088,20380.164733568665,1134387.4926452045,42951.77660702563,75141.81377581072,1568.3696658530428,265.97747520591696,2819.013196604186,1724.6469509013477,444.40704777611364,1771.9215554246277,378.08034963859467,1891.5524922249306,2111.629159583242,548.1379263921377,0,0,0,0,0,0,0,0,0,0,0,0,0,0,0,0,0,0,0,0
1693106180,0.6444683136412461,0.43505140475808834,0.18364348677766912,0.08024394158241016,1.932834017878714,0.533743248147911,0.28043673347292836,0.16864625243934775,0.2164658344757921,0.0649561545956475,0,0.15467605034705428,0.08035004074979574,0.6271200934979041,0.19897329778343764,7.466250436480816,5.640274299910701,0.9345781311214474,0.4581852150537626,10.510929102574424,3.515657847093219,0.3379797300329047,0.6455965523887537,1.8906674459436779,1.0281636072317848,0.00007374324790253823,0.29604759382069157,1.5122755868273539,2.819822998204155,1.0705316168570183,6.288448393711564,5.129027087674307,1.1018609206660148,0.46140266409886055,8.536683578964324,2.7754648903691614,0.3178282979359864,0.43366179198689425,1.6836231570339266,0.801125906679658,0,0.09667253146690885,1.2320339581635449,1.5392947749494028,0.736201201798719,50000,100000,50000,50000,50000,50000,10000,50000,50000,20000,50000,0,3784704,0,220594176,0,0,1486848,0,0,2973696,0,0,0,0,3108864,2216.9709989258863,9.067387172852792,2.0200783545543586,5.296100144439095,285.2540871386003,635.4960609748288,0,0,265.0984919546865,4.287106203312764,0,0,167.93158516707416,1.8813602804937144,14.445461419077562,0,0,0,0,0,0,0,0,0,0,0,0,0,0,0,224342016,75182080,10711040,439984128,111390720,349663232,39288832,10838016,310304768,93900800,4952064,3993600,305532928,15876096,134160384,205590528,68530176,9596928,199372800,105160704,330891264,35684352,9596928,290205696,82587648,4055040,2568192,295612416,14733312,35954688,0,0,0,0,0,0,0,0,0,0,0,0,0,0,0,207429632,74932224,10321920,424910848,108539904,333750272,39026688,10469376,294445056,92291072,4796416,2916352,297869312,15613952,40873984,189587456,71147520,10321920,211615744,108539904,333750272,37539840,10469376,294445056,89317376,4796416,2916352,297869312,15613952,37900288,1073741824,1073741824,314572800,0,1073741824,1073741824,1073741824,314572800,1073741824,0,0,0,1073741824,314572800,2147483648,10.990772330730657,0,5.010469638049656,0,0,13.948028174618967,43224.509422297524,0,20743.04516900987,0,0,46016.634167694705,10.990772330730657,0,5.010469638049656,0,0,13.948028174618967,43224.509422297524,0,20743.04516900987,0,0,46016.634167694705,106.26696933279922,51.33206259142692,418.1791128193702,18.004824753055043,29.483800628221292,39.06635007392142,17.822960318692118,61.20138379285041,53.126522048630626,97.11687640062058,0,0,0,0,0,0,0,0,0,0,120683.6916366226,121648.58814663769,1345763.7468490046,84459.51332722473,285452.9789930605,549382.3081403163,3231.0259196026695,9141.272670091204,599601.6447491663,124247.32804688846,0,0,0,0,0,0,0,0,0,0,126.07379712467174,42.35560086883283,406.223644533571,24.56241955524641,40.90238237441104,53.917835222436274,15.701795229965336,73.63455288814342,71.80322955303286,129.82675400792968,0,0,0,0,0,0,0,0,0,0,25389.92744914764,6855.467884214725,124411.09461527034,5161.421177146407,10940.462112220293,6641.615519017965,2974.3649438667285,10480.21805220673,16670.30085047394,24608.041716945354,0,0,0,0,0,0,0,0,0,0,34,24,66,6,6,2,6,68,0,0,0,0,0.008436626281453866,0.0030803738317757004,0.031030619865571322,0.016231501057082456,0.0014606741573033708,0.003,0.003055464926590538,0.0032199501246882797,0.021772,0.004744672897196261,0.0704761904761905,0.02426109936575053,0.004292134831460674,0.0046,0.004699836867862969,0.004995910224438903,0.024249999999999997,0.004952710280373831,0.0856349206349206,0.03369791666666667,0.0046460674157303376,0.0048,0.004905383360522022,0.007546037296037297,0.0713194444444446,0.009085897435897428,0.09776190476190473,0.08021874999999992,0.004929213483146068,0.00496,0.009115384615384615,0.009621095571095573,0.46054376657824936,0.37395833333333317,0.38560525381611643,0.46043882978723405,0.8793774319066148,0.375,0.45888594164456237,0.4745029455081001,2.1816546762589932,2.1634072580645163,0.4940894568690096,2.130544747081712,2.126482213438735,0.475,2.126482213438735,2.1800910397700055,2.340827338129497,2.3317036290322575,0.6803347280334722,2.3152723735408562,2.313241106719368,0.4875,2.313241106719368,2.340045519885002,2.4681654676258997,2.4663407258064516,0.936066945606694,2.4630544747081706,2.462648221343874,0.4975,2.462648221343874,2.4680091039770002,397.4117647058919,397.21008403361833,396.95798319327184,393.3277310924488,397.15966386554925,82969677.44537815,28970147.49579832,0,12898682.62184874,54079040.537815124,4174208266.7563024,2609531516.773109,738516097.0756302,4612958638.252101,3523697999.5966387,0,0,0,0,0,15.327731092436974,2.0504201680672267,5.714285714285714,1.4621848739495797,16.89075630252101,0,0,0,0,0,61586.28571428571,20376.73949579832,1134101.512605042,42199.126050420164,75027.36134453781,1575.7815126050418,267.94957983193274,2819.310924369748,1731.4117647058822,445.6638655462185,1779.2605042016803,379.6302521008403,1892.235294117647,2117.663865546219,549.2268907563025,0,0,0,0,0,0,0,0,0,0,0,0,0,0,0,0,0,0,0,0
1693106181,0.6444683136412461,0.43505140475808834,0.18364348677766912,0.08024394158241016,1.932834017878714,0.533743248147911,0.27727713849993063,0.16864625243934775,0.2164658344757921,0.0649561545956475,0,0.15467605034705428,0.078720048899755,0.6271200934979041,0.19897329778343764,7.466250436480816,5.640274299910701,0.9345781311214474,0.4581852150537626,10.510929102574424,3.515657847093219,0.3382180854013584,0.6455965523887537,1.8906674459436779,1.0281636072317848,0.00007374324790253823,0.29604759382069157,1.4815973586828284,2.819822998204155,1.0705316168570183,6.288448393711564,5.129027087674307,1.1018609206660148,0.46140266409886055,8.536683578964324,2.7754648903691614,0.3465964231249142,0.43366179198689425,1.6836231570339266,0.801125906679658,0,0.09667253146690885,1.2070407497962534,1.5392947749494028,0.736201201798719,50000,100000,50000,50000,50000,50000,10000,50000,50000,20000,50000,0,3784704,0,220594176,0,0,1486848,0,0,2973696,0,0,0,0,3108864,2216.9709989258863,9.067387172852792,2.0200783545543586,5.296100144439095,285.2540871386003,635.4960609748288,0,0,265.0984919546865,4.287106203312764,0,0,164.52490220048904,1.8813602804937144,14.445461419077562,0,0,0,0,0,0,0,0,0,0,0,0,0,0,0,224342016,75182080,10711040,439984128,111390720,349663232,39288832,10838016,310304768,93900800,4952064,3993600,305532928,15876096,134160384,205590528,68530176,9596928,199372800,105160704,330891264,35684352,9596928,290205696,82587648,4055040,2568192,295612416,14733312,35954688,0,0,0,0,0,0,0,0,0,0,0,0,0,0,0,207429632,74932224,10321920,424910848,108539904,333750272,39026688,10469376,294445056,92291072,4796416,2916352,297869312,15613952,40873984,189587456,71147520,10321920,211615744,108539904,333750272,37539840,10469376,294445056,89317376,4796416,2916352,297869312,15613952,37900288,1073741824,1073741824,314572800,0,1073741824,1073741824,1073741824,314572800,1073741824,0,0,0,1073741824,314572800,2147483648,10.990772330730657,0,5.1296270622487175,0,0,13.948028174618967,43224.509422297524,0,21661.629465317248,0,0,46016.634167694705,10.990772330730657,0,5.1296270622487175,0,0,13.948028174618967,43224.509422297524,0,21661.629465317248,0,0,46016.634167694705,106.26696933279922,51.33206259142692,409.98075480483567,18.356180683746963,30.057826774614544,39.06635007392142,17.822960318692118,61.20138379285041,53.126522048630626,97.11687640062058,0,0,0,0,0,0,0,0,0,0,120683.6916366226,121648.58814663769,1319380.1885568067,86107.70214982567,291010.5214406586,549382.3081403163,3231.0259196026695,9141.272670091204,599601.6447491663,124247.32804688846,0,0,0,0,0,0,0,0,0,0,126.07379712467174,42.35560086883283,398.25967223136337,25.041743953081202,41.69871922489879,53.917835222436274,15.701795229965336,73.63455288814342,71.80322955303286,129.82675400792968,0,0,0,0,0,0,0,0,0,0,25389.92744914764,6855.467884214725,121972.02804458613,5262.143953750026,11153.464207344625,6641.615519017965,2974.3649438667285,10480.21805220673,16670.30085047394,24608.041716945354,0,0,0,0,0,0,0,0,0,0,18,22,48,4,6,2,6,40,0,0,0,0,0.008436626281453866,0.0030803738317757004,0.031030619865571322,0.016231501057082456,0.0014606741573033708,0.003,0.003055464926590538,0.0032134292565947245,0.021772,0.004744672897196261,0.0704761904761905,0.02426109936575053,0.004292134831460674,0.0046,0.004699836867862969,0.004984172661870504,0.024249999999999997,0.004952710280373831,0.0856349206349206,0.03369791666666667,0.0046460674157303376,0.0048,0.004905383360522022,0.007474018475750574,0.0713194444444446,0.009085897435897428,0.09776190476190473,0.08021874999999992,0.004929213483146068,0.00496,0.009115384615384615,0.009605658198614319,0.46054376657824936,0.37395833333333317,0.38560525381611643,0.46043882978723405,0.8793774319066148,0.375,0.45888594164456237,0.4878472222222222,2.1816546762589932,2.1634072580645163,0.4940894568690096,2.130544747081712,2.126482213438735,0.475,2.126482213438735,2.191097724230254,2.340827338129497,2.3317036290322575,0.6803347280334722,2.3152723735408562,2.313241106719368,0.4875,2.313241106719368,2.3455488621151273,2.4681654676258997,2.4663407258064516,0.936066945606694,2.4630544747081706,2.462648221343874,0.4975,2.462648221343874,2.469109772423026,397.546218487391,397.19327731090794,396.9579831932699,393.109243697478,397.10924369748847,82969677.44537815,28970147.49579832,0,12898682.62184874,36052716.63865546,4103503872,2666293747.092437,738503430.4537815,4612954438.991596,3523699101.0420165,0,0,0,0,0,15.34453781512605,1.9159663865546217,5.714285714285714,1.4117647058823528,16.80672268907563,0,0,0,0,0,61603.49579831932,19215.058823529413,1134101.512605042,41794.68907563025,74734.78991596638,1572.1344537815125,267.42857142857144,2818.571428571429,1725.9327731092437,443.71428571428567,1775.6302521008402,379.14285714285717,1891.8655462184872,2113.81512605042,547.3109243697478,0,0,0,0,0,0,0,0,0,0,0,0,0,0,0,0,0,0,0,0
1693106182,0.6444683136412461,0.43505140475808834,0.18364348677766912,0.08024394158241016,1.8800993260021277,0.533743248147911,0.27727713849993063,0.16864625243934775,0.2164658344757921,0.0649561545956475,0,0.15467605034705428,0.11873664212776072,0.5485463521667581,0.19897329778343764,7.466250436480816,5.640274299910701,0.9345781311214474,0.4581852150537626,10.24380551968783,3.515657847093219,0.3382180854013584,0.6455965523887537,1.8906674459436779,1.0281636072317848,0.00007374324790253821,0.29604759382069157,2.0676089210797053,2.71613336177648,1.0705316168570183,6.288448393711564,5.129027087674307,1.1018609206660148,0.46140266409886055,8.141184817311096,2.7754648903691614,0.3465964231249142,0.43366179198689425,1.6836231570339266,0.801125906679658,0,0.09667253146690885,1.6623129897886553,1.4424737408829564,0.736201201798719,50000,100000,50000,50000,50000,50000,10000,50000,50000,20000,50000,0,3784704,0,220594176,0,0,1486848,0,0,2973696,0,0,0,0,3108864,2216.9709989258863,9.067387172852792,2.0200783545543586,5.296100144439095,293.82759843916284,635.4960609748288,0,0,265.0984919546865,4.287106203312764,0,0,322.60745666112564,1.3408910830742975,14.445461419077562,0,0,0,0,0,0,0,0,0,0,0,0,0,0,0,224342016,75182080,10711040,439984128,111415296,349663232,39288832,10838016,310304768,93900800,4952064,3993600,305532928,15880192,134160384,205590528,68530176,9596928,199372800,104484864,330891264,35684352,9596928,290205696,82587648,4055040,2568192,295071744,14733312,35954688,0,0,0,0,0,0,0,0,0,0,0,0,0,0,0,207429632,74932224,10321920,424910848,108306432,333750272,39026688,10469376,294445056,92291072,4796416,2916352,297414656,15613952,40873984,189587456,71147520,10321920,211615744,108306432,333750272,37539840,10469376,294445056,89317376,4796416,2916352,297414656,15613952,37900288,1073741824,1073741824,314572800,0,1073741824,1073741824,1073741824,314572800,1073741824,0,0,0,1073741824,314572800,2147483648,10.990772330730657,0,5.1296270622487175,0,0,13.948028174618967,43224.509422297524,0,21661.629465317248,0,0,46016.634167694705,10.990772330730657,0,5.1296270622487175,0,0,13.948028174618967,43224.509422297524,0,21661.629465317248,0,0,46016.634167694705,101.17308745663684,51.33206259142692,483.11530270763603,21.08135584151529,34.441568783595464,39.06635007392142,17.822960318692118,61.20138379285041,53.126522048630626,97.11687640062058,0,0,0,0,0,0,0,0,0,0,119765.77049479642,121648.58814663769,1586116.1617065442,98891.32935605553,333452.5468558915,549382.3081403163,3231.0259196026695,9141.272670091204,599601.6447491663,124247.32804688846,0,0,0,0,0,0,0,0,0,0,119.91053496439656,42.35560086883283,470.96404731652314,28.759463870087483,47.78021102926538,53.917835222436274,15.701795229965336,73.63455288814342,71.80322955303286,129.82675400792968,0,0,0,0,0,0,0,0,0,0,23966.450611648714,6855.467884214725,145194.02637842478,6043.366596217127,12780.12570745997,6641.615519017965,2974.3649438667285,10480.21805220673,16670.30085047394,24608.041716945354,0,0,0,0,0,0,0,0,0,0,24,14,52,10,10,2,10,62,0,0,0,0,0.008435185185185184,0.003067333939945405,0.030886145910095798,0.0161437908496732,0.001479041916167665,0.003,0.003052356020942409,0.003203177660086664,0.02179968203497615,0.00472120109190173,0.07040275049115916,0.024196078431372545,0.004295808383233533,0.0046,0.0046942408376963365,0.004965719788155994,0.024282193958664537,0.0049279344858962695,0.08569253438113947,0.03238095238095225,0.004647904191616766,0.0048,0.004899476439790576,0.00733898305084746,0.07260526315789469,0.008884848484848473,0.09792436149312377,0.08074999999999993,0.004929580838323353,0.00496,0.009145454545454566,0.009554963680387411,0.45844686648501365,0.375,0.38586766759776536,0.4586720867208672,0.8724696356275304,0.375,0.45588235294117646,0.4913027387120652,2.1813265306122447,2.164566929133858,0.4945618016759777,2.125910931174089,2.118181818181818,0.475,2.118181818181818,2.193708165997323,2.340663265306122,2.3322834645669293,0.6874497991967867,2.312955465587044,2.309090909090909,0.4875,2.309090909090909,2.3468540829986613,2.4681326530612244,2.4664566929133853,0.9374899598393576,2.462591093117409,2.4618181818181815,0.4975,2.4618181818181815,2.4693708165997323,397.54621848739714,397.15966386554385,396.9243697478976,393.07563025209686,397.0420168067346,82969677.44537815,28970147.49579832,0,12898682.62184874,36052716.63865546,4103582074.6218486,2609573440.537815,682636881.7478992,4705117399.12605,3523741713.210084,0,0,0,0,0,15.260504201680671,1.9159663865546217,5.2100840336134455,1.4453781512605042,16.873949579831933,0,0,0,0,0,61396.97478991596,19215.058823529413,1131485.5798319327,41932.36974789916,75139.2268907563,1572.0504201680671,267.8487394957983,2822.386554621849,1727.8823529411764,443.5126050420168,1775.4621848739494,379.5294117647059,1894.453781512605,2116.72268907563,547.1260504201681,0,0,0,0,0,0,0,0,0,0,0,0,0,0,0,0,0,0,0,0
1693106183,0.6444683136412461,0.43505140475808834,0.18364348677766912,0.07408340181189145,1.8800993260021277,0.533743248147911,0.27727713849993063,0.16864625243934775,0.2164658344757921,0.0649561545956475,0,0.15467605034705428,0.11873664212776072,0.5485463521667581,0.19897329778343764,7.466250436480816,5.640274299910701,0.9345781311214474,0.353311158989433,10.24380551968783,3.515657847093219,0.3382180854013584,0.6455965523887537,1.8906674459436779,1.0281636072317848,0.00007374324790253821,0.29604759382069157,2.0676089210797053,2.71613336177648,1.0705316168570183,6.288448393711564,5.129027087674307,1.1018609206660148,0.3457225417888282,8.141184817311096,2.7754648903691614,0.3465964231249142,0.43366179198689425,1.6836231570339266,0.801125906679658,0,0.09667253146690885,1.6623129897886553,1.4424737408829564,0.736201201798719,50000,100000,50000,50000,50000,50000,10000,50000,50000,20000,50000,0,3784704,0,220594176,0,0,1486848,0,0,2973696,0,0,0,0,3108864,2216.9709989258863,9.067387172852792,2.0200783545543586,3.259669679723245,293.82759843916284,635.4960609748288,0,0,265.0984919546865,4.287106203312764,0,0,322.60745666112564,1.3408910830742975,14.445461419077562,0,0,0,0,0,0,0,0,0,0,0,0,0,0,0,224342016,75182080,10711040,439984128,111415296,349663232,39288832,10838016,310304768,93900800,4952064,3993600,305532928,15880192,134160384,205590528,68530176,9596928,199372800,104484864,330891264,35684352,9596928,290205696,82587648,4055040,2568192,295071744,14733312,35954688,0,0,0,0,0,0,0,0,0,0,0,0,0,0,0,207429632,74932224,10321920,424910848,108306432,333750272,39026688,10469376,294445056,92291072,4796416,2916352,297414656,15613952,40873984,189587456,71147520,10321920,211615744,108306432,333750272,37539840,10469376,294445056,89317376,4796416,2916352,297414656,15613952,37900288,1073741824,1073741824,314572800,0,1073741824,1073741824,1073741824,314572800,1073741824,0,0,0,1073741824,314572800,2147483648,10.990772330730657,0,5.1296270622487175,0,0,13.948028174618967,43224.509422297524,0,21661.629465317248,0,0,46016.634167694705,10.990772330730657,0,5.1296270622487175,0,0,13.948028174618967,43224.509422297524,0,21661.629465317248,0,0,46016.634167694705,101.17308745663684,51.00034694113565,483.11530270763603,21.08135584151529,30.14680082730551,39.06635007392142,17.822960318692118,61.20138379285041,53.126522048630626,97.11687640062058,0,0,0,0,0,0,0,0,0,0,119765.77049479642,120806.72487567943,1586116.1617065442,98891.32935605553,291871.94052003644,549382.3081403163,3231.0259196026695,9141.272670091204,599601.6447491663,124247.32804688846,0,0,0,0,0,0,0,0,0,0,119.91053496439656,42.124436220654566,470.96404731652314,28.759463870087483,41.822151436724404,53.917835222436274,15.701795229965336,73.63455288814342,71.80322955303286,129.82675400792968,0,0,0,0,0,0,0,0,0,0,23966.450611648714,6809.326934196832,145194.02637842478,6043.366596217127,11186.479532088899,6641.615519017965,2974.3649438667285,10480.21805220673,16670.30085047394,24608.041716945354,0,0,0,0,0,0,0,0,0,0,30,16,38,8,10,2,10,40,0,0,0,0,0.008435185185185184,0.003067333939945405,0.030886145910095798,0.0161437908496732,0.0014302325581395348,0.003,0.00305008347245409,0.003203177660086664,0.02179968203497615,0.00472120109190173,0.07040275049115916,0.024196078431372545,0.004286046511627907,0.0046,0.004690150250417363,0.004965719788155994,0.024282193958664537,0.0049279344858962695,0.08569253438113947,0.03238095238095225,0.004643023255813954,0.0048,0.004895158597662771,0.00733898305084746,0.07260526315789469,0.008884848484848473,0.09792436149312377,0.08074999999999993,0.004928604651162791,0.00496,0.009027272727272738,0.009554963680387411,0.45844686648501365,0.375,0.38586766759776536,0.4586720867208672,0.8785425101214575,0.375,0.45912806539509543,0.4913027387120652,2.1813265306122447,2.164566929133858,0.4945618016759777,2.125910931174089,2.1271255060728746,0.475,2.1271255060728746,2.193708165997323,2.340663265306122,2.3322834645669293,0.6874497991967867,2.312955465587044,2.3135627530364373,0.4875,2.3135627530364373,2.3468540829986613,2.4681326530612244,2.4664566929133853,0.9374899598393576,2.462591093117409,2.462712550607288,0.4975,2.462712550607288,2.4693708165997323,397.4285714285832,397.0924369747773,396.82352941177845,393.07563025208873,397.092436974801,82969677.44537815,28970147.49579832,0,12898682.62184874,36052716.63865546,4174242893.445378,2666377250.420168,682647414.3193277,4705035066.084033,3445504464.672269,0,0,0,0,0,15.193277310924369,1.9327731092436975,5.2100840336134455,1.5126050420168067,16.73949579831933,0,0,0,0,0,61190.4537815126,19352.73949579832,1131485.5798319327,42233.54621848739,74734.78991596638,1560.72268907563,267.61344537815125,2821.1764705882356,1709.7310924369747,439.89915966386553,1764.1176470588234,379.3109243697479,1894.033613445378,2098.0672268907565,543.4453781512605,0,0,0,0,0,0,0,0,0,0,0,0,0,0,0,0,0,0,0,0
1693106184,0.6444683136412461,0.43505140475808834,0.18364348677766912,0.07560514755861208,1.8800993260021277,0.5276955026725219,0.27727713849993063,0.16864625243934775,0.18385345263006006,0.0649561545956475,0,0.15467605034705428,0.11873664212776072,0.5485463521667581,0.13215655109130248,7.466250436480816,5.640274299910701,0.9345781311214474,0.3605685167822929,10.24380551968783,3.3990627208661013,0.3382180854013584,0.6455965523887537,1.605822639650213,1.0281636072317848,0.00007374324790253821,0.29604759382069157,2.0676089210797053,2.71613336177648,0.9076151564467125,6.288448393711564,5.129027087674307,1.1018609206660148,0.3528240219401912,8.141184817311096,2.6895448200728778,0.3465964231249142,0.43366179198689425,1.4299712982337902,0.801125906679658,0,0.09667253146690885,1.6623129897886553,1.4424737408829564,0.6343514452382519,50000,100000,50000,50000,50000,50000,10000,50000,50000,20000,50000,0,3784704,0,220594176,0,0,1486848,0,0,2973696,0,0,0,0,3108864,2216.9709989258863,9.067387172852792,2.0200783545543586,3.3266264925789533,293.82759843916284,588.7039117556941,0,0,225.15919498761335,4.287106203312764,0,0,322.60745666112564,1.3408910830742975,8.722332372025956,0,0,0,0,0,0,0,0,0,0,0,0,0,0,0,224342016,75182080,10711040,439984128,111415296,349663232,39288832,10838016,310304768,93900800,4952064,3993600,305532928,15880192,134160384,205590528,68530176,9596928,199372800,104484864,331431936,35684352,9596928,290205696,82587648,4055040,2568192,295071744,14733312,35954688,0,0,0,0,0,0,0,0,0,0,0,0,0,0,0,207429632,74932224,10321920,424910848,108306432,334233600,39026688,10469376,294445056,92291072,4796416,2916352,297414656,15613952,40873984,189587456,71147520,10321920,211615744,108306432,334233600,37539840,10469376,294445056,89317376,4796416,2916352,297414656,15613952,37900288,1073741824,1073741824,314572800,0,1073741824,1073741824,1073741824,314572800,1073741824,0,0,0,1073741824,314572800,2147483648,10.990772330730657,0,5.1296270622487175,0,0,11.76193304712591,43224.509422297524,0,21661.629465317248,0,0,41085.674405191065,10.990772330730657,0,5.1296270622487175,0,0,11.76193304712591,43224.509422297524,0,21661.629465317248,0,0,41085.674405191065,101.17308745663684,51.00034694113565,483.11530270763603,21.08135584151529,29.572774680912246,39.06635007392142,17.33102253032929,61.20138379285041,53.48299768900627,100.20436416375502,0,0,0,0,0,0,0,0,0,0,119765.77049479642,120806.72487567943,1586116.1617065442,98891.32935605553,286314.3980724382,549382.3081403163,3150.537634408602,9141.272670091204,600797.7605370309,125165.43608675587,0,0,0,0,0,0,0,0,0,0,119.91053496439656,42.124436220654566,470.96404731652314,28.759463870087483,41.02581458623664,53.917835222436274,15.355658672033695,73.63455288814342,72.21855397821062,133.232249983519,0,0,0,0,0,0,0,0,0,0,23966.450611648714,6809.326934196832,145194.02637842478,6043.366596217127,10973.477436964566,6641.615519017965,2908.2201226216434,10480.21805220673,16889.34741939034,25301.931570967103,0,0,0,0,0,0,0,0,0,0,18,12,32,8,10,2,10,36,0,0,0,0,0.008435185185185184,0.003067333939945405,0.030886145910095798,0.0161437908496732,0.0014302325581395348,0.003,0.00305008347245409,0.003203177660086664,0.02179968203497615,0.00472120109190173,0.07040275049115916,0.024196078431372545,0.004286046511627907,0.0046,0.004690150250417363,0.004965719788155994,0.024282193958664537,0.0049279344858962695,0.08569253438113947,0.03238095238095225,0.004643023255813954,0.0048,0.004895158597662771,0.00733898305084746,0.07260526315789469,0.008884848484848473,0.09792436149312377,0.08074999999999993,0.004928604651162791,0.00496,0.009027272727272738,0.009554963680387411,0.45844686648501365,0.375,0.38586766759776536,0.4586720867208672,0.8785425101214575,0.375,0.45912806539509543,0.4913027387120652,2.1813265306122447,2.164566929133858,0.4945618016759777,2.125910931174089,2.1271255060728746,0.475,2.1271255060728746,2.193708165997323,2.340663265306122,2.3322834645669293,0.6874497991967867,2.312955465587044,2.3135627530364373,0.4875,2.3135627530364373,2.3468540829986613,2.4681326530612244,2.4664566929133853,0.9374899598393576,2.462591093117409,2.462712550607288,0.4975,2.462712550607288,2.4693708165997323,397.22689075628995,397.0252100840184,396.7563025210176,393.0924369748003,396.9747899159699,82969677.44537815,28970147.49579832,0,12898613.781512605,36052716.63865546,4315680251.697479,2666372087.394958,740522104.4705882,4705007048.067226,3523794169.5462184,0,0,0,0,0,15.22689075630252,1.9327731092436975,5.260504201680672,1.5126050420168067,16.840336134453782,0,0,0,0,0,61259.294117647056,19352.73949579832,1131898.6218487395,42233.54621848739,75104.80672268907,1561.344537815126,267.5798319327731,2820.36974789916,1709.344537815126,440.73949579831924,1764.5882352941176,379.1932773109244,1893.9327731092435,2096.6386554621845,544.2521008403361,0,0,0,0,0,0,0,0,0,0,0,0,0,0,0,0,0,0,0,0
1693106185,0.6444683136412461,0.43505140475808834,0.1653883525252733,0.06666666666666622,1.8800993260021277,0.5276955026725219,0.27727713849993063,0.16864625243934775,0.18024568872213018,0.0649561545956475,0,0.15467605034705428,0.11873664212776072,0.5485463521667581,0.13831704130206143,7.466250436480816,5.640274299910701,0.9387868392218471,0.3179400066666657,10.24380551968783,3.3990627208661013,0.3382180854013584,0.6455965523887537,1.5743115155511522,1.0281636072317848,0.00007374324790253821,0.29604759382069157,2.0676089210797053,2.71613336177648,0.863077137674347,6.288448393711564,5.129027087674307,1.0956978354799367,0.31111111111111034,8.141184817311096,2.6895448200728778,0.3465964231249142,0.43366179198689425,1.401910912283225,0.801125906679658,0,0.09667253146690885,1.6623129897886553,1.4424737408829564,0.5532681652082457,50000,100000,50000,50000,50000,50000,10000,50000,50000,20000,50000,0,3784704,0,220594176,0,0,1486848,0,0,2973696,0,0,0,0,3108864,2216.9709989258863,9.067387172852792,1.3644539083335054,2.933333333333333,293.82759843916284,588.7039117556941,0,0,220.74088678836858,4.287106203312764,0,0,322.60745666112564,1.3408910830742975,9.128924725936045,0,0,0,0,0,0,0,0,0,0,0,0,0,0,0,224342016,75182080,10711040,439984128,111415296,349663232,39288832,10838016,310304768,93900800,4952064,3993600,305532928,15880192,134160384,205590528,68530176,9596928,199372800,104484864,331431936,35684352,9596928,290205696,82587648,4055040,2568192,295071744,14733312,36089856,0,0,0,0,0,0,0,0,0,0,0,0,0,0,0,207429632,74932224,10321920,424910848,108306432,334233600,39026688,10469376,294445056,92291072,4796416,2916352,297414656,15613952,41025536,189587456,71147520,10321920,211615744,108306432,334233600,37539840,10469376,294445056,89317376,4796416,2916352,297414656,15613952,37916672,1073741824,1073741824,314572800,0,1073741824,1073741824,1073741824,314572800,1073741824,0,0,0,1073741824,314572800,2147483648,10.990772330730657,0,5.1296270622487175,0,0,11.42103569608449,43224.509422297524,0,21661.629465317248,0,0,38464.46745822625,10.990772330730657,0,5.1296270622487175,0,0,11.42103569608449,43224.509422297524,0,21661.629465317248,0,0,38464.46745822625,101.17308745663684,50.60344658959764,483.11530270763603,21.08135584151529,28.998748534518985,39.06635007392142,17.33102253032929,61.20138379285041,53.48299768900627,100.20436416375502,0,0,0,0,0,0,0,0,0,0,119765.77049479642,121228.03826066546,1586116.1617065442,98891.32935605553,280756.85562483995,549382.3081403163,3150.537634408602,9141.272670091204,600797.7605370309,125165.43608675587,0,0,0,0,0,0,0,0,0,0,119.91053496439656,41.84026758993017,470.96404731652314,28.759463870087483,40.22947773574888,53.917835222436274,15.355658672033695,73.63455288814342,72.21855397821062,133.232249983519,0,0,0,0,0,0,0,0,0,0,23966.450611648714,6739.119378753203,145194.02637842478,6043.366596217127,10760.47534184023,6641.615519017965,2908.2201226216434,10480.21805220673,16889.34741939034,25301.931570967103,0,0,0,0,0,0,0,0,0,0,40,32,70,14,12,2,14,104,0,0,0,0,0.008435185185185184,0.003067333939945405,0.030886145910095798,0.0161437908496732,0.0014302325581395348,0.003,0.00305008347245409,0.003208638545087143,0.02179968203497615,0.00472120109190173,0.07040275049115916,0.024196078431372545,0.004286046511627907,0.0046,0.004690150250417363,0.004975549381156858,0.024282193958664537,0.0049279344858962695,0.08569253438113947,0.03238095238095225,0.004643023255813954,0.0048,0.004895158597662771,0.007388206388206381,0.07260526315789469,0.008884848484848473,0.09792436149312377,0.08074999999999993,0.004928604651162791,0.00496,0.009027272727272738,0.009536609336609334,0.45844686648501365,0.375,0.38586766759776536,0.4586720867208672,0.8785425101214575,0.375,0.45912806539509543,0.4740865026099925,2.1813265306122447,2.164566929133858,0.4945618016759777,2.125910931174089,2.1271255060728746,0.475,2.1271255060728746,2.1796287249633606,2.340663265306122,2.3322834645669293,0.6874497991967867,2.312955465587044,2.3135627530364373,0.4875,2.3135627530364373,2.3398143624816803,2.4681326530612244,2.4664566929133853,0.9374899598393576,2.462591093117409,2.462712550607288,0.4975,2.462712550607288,2.467962872496336,397.29411764705344,397.0924369747984,396.8235294117721,392.957983193273,397.0420168067113,82969677.44537815,28970216.336134452,0,12898682.62184874,36052716.63865546,4457103841.882353,2666435420.5042014,740529126.1848739,4612728573.84874,3523820948.4369745,0,0,0,0,0,15.210084033613445,2.7563025210084033,6.941176470588235,1.0924369747899159,16.840336134453782,0,0,0,0,0,58195.899159663866,24378.084033613446,1536120.4705882352,39892.97478991596,75130.6218487395,1559.9495798319326,267.66386554621846,2820.672268907563,1712.5882352941178,439.57983193277306,1763.5630252100839,379.29411764705884,1894.6554621848738,2101.3949579831933,543.0924369747898,0,0,0,0,0,0,0,0,0,0,0,0,0,0,0,0,0,0,0,0
1693106186,0.6444683136412461,0.43505140475808834,0.1653883525252733,0.05719936708860722,1.7607913203345495,0.5893019038984583,0.27727713849993063,0.16864625243934775,0.20285347217526523,0.0649561545956475,0,0.15467605034705428,0.11873664212776072,0.5485463521667581,0.14116340283877135,7.466250436480816,5.640274299910701,0.9387868392218471,0.38276633382120206,10.134794652891053,3.6384290639166115,0.3382180854013584,0.6455965523887537,1.6543697004530438,1.0281636072317848,0.00007374324790253821,0.29604759382069157,2.0676089210797053,2.71613336177648,0.880837997397518,6.288448393711564,5.129027087674307,1.0956978354799367,0.38132911392405006,7.845878971490721,2.9918404351768078,0.3465964231249142,0.43366179198689425,1.3861653931976474,0.801125906679658,0,0.09667253146690885,1.6623129897886553,1.4424737408829564,0.5646536113550854,50000,100000,50000,50000,50000,50000,10000,50000,50000,20000,50000,0,3784704,0,220594176,0,0,1486848,0,0,2973696,0,0,0,0,3108864,2216.9709989258863,9.067387172852792,1.3644539083335054,2.516772151898734,302.49359123747377,664.1885766092477,0,0,216.44465481100818,4.287106203312764,0,0,322.60745666112564,1.3408910830742975,9.316784587358901,0,0,0,0,0,0,0,0,0,0,0,0,0,0,0,224342016,75182080,10711040,439984128,111415296,349663232,39288832,10838016,310304768,93900800,4952064,3993600,305532928,15880192,134160384,205590528,68530176,9596928,199372800,104484864,331431936,35684352,9596928,290340864,82587648,4055040,2568192,295071744,14733312,36089856,0,0,0,0,0,0,0,0,0,0,0,0,0,0,0,207429632,74932224,10321920,424910848,108306432,334233600,39026688,10469376,294760448,92291072,4796416,2916352,297414656,15613952,41025536,189587456,71147520,10321920,211615744,108306432,334233600,37539840,10469376,294760448,89317376,4796416,2916352,297414656,15613952,37916672,1073741824,1073741824,314572800,0,1073741824,1073741824,1073741824,314572800,1073741824,0,0,0,1073741824,314572800,2147483648,10.990772330730657,0,5.1296270622487175,0,0,11.656063834401396,43224.509422297524,0,21661.629465317248,0,0,39256.00969823146,10.990772330730657,0,5.1296270622487175,0,0,11.656063834401396,43224.509422297524,0,21661.629465317248,0,0,39256.00969823146,101.17308745663684,50.60344658959764,478.8544788544788,21.08135584151529,28.424722388125733,39.06635007392142,17.33102253032929,61.20138379285041,53.48299768900627,100.20436416375502,0,0,0,0,0,0,0,0,0,0,119765.77049479642,121228.03826066546,1582788.7588601874,98891.32935605553,275199.3131772418,549382.3081403163,3150.537634408602,9141.272670091204,600797.7605370309,125165.43608675587,0,0,0,0,0,0,0,0,0,0,119.91053496439656,41.84026758993017,466.6286094857523,28.759463870087483,39.43314088526113,53.917835222436274,15.355658672033695,73.63455288814342,72.21855397821062,133.232249983519,0,0,0,0,0,0,0,0,0,0,23966.450611648714,6739.119378753203,144265.23476523475,6043.366596217127,10547.473246715901,6641.615519017965,2908.2201226216434,10480.21805220673,16889.34741939034,25301.931570967103,0,0,0,0,0,0,0,0,0,0,44,16,48,14,10,2,12,78,0,0,0,0,0.008435185185185184,0.003067333939945405,0.030886145910095798,0.0161437908496732,0.0014302325581395348,0.003,0.00305008347245409,0.003200775945683802,0.02179968203497615,0.00472120109190173,0.07040275049115916,0.024196078431372545,0.004286046511627907,0.0046,0.004690150250417363,0.0049613967022308445,0.024282193958664537,0.0049279344858962695,0.08569253438113947,0.03238095238095225,0.004643023255813954,0.0048,0.004895158597662771,0.007292892156862753,0.07260526315789469,0.008884848484848473,0.09792436149312377,0.08074999999999993,0.004928604651162791,0.00496,0.009027272727272738,0.009517401960784327,0.45844686648501365,0.375,0.38586766759776536,0.4586720867208672,0.8785425101214575,0.375,0.45912806539509543,0.4877868245743894,2.1813265306122447,2.164566929133858,0.4945618016759777,2.125910931174089,2.1271255060728746,0.475,2.1271255060728746,2.1910122560145258,2.340663265306122,2.3322834645669293,0.6874497991967867,2.312955465587044,2.3135627530364373,0.4875,2.3135627530364373,2.3455061280072633,2.4681326530612244,2.4664566929133853,0.9374899598393576,2.462591093117409,2.462712550607288,0.4975,2.462712550607288,2.469101225601453,397.37815126049117,397.07563025209555,396.82352941177703,392.974789915967,397.12605042015497,82969677.44537815,38626932.168067224,0,12898682.62184874,36052716.63865546,4527799356.235294,2723130118.4537816,684653284.0336134,4705013243.697479,3680413437.848739,0,0,0,0,0,15.327731092436974,2.7563025210084033,6.941176470588235,1.0924369747899159,16.789915966386555,0,0,0,0,0,58540.100840336134,24378.084033613446,1536120.4705882352,39892.97478991596,74838.05042016806,1562.6386554621847,267.88235294117646,2823.563025210084,1712.6890756302523,439.99999999999994,1765.9663865546217,379.5462184873949,1896.9243697478992,2100.201680672269,543.5294117647057,0,0,0,0,0,0,0,0,0,0,0,0,0,0,0,0,0,0,0,0
1693106187,0.36103583474310424,0.41340108517784857,0.1653883525252733,0.058302000176420905,1.7607913203345495,0.5893019038984583,0.27727713849993063,0.16864625243934775,0.19977358993141073,0.0649561545956475,0,0.1541861540833632,0.11873664212776072,0.5485463521667581,0.14400976437548133,4.013097186456721,5.377907820170528,0.9387868392218471,0.39014492638357434,10.134794652891053,3.6384290639166115,0.3382180854013584,0.6455965523887537,1.560813222791946,1.0281636072317848,0.00007374324790253821,0.2920862928509021,2.0676089210797053,2.71613336177648,0.8985988571206891,3.2751107865981544,4.9435879769184385,1.0956978354799367,0.3886800011761414,7.845878971490721,2.9918404351768078,0.3465964231249142,0.43366179198689425,1.2874298017802008,0.801125906679658,0,0.10279076938890869,1.6623129897886553,1.4424737408829564,0.5760390575019253,50000,100000,50000,50000,50000,50000,10000,50000,50000,20000,50000,0,4055040,0,220594176,0,0,1486848,0,0,2973696,0,0,0,0,3108864,583.7949447795972,6.821117905434502,1.3644539083335054,2.5652880077625366,302.49359123747377,664.1885766092477,0,0,196.31084770593324,4.287106203312764,0,0,322.60745666112564,1.3408910830742975,9.504644448781757,0,0,0,0,0,0,0,0,0,0,0,0,0,0,0,224342016,75419648,10711040,439984128,111415296,349663232,39288832,10838016,310304768,93900800,4952064,3993600,305532928,15880192,134160384,205590528,68530176,9596928,199372800,104484864,331431936,35684352,9596928,290340864,82587648,4055040,2568192,295071744,14733312,36089856,0,0,0,0,0,0,0,0,0,0,0,0,0,0,0,207429632,75034624,10321920,424910848,108306432,334233600,39026688,10469376,294760448,92291072,4796416,2916352,297414656,15613952,41025536,189587456,71114752,10321920,211615744,108306432,334233600,37539840,10469376,294760448,89317376,4796416,2916352,297414656,15613952,37916672,1073741824,1073741824,314572800,0,1073741824,1073741824,1073741824,314572800,1073741824,0,0,0,1073741824,314572800,2147483648,10.67952803376109,0,5.1296270622487175,0,0,11.891091972718304,41432.7103608647,0,21661.629465317248,0,0,40047.55193823667,10.67952803376109,0,5.1296270622487175,0,0,11.891091972718304,41432.7103608647,0,21661.629465317248,0,0,40047.55193823667,101.17308745663684,50.60344658959764,478.8544788544788,20.98765432098765,34.2812097440926,39.06635007392142,17.33102253032929,61.20138379285041,53.48299768900627,96.18485825836021,0,0,0,0,0,0,0,0,0,0,119765.77049479642,121228.03826066546,1582788.7588601874,99221.37345679011,334708.69623733446,549382.3081403163,3150.537634408602,9141.272670091204,600797.7605370309,124651.7144797148,0,0,0,0,0,0,0,0,0,0,119.91053496439656,41.84026758993017,466.6286094857523,28.5108024691358,47.701447770663904,53.917835222436274,15.355658672033695,73.63455288814342,72.21855397821062,128.26769648616533,0,0,0,0,0,0,0,0,0,0,23966.450611648714,6739.119378753203,144265.23476523475,5892.110339506173,12545.942204533658,6641.615519017965,2908.2201226216434,10480.21805220673,16889.34741939034,24204.506874893905,0,0,0,0,0,0,0,0,0,0,40,14,56,4,2,2,2,84,0,0,0,0,0.008280269058295963,0.003040366972477064,0.030635624538063563,0.01593949044585987,0.0015074626865671642,0.003,0.0030598591549295773,0.0031989325570111597,0.02090441176470588,0.004672660550458715,0.069016393442623,0.0237484076433121,0.004301492537313432,0.0046,0.004707746478873239,0.004958078602620087,0.023442401960784304,0.0048766972477064215,0.08481557377049179,0.024724522292993625,0.0046507462686567165,0.0048,0.0049137323943661965,0.0072698019801980054,0.04911249999999997,0.0075904761904761805,0.09745491803278687,0.06934999999999968,0.004930149253731343,0.00496,0.009288461538461539,0.009513366336633652,0.4594686648501362,0.3770833333333333,0.38569165786694826,0.45935792349726773,0.8694331983805669,0.375,0.4548319327731092,0.4883073496659242,2.181711065573771,2.1643863179074447,0.4942449841605069,2.1277327935222674,2.115131578947368,0.475,2.115131578947368,2.1914207898320472,2.340855532786885,2.332193158953722,0.6827160493827154,2.3138663967611337,2.307565789473684,0.4875,2.307565789473684,2.3457103949160234,2.468171106557377,2.4664386317907447,0.9365432098765432,2.4627732793522266,2.461513157894737,0.4975,2.461513157894737,2.4691420789832046,397.29411764704207,397.042016806719,396.77310924370954,392.9411764705914,397.0420168067109,82969677.44537815,38626932.168067224,0,12898682.62184874,36052716.63865546,4386302244.571428,2723143748.840336,684648809.4117646,4705043189.243697,3758705827.495798,0,0,0,0,0,15.46218487394958,2.7563025210084033,4.991596638655462,1.0924369747899159,16.92436974789916,0,0,0,0,0,61878.85714285714,24378.084033613446,1077781.512605042,39892.97478991596,75294.11764705883,1559.613445378151,264.672268907563,2823.8823529411766,1717.731092436975,441.1932773109243,1763.7142857142858,376.5882352941176,1898.2016806722688,2104.5210084033615,544.655462184874,0,0,0,0,0,0,0,0,0,0,0,0,0,0,0,0,0,0,0,0
1693106188,0.368483673273965,0.41340108517784857,0.1653883525252733,0.06615798526882151,1.7607913203345495,0.5893019038984583,0.27727713849993063,0.16864625243934775,0.19977358993141073,0.0649561545956475,0,0.1541861540833632,0.11873664212776072,0.5485463521667581,0.14685612591219124,4.095883705070999,5.377907820170528,0.9387868392218471,0.4427155537423361,10.134794652891053,3.6384290639166115,0.3382180854013584,0.6455965523887537,1.560813222791946,1.0281636072317848,0.00007374324790253821,0.2920862928509021,2.0676089210797053,2.71613336177648,0.9163597168438602,3.342673321842391,4.9435879769184385,1.0956978354799367,0.441053235125479,7.845878971490721,2.9918404351768078,0.3465964231249142,0.43366179198689425,1.2874298017802008,0.801125906679658,0,0.10279076938890869,1.6623129897886553,1.4424737408829564,0.587424503648765,50000,100000,50000,50000,50000,50000,10000,50000,50000,20000,50000,0,4055040,0,220594176,0,0,1486848,0,0,2973696,0,0,0,0,3108864,595.838099683999,6.821117905434502,1.3644539083335054,2.910951351828165,302.49359123747377,664.1885766092477,0,0,196.31084770593324,4.287106203312764,0,0,322.60745666112564,1.3408910830742975,9.692504310204614,0,0,0,0,0,0,0,0,0,0,0,0,0,0,0,224342016,75419648,10711040,439984128,111415296,349663232,39288832,10838016,310304768,93900800,4952064,3993600,305532928,15880192,134160384,205590528,68530176,9596928,199372800,104484864,331431936,35684352,9596928,290340864,82587648,4055040,2568192,295071744,14733312,36089856,0,0,0,0,0,0,0,0,0,0,0,0,0,0,0,207429632,75034624,10321920,424910848,108306432,334233600,39026688,10469376,294760448,92291072,4796416,2916352,297414656,15613952,41025536,189587456,71114752,10321920,211615744,108306432,334233600,37539840,10469376,294760448,89317376,4796416,2916352,297414656,15613952,37916672,1073741824,1073741824,314572800,0,1073741824,1073741824,1073741824,314572800,1073741824,0,0,0,1073741824,314572800,2147483648,10.67952803376109,0,5.1296270622487175,0,0,12.12612011103521,41432.7103608647,0,21661.629465317248,0,0,40839.094178241874,10.67952803376109,0,5.1296270622487175,0,0,12.12612011103521,41432.7103608647,0,21661.629465317248,0,0,40839.094178241874,101.17308745663684,50.60344658959764,478.8544788544788,20.98765432098765,34.2812097440926,33.1014730460138,17.33102253032929,61.20138379285041,53.48299768900627,96.18485825836021,0,0,0,0,0,0,0,0,0,0,119765.77049479642,121228.03826066546,1582788.7588601874,99221.37345679011,334708.69623733446,462327.2555268118,3150.537634408602,9141.272670091204,600797.7605370309,124651.7144797148,0,0,0,0,0,0,0,0,0,0,119.91053496439656,41.84026758993017,466.6286094857523,28.5108024691358,47.701447770663904,46.43193051703294,15.355658672033695,73.63455288814342,72.21855397821062,128.26769648616533,0,0,0,0,0,0,0,0,0,0,23966.450611648714,6739.119378753203,144265.23476523475,5892.110339506173,12545.942204533658,5706.604084880166,2908.2201226216434,10480.21805220673,16889.34741939034,24204.506874893905,0,0,0,0,0,0,0,0,0,0,36,16,52,10,10,2,10,72,0,0,0,0,0.008280269058295963,0.003040366972477064,0.030635624538063563,0.01593949044585987,0.0014463768115942034,0.003,0.0030570469798657718,0.0031989325570111597,0.02090441176470588,0.004672660550458715,0.069016393442623,0.0237484076433121,0.00428927536231884,0.0046,0.004702684563758389,0.004958078602620087,0.023442401960784304,0.0048766972477064215,0.08481557377049179,0.024724522292993625,0.00464463768115942,0.0048,0.004908389261744967,0.0072698019801980054,0.04911249999999997,0.0075904761904761805,0.09745491803278687,0.06934999999999968,0.004928927536231884,0.00496,0.009180769230769248,0.009513366336633652,0.4594686648501362,0.3770833333333333,0.38569165786694826,0.45935792349726773,0.8775303643724697,0.375,0.45878746594005454,0.4883073496659242,2.181711065573771,2.1643863179074447,0.4942449841605069,2.1277327935222674,2.1262195121951217,0.475,2.126219512195122,2.1914207898320472,2.340855532786885,2.332193158953722,0.6827160493827154,2.3138663967611337,2.313109756097561,0.4875,2.3131097560975613,2.3457103949160234,2.468171106557377,2.4664386317907447,0.9365432098765432,2.4627732793522266,2.462621951219512,0.4975,2.462621951219512,2.4691420789832046,397.37815126048974,397.075630252089,396.8571428571402,392.7731092436761,397.092436974788,82969677.44537815,38626932.168067224,0,12898682.62184874,36052647.798319325,4244856281.277311,2779838309.1092434,684646262.3193277,4612843055.327731,3680425003.02521,0,0,0,0,0,15.512605042016807,2.705882352941176,4.991596638655462,1.0924369747899159,16.991596638655462,0,0,0,0,0,62050.95798319327,24102.72268907563,1077781.512605042,39892.97478991596,75698.55462184874,1565.848739495798,268.25210084033614,2823.2268907563025,1725.6806722689075,443.1764705882353,1769.2268907563025,380,1898.5882352941176,2112.3865546218485,546.7394957983194,0,0,0,0,0,0,0,0,0,0,0,0,0,0,0,0,0,0,0,0
1693106189,0.3759315118048256,0.42918454935622363,0.16538835252527334,0.06615798526882151,1.7607913203345495,0.5893019038984583,0.27727713849993063,0.16864625243934775,0.19977358993141073,0.0649561545956475,0,0.1541861540833632,0.11873664212776072,0.5485463521667581,0.17078169220259604,4.178670223685274,5.338420894510956,0.9387868392218471,0.4427155537423361,10.134794652891053,3.6384290639166115,0.3382180854013584,0.6455965523887537,1.560813222791946,1.0281636072317848,0.00007374324790253821,0.2920862928509021,2.0676089210797053,2.71613336177648,1.0656515833902613,3.4102358570866262,4.788796024395752,1.095697835479937,0.441053235125479,7.845878971490721,2.9918404351768078,0.3465964231249142,0.43366179198689425,1.2874298017802008,0.801125906679658,0,0.10279076938890869,1.6623129897886553,1.4424737408829564,0.6831267688103841,50000,100000,50000,50000,50000,50000,10000,50000,50000,20000,50000,0,4055040,0,220594176,0,0,1486848,0,0,2973696,0,0,0,0,3108864,607.8812545884005,7.454257962502824,1.3644539083335057,2.910951351828165,302.49359123747377,664.1885766092477,0,0,196.31084770593324,4.287106203312764,0,0,322.60745666112564,1.3408910830742975,11.271591685371328,0,0,0,0,0,0,0,0,0,0,0,0,0,0,0,224342016,75419648,10711040,439984128,111415296,349663232,39288832,10838016,310304768,93900800,4952064,3993600,305532928,15880192,134160384,205590528,68530176,9596928,199372800,104484864,331431936,35684352,9596928,290340864,82587648,4055040,2568192,295071744,14733312,36089856,0,0,0,0,0,0,0,0,0,0,0,0,0,0,0,207429632,75034624,10321920,424910848,108306432,334233600,39026688,10469376,294760448,92291072,4796416,2916352,297414656,15613952,41025536,189587456,71114752,10321920,211615744,108306432,334233600,37539840,10469376,294760448,89317376,4796416,2916352,297414656,15613952,37916672,1073741824,1073741824,314572800,0,1073741824,1073741824,1073741824,314572800,1073741824,0,0,0,1073741824,314572800,2147483648,10.684436412920714,0,5.1296270622487175,0,0,14.101688299014347,42375.604246668176,0,21661.629465317248,0,0,47492.53440031229,10.684436412920714,0,5.1296270622487175,0,0,14.101688299014347,42375.604246668176,0,21661.629465317248,0,0,47492.53440031229,101.17308745663684,50.60344658959764,478.8544788544788,20.98765432098765,34.2812097440926,27.625000000000007,17.33102253032929,61.20138379285041,53.48299768900627,96.18485825836021,0,0,0,0,0,0,0,0,0,0,119765.77049479642,121228.03826066546,1582788.7588601874,99221.37345679011,334708.69623733446,385837.5250000001,3150.537634408602,9141.272670091204,600797.7605370309,124651.7144797148,0,0,0,0,0,0,0,0,0,0,119.91053496439656,41.84026758993017,466.6286094857523,28.5108024691358,47.701447770663904,38.75000000000001,15.355658672033695,73.63455288814342,72.21855397821062,128.26769648616533,0,0,0,0,0,0,0,0,0,0,23966.450611648714,6739.119378753203,144265.23476523475,5892.110339506173,12545.942204533658,4762.475000000001,2908.2201226216434,10480.21805220673,16889.34741939034,24204.506874893905,0,0,0,0,0,0,0,0,0,0,30,18,50,6,6,2,6,68,0,0,0,0,0.008280269058295963,0.003040366972477064,0.030635624538063563,0.01593949044585987,0.0014463768115942034,0.003,0.0030570469798657718,0.0031989325570111597,0.02090441176470588,0.004672660550458715,0.069016393442623,0.0237484076433121,0.00428927536231884,0.0046,0.004702684563758389,0.004958078602620087,0.023442401960784304,0.0048766972477064215,0.08481557377049179,0.024724522292993625,0.00464463768115942,0.0048,0.004908389261744967,0.0072698019801980054,0.04911249999999997,0.0075904761904761805,0.09745491803278687,0.06934999999999968,0.004928927536231884,0.00496,0.009180769230769248,0.009513366336633652,0.4594686648501362,0.3770833333333333,0.38569165786694826,0.45935792349726773,0.8775303643724697,0.375,0.45878746594005454,0.4883073496659242,2.181711065573771,2.1643863179074447,0.4942449841605069,2.1277327935222674,2.1262195121951217,0.475,2.126219512195122,2.1914207898320472,2.340855532786885,2.332193158953722,0.6827160493827154,2.3138663967611337,2.313109756097561,0.4875,2.3131097560975613,2.3457103949160234,2.468171106557377,2.4664386317907447,0.9365432098765432,2.4627732793522266,2.462621951219512,0.4975,2.462621951219512,2.4691420789832046,397.32773109243016,397.05882352942064,396.8235294117602,392.82352941175395,397.02521008403556,82969677.44537815,38626932.168067224,0,12898682.62184874,18026323.899159662,4244894831.865546,2836573898.2184873,684637381.9159664,4705127243.294117,3758712023.1260505,0,0,0,0,0,15.579831932773109,2.705882352941176,5.008403361344538,1.0924369747899159,17.07563025210084,0,0,0,0,0,62128.403361344535,24102.72268907563,1077850.3529411764,39892.97478991596,75836.23529411765,1566.873949579832,267.17647058823525,2823.5798319327732,1728.4201680672268,443.78151260504194,1770.4033613445379,378.70588235294116,1899.3277310924368,2115.5630252100837,547.3781512605042,0,0,0,0,0,0,0,0,0,0,0,0,0,0,0,0,0,0,0,0
1693106190,0.44687031185164083,0.42918454935622363,0.16538835252527334,0.06615798526882151,1.7607913203345495,0.5893019038984583,0.2540951671099216,0.14528827801468572,0.19977358993141073,0.0649561545956475,0,0.1541861540833632,0.11873664212776072,0.5485463521667581,0.17078169220259604,4.967191116856608,5.338420894510956,0.9387868392218471,0.4427155537423361,10.134794652891053,3.6384290639166115,0.3259271221181373,0.5561796365591546,1.560813222791946,1.0281636072317848,0.00005456215241755685,0.2920862928509021,2.0676089210797053,2.71613336177648,1.0656515833902613,4.053752114654164,4.788796024395752,1.095697835479937,0.441053235125479,7.845878971490721,2.9918404351768078,0.33879355614656237,0.3735984291806205,1.2874298017802008,0.801125906679658,0,0.10279076938890869,1.6623129897886553,1.4424737408829564,0.6831267688103841,50000,100000,50000,50000,50000,50000,10000,50000,50000,20000,50000,0,4055040,0,220594176,0,0,1486848,0,0,2973696,0,0,0,0,3108864,722.5892942641003,7.454257962502824,1.3644539083335057,2.910951351828165,302.49359123747377,664.1885766092477,0,0,196.31084770593324,4.287106203312764,0,0,322.60745666112564,1.3408910830742975,11.271591685371328,0,0,0,0,0,0,0,0,0,0,0,0,0,0,0,224342016,75419648,10711040,439984128,111415296,349663232,39321600,10838016,310304768,93900800,4952064,3993600,305532928,15880192,134160384,205590528,68530176,9596928,199372800,104484864,331431936,35684352,9596928,290340864,82587648,4055040,2568192,295071744,14733312,36089856,0,0,0,0,0,0,0,0,0,0,0,0,0,0,0,207429632,75034624,10321920,424910848,108306432,334233600,39063552,10469376,294760448,92291072,4796416,2916352,297414656,15613952,41025536,189587456,71114752,10321920,211615744,108306432,334233600,37576704,10469376,294760448,89317376,4796416,2916352,297414656,15613952,37916672,1073741824,1073741824,314572800,0,1073741824,1073741824,1073741824,314572800,1073741824,0,0,0,1073741824,314572800,2147483648,10.684436412920714,0,4.776989141666525,0,0,14.101688299014347,42375.604246668176,0,19731.336709975774,0,0,47492.53440031229,10.684436412920714,0,4.776989141666525,0,0,14.101688299014347,42375.604246668176,0,19731.336709975774,0,0,47492.53440031229,101.17308745663684,50.60344658959764,478.8544788544788,20.98765432098765,34.2812097440926,32.50683776639879,14.816825432098764,61.20138379285041,53.48299768900627,96.18485825836021,0,0,0,0,0,0,0,0,0,0,119765.77049479642,121228.03826066546,1582788.7588601874,99221.37345679011,334708.69623733446,454022.00287289906,2679.565891604938,9141.272670091204,600797.7605370309,124651.7144797148,0,0,0,0,0,0,0,0,0,0,119.91053496439656,41.84026758993017,466.6286094857523,28.5108024691358,47.701447770663904,45.59782673114762,13.095066666666666,73.63455288814342,72.21855397821062,128.26769648616533,0,0,0,0,0,0,0,0,0,0,23966.450611648714,6739.119378753203,144265.23476523475,5892.110339506173,12545.942204533658,5604.0905770689615,2483.4308930864195,10480.21805220673,16889.34741939034,24204.506874893905,0,0,0,0,0,0,0,0,0,0,26,6,24,4,6,2,6,46,0,0,0,0,0.008280269058295963,0.003040366972477064,0.030635624538063563,0.01593949044585987,0.0014463768115942034,0.003,0.0030570469798657718,0.003204401720212497,0.02090441176470588,0.004672660550458715,0.069016393442623,0.0237484076433121,0.00428927536231884,0.0046,0.004702684563758389,0.004967923096382494,0.023442401960784304,0.0048766972477064215,0.08481557377049179,0.024724522292993625,0.00464463768115942,0.0048,0.004908389261744967,0.00733856783919597,0.04911249999999997,0.0075904761904761805,0.09745491803278687,0.06934999999999968,0.004928927536231884,0.00496,0.009180769230769248,0.009528015075376874,0.4594686648501362,0.3770833333333333,0.38569165786694826,0.45935792349726773,0.8775303643724697,0.375,0.45878746594005454,0.47372849663425576,2.181711065573771,2.1643863179074447,0.4942449841605069,2.1277327935222674,2.1262195121951217,0.475,2.126219512195122,2.179317958783121,2.340855532786885,2.332193158953722,0.6827160493827154,2.3138663967611337,2.313109756097561,0.4875,2.3131097560975613,2.33965897939156,2.468171106557377,2.4664386317907447,0.9365432098765432,2.4627732793522266,2.462621951219512,0.4975,2.462621951219512,2.4679317958783122,397.21008403361975,397.1428571428564,396.7731092436904,392.9915966386592,397.1260504201573,82969677.44537815,38626932.168067224,0,12898682.62184874,68.84033613445378,4315640530.823529,2779898475.563025,684640892.7731092,4797284076.638656,3680427825.4789915,0,0,0,0,0,15.092436974789916,2.705882352941176,5.008403361344538,1.0924369747899159,16.95798319327731,0,0,0,0,0,59899.69747899159,24102.72268907563,1077850.3529411764,39892.97478991596,75440.40336134454,1560.1008403361343,267.36134453781506,2824.5042016806724,1719.8319327731092,441.0252100840336,1763.5462184873948,379.0252100840336,1899.7647058823532,2106.873949579832,544.6890756302521,0,0,0,0,0,0,0,0,0,0,0,0,0,0,0,0,0,0,0,0
1693106191,0.44687031185164083,0.42918454935622363,0.16538835252527334,0.06615798526882151,1.7607913203345495,0.5893019038984583,0.2292421255329879,0.14247750714069662,0.19977358993141073,0.05672471495830739,0,0.15817153703191103,0.14760147601476092,0.5485463521667581,0.17078169220259604,4.967191116856608,5.338420894510956,0.9387868392218471,0.4427155537423361,10.134794652891053,3.6384290639166115,0.31761140708816676,0.5454196940193422,1.560813222791946,1.0446426711668255,0.00006721417946407837,0.2893156925936179,2.2618718376383757,2.71613336177648,1.0656515833902613,4.053752114654164,4.788796024395752,1.095697835479937,0.441053235125479,7.845878971490721,2.9918404351768078,0.38971161340607935,0.36637073264750564,1.2874298017802008,0.8792330818537651,0,0.13840009490292213,1.771217712177126,1.4424737408829564,0.6831267688103841,50000,100000,50000,50000,50000,50000,10000,50000,50000,20000,50000,0,4055040,0,220594176,0,0,1486848,0,0,2973696,0,0,0,0,3108864,722.5892942641003,7.454257962502824,1.3644539083335057,2.910951351828165,302.49359123747377,664.1885766092477,0,0,196.31084770593324,3.7438311872482846,0,0,379.9261992619926,1.3408910830742975,11.271591685371328,0,0,0,0,0,0,0,0,0,0,0,0,0,0,0,224342016,75419648,10711040,439984128,111415296,349663232,39321600,10838016,310304768,93900800,4952064,3993600,305532928,15880192,134160384,205590528,68530176,9596928,199372800,104484864,331431936,35684352,9596928,290340864,82587648,4055040,2568192,295071744,14733312,36089856,0,0,0,0,0,0,0,0,0,0,0,0,0,0,0,207429632,75034624,10321920,424910848,108306432,334233600,39063552,10469376,294760448,92291072,4796416,2916352,297414656,15613952,41025536,189587456,71114752,10321920,211615744,108306432,334233600,37576704,10469376,294760448,89317376,4796416,2916352,297414656,15613952,37916672,1073741824,1073741824,314572800,0,1073741824,1073741824,1073741824,314572800,1073741824,0,0,0,1073741824,314572800,2147483648,10.684436412920714,0,4.470221447893265,0,0,14.101688299014347,42375.604246668176,0,16831.140250332403,0,0,47492.53440031229,10.684436412920714,0,4.470221447893265,0,0,14.101688299014347,42375.604246668176,0,16831.140250332403,0,0,47492.53440031229,101.17308745663684,50.60344658959764,478.8544788544788,20.98765432098765,34.2812097440926,31.85195309721926,18.1037037037037,61.20138379285041,53.48299768900627,96.18485825836021,0,0,0,0,0,0,0,0,0,0,119765.77049479642,121228.03826066546,1582788.7588601874,99221.37345679011,334708.69623733446,444875.2488487661,3273.985185185185,9141.272670091204,600797.7605370309,124651.7144797148,0,0,0,0,0,0,0,0,0,0,119.91053496439656,41.84026758993017,466.6286094857523,28.5108024691358,47.701447770663904,44.67921022686865,15.999999999999998,73.63455288814342,72.21855397821062,128.26769648616533,0,0,0,0,0,0,0,0,0,0,23966.450611648714,6739.119378753203,144265.23476523475,5892.110339506173,12545.942204533658,5491.190238069838,3034.3407407407403,10480.21805220673,16889.34741939034,24204.506874893905,0,0,0,0,0,0,0,0,0,0,36,16,48,6,6,2,6,58,0,0,0,0,0.008280269058295963,0.003040366972477064,0.030635624538063563,0.01593949044585987,0.0014463768115942034,0.003,0.0030570469798657718,0.0031976149914821122,0.02090441176470588,0.004672660550458715,0.069016393442623,0.0237484076433121,0.00428927536231884,0.0046,0.004702684563758389,0.004955706984667803,0.023442401960784304,0.0048766972477064215,0.08481557377049179,0.024724522292993625,0.00464463768115942,0.0048,0.004908389261744967,0.007253124999999994,0.04911249999999997,0.0075904761904761805,0.09745491803278687,0.06934999999999968,0.004928927536231884,0.00496,0.009180769230769248,0.009510624999999993,0.4594686648501362,0.3770833333333333,0.38569165786694826,0.45935792349726773,0.8775303643724697,0.375,0.45878746594005454,0.48672976985894584,2.181711065573771,2.1643863179074447,0.4942449841605069,2.1277327935222674,2.1262195121951217,0.475,2.126219512195122,2.1901875571820684,2.340855532786885,2.332193158953722,0.6827160493827154,2.3138663967611337,2.313109756097561,0.4875,2.3131097560975613,2.3450937785910337,2.468171106557377,2.4664386317907447,0.9365432098765432,2.4627732793522266,2.462621951219512,0.4975,2.462621951219512,2.4690187557182064,397.24369747898754,397.09243697480264,396.70588235295077,393.21008403359247,397.1764705882341,82969677.44537815,38626932.168067224,0,12898682.62184874,18026392.7394958,4244916585.4117646,2836630278.4537816,742619738.3529412,4704968704,3680445104.4033613,0,0,0,0,0,15.008403361344538,2.705882352941176,5.008403361344538,1.0924369747899159,16.907563025210084,0,0,0,0,0,59615.731092436974,24102.72268907563,1077850.3529411764,39892.97478991596,75311.32773109243,1558.9579831932774,267.74789915966386,2820.8067226890757,1719.2100840336134,440.57142857142856,1762.5378151260506,379.39495798319325,1896.7226890756301,2107.27731092437,544.3361344537815,0,0,0,0,0,0,0,0,0,0,0,0,0,0,0,0,0,0,0,0
1693106192,0.44687031185164083,0.42918454935622363,0.16538835252527334,0.06615798526882151,1.7607913203345495,0.5893019038984583,0.2292421255329879,0.1396667362667075,0.19977358993141073,0.05672471495830739,0,0.15817153703191103,0.14760147601476092,0.5485463521667581,0.17078169220259604,4.967191116856608,5.338420894510956,0.9387868392218471,0.4427155537423361,10.134794652891053,3.6384290639166115,0.31761140708816676,0.5346597514795296,1.560813222791946,1.0446426711668255,0.00006721417946407837,0.2893156925936179,2.2618718376383757,2.71613336177648,1.0656515833902613,4.053752114654164,4.788796024395752,1.095697835479937,0.441053235125479,7.845878971490721,2.9918404351768078,0.38971161340607935,0.3591430361143907,1.2874298017802008,0.8792330818537651,0,0.13840009490292213,1.771217712177126,1.4424737408829564,0.6831267688103841,50000,100000,50000,50000,50000,50000,10000,50000,50000,20000,50000,0,4055040,0,220594176,0,0,1486848,0,0,2973696,0,0,0,0,3108864,722.5892942641003,7.454257962502824,1.3644539083335057,2.910951351828165,302.49359123747377,664.1885766092477,0,0,196.31084770593324,3.7438311872482846,0,0,379.9261992619926,1.3408910830742975,11.271591685371328,0,0,0,0,0,0,0,0,0,0,0,0,0,0,0,224342016,75419648,10711040,439984128,111415296,349663232,39321600,10838016,310304768,93900800,4952064,3993600,305532928,15880192,134160384,205590528,68530176,9596928,199372800,104484864,331431936,35684352,9596928,290340864,82587648,4055040,2568192,295071744,14733312,36089856,0,0,0,0,0,0,0,0,0,0,0,0,0,0,0,207429632,75034624,10321920,424910848,108306432,334233600,39063552,10469376,294760448,92291072,4796416,2916352,297414656,15613952,41025536,189587456,71114752,10321920,211615744,108306432,334233600,37576704,10469376,294760448,89317376,4796416,2916352,297414656,15613952,37916672,1073741824,1073741824,314572800,0,1073741824,1073741824,1073741824,314572800,1073741824,0,0,0,1073741824,314572800,2147483648,10.684436412920714,0,4.470221447893265,0,0,14.101688299014347,42375.604246668176,0,16831.140250332403,0,0,47492.53440031229,10.684436412920714,0,4.470221447893265,0,0,14.101688299014347,42375.604246668176,0,16831.140250332403,0,0,47492.53440031229,101.17308745663684,50.60344658959764,478.8544788544788,20.98765432098765,34.2812097440926,39.01267114550557,18.1037037037037,60.53637465427763,53.48299768900627,96.18485825836021,0,0,0,0,0,0,0,0,0,0,119765.77049479642,121228.03826066546,1582788.7588601874,99221.37345679011,334708.69623733446,550716.0898035547,3273.985185185185,9034.432393797197,600797.7605370309,124651.7144797148,0,0,0,0,0,0,0,0,0,0,119.91053496439656,41.84026758993017,466.6286094857523,28.5108024691358,47.701447770663904,54.55395866995493,15.999999999999998,73.61944125050498,72.21855397821062,128.26769648616533,0,0,0,0,0,0,0,0,0,0,23966.450611648714,6739.119378753203,144265.23476523475,5892.110339506173,12545.942204533658,6628.794965558296,3034.3407407407403,10395.319929146337,16889.34741939034,24204.506874893905,0,0,0,0,0,0,0,0,0,0,26,16,40,6,6,2,6,60,0,0,0,0,0.008246666666666666,0.003040219378427788,0.03051362297496318,0.01588012958963283,0.0015180722891566267,0.003,0.0030569395017793592,0.00319287109375,0.020763980263157893,0.004672394881170019,0.06867556468172485,0.023694384449244058,0.004303614457831326,0.0046,0.004702491103202846,0.004947167968750001,0.023326069078947367,0.004876416819012798,0.08459445585215604,0.024671166306695462,0.004651807228915663,0.0048,0.004908185053380782,0.0071908740359897146,0.048796874999999774,0.007580952380952376,0.097329568788501,0.062312499999999604,0.004930361445783133,0.00496,0.008649999999999977,0.00949987146529563,0.45683701657458564,0.375,0.38562806158152557,0.45879501385041555,0.8698347107438017,0.375,0.45525568181818177,0.48885767790262175,2.1807889344262295,2.1638554216867467,0.49413051084674603,2.1262396694214876,2.116371681415929,0.475,2.116371681415929,2.1918344007319313,2.3403944672131147,2.3319277108433734,0.6809670781893,2.313119834710744,2.3081858407079645,0.4875,2.3081858407079645,2.345917200365965,2.4680788934426228,2.4663855421686742,0.9361934156378598,2.4626239669421484,2.4616371681415927,0.4975,2.4616371681415927,2.469183440073193,397.19327731092716,397.0588235294146,396.82352941175486,393.176470588241,397.14285714287143,99563640.47058824,38626932.168067224,0,12898682.62184874,18026392.7394958,4244942951.2605042,2836591521.3445377,742610031.8655462,4704985501.042017,3758750917.915966,0,0,0,0,0,15.025210084033613,2.705882352941176,4.957983193277311,1.0924369747899159,16.941176470588236,0,0,0,0,0,59710.386554621844,24102.72268907563,1077368.4705882352,39892.97478991596,75414.58823529411,1553.1764705882351,267.2436974789916,2821.781512605042,1715.6302521008404,440.3865546218487,1756.7394957983192,378.97478991596637,1896.857142857143,2102.403361344538,544.2184873949581,0,0,0,0,0,0,0,0,0,0,0,0,0,0,0,0,0,0,0,0
1693106193,0.44687031185164083,0.42918454935622363,0.16538835252527334,0.06615798526882151,1.7607913203345495,0.5893019038984583,0.2292421255329879,0.16829633618876114,0.19977358993141073,0.05672471495830739,0,0.15817153703191103,0.14760147601476092,0.5519779208831651,0.17078169220259604,4.967191116856608,5.338420894510956,0.9387868392218471,0.4427155537423361,10.134794652891053,3.6384290639166115,0.31761140708816676,0.6379844107103784,1.560813222791946,1.0446426711668255,0.00006721417946407837,0.2893156925936179,2.2618718376383757,2.767951815394054,1.0656515833902613,4.053752114654164,4.788796024395752,1.095697835479937,0.441053235125479,7.845878971490721,2.9918404351768078,0.38971161340607935,0.4207408404719029,1.2874298017802008,0.8792330818537651,0,0.13840009490292213,1.771217712177126,1.5026065624041682,0.6831267688103841,50000,100000,50000,50000,50000,50000,10000,50000,50000,20000,50000,0,4055040,0,220594176,0,0,1486848,0,0,2973696,0,0,0,0,3108864,722.5892942641003,7.454257962502824,1.3644539083335057,2.910951351828165,302.49359123747377,664.1885766092477,0,1.1107558188458238,196.31084770593324,3.7438311872482846,0,0,379.9261992619926,2.0239190432382705,11.271591685371328,0,0,0,0,0,0,0,0,0,0,0,0,0,0,0,224342016,75419648,10711040,439984128,111415296,349663232,39321600,10838016,310304768,93900800,4952064,3993600,305532928,15880192,134160384,205590528,68530176,9596928,199372800,104484864,331431936,35684352,9596928,290340864,82587648,4055040,2568192,295071744,14733312,36089856,0,0,0,0,0,0,0,0,0,0,0,0,0,0,0,207429632,75034624,10321920,424910848,108306432,334233600,39063552,10485760,294760448,92291072,4796416,2916352,297414656,15613952,41025536,189587456,71114752,10321920,211615744,108306432,334233600,37576704,10485760,294760448,89317376,4796416,2916352,297414656,15613952,37916672,1073741824,1073741824,314572800,0,1073741824,1073741824,1073741824,314572800,1073741824,0,0,0,1073741824,314572800,2147483648,10.684436412920714,0,4.470221447893265,0,0,14.101688299014347,42375.604246668176,0,16831.140250332403,0,0,47492.53440031229,10.684436412920714,0,4.470221447893265,0,0,14.101688299014347,42375.604246668176,0,16831.140250332403,0,0,47492.53440031229,101.17308745663684,50.83712967530395,478.8544788544788,20.98765432098765,34.2812097440926,39.01267114550557,18.1037037037037,60.53637465427763,50.87316712691066,96.18485825836021,0,0,0,0,0,0,0,0,0,0,119765.77049479642,122622.87090502858,1582788.7588601874,99221.37345679011,334708.69623733446,550716.0898035547,3273.985185185185,9034.432393797197,597523.6863599238,124651.7144797148,0,0,0,0,0,0,0,0,0,0,119.91053496439656,42.27722484983896,466.6286094857523,28.5108024691358,47.701447770663904,54.55395866995493,15.999999999999998,73.61944125050498,69.1727276263078,128.26769648616533,0,0,0,0,0,0,0,0,0,0,23966.450611648714,6818.791167338885,144265.23476523475,5892.110339506173,12545.942204533658,6628.794965558296,3034.3407407407403,10395.319929146337,15529.481544864066,24204.506874893905,0,0,0,0,0,0,0,0,0,0,22,12,28,6,6,2,6,26,0,0,0,0,0.008246666666666666,0.003040219378427788,0.03051362297496318,0.01588012958963283,0.0014736842105263158,0.0030168067226890756,0.0030546075085324236,0.00319287109375,0.020763980263157893,0.004672394881170019,0.06867556468172485,0.023694384449244058,0.0042947368421052635,0.004630252100840336,0.004698293515358362,0.004947167968750001,0.023326069078947367,0.004876416819012798,0.08459445585215604,0.024671166306695462,0.004647368421052631,0.004831932773109243,0.004903754266211605,0.0071908740359897146,0.048796874999999774,0.007580952380952376,0.097329568788501,0.062312499999999604,0.004929473684210526,0.0049932773109243695,0.00856428571428571,0.00949987146529563,0.45683701657458564,0.375,0.38562806158152557,0.45879501385041555,0.875,0.375,0.4578729281767956,0.48885767790262175,2.1807889344262295,2.1638554216867467,0.49413051084674603,2.1262396694214876,2.124688796680498,0.475,2.12375,2.1918344007319313,2.3403944672131147,2.3319277108433734,0.6809670781893,2.313119834710744,2.312344398340249,0.4875,2.311875,2.345917200365965,2.4680788934426228,2.4663855421686742,0.9361934156378598,2.4626239669421484,2.4624688796680494,0.4975,2.462375,2.469183440073193,397.0756302521038,397.1596638655688,396.8571428571467,393.14285714286825,397.12605042017606,99563640.47058824,38626932.168067224,0,12898682.62184874,18026392.7394958,4174210469.6470585,2836550492.5042014,742593854.3865546,4612762167.932773,3758771363.495798,0,0,0,0,0,14.386554621848738,2.705882352941176,4.957983193277311,1.0924369747899159,16.57142857142857,0,0,0,0,0,54702.252100840335,24102.72268907563,1077368.4705882352,39892.97478991596,70939.96638655462,1538.7731092436975,265.7310924369748,2821.7647058823527,1699.9327731092435,437.81512605042013,1742.3361344537816,377.39495798319325,1896.0840336134456,2085.6974789915967,541.5966386554622,0,0,0,0,0,0,0,0,0,0,0,0,0,0,0,0,0,0,0,0
1693106194,0.44687031185164083,0.42918454935622363,0.16538835252527334,0.06615798526882152,1.7607913203345495,0.5893019038984583,0.2292421255329879,0.1794848783989948,0.19977358993141073,0.05672471495830738,0,0.15817153703191103,0.14760147601476092,0.5519779208831651,0.17078169220259604,4.967191116856608,5.338420894510956,0.9387868392218471,0.44271555374233623,10.134794652891053,3.6384290639166115,0.31761140708816676,0.6454294332764956,1.560813222791946,1.0446426711668253,0.00006721417946407837,0.2893156925936179,2.2618718376383757,2.767951815394054,1.0656515833902613,4.053752114654164,4.788796024395752,1.095697835479937,0.4410532351254791,7.845878971490721,2.9918404351768078,0.38971161340607935,0.4038409763977388,1.2874298017802008,0.879233081853765,0,0.13840009490292213,1.771217712177126,1.5026065624041682,0.6831267688103841,50000,100000,50000,50000,50000,50000,10000,50000,50000,20000,50000,0,4055040,0,220594176,0,0,1486848,0,0,2973696,0,0,0,0,3108864,722.5892942641003,7.454257962502824,1.3644539083335057,2.9109513518281656,302.49359123747377,664.1885766092477,0,1.4807502467917077,196.31084770593324,3.7438311872482837,0,0,379.9261992619926,2.0239190432382705,11.271591685371328,0,0,0,0,0,0,0,0,0,0,0,0,0,0,0,224342016,75419648,10711040,439984128,111415296,349663232,39321600,10838016,310304768,93900800,4952064,3993600,305532928,15880192,134160384,205590528,68530176,9596928,199372800,104484864,331431936,35684352,9596928,290340864,82587648,4055040,2568192,295071744,14733312,36089856,0,0,0,0,0,0,0,0,0,0,0,0,0,0,0,207429632,75034624,10321920,424910848,108306432,334233600,39063552,10485760,294760448,92291072,4796416,2916352,297414656,15613952,41025536,189587456,71114752,10321920,211615744,108306432,334233600,37576704,10485760,294760448,89317376,4796416,2916352,297414656,15613952,37916672,1073741824,1073741824,314572800,0,1073741824,1073741824,1073741824,314572800,1073741824,0,0,0,1073741824,314572800,2147483648,10.684436412920714,0,4.470221447893265,0,0,14.101688299014347,42375.604246668176,0,16831.140250332403,0,0,47492.53440031229,10.684436412920714,0,4.470221447893265,0,0,14.101688299014347,42375.604246668176,0,16831.140250332403,0,0,47492.53440031229,101.17308745663684,50.83712967530395,478.8544788544788,20.98765432098765,34.2812097440926,39.01267114550557,18.1037037037037,58.683737261282864,50.87316712691066,96.18485825836021,0,0,0,0,0,0,0,0,0,0,119765.77049479642,122622.87090502858,1582788.7588601874,99221.37345679011,334708.69623733446,550716.0898035547,3273.985185185185,8757.72886871628,597523.6863599238,124651.7144797148,0,0,0,0,0,0,0,0,0,0,119.91053496439656,42.27722484983896,466.6286094857523,28.5108024691358,47.701447770663904,54.55395866995493,15.999999999999998,72.00051383060718,69.1727276263078,128.26769648616533,0,0,0,0,0,0,0,0,0,0,23966.450611648714,6818.791167338885,144265.23476523475,5892.110339506173,12545.942204533658,6628.794965558296,3034.3407407407403,10137.706602723301,15529.481544864066,24204.506874893905,0,0,0,0,0,0,0,0,0,0,34,6,34,14,16,2,14,84,0,0,0,0,0.008246666666666666,0.003040219378427788,0.03051362297496318,0.01588012958963283,0.0014736842105263158,0.0030168067226890756,0.0030546075085324236,0.00319287109375,0.020763980263157893,0.004672394881170019,0.06867556468172485,0.023694384449244058,0.0042947368421052635,0.004630252100840336,0.004698293515358362,0.004947167968750001,0.023326069078947367,0.004876416819012798,0.08459445585215604,0.024671166306695462,0.004647368421052631,0.004831932773109243,0.004903754266211605,0.0071908740359897146,0.048796874999999774,0.007580952380952376,0.097329568788501,0.062312499999999604,0.004929473684210526,0.0049932773109243695,0.00856428571428571,0.00949987146529563,0.45683701657458564,0.375,0.38562806158152557,0.45879501385041555,0.875,0.375,0.4578729281767956,0.48885767790262175,2.1807889344262295,2.1638554216867467,0.49413051084674603,2.1262396694214876,2.124688796680498,0.475,2.12375,2.1918344007319313,2.3403944672131147,2.3319277108433734,0.6809670781893,2.313119834710744,2.312344398340249,0.4875,2.311875,2.345917200365965,2.4680788934426228,2.4663855421686742,0.9361934156378598,2.4626239669421484,2.4624688796680494,0.4975,2.462375,2.469183440073193,397.12605042016753,397.07563025211783,396.70588235293553,393.15966386553316,397.17647058823775,99563640.47058824,38626932.168067224,0,12898682.62184874,18026392.7394958,4244920096.2689075,2836513387.563025,742595644.2352941,4612733874.554622,3758799312.672269,0,0,0,0,0,14.386554621848738,2.705882352941176,5.159663865546218,1.0924369747899159,16.504201680672267,0,0,0,0,0,54676.43697478991,24102.72268907563,1079003.4285714286,39892.97478991596,70664.6050420168,1540.6554621848738,266.40336134453776,2820.5378151260506,1694.9411764705883,436.5882352941176,1744.5378151260502,378.2857142857143,1895.109243697479,2081.596638655462,540.4201680672269,0,0,0,0,0,0,0,0,0,0,0,0,0,0,0,0,0,0,0,0
1693106195,0.3762517688616526,0.4291845493562235,0.16538835252527334,0.06615798526882152,1.7607913203345495,0.5893019038984583,0.2292421255329879,0.1794848783989948,0.19977358993141073,0.07525303834142309,0,0.15817153703191103,0.12824623276691258,0.5519779208831651,0.17078169220259604,4.1822300439856885,5.338420894510955,0.9387868392218471,0.44271555374233623,10.134794652891053,3.6384290639166115,0.31761140708816676,0.6454294332764956,1.560813222791946,0.9883157372916421,0.00006721417946407837,0.2893156925936179,1.9086524740835726,2.767951815394054,1.0656515833902613,3.413141046102129,4.788796024395751,1.095697835479937,0.4410532351254791,7.845878971490721,2.9918404351768078,0.38971161340607935,0.4038409763977388,1.2874298017802008,0.7713436429995862,0,0.13840009490292213,1.4748316768194885,1.5026065624041682,0.6831267688103841,50000,100000,50000,50000,50000,50000,10000,50000,50000,20000,50000,0,4055040,0,220594176,0,0,1486848,0,0,2973696,0,0,0,0,3108864,608.3991102492898,7.4542579625028225,1.3644539083335057,2.9109513518281656,302.49359123747377,664.1885766092477,0,1.4807502467917077,196.31084770593324,3.7250253979004397,0,0,286.37383776851556,2.0239190432382705,11.271591685371328,0,0,0,0,0,0,0,0,0,0,0,0,0,0,0,224342016,75419648,10711040,439984128,111415296,349663232,39321600,10838016,310304768,93900800,4952064,3993600,305532928,15880192,134160384,205590528,68530176,9596928,199372800,104484864,331431936,35684352,9596928,290340864,82722816,4055040,2568192,295071744,14733312,36089856,0,0,0,0,0,0,0,0,0,0,0,0,0,0,0,207429632,75034624,10321920,424910848,108306432,334233600,39063552,10485760,294760448,92434432,4796416,2916352,297418752,15613952,41025536,189587456,71114752,10321920,211615744,108306432,334233600,37576704,10485760,294760448,89460736,4796416,2916352,297418752,15613952,37916672,1073741824,1073741824,314572800,0,1073741824,1073741824,1073741824,314572800,1073741824,0,0,0,1073741824,314572800,2147483648,10.684436412920713,0,4.470221447893265,0,0,14.101688299014347,42375.60424666817,0,16831.140250332403,0,0,47492.53440031229,10.684436412920713,0,4.470221447893265,0,0,14.101688299014347,42375.60424666817,0,16831.140250332403,0,0,47492.53440031229,99.67512762843168,50.83712967530395,471.0541237584826,18.106667882324338,34.771215480749845,39.01267114550557,18.1037037037037,58.683737261282864,50.87316712691066,96.18485825836021,0,0,0,0,0,0,0,0,0,0,118934.56142229837,122622.87090502858,1575281.9227744145,85467.07986330605,337541.4734932473,550716.0898035547,3273.985185185185,8757.72886871628,597523.6863599238,124651.7144797148,0,0,0,0,0,0,0,0,0,0,118.38206418906857,42.27722484983896,458.92703627151514,24.60471855273703,47.9490022172949,54.55395866995493,15.999999999999998,72.00051383060718,69.1727276263078,128.26769648616533,0,0,0,0,0,0,0,0,0,0,23610.492306593835,6818.791167338885,140348.75893984016,5184.912566073245,12809.48901431163,6628.794965558296,3034.3407407407403,10137.706602723301,15529.481544864066,24204.506874893905,0,0,0,0,0,0,0,0,0,0,42,14,46,8,10,2,10,90,0,0,0,0,0.008246666666666666,0.003040219378427788,0.03051362297496318,0.01588012958963283,0.0014736842105263158,0.0030168067226890756,0.0030546075085324236,0.003197852760736196,0.020763980263157893,0.004672394881170019,0.06867556468172485,0.023694384449244058,0.0042947368421052635,0.004630252100840336,0.004698293515358362,0.004956134969325153,0.023326069078947367,0.004876416819012798,0.08459445585215604,0.024671166306695462,0.004647368421052631,0.004831932773109243,0.004903754266211605,0.007257874015748023,0.048796874999999774,0.007580952380952376,0.097329568788501,0.062312499999999604,0.004929473684210526,0.0049932773109243695,0.00856428571428571,0.009514566929133857,0.45683701657458564,0.375,0.38562806158152557,0.45879501385041555,0.875,0.375,0.4578729281767956,0.4725471698113207,2.1807889344262295,2.1638554216867467,0.49413051084674603,2.1262396694214876,2.124688796680498,0.475,2.12375,2.178218562874252,2.3403944672131147,2.3319277108433734,0.6809670781893,2.313119834710744,2.312344398340249,0.4875,2.311875,2.3391092814371257,2.4680788934426228,2.4663855421686742,0.9361934156378598,2.4626239669421484,2.4624688796680494,0.4975,2.462375,2.4678218562874252,397.1260504201697,397.0588235294257,396.6890756302605,393.12605042016617,397.19327731091613,99563640.47058824,38626932.168067224,0,12898682.62184874,18026392.7394958,4174134745.277311,2779840098.957983,686543501.9831933,4520551639.12605,3837115934.1176467,0,0,0,0,0,14.588235294117647,2.705882352941176,5.159663865546218,1.0924369747899159,17.025210084033613,0,0,0,0,0,57524.70588235294,24102.72268907563,1079003.4285714286,39892.97478991596,74863.86554621848,1544.9915966386554,267.546218487395,2820,1701.932773109244,438.25210084033614,1749.0252100840335,379.4621848739496,1894.504201680672,2087.8991596638657,542.1176470588235,0,0,0,0,0,0,0,0,0,0,0,0,0,0,0,0,0,0,0,0
1693106196,0.43161031754187645,0.4291845493562235,0.16538835252527334,0.06615798526882152,1.734505087881592,0.5359918529238352,0.2292421255329879,0.1794848783989948,0.19977358993141073,0.07525303834142309,0,0.15817153703191103,0.12824623276691258,0.5519779208831651,0.17078169220259604,5.020353542287553,5.338420894510955,0.9387868392218471,0.44271555374233623,9.830236709836566,3.3370126922870806,0.31761140708816676,0.6454294332764956,1.560813222791946,0.9883157372916421,0.00006721417946407837,0.2893156925936179,1.9086524740835726,2.767951815394054,1.0656515833902613,4.110574452779776,4.788796024395751,1.095697835479937,0.4410532351254791,7.631822386679003,2.6978256597166483,0.38971161340607935,0.4038409763977388,1.2874298017802008,0.7713436429995862,0,0.13840009490292213,1.4748316768194885,1.5026065624041682,0.6831267688103841,50000,100000,50000,50000,50000,50000,10000,50000,50000,20000,50000,0,4055040,0,220594176,0,0,1486848,0,0,2973696,0,0,0,0,3108864,911.5609906484432,7.4542579625028225,1.3644539083335057,2.9109513518281656,287.4653098982424,575.4408532990299,0,1.4807502467917077,196.31084770593324,3.7250253979004397,0,0,286.37383776851556,2.0239190432382705,11.271591685371328,0,0,0,0,0,0,0,0,0,0,0,0,0,0,0,224342016,75419648,10711040,439984128,111415296,349663232,39321600,10838016,310304768,93900800,4952064,3993600,305532928,15880192,134160384,205590528,68530176,9596928,199372800,103538688,331431936,35684352,9596928,290340864,82722816,4055040,2568192,295071744,14733312,36089856,0,0,0,0,0,0,0,0,0,0,0,0,0,0,0,207384576,75034624,10321920,424910848,107597824,334110720,39063552,10485760,294760448,92434432,4796416,2916352,297418752,15613952,41025536,189542400,71114752,10321920,211615744,107597824,334110720,37576704,10485760,294760448,89460736,4796416,2916352,297418752,15613952,37916672,1073741824,1073741824,314572800,0,1073741824,1073741824,1073741824,314572800,1073741824,0,0,0,1073741824,314572800,2147483648,10.684436412920713,0,4.470221447893265,0,0,14.101688299014347,42375.60424666817,0,16831.140250332403,0,0,47492.53440031229,10.684436412920713,0,4.470221447893265,0,0,14.101688299014347,42375.60424666817,0,16831.140250332403,0,0,47492.53440031229,99.67512762843168,50.83712967530395,471.0541237584826,18.45920860685631,34.771215480749845,39.01267114550557,18.1037037037037,58.683737261282864,50.87316712691066,96.18485825836021,0,0,0,0,0,0,0,0,0,0,118934.56142229837,122622.87090502858,1575281.9227744145,87131.14232109571,337541.4734932473,550716.0898035547,3273.985185185185,8757.72886871628,597523.6863599238,124651.7144797148,0,0,0,0,0,0,0,0,0,0,118.38206418906857,42.27722484983896,458.92703627151514,25.083777723748547,47.9490022172949,54.55395866995493,15.999999999999998,72.00051383060718,69.1727276263078,128.26769648616533,0,0,0,0,0,0,0,0,0,0,23610.492306593835,6818.791167338885,140348.75893984016,5285.863930761542,12809.48901431163,6628.794965558296,3034.3407407407403,10137.706602723301,15529.481544864066,24204.506874893905,0,0,0,0,0,0,0,0,0,0,32,20,50,6,10,2,6,48,0,0,0,0,0.008246666666666666,0.003040219378427788,0.03051362297496318,0.01588012958963283,0.0014736842105263158,0.0030168067226890756,0.0030546075085324236,0.003191827746513335,0.020763980263157893,0.004672394881170019,0.06867556468172485,0.023694384449244058,0.0042947368421052635,0.004630252100840336,0.004698293515358362,0.004945289943724004,0.023326069078947367,0.004876416819012798,0.08459445585215604,0.024671166306695462,0.004647368421052631,0.004831932773109243,0.004903754266211605,0.007176813471502586,0.048796874999999774,0.007580952380952376,0.097329568788501,0.062312499999999604,0.004929473684210526,0.0049932773109243695,0.00856428571428571,0.00949753886010362,0.45683701657458564,0.375,0.38562806158152557,0.45879501385041555,0.875,0.375,0.4578729281767956,0.4877340823970038,2.1807889344262295,2.1638554216867467,0.49413051084674603,2.1262396694214876,2.124688796680498,0.475,2.12375,2.1909613615455386,2.3403944672131147,2.3319277108433734,0.6809670781893,2.313119834710744,2.312344398340249,0.4875,2.311875,2.3454806807727686,2.4680788934426228,2.4663855421686742,0.9361934156378598,2.4626239669421484,2.4624688796680494,0.4975,2.462375,2.4690961361545534,397.0252100840262,397.0756302520826,396.6890756302552,393.10924369747397,397.10924369749023,99563640.47058824,38626932.168067224,0,12898682.62184874,18026392.7394958,4174100187.428571,2836567151.865546,688547857.210084,4520552878.252101,3758879993.5462184,0,0,0,0,0,14.571428571428571,2.705882352941176,5.159663865546218,1.0924369747899159,16.92436974789916,0,0,0,0,0,57447.26050420168,24102.72268907563,1079003.4285714286,39892.97478991596,74476.63865546219,1542.9579831932772,267.1932773109244,2820.252100840336,1699.2268907563027,437.8319327731092,1747.0084033613443,379.15966386554624,1895.0084033613443,2084.4873949579833,541.7815126050419,0,0,0,0,0,0,0,0,0,0,0,0,0,0,0,0,0,0,0,0
1693106197,0.43161031754187645,0.4291845493562235,0.15784821315822684,0.06615798526882152,1.734505087881592,0.5359918529238352,0.2292421255329879,0.1794848783989948,0.19977358993141073,0.07525303834142309,0,0.15817153703191103,0.12824623276691258,0.5519779208831651,0.17078169220259604,5.020353542287553,5.338420894510955,0.928826183861598,0.44271555374233623,9.830236709836566,3.3370126922870806,0.31761140708816676,0.6454294332764956,1.560813222791946,0.9883157372916421,0.00006721417946407837,0.2893156925936179,1.9086524740835726,2.767951815394054,1.0656515833902613,4.110574452779776,4.788796024395751,1.0733678494759435,0.4410532351254791,7.631822386679003,2.6978256597166483,0.38971161340607935,0.4038409763977388,1.2874298017802008,0.7713436429995862,0,0.13840009490292213,1.4748316768194885,1.5026065624041682,0.6831267688103841,50000,100000,50000,50000,50000,50000,10000,50000,50000,20000,50000,0,4055040,0,220594176,0,0,1486848,0,0,2973696,0,0,0,0,3108864,911.5609906484432,7.4542579625028225,0,2.9109513518281656,287.4653098982424,575.4408532990299,0,1.4807502467917077,196.31084770593324,3.7250253979004397,0,0,286.37383776851556,2.0239190432382705,11.271591685371328,0,0,0,0,0,0,0,0,0,0,0,0,0,0,0,224342016,75419648,10711040,439984128,111415296,349663232,39321600,10838016,310304768,93900800,4952064,3993600,305532928,15880192,134160384,205590528,68530176,9596928,199372800,103538688,331431936,35684352,9596928,290340864,82722816,4055040,2568192,295071744,14733312,36089856,0,0,0,0,0,0,0,0,0,0,0,0,0,0,0,207384576,75034624,10321920,424910848,107597824,334110720,39063552,10485760,294760448,92434432,4796416,2916352,297418752,15613952,41025536,189542400,71114752,10321920,211615744,107597824,334110720,37576704,10485760,294760448,89460736,4796416,2916352,297418752,15613952,37916672,1073741824,1073741824,314572800,0,1073741824,1073741824,1073741824,314572800,1073741824,0,0,0,1073741824,314572800,2147483648,10.684436412920713,0,4.470221447893265,0,0,14.101688299014347,42375.60424666817,0,16831.140250332403,0,0,47492.53440031229,10.684436412920713,0,4.470221447893265,0,0,14.101688299014347,42375.60424666817,0,16831.140250332403,0,0,47492.53440031229,99.67512762843168,50.83712967530395,471.0541237584826,21.152443471918307,34.771215480749845,39.01267114550557,17.246852184953973,58.683737261282864,50.87316712691066,96.18485825836021,0,0,0,0,0,0,0,0,0,0,118934.56142229837,122622.87090502858,1575281.9227744145,99843.74746737984,337541.4734932473,550716.0898035547,3131.647444714845,8757.72886871628,597523.6863599238,124651.7144797148,0,0,0,0,0,0,0,0,0,0,118.38206418906857,42.27722484983896,458.92703627151514,28.74355026069103,47.9490022172949,54.55395866995493,15.342291820971326,72.00051383060718,69.1727276263078,128.26769648616533,0,0,0,0,0,0,0,0,0,0,23610.492306593835,6818.791167338885,140348.75893984016,6057.081881297781,12809.48901431163,6628.794965558296,2896.1379748174795,10137.706602723301,15529.481544864066,24204.506874893905,0,0,0,0,0,0,0,0,0,0,58,18,58,14,12,2,14,94,0,0,0,0,0.00823542600896861,0.0030376647834274954,0.0302571860816944,0.015898692810457516,0.0015333333333333332,0.003018348623853211,0.003053956834532374,0.00319297814878468,0.02078846153846154,0.004667796610169491,0.06848739495798321,0.023754901960784308,0.004306666666666667,0.00463302752293578,0.004697122302158273,0.004947360667812424,0.023370819397993306,0.004871563088512242,0.0845063025210084,0.02473692810457516,0.004653333333333333,0.0048348623853211,0.00490251798561151,0.0071925064599483324,0.05320454545454502,0.007415789473684199,0.09732142857142856,0.0699499999999999,0.0049306666666666665,0.004996330275229358,0.008573076923076914,0.009500516795865643,0.45868055555555554,0.3729166666666667,0.38586956521739124,0.4581024930747923,0.8666666666666667,0.375,0.45392857142857146,0.4888763197586727,2.1815979381443302,2.161875,0.4945652173913044,2.124375,2.1135135135135132,0.475,2.1124434389140267,2.1918583256669737,2.3407989690721647,2.3309375,0.6874999999999998,2.3121875,2.306756756756757,0.4875,2.3062217194570134,2.3459291628334866,2.468159793814433,2.4661875,0.9374999999999998,2.4624375,2.461351351351351,0.4975,2.4612443438914022,2.4691858325666973,397.1092436974793,397.04201680672355,396.7226890756321,393.10924369748585,397.21008403359497,99563640.47058824,38626932.168067224,0,12898682.62184874,18026392.7394958,4244732437.5126047,2836556481.6134453,746577713.4789915,4612716251.428572,3837150767.327731,0,0,0,0,0,14.588235294117647,2.705882352941176,4.873949579831932,1.0924369747899159,16.92436974789916,0,0,0,0,0,57464.470588235294,24102.72268907563,1008442.0840336134,39892.97478991596,74459.42857142857,1537.8319327731092,263.74789915966386,2822.3697478991594,1699.1428571428573,437.61344537815125,1741.9663865546217,376.016806722689,1896.4201680672268,2084.2352941176473,541.5462184873949,0,0,0,0,0,0,0,0,0,0,0,0,0,0,0,0,0,0,0,0
1693106198,0.43161031754187645,0.4291845493562235,0.15784821315822684,0.05822702112644959,1.734505087881592,0.5359918529238352,0.2292421255329879,0.1794848783989948,0.2125586750509253,0.07525303834142309,0,0.15817153703191103,0.12824623276691258,0.5519779208831651,0.17078169220259604,5.020353542287553,5.338420894510955,0.928826183861598,0.3896431820893331,9.830236709836566,3.3370126922870806,0.31761140708816676,0.6454294332764956,2.8130916110176187,0.9883157372916421,0.00006721417946407837,0.2893156925936179,1.9086524740835726,2.767951815394054,1.0656515833902613,4.110574452779776,4.788796024395751,1.0733678494759435,0.38818014084299923,7.631822386679003,2.6978256597166483,0.38971161340607935,0.4038409763977388,2.515277654769275,0.7713436429995862,0,0.13840009490292213,1.4748316768194885,1.5026065624041682,0.6831267688103841,50000,100000,50000,50000,50000,50000,10000,50000,50000,20000,50000,0,4055040,0,220594176,0,0,1486848,0,0,2973696,0,0,0,0,3108864,911.5609906484432,7.4542579625028225,0,2.5619889295637983,287.4653098982424,575.4408532990299,0,1.4807502467917077,664.0333008590911,3.7250253979004397,0,0,286.37383776851556,2.0239190432382705,11.271591685371328,0,0,0,0,0,0,0,0,0,0,0,0,0,0,0,224342016,75419648,10711040,439984128,111415296,349663232,39321600,10838016,310304768,93900800,4952064,3993600,305532928,15880192,134160384,205590528,68530176,9596928,199372800,103538688,331431936,35684352,9596928,290340864,82722816,4055040,2568192,295071744,14733312,36089856,0,0,0,0,0,0,0,0,0,0,0,0,0,0,0,207384576,75034624,10321920,424910848,107597824,334110720,39063552,10485760,294481920,92434432,4796416,2916352,297418752,15613952,41025536,189542400,71114752,10321920,211615744,107597824,334110720,37576704,10485760,294481920,89460736,4796416,2916352,297418752,15613952,37916672,1073741824,1073741824,314572800,0,1073741824,1073741824,1073741824,314572800,1073741824,0,0,0,1073741824,314572800,2147483648,10.684436412920713,0,4.470221447893265,0,0,14.101688299014347,42375.60424666817,0,16831.140250332403,0,0,47492.53440031229,10.684436412920713,0,4.470221447893265,0,0,14.101688299014347,42375.60424666817,0,16831.140250332403,0,0,47492.53440031229,99.67512762843168,50.83712967530395,471.0541237584826,21.152443471918307,34.55156064796523,39.01267114550557,17.246852184953973,58.683737261282864,50.87316712691066,96.18485825836021,0,0,0,0,0,0,0,0,0,0,118934.56142229837,122622.87090502858,1575281.9227744145,99843.74746737984,337046.9774792572,550716.0898035547,3131.647444714845,8757.72886871628,597523.6863599238,124651.7144797148,0,0,0,0,0,0,0,0,0,0,118.38206418906857,42.27722484983896,458.92703627151514,28.74355026069103,47.431845120505734,54.55395866995493,15.342291820971326,72.00051383060718,69.1727276263078,128.26769648616533,0,0,0,0,0,0,0,0,0,0,23610.492306593835,6818.791167338885,140348.75893984016,6057.081881297781,12276.531015408931,6628.794965558296,2896.1379748174795,10137.706602723301,15529.481544864066,24204.506874893905,0,0,0,0,0,0,0,0,0,0,54,20,70,10,10,2,10,78,0,0,0,0,0.00823542600896861,0.0030376647834274954,0.0302571860816944,0.015898692810457516,0.0014705882352941178,0.003033898305084746,0.0030512820512820517,0.00319297814878468,0.02078846153846154,0.004667796610169491,0.06848739495798321,0.023754901960784308,0.004294117647058823,0.0046610169491525435,0.004692307692307693,0.004947360667812424,0.023370819397993306,0.004871563088512242,0.0845063025210084,0.02473692810457516,0.004647058823529411,0.004864406779661017,0.004897435897435898,0.0071925064599483324,0.05320454545454502,0.007415789473684199,0.09732142857142856,0.0699499999999999,0.004929411764705883,0.009000000000000015,0.008461538461538473,0.009500516795865643,0.45868055555555554,0.3729166666666667,0.38586956521739124,0.4581024930747923,0.875,0.375,0.45833333333333337,0.4888763197586727,2.1815979381443302,2.161875,0.4945652173913044,2.124375,2.125,0.475,2.125,2.1918583256669737,2.3407989690721647,2.3309375,0.6874999999999998,2.3121875,2.3125,0.4875,2.3125,2.3459291628334866,2.468159793814433,2.4661875,0.9374999999999998,2.4624375,2.4625,0.4975,2.4625,2.4691858325666973,397.0252100840248,396.9915966386541,396.7394957983124,393.2605042016866,397.07563025211147,99563640.47058824,38626932.168067224,0,12898682.62184874,18026392.7394958,4103297075.630252,2779826812.773109,746554307.7647059,4612626070.588235,3758864229.1092434,0,0,0,0,0,14.722689075630251,2.705882352941176,4.873949579831932,1.0924369747899159,16.857142857142858,0,0,0,0,0,57825.882352941175,24102.72268907563,1008442.0840336134,39892.97478991596,74252.9075630252,1543.5630252100839,266.7226890756303,2820.9915966386557,1701.1596638655462,437.1428571428571,1747.2941176470588,378.6890756302521,1894.3193277310925,2087.563025210084,541.1932773109244,0,0,0,0,0,0,0,0,0,0,0,0,0,0,0,0,0,0,0,0
1693106199,0.43161031754187645,0.4097630500623557,0.15784821315822684,0.05712438803863589,1.734505087881592,0.5359918529238352,0.2292421255329879,0.1794848783989948,0.2125586750509253,0.07525303834142309,0,0.15817153703191103,0.12824623276691258,0.5519779208831651,0.17078169220259604,5.020353542287553,5.397529916265814,0.928826183861598,0.38226458952696085,9.830236709836566,3.3370126922870806,0.31761140708816676,0.6454294332764956,2.8130916110176187,0.9883157372916421,0.00006721417946407837,0.2893156925936179,1.9086524740835726,2.767951815394054,1.0656515833902613,4.110574452779776,4.774630322465705,1.0733678494759435,0.3808292535909079,7.631822386679003,2.6978256597166483,0.38971161340607935,0.4038409763977388,2.515277654769275,0.7713436429995862,0,0.13840009490292213,1.4748316768194885,1.5026065624041682,0.6831267688103841,50000,100000,50000,50000,50000,50000,10000,50000,50000,20000,50000,0,4055040,0,220594176,0,0,1486848,0,0,2973696,0,0,0,0,3108864,911.5609906484432,5.879208979155533,0,2.5134730736999957,287.4653098982424,575.4408532990299,0,1.4807502467917077,664.0333008590911,3.7250253979004397,0,0,286.37383776851556,2.0239190432382705,11.271591685371328,0,0,0,0,0,0,0,0,0,0,0,0,0,0,0,224342016,75419648,10711040,439984128,111415296,349663232,39321600,10838016,310304768,93900800,4952064,3993600,305532928,15880192,134160384,205590528,68530176,9596928,199372800,103538688,331431936,35684352,9596928,290340864,82722816,4055040,2568192,295071744,14733312,36089856,0,0,0,0,0,0,0,0,0,0,0,0,0,0,0,207384576,75153408,10321920,424910848,107597824,334110720,39063552,10485760,294481920,92434432,4796416,2916352,297418752,15613952,41025536,189542400,71098368,10321920,211615744,107597824,334110720,37576704,10485760,294481920,89460736,4796416,2916352,297418752,15613952,37916672,1073741824,1073741824,314572800,0,1073741824,1073741824,1073741824,314572800,1073741824,0,0,0,1073741824,314572800,2147483648,10.671655086406558,0,4.470221447893265,0,0,14.101688299014347,41549.26064493142,0,16831.140250332403,0,0,47492.53440031229,10.671655086406558,0,4.470221447893265,0,0,14.101688299014347,41549.26064493142,0,16831.140250332403,0,0,47492.53440031229,98.24009022768392,50.83712967530395,471.0541237584826,21.014237456738442,34.55156064796523,39.01267114550557,17.246852184953973,58.683737261282864,50.87316712691066,96.18485825836021,0,0,0,0,0,0,0,0,0,0,118568.57538945934,122622.87090502858,1575281.9227744145,100357.57362236547,337046.9774792572,550716.0898035547,3131.647444714845,8757.72886871628,597523.6863599238,124651.7144797148,0,0,0,0,0,0,0,0,0,0,116.54409173147866,42.27722484983896,458.92703627151514,28.412741176714405,47.431845120505734,54.55395866995493,15.342291820971326,72.00051383060718,69.1727276263078,128.26769648616533,0,0,0,0,0,0,0,0,0,0,23263.634013957097,6818.791167338885,140348.75893984016,5809.918554286781,12276.531015408931,6628.794965558296,2896.1379748174795,10137.706602723301,15529.481544864066,24204.506874893905,0,0,0,0,0,0,0,0,0,0,26,12,42,10,10,2,10,74,0,0,0,0,0.00823542600896861,0.0030376647834274954,0.0302571860816944,0.015898692810457516,0.0014705882352941178,0.003033898305084746,0.0030512820512820517,0.00319297814878468,0.02078846153846154,0.004667796610169491,0.06848739495798321,0.023754901960784308,0.004294117647058823,0.0046610169491525435,0.004692307692307693,0.004947360667812424,0.023370819397993306,0.004871563088512242,0.0845063025210084,0.02473692810457516,0.004647058823529411,0.004864406779661017,0.004897435897435898,0.0071925064599483324,0.05320454545454502,0.007415789473684199,0.09732142857142856,0.0699499999999999,0.004929411764705883,0.009000000000000015,0.008461538461538473,0.009500516795865643,0.45868055555555554,0.3729166666666667,0.38586956521739124,0.4581024930747923,0.875,0.375,0.45833333333333337,0.4888763197586727,2.1815979381443302,2.161875,0.4945652173913044,2.124375,2.125,0.475,2.125,2.1918583256669737,2.3407989690721647,2.3309375,0.6874999999999998,2.3121875,2.3125,0.4875,2.3125,2.3459291628334866,2.468159793814433,2.4661875,0.9374999999999998,2.4624375,2.4625,0.4975,2.4625,2.4691858325666973,396.9243697478956,396.95798319327446,396.840336134443,393.2773109243599,396.9915966386574,99563640.47058824,38626932.168067224,0,12898682.62184874,18026392.7394958,4103217909.243697,2779802580.9747896,746563945.4117646,4520433990.991596,3758882609.4789915,0,0,0,0,0,14.6890756302521,2.705882352941176,4.873949579831932,1.0924369747899159,16.95798319327731,0,0,0,0,0,57731.2268907563,24102.72268907563,1008442.0840336134,39892.97478991596,74622.9243697479,1541.8991596638655,265.546218487395,2821.2436974789916,1701.8823529411766,438.16806722689074,1746.0840336134452,377.4621848739496,1893.3109243697477,2087.8823529411766,542.1680672268907,0,0,0,0,0,0,0,0,0,0,0,0,0,0,0,0,0,0,0,0
1693106200,0.43161031754187645,0.4097630500623557,0.13006156247290374,0.060553458611710645,1.734505087881592,0.5797639201317223,0.2292421255329879,0.1794848783989948,0.2125586750509253,0.07525303834142309,0,0.13081813662646202,0.12824623276691258,0.576036866359447,0.1453247834054413,5.020353542287553,5.397529916265814,0.9133899050550587,0.4365872373493729,9.830236709836566,3.1091902112659593,0.31761140708816676,0.6454294332764956,2.8130916110176187,0.9883157372916421,0.00006721417946407837,0.2852503414353368,1.9086524740835726,2.645336731288734,0.9068043743127943,4.110574452779776,4.774630322465705,1.018815572704413,0.3835052378741698,7.631822386679003,2.4813895781637885,0.38971161340607935,0.4038409763977388,2.515277654769275,0.7713436429995862,0,0.18314539127704654,1.4748316768194885,1.3904338153503877,0.5812991336217652,50000,100000,50000,50000,50000,50000,10000,50000,50000,20000,50000,0,4055040,0,220594176,0,0,1486848,0,0,2973696,0,0,0,0,3108864,911.5609906484432,5.879208979155533,0,6.660880447288214,287.4653098982424,521.9266714593816,0,1.4807502467917077,664.0333008590911,3.7250253979004397,0,0,286.37383776851556,1.310980454473224,9.591435704759117,0,0,0,0,0,0,0,0,0,0,0,0,0,0,0,224342016,75419648,10711040,439984128,111415296,349663232,39321600,10838016,310304768,93900800,4952064,3993600,305532928,15888384,134160384,205590528,68530176,9596928,199372800,103538688,331431936,35684352,9596928,290340864,82722816,4055040,2568192,295071744,14733312,36089856,0,0,0,0,0,0,0,0,0,0,0,0,0,0,0,207384576,75153408,10326016,424910848,107597824,334110720,39063552,10485760,294481920,92434432,4796416,2916352,297418752,15626240,41025536,189542400,71098368,10326016,211615744,107597824,334110720,37576704,10485760,294481920,89460736,4796416,2916352,297418752,15626240,37916672,1073741824,1073741824,314572800,0,1073741824,1073741824,1073741824,314572800,1073741824,0,0,0,1073741824,314572800,2147483648,10.671655086406558,0,4.470221447893265,0,0,11.999674972620713,41549.26064493142,0,16831.140250332403,0,0,40413.24445311907,10.671655086406558,0,4.470221447893265,0,0,11.999674972620713,41549.26064493142,0,16831.140250332403,0,0,40413.24445311907,98.24009022768392,50.83712967530395,471.24568177199757,21.014237456738442,34.55156064796523,39.01267114550557,17.246852184953973,58.683737261282864,50.87316712691066,97.42145304605377,0,0,0,0,0,0,0,0,0,0,118568.57538945934,122622.87090502858,1576246.2688252162,100357.57362236547,337046.9774792572,550716.0898035547,3131.647444714845,8757.72886871628,597523.6863599238,125695.13328300133,0,0,0,0,0,0,0,0,0,0,116.54409173147866,42.27722484983896,460.72388177651334,28.412741176714405,47.431845120505734,54.55395866995493,15.342291820971326,72.00051383060718,69.1727276263078,128.86927231546548,0,0,0,0,0,0,0,0,0,0,23263.634013957097,6818.791167338885,141455.39524486894,5809.918554286781,12276.531015408931,6628.794965558296,2896.1379748174795,10137.706602723301,15529.481544864066,24262.99436668796,0,0,0,0,0,0,0,0,0,0,22,6,26,10,10,2,10,72,0,0,0,0,0.00823542600896861,0.0030376647834274954,0.0302571860816944,0.015898692810457516,0.0014705882352941178,0.003033898305084746,0.0030512820512820517,0.0031995371560812544,0.02078846153846154,0.004667796610169491,0.06848739495798321,0.023754901960784308,0.004294117647058823,0.0046610169491525435,0.004692307692307693,0.004959166880946258,0.023370819397993306,0.004871563088512242,0.0845063025210084,0.02473692810457516,0.004647058823529411,0.004864406779661017,0.004897435897435898,0.007279450261780096,0.05320454545454502,0.007415789473684199,0.09732142857142856,0.0699499999999999,0.004929411764705883,0.009000000000000015,0.008461538461538473,0.0095187172774869,0.45868055555555554,0.3729166666666667,0.38586956521739124,0.4581024930747923,0.875,0.375,0.45833333333333337,0.47273936170212766,2.1815979381443302,2.161875,0.4945652173913044,2.124375,2.125,0.475,2.125,2.1784210526315793,2.3407989690721647,2.3309375,0.6874999999999998,2.3121875,2.3125,0.4875,2.3125,2.339210526315789,2.468159793814433,2.4661875,0.9374999999999998,2.4624375,2.4625,0.4975,2.4625,2.467842105263158,396.94117647056515,396.9915966386632,396.85714285713703,393.4117647059109,396.99159663865316,99563640.47058824,38626932.168067224,0,12898682.62184874,18026461.57983193,4103173507.2268906,2779821993.9495797,746534757.1092436,4428288034.420168,3758913105.747899,0,0,0,0,0,14.521008403361344,2.705882352941176,4.873949579831932,1.0924369747899159,16.907563025210084,0,0,0,0,0,57283.76470588235,24102.72268907563,1008442.0840336134,39892.97478991596,74450.82352941176,1540.4201680672268,266.38655462184875,2816.8067226890757,1696.7394957983195,435.94957983193274,1744.3529411764705,378.5378151260504,1890.201680672269,2081.983193277311,539.9663865546217,0,0,0,0,0,0,0,0,0,0,0,0,0,0,0,0,0,0,0,0
1693106201,0.43161031754187645,0.4097630500623557,0.13006156247290374,0.060553458611710645,1.734505087881592,0.5797639201317223,0.2292421255329879,0.1794848783989948,0.2210335528933289,0.07525303834142309,0,0.13081813662646202,0.12824623276691258,0.576036866359447,0.14247842186873136,5.020353542287553,5.397529916265814,0.9133899050550587,0.4365872373493729,9.830236709836566,3.1091902112659593,0.31761140708816676,0.6454294332764956,3.005198061535739,0.9883157372916421,0.00006721417946407837,0.2852503414353368,1.9086524740835726,2.645336731288734,0.8890435145896232,4.110574452779776,4.774630322465705,1.018815572704413,0.3835052378741698,7.631822386679003,2.4813895781637885,0.38971161340607935,0.4038409763977388,2.6966093452986137,0.7713436429995862,0,0.18314539127704654,1.4748316768194885,1.3904338153503877,0.5699136874749254,50000,100000,50000,50000,50000,50000,10000,50000,50000,20000,50000,0,4055040,0,220594176,0,0,1486848,0,0,2973696,0,0,0,0,3108864,911.5609906484432,5.879208979155533,0,6.660880447288214,287.4653098982424,521.9266714593816,0,1.4807502467917077,738.1636532425622,3.7250253979004397,0,0,286.37383776851556,1.310980454473224,9.403575843336261,0,0,0,0,0,0,0,0,0,0,0,0,0,0,0,224342016,75419648,10711040,439984128,111415296,349663232,39321600,10838016,310304768,93900800,4952064,3993600,305532928,15888384,134160384,205590528,68530176,9596928,199372800,103538688,331431936,35684352,9596928,290340864,82722816,4055040,2568192,295071744,14733312,36089856,0,0,0,0,0,0,0,0,0,0,0,0,0,0,0,207384576,75153408,10326016,424910848,107597824,334110720,39063552,10485760,294481920,92434432,4796416,2916352,297418752,15626240,41025536,189542400,71098368,10326016,211615744,107597824,334110720,37576704,10485760,294481920,89460736,4796416,2916352,297418752,15626240,37916672,1073741824,1073741824,314572800,0,1073741824,1073741824,1073741824,314572800,1073741824,0,0,0,1073741824,314572800,2147483648,10.671655086406558,0,4.470221447893265,0,0,11.764646834303807,41549.26064493142,0,16831.140250332403,0,0,39621.702213113866,10.671655086406558,0,4.470221447893265,0,0,11.764646834303807,41549.26064493142,0,16831.140250332403,0,0,39621.702213113866,98.24009022768392,49.917394382818024,471.24568177199757,21.014237456738442,34.55156064796523,39.01267114550557,17.246852184953973,58.683737261282864,42.00663102679953,97.42145304605377,0,0,0,0,0,0,0,0,0,0,118568.57538945934,121736.72409723859,1576246.2688252162,100357.57362236547,337046.9774792572,550716.0898035547,3131.647444714845,8757.72886871628,492482.2098401622,125695.13328300133,0,0,0,0,0,0,0,0,0,0,116.54409173147866,41.57816064825741,460.72388177651334,28.412741176714405,47.431845120505734,54.55395866995493,15.342291820971326,72.00051383060718,56.898273967939595,128.86927231546548,0,0,0,0,0,0,0,0,0,0,23263.634013957097,6710.663991818109,141455.39524486894,5809.918554286781,12276.531015408931,6628.794965558296,2896.1379748174795,10137.706602723301,12794.792883115679,24262.99436668796,0,0,0,0,0,0,0,0,0,0,28,26,58,10,10,2,10,84,0,0,0,0,0.00823542600896861,0.0030376647834274954,0.0302571860816944,0.015898692810457516,0.0014705882352941178,0.003033898305084746,0.0030512820512820517,0.0031904294478527612,0.02078846153846154,0.004667796610169491,0.06848739495798321,0.023754901960784308,0.004294117647058823,0.0046610169491525435,0.004692307692307693,0.00494277300613497,0.023370819397993306,0.004871563088512242,0.0845063025210084,0.02473692810457516,0.004647058823529411,0.004864406779661017,0.004897435897435898,0.007157722513089,0.05320454545454502,0.007415789473684199,0.09732142857142856,0.0699499999999999,0.004929411764705883,0.009000000000000015,0.008461538461538473,0.00949437172774869,0.45868055555555554,0.3729166666666667,0.38586956521739124,0.4581024930747923,0.875,0.375,0.45833333333333337,0.48859351432880843,2.1815979381443302,2.161875,0.4945652173913044,2.124375,2.125,0.475,2.125,2.19163979732842,2.3407989690721647,2.3309375,0.6874999999999998,2.3121875,2.3125,0.4875,2.3125,2.34581989866421,2.468159793814433,2.4661875,0.9374999999999998,2.4624375,2.4625,0.4975,2.4625,2.4691639797328415,396.924369747897,396.92436974791315,396.80672268908353,393.37815126050117,396.8571428571354,99563640.47058824,38626932.168067224,0,12898682.62184874,36052785.4789916,4103105148.773109,2836542920.067227,746537373.0420167,4520629291.025209,3758960399.0588236,0,0,0,0,0,14.470588235294118,2.705882352941176,4.873949579831932,1.0924369747899159,16.95798319327731,0,0,0,0,0,57051.42857142857,24102.72268907563,1008442.0840336134,39892.97478991596,74657.34453781512,1549.3109243697481,267.109243697479,2817.0588235294117,1708.453781512605,438.01680672268907,1753.4453781512605,379.2773109243697,1890,2094.218487394958,542.1176470588235,0,0,0,0,0,0,0,0,0,0,0,0,0,0,0,0,0,0,0,0
1693106202,0.43161031754187645,0.4097630500623557,0.13006156247290374,0.060553458611710645,1.734505087881592,0.5797639201317223,0.2292421255329879,0.1794848783989948,0.2210335528933289,0.08118860112040216,0,0.13081813662646202,0.12824623276691258,0.5760368663594471,0.1537226501784892,5.020353542287553,5.397529916265814,0.9133899050550587,0.4365872373493729,9.830236709836566,3.1091902112659593,0.31761140708816676,0.6454294332764956,3.005198061535739,0.9981556060729054,0,0.2852503414353368,1.9086524740835726,2.6453367312887344,1.0444529659931343,4.110574452779776,4.774630322465705,1.018815572704413,0.3835052378741698,7.631822386679003,2.4813895781637885,0.38971161340607935,0.4038409763977388,2.6966093452986137,0.7306974100836231,0,0.18314539127704654,1.4748316768194885,1.390433815350388,0.6490511896425093,50000,100000,50000,50000,50000,50000,10000,50000,50000,20000,50000,0,4055040,0,220594176,0,0,1486848,0,0,2973696,0,0,0,0,3244032,911.5609906484432,5.879208979155533,0,6.660880447288214,287.4653098982424,521.9266714593816,0,1.4807502467917077,738.1636532425622,3.5722984492977186,0,0,286.37383776851556,1.3109804544732242,10.145694911780279,0,0,0,0,0,0,0,0,0,0,0,0,0,0,0,224342016,75419648,10711040,439984128,111415296,349663232,39321600,10838016,310304768,93900800,4952064,3993600,305532928,15888384,134160384,205590528,68530176,9596928,199372800,103538688,331431936,35684352,9596928,290340864,82722816,4055040,2568192,295071744,14733312,36225024,0,0,0,0,0,0,0,0,0,0,0,0,0,0,0,207384576,75153408,10326016,424910848,107597824,334110720,39063552,10485760,294481920,92434432,4796416,2916352,297418752,15626240,41254912,189542400,71098368,10326016,211615744,107597824,334110720,37576704,10485760,294481920,89460736,4796416,2916352,297418752,15626240,38010880,1073741824,1073741824,314572800,0,1073741824,1073741824,1073741824,314572800,1073741824,0,0,0,1073741824,314572800,2147483648,10.671655086406558,0,4.470221447893265,0,0,13.937520282849677,41549.26064493142,0,16831.140250332403,0,0,45290.92865561003,10.671655086406558,0,4.470221447893265,0,0,13.937520282849677,41549.26064493142,0,16831.140250332403,0,0,45290.92865561003,98.24009022768392,49.917394382818024,471.24568177199757,21.014237456738442,34.55156064796523,39.01267114550557,17.246852184953976,58.683737261282864,42.85920266757442,97.42145304605377,0,0,0,0,0,0,0,0,0,0,118568.57538945934,121736.72409723859,1576246.2688252162,100357.57362236547,337046.9774792572,550716.0898035547,3131.6474447148453,8757.72886871628,502477.6880642548,125695.13328300133,0,0,0,0,0,0,0,0,0,0,116.54409173147866,41.57816064825741,460.72388177651334,28.412741176714405,47.431845120505734,54.55395866995493,15.342291820971328,72.00051383060718,58.053088186750834,128.86927231546548,0,0,0,0,0,0,0,0,0,0,23263.634013957097,6710.663991818109,141455.39524486894,5809.918554286781,12276.531015408931,6628.794965558296,2896.13797481748,10137.706602723301,13054.477539920776,24262.99436668796,0,0,0,0,0,0,0,0,0,0,35.176,22,60,12,11.246,2,9.894,96,0,0,0,0,0.008176346946274336,0.0030370027752081408,0.030412371134020618,0.015842105263157893,0.0015380724220575407,0.003037037037037037,0.003045858397727682,0.003188412852969815,0.020315393761284176,0.004666604995374654,0.06789029535864981,0.023547368421052633,0.00430761448441151,0.004666666666666666,0.004682545115909828,0.004939143135345668,0.02287937415508354,0.004870305272895467,0.08415611814345988,0.02451052631578947,0.004653807242205754,0.00487037037037037,0.004887130955682596,0.0071181462140992085,0.024930558470123026,0.007365789473684205,0.09716877637130801,0.04972222222222222,0.004930761448441151,0.0095,0.008272865763302177,0.009465404699738904,0.45797973361713634,0.3760416666666666,0.3858350951374207,0.45833333333333337,0.8687486786585741,0.375,0.45479394067826384,0.48573825503355705,2.1812659029326014,2.1636456211812627,0.4945031712473573,2.125,2.1149027143600807,0.475,2.1150197516174614,2.1894288346384156,2.3406329514663007,2.331822810590631,0.6865853658536579,2.3125,2.3074513571800397,0.4875,2.30750987580873,2.3447144173192074,2.46812659029326,2.4663645621181263,0.9373170731707318,2.4625,2.461490271436008,0.4975,2.4615019751617457,2.4689428834638414,396.8610994544625,396.97504411393834,396.89830508474705,393.2941176470494,396.9411764706029,99438298.07805288,38623686.48012772,0,12898682.62184874,36052785.4789916,4097884675.652539,2779594747.869927,811498548.0677966,4520513226.218487,3680761219.2268906,0,0,0,0,0,14.653797733948805,2.705654986975884,4.915254237288136,1.1092436974789917,17.058823529411764,0,0,0,0,0,57598.388585816196,24100.69742038484,1016988.2033898305,39961.81512605042,74975.73109243697,1558.136802349979,266.3137551466263,2816.3389830508477,1717.5798319327732,439.69747899159665,1761.8967687788502,377.9010167212839,1888.6101694915253,2104.1008403361343,543.8487394957982,0,0,0,0,0,0,0,0,0,0,0,0,0,0,0,0,0,0,0,0
1693106203,0.43161031754187645,0.39232781168265063,0.13006156247290374,0.060553458611710645,1.734505087881592,0.5797639201317223,0.23180756405912878,0.1794848783989948,0.2210335528933289,0.08118860112040216,0,0.13081813662646202,0.12824623276691258,0.5760368663594471,0.1537226501784892,5.020353542287553,5.121126767654751,0.9133899050550587,0.4365872373493729,9.830236709836566,3.1091902112659593,0.3160127690305093,0.6454294332764956,3.005198061535739,0.9981556060729054,0,0.2852503414353368,1.9086524740835726,2.6453367312887344,1.0444529659931343,4.110574452779776,4.664341761115955,1.018815572704413,0.3835052378741698,7.631822386679003,2.4813895781637885,0.37445837271090027,0.4038409763977388,2.6966093452986137,0.7306974100836231,0,0.18314539127704654,1.4748316768194885,1.390433815350388,0.6490511896425093,50000,100000,50000,50000,50000,50000,10000,50000,50000,20000,50000,0,4055040,0,220594176,0,0,1486848,0,0,2973696,0,0,0,0,3244032,911.5609906484432,4.315605928509154,0,6.660880447288214,287.4653098982424,521.9266714593816,0,1.4807502467917077,738.1636532425622,3.5722984492977186,0,0,286.37383776851556,1.3109804544732242,10.145694911780279,0,0,0,0,0,0,0,0,0,0,0,0,0,0,0,224342016,75419648,10711040,439984128,111415296,349663232,39346176,10838016,310304768,93900800,4952064,3993600,305532928,15888384,134160384,205590528,68530176,9596928,199372800,103538688,331431936,35684352,9596928,290340864,82722816,4055040,2568192,295071744,14733312,36225024,0,0,0,0,0,0,0,0,0,0,0,0,0,0,0,207384576,75153408,10326016,424910848,107597824,334110720,39096320,10485760,294481920,92434432,4796416,2916352,297418752,15626240,41254912,189542400,71098368,10326016,211615744,107597824,334110720,37609472,10485760,294481920,89460736,4796416,2916352,297418752,15626240,38010880,1073741824,1073741824,314572800,0,1073741824,1073741824,1073741824,314572800,1073741824,0,0,0,1073741824,314572800,2147483648,9.873583260680034,0,4.4221750682049175,0,0,13.937520282849677,35911.421098517865,0,16615.96619175835,0,0,45290.92865561003,9.873583260680034,0,4.4221750682049175,0,0,13.937520282849677,35911.421098517865,0,16615.96619175835,0,0,45290.92865561003,98.24009022768392,49.917394382818024,471.24568177199757,21.014237456738442,34.55156064796523,39.01267114550557,17.246852184953976,58.683737261282864,51.15429844649378,94.40356118786468,0,0,0,0,0,0,0,0,0,0,118568.57538945934,121736.72409723859,1576246.2688252162,100357.57362236547,337046.9774792572,550716.0898035547,3131.6474447148453,8757.72886871628,599728.6934455654,124481.80305187381,0,0,0,0,0,0,0,0,0,0,116.54409173147866,41.57816064825741,460.72388177651334,28.412741176714405,47.431845120505734,54.55395866995493,15.342291820971328,72.00051383060718,69.28885312867487,125.72436887168894,0,0,0,0,0,0,0,0,0,0,23263.634013957097,6710.663991818109,141455.39524486894,5809.918554286781,12276.531015408931,6628.794965558296,2896.13797481748,10137.706602723301,15581.079408305997,23740.189689398645,0,0,0,0,0,0,0,0,0,0,34,16,48,8,10,2,10,56.075,0,0,0,0,0.008176211453744493,0.0030370027752081408,0.030412371134020618,0.015842105263157893,0.0014637681159420293,0.003033898305084746,0.0030435510887772193,0.003188412852969815,0.02031527093596059,0.004666604995374654,0.06789029535864981,0.023547368421052633,0.004292753623188406,0.0046610169491525435,0.004678391959798995,0.004939143135345668,0.02287931034482758,0.004870305272895467,0.08415611814345988,0.02451052631578947,0.004646376811594203,0.004864406779661017,0.004882747068676716,0.0071181462140992085,0.02493054187192118,0.007365789473684205,0.09716877637130801,0.04972222222222222,0.00492927536231884,0.009000000000000015,0.008136363636363636,0.009465404699738904,0.45810439560439564,0.3760416666666666,0.3858350951374207,0.45833333333333337,0.8790983606557377,0.375,0.45947802197802196,0.48573825503355705,2.1813265306122447,2.1636456211812627,0.4945031712473573,2.125,2.1280487804878048,0.475,2.1280487804878048,2.1894288346384156,2.340663265306122,2.331822810590631,0.6865853658536579,2.3125,2.3140243902439024,0.4875,2.3140243902439024,2.3447144173192074,2.4681326530612244,2.4663645621181263,0.9373170731707318,2.4625,2.4628048780487806,0.4975,2.4628048780487806,2.4689428834638414,396.8235294117746,396.99159663866976,396.9915966386713,393.17647058825384,396.8907563025267,99563640.47058824,38626932.168067224,0,12898682.62184874,36052785.4789916,4103008703.462185,2836538858.487395,804701330.2857143,4520496635.697479,3680760461.983193,0,0,0,0,0,14.655462184873949,2.705882352941176,4.873949579831932,1.1092436974789917,17.04201680672269,0,0,0,0,0,57645.17647058823,24102.72268907563,1008442.0840336134,39961.81512605042,74863.86554621848,1558.252100840336,266.57142857142856,2815.6806722689075,1714.6050420168067,439.36134453781517,1762.252100840336,378.85714285714283,1887.8487394957983,2101.0420168067226,543.4957983193277,0,0,0,0,0,0,0,0,0,0,0,0,0,0,0,0,0,0,0,0
1693106204,0.43161031754187645,0.39232781168265063,0.13006156247290374,0.060553458611710645,1.4245015124390406,0.5797639201317223,0.23180756405912878,0.1634342994116365,0.2210335528933289,0.08118860112040216,0,0.13081813662646202,0.12824623276691258,0.5760368663594471,0.12232680306165032,5.020353542287553,5.121126767654751,0.9133899050550587,0.4365872373493729,7.750275786235648,3.1091902112659593,0.3160127690305093,0.6460498165903973,3.005198061535739,0.9981556060729054,0,0.2852503414353368,1.9086524740835726,2.6453367312887344,0.7983829610811283,4.110574452779776,4.664341761115955,1.018815572704413,0.3835052378741698,5.952381319834547,2.4813895781637885,0.37445837271090027,0.3450279654245667,2.6966093452986137,0.7306974100836231,0,0.18314539127704654,1.4748316768194885,1.390433815350388,0.44853161122605023,50000,100000,50000,50000,50000,50000,10000,50000,50000,20000,50000,0,4055040,0,220594176,0,0,1486848,0,0,2973696,0,0,0,0,3244032,911.5609906484432,4.315605928509154,0,6.660880447288214,233.36387276992403,521.9266714593816,0,1.1985181956853346,738.1636532425622,3.5722984492977186,0,0,286.37383776851556,1.3109804544732242,8.073569002068913,0,0,0,0,0,0,0,0,0,0,0,0,0,0,0,224342016,75419648,10711040,439984128,111415296,349663232,39346176,10838016,310304768,93900800,4952064,3993600,305532928,15888384,134160384,205590528,68530176,9596928,199372800,103538688,331431936,35684352,9596928,290340864,82722816,4055040,2568192,295071744,14733312,36225024,0,0,0,0,0,0,0,0,0,0,0,0,0,0,0,207384576,75153408,10326016,424910848,107597824,334110720,39096320,10485760,294481920,92434432,4796416,2916352,297418752,15626240,41254912,189542400,71098368,10326016,211615744,107597824,334110720,37609472,10485760,294481920,89460736,4796416,2916352,297418752,15626240,38010880,1073741824,1073741824,314572800,0,1073741824,1073741824,1073741824,314572800,1073741824,0,0,0,1073741824,314572800,2147483648,9.873583260680034,0,4.4221750682049175,0,0,9.949246649014217,35911.421098517865,0,16615.96619175835,0,0,29468.03755033929,9.873583260680034,0,4.4221750682049175,0,0,9.949246649014217,35911.421098517865,0,16615.96619175835,0,0,29468.03755033929,98.24009022768392,49.917394382818024,471.24568177199757,21.014237456738442,34.55156064796523,39.01267114550557,17.246852184953976,58.683737261282864,51.15429844649378,94.40356118786468,0,0,0,0,0,0,0,0,0,0,118568.57538945934,121736.72409723859,1576246.2688252162,100357.57362236547,337046.9774792572,550716.0898035547,3131.6474447148453,8757.72886871628,599728.6934455654,124481.80305187381,0,0,0,0,0,0,0,0,0,0,116.54409173147866,41.57816064825741,460.72388177651334,28.412741176714405,47.431845120505734,54.55395866995493,15.342291820971328,72.00051383060718,69.28885312867487,125.72436887168894,0,0,0,0,0,0,0,0,0,0,23263.634013957097,6710.663991818109,141455.39524486894,5809.918554286781,12276.531015408931,6628.794965558296,2896.13797481748,10137.706602723301,15581.079408305997,23740.189689398645,0,0,0,0,0,0,0,0,0,0,26,24,40,4,2,2,2,46,0,0,0,0,0.008176211453744493,0.0030370027752081408,0.030412371134020618,0.015842105263157893,0.0014637681159420293,0.003033898305084746,0.0030435510887772193,0.003188412852969815,0.02031527093596059,0.004666604995374654,0.06789029535864981,0.023547368421052633,0.004292753623188406,0.0046610169491525435,0.004678391959798995,0.004939143135345668,0.02287931034482758,0.004870305272895467,0.08415611814345988,0.02451052631578947,0.004646376811594203,0.004864406779661017,0.004882747068676716,0.0071181462140992085,0.02493054187192118,0.007365789473684205,0.09716877637130801,0.04972222222222222,0.00492927536231884,0.009000000000000015,0.008136363636363636,0.009465404699738904,0.45810439560439564,0.3760416666666666,0.3858350951374207,0.45833333333333337,0.8790983606557377,0.375,0.45947802197802196,0.48573825503355705,2.1813265306122447,2.1636456211812627,0.4945031712473573,2.125,2.1280487804878048,0.475,2.1280487804878048,2.1894288346384156,2.340663265306122,2.331822810590631,0.6865853658536579,2.3125,2.3140243902439024,0.4875,2.3140243902439024,2.3447144173192074,2.4681326530612244,2.4663645621181263,0.9373170731707318,2.4625,2.4628048780487806,0.4975,2.4628048780487806,2.4689428834638414,396.7058823529554,396.8571428571512,396.9747899159681,393.1764705882371,397.00840336134604,82969815.12605041,38626932.168067224,0,12898682.62184874,36052785.4789916,3961561363.3613443,2779850425.0084033,804719159.9327731,4520518389.243697,3602501391.0588236,0,0,0,0,0,14.6890756302521,2.6554621848739495,4.890756302521008,1.1092436974789917,17.025210084033613,0,0,0,0,0,57739.83193277311,19077.378151260502,1008510.9243697479,39961.81512605042,74803.63025210083,1553.4789915966385,266.3193277310924,2817.0420168067226,1718.016806722689,440.03361344537814,1757.4453781512602,378.52100840336135,1887.6134453781515,2104.3193277310925,544.1848739495798,0,0,0,0,0,0,0,0,0,0,0,0,0,0,0,0,0,0,0,0
1693106205,0.43161031754187645,0.39232781168265063,0.13006156247290374,0.060553458611710645,1.7285017593678633,0.5797639201317223,0.23180756405912878,0.1634342994116365,0.2210335528933289,0.08118860112040216,0,0.11251704269613284,0.12824623276691258,0.5760368663594471,0.1248810162362819,5.020353542287553,5.121126767654751,0.9133899050550587,0.4365872373493729,9.404247882585345,3.1091902112659593,0.3160127690305093,0.6460498165903973,3.005198061535739,0.9981556060729054,0,0.24534461103059274,1.9086524740835726,2.6453367312887344,0.8150533900186607,4.110574452779776,4.664341761115955,1.018815572704413,0.3835052378741698,7.222668065929982,2.4813895781637885,0.37445837271090027,0.3450279654245667,2.6966093452986137,0.7306974100836231,0,0.15752385977458572,1.4748316768194885,1.390433815350388,0.45789705953303267,50000,100000,50000,50000,50000,50000,10000,50000,50000,20000,50000,0,4055040,0,220594176,0,0,1486848,0,0,2973696,0,0,0,0,3244032,911.5609906484432,4.315605928509154,0,6.660880447288214,283.1656275078708,521.9266714593816,0,1.1985181956853346,738.1636532425622,3.5722984492977186,0,0,286.37383776851556,1.3109804544732242,8.242147071594596,0,0,0,0,0,0,0,0,0,0,0,0,0,0,0,224342016,75419648,10711040,439984128,111415296,349663232,39346176,10838016,310304768,93900800,4952064,3993600,305532928,15888384,134160384,205590528,68530176,9596928,199372800,103538688,331431936,35684352,9596928,290340864,82722816,4055040,2568192,295071744,14733312,36225024,0,0,0,0,0,0,0,0,0,0,0,0,0,0,0,207384576,75153408,10326016,424910848,107597824,334110720,39096320,10485760,294481920,92434432,4796416,2916352,297418752,15626240,41254912,189542400,71098368,10326016,211615744,107597824,334110720,37609472,10485760,294481920,89460736,4796416,2916352,297418752,15626240,38010880,1073741824,1073741824,314572800,0,1073741824,1073741824,1073741824,314572800,1073741824,0,0,0,1073741824,314572800,2147483648,9.873583260680034,0,4.4221750682049175,0,0,10.156989320550917,35911.421098517865,0,16615.96619175835,0,0,30083.337287255334,9.873583260680034,0,4.4221750682049175,0,0,10.156989320550917,35911.421098517865,0,16615.96619175835,0,0,30083.337287255334,98.24009022768392,49.917394382818024,471.24568177199757,21.014237456738442,34.55156064796523,38.927359505614255,17.246852184953976,58.683737261282864,51.15429844649378,94.40356118786468,0,0,0,0,0,0,0,0,0,0,118568.57538945934,121736.72409723859,1576246.2688252162,100357.57362236547,337046.9774792572,547419.9519960273,3131.6474447148453,8757.72886871628,599728.6934455654,124481.80305187381,0,0,0,0,0,0,0,0,0,0,116.54409173147866,41.57816064825741,460.72388177651334,28.412741176714405,47.431845120505734,54.81832979281044,15.342291820971328,72.00051383060718,69.28885312867487,125.72436887168894,0,0,0,0,0,0,0,0,0,0,23263.634013957097,6710.663991818109,141455.39524486894,5809.918554286781,12276.531015408931,6665.075730405275,2896.13797481748,10137.706602723301,15581.079408305997,23740.189689398645,0,0,0,0,0,0,0,0,0,0,44,12,54,18,18,2,18,140,0,0,0,0,0.008176211453744493,0.0030370027752081408,0.030412371134020618,0.015842105263157893,0.0014637681159420293,0.003033898305084746,0.0030435510887772193,0.003194798572157063,0.02031527093596059,0.004666604995374654,0.06789029535864981,0.023547368421052633,0.004292753623188406,0.0046610169491525435,0.004678391959798995,0.004950637429882713,0.02287931034482758,0.004870305272895467,0.08415611814345988,0.02451052631578947,0.004646376811594203,0.004864406779661017,0.004882747068676716,0.007206349206349208,0.02493054187192118,0.007365789473684205,0.09716877637130801,0.04972222222222222,0.00492927536231884,0.009000000000000015,0.008136363636363636,0.009483597883597879,0.45810439560439564,0.3760416666666666,0.3858350951374207,0.45833333333333337,0.8790983606557377,0.375,0.45947802197802196,0.46957175056348616,2.1813265306122447,2.1636456211812627,0.4945031712473573,2.125,2.1280487804878048,0.475,2.1280487804878048,2.175577889447236,2.340663265306122,2.331822810590631,0.6865853658536579,2.3125,2.3140243902439024,0.4875,2.3140243902439024,2.337788944723618,2.4681326530612244,2.4663645621181263,0.9373170731707318,2.4625,2.4628048780487806,0.4975,2.4628048780487806,2.467557788944723,396.70588235293314,396.87394957981275,396.8403361344599,393.10924369748693,396.9747899159549,99563778.1512605,28970216.336134452,0,12898682.62184874,36052785.4789916,3961505120.8067226,2723169701.6470585,862905008.4033613,4520563823.865546,3680797016.2016807,0,0,0,0,0,14.621848739495798,1.8991596638655461,4.890756302521008,1.0084033613445378,17.142857142857142,0,0,0,0,0,57541.91596638655,15695.596638655461,1008510.9243697479,22820.571428571428,75225.27731092437,1547.2773109243697,266.06722689075633,2815.6470588235293,1718.2016806722688,441.12605042016804,1751.1764705882351,378.25210084033614,1885.9831932773109,2103.0252100840335,545.2941176470588,0,0,0,0,0,0,0,0,0,0,0,0,0,0,0,0,0,0,0,0
1693106206,0.43161031754187645,0.39232781168265063,0.13006156247290374,0.060553458611710645,1.7285017593678633,0.5797639201317223,0.23180756405912878,0.1634342994116365,0.22103355289332893,0.08118860112040216,0,0.1689157485782926,0.12824623276691258,0.5760368663594471,0.12743522941091345,5.020353542287553,5.121126767654751,0.9133899050550587,0.4365872373493729,9.404247882585345,3.1091902112659593,0.3160127690305093,0.6460498165903973,3.0051980615357397,0.9981556060729054,0,0.28894029766708607,1.9086524740835726,2.6453367312887344,0.8317238189561932,4.110574452779776,4.664341761115955,1.018815572704413,0.3835052378741698,7.222668065929982,2.4813895781637885,0.37445837271090027,0.3450279654245667,2.696609345298614,0.7306974100836231,0,0.1689157485782924,1.4748316768194885,1.390433815350388,0.467262507840015,50000,100000,50000,50000,50000,50000,10000,50000,50000,20000,50000,0,4055040,0,220594176,0,0,1486848,0,0,2973696,0,0,0,0,3244032,911.5609906484432,4.315605928509154,0,6.660880447288214,283.1656275078708,521.9266714593816,0,1.1985181956853346,738.1636532425623,3.5722984492977186,0,0,286.37383776851556,1.3109804544732242,8.41072514112028,0,0,0,0,0,0,0,0,0,0,0,0,0,0,0,224342016,75419648,10711040,439984128,111415296,349663232,39346176,10838016,310304768,93900800,4952064,3993600,305532928,15888384,134160384,205590528,68530176,9596928,199372800,103538688,331431936,35684352,9596928,290340864,82722816,4055040,2568192,295071744,14733312,36225024,0,0,0,0,0,0,0,0,0,0,0,0,0,0,0,207384576,75153408,10326016,424910848,107597824,334110720,39096320,10485760,294481920,92434432,4796416,2916352,297418752,15626240,41254912,189542400,71098368,10326016,211615744,107597824,334110720,37609472,10485760,294481920,89460736,4796416,2916352,297418752,15626240,38010880,1073741824,1073741824,314572800,0,1073741824,1073741824,1073741824,314572800,1073741824,0,0,0,1073741824,314572800,2147483648,9.873583260680034,0,4.4221750682049175,0,0,10.364731992087618,35911.421098517865,0,16615.96619175835,0,0,30698.637024171378,9.873583260680034,0,4.4221750682049175,0,0,10.364731992087618,35911.421098517865,0,16615.96619175835,0,0,30698.637024171378,98.24009022768392,49.917394382818024,471.24568177199757,21.014237456738442,34.55156064796523,38.927359505614255,17.246852184953976,58.683737261282864,51.15429844649378,94.40356118786468,0,0,0,0,0,0,0,0,0,0,118568.57538945934,121736.72409723859,1576246.2688252162,100357.57362236547,337046.9774792572,547419.9519960273,3131.6474447148453,8757.72886871628,599728.6934455654,124481.80305187381,0,0,0,0,0,0,0,0,0,0,116.54409173147866,41.57816064825741,460.72388177651334,28.412741176714405,47.431845120505734,54.81832979281044,15.342291820971328,72.00051383060718,69.28885312867487,125.72436887168894,0,0,0,0,0,0,0,0,0,0,23263.634013957097,6710.663991818109,141455.39524486894,5809.918554286781,12276.531015408931,6665.075730405275,2896.13797481748,10137.706602723301,15581.079408305997,23740.189689398645,0,0,0,0,0,0,0,0,0,0,46,16,50,6,6,2,6,88,0,0,0,0,0.008176211453744493,0.0030370027752081408,0.030412371134020618,0.015842105263157893,0.0014637681159420293,0.003033898305084746,0.0030435510887772193,0.0031861252115059223,0.02031527093596059,0.004666604995374654,0.06789029535864981,0.023547368421052633,0.004292753623188406,0.0046610169491525435,0.004678391959798995,0.004935025380710661,0.02287931034482758,0.004870305272895467,0.08415611814345988,0.02451052631578947,0.004646376811594203,0.004864406779661017,0.004882747068676716,0.007085301837270342,0.02493054187192118,0.007365789473684205,0.09716877637130801,0.04972222222222222,0.00492927536231884,0.009000000000000015,0.008136363636363636,0.009459055118110233,0.45810439560439564,0.3760416666666666,0.3858350951374207,0.45833333333333337,0.8790983606557377,0.375,0.45947802197802196,0.488255033557047,2.1813265306122447,2.1636456211812627,0.4945031712473573,2.125,2.1280487804878048,0.475,2.1280487804878048,2.1914012738853508,2.340663265306122,2.331822810590631,0.6865853658536579,2.3125,2.3140243902439024,0.4875,2.3140243902439024,2.3457006369426754,2.4681326530612244,2.4663645621181263,0.9373170731707318,2.4625,2.4628048780487806,0.4975,2.4628048780487806,2.4691401273885347,396.55462184874295,396.7899159663793,396.78991596640196,392.9747899159816,397.0084033613403,99563778.1512605,28970216.336134452,0,12898682.62184874,36052785.4789916,3961476276.705882,2723188701.5798316,806564975.8655462,4612779791.058824,3759147300.5714283,0,0,0,0,0,14.638655462184873,1.8991596638655461,4.890756302521008,1.0084033613445378,16.789915966386555,0,0,0,0,0,57567.731092436974,15695.596638655461,1008510.9243697479,22820.571428571428,71791.86554621848,1548.4033613445376,266.4873949579832,2814.0336134453783,1714.3529411764703,439.8991596638656,1752.3697478991594,378.6890756302521,1884.5378151260504,2099.546218487395,544.0672268907563,0,0,0,0,0,0,0,0,0,0,0,0,0,0,0,0,0,0,0,0
1693106207,0.3908060032767144,0.39232781168265063,0.13006156247290374,0.060553458611710645,1.7285017593678633,0.5797639201317223,0.20223810165835238,0.1634342994116365,0.22103355289332893,0.08118860112040216,0,0.1689157485782926,0.12824623276691258,0.5760368663594471,0.12998944258554498,3.767437807349103,5.121126767654751,0.9133899050550587,0.4365872373493729,9.404247882585345,3.1091902112659593,0.31522049346096764,0.6460498165903973,3.0051980615357397,0.9981556060729054,0,0.28894029766708607,1.9086524740835726,2.6453367312887344,0.8483942478937255,3.126448026213701,4.664341761115955,1.018815572704413,0.3835052378741698,7.222668065929982,2.4813895781637885,0.4044762033167053,0.3450279654245667,2.696609345298614,0.7306974100836231,0,0.1689157485782924,1.4748316768194885,1.390433815350388,0.47662795614699727,50000,100000,50000,50000,50000,50000,10000,50000,50000,20000,50000,0,4055040,0,220594176,0,0,1486848,0,0,2973696,0,0,0,0,3244032,671.9127614336544,4.315605928509154,0,6.660880447288214,283.1656275078708,521.9266714593816,0,1.1985181956853346,738.1636532425623,3.5722984492977186,0,0,286.37383776851556,1.3109804544732242,8.57930321064596,0,0,0,0,0,0,0,0,0,0,0,0,0,0,0,224342016,75419648,10711040,439984128,111415296,349663232,39346176,10838016,310304768,93900800,4952064,3993600,305532928,15888384,134160384,205860864,68530176,9596928,199372800,103538688,331431936,35684352,9596928,290340864,82722816,4055040,2568192,295071744,14733312,36225024,0,0,0,0,0,0,0,0,0,0,0,0,0,0,0,207446016,75153408,10326016,424910848,107597824,334110720,39096320,10485760,294481920,92434432,4796416,2916352,297418752,15626240,41254912,189603840,71098368,10326016,211615744,107597824,334110720,37609472,10485760,294481920,89460736,4796416,2916352,297418752,15626240,38010880,1073741824,1073741824,314572800,0,1073741824,1073741824,1073741824,314572800,1073741824,0,0,0,1073741824,314572800,2147483648,9.873583260680034,0,4.494180036852277,0,0,10.572474663624316,35911.421098517865,0,16912.498314682485,0,0,31313.936761087418,9.873583260680034,0,4.494180036852277,0,0,10.572474663624316,35911.421098517865,0,16912.498314682485,0,0,31313.936761087418,98.24009022768392,49.917394382818024,471.24568177199757,21.014237456738442,34.21996039008248,38.927359505614255,17.246852184953976,45.452450570871626,51.15429844649378,94.40356118786468,0,0,0,0,0,0,0,0,0,0,118568.57538945934,121736.72409723859,1576246.2688252162,100357.57362236547,335487.45268119033,547419.9519960273,3131.6474447148453,6789.96097187413,599728.6934455654,124481.80305187381,0,0,0,0,0,0,0,0,0,0,116.54409173147866,41.57816064825741,460.72388177651334,28.412741176714405,47.231066208729224,54.81832979281044,15.342291820971328,55.51550403787246,69.28885312867487,125.72436887168894,0,0,0,0,0,0,0,0,0,0,23263.634013957097,6710.663991818109,141455.39524486894,5809.918554286781,12273.809822256762,6665.075730405275,2896.13797481748,7862.996073517127,15581.079408305997,23740.189689398645,0,0,0,0,0,0,0,0,0,0,22,6,24,18,18,2,18,94,0,0,0,0,0.00814594356261023,0.0030371402042711237,0.030286671630677584,0.015810526315789473,0.001591715976331361,0.003037037037037037,0.0030498220640569397,0.003189483886600436,0.02016803278688525,0.0046668523676880215,0.0676759061833689,0.023490526315789472,0.004318343195266272,0.004666666666666666,0.004689679715302491,0.0049410709958807855,0.02273155737704918,0.0048705663881151336,0.08399786780383794,0.024450526315789475,0.004659171597633137,0.00487037037037037,0.004894661921708185,0.007133074935400512,0.024782377049180335,0.007376315789473646,0.09705543710021322,0.044222222222222045,0.004931834319526628,0.0095,0.008433333333333338,0.009467958656330745,0.45982142857142855,0.3739583333333334,0.3855827134254339,0.45879120879120877,0.8647540983606556,0.375,0.4533898305084746,0.48861090365944737,2.1821646341463414,2.1628073770491802,0.49404888416578113,2.1262295081967215,2.110810810810811,0.475,2.110810810810811,2.1916742493175616,2.341082317073171,2.3314036885245897,0.6797071129707112,2.3131147540983608,2.3054054054054056,0.4875,2.3054054054054056,2.34583712465878,2.4682164634146346,2.4662807377049174,0.9359414225941424,2.462622950819672,2.4610810810810806,0.4975,2.4610810810810806,2.469167424931756,396.4873949579705,396.78991596638843,396.84033613445683,393.07563025211374,396.97478991596756,99563778.1512605,28970216.336134452,0,12898682.62184874,36052854.31932773,3819984878.789916,2723184984.2016807,806566146.1512605,4612848562.554622,3759146818.6890755,0,0,0,0,0,14.504201680672269,1.8655462184873948,4.890756302521008,1.0756302521008403,16.95798319327731,0,0,0,0,0,57214.924369747896,15575.126050420167,1008510.9243697479,34110.386554621844,74347.56302521008,1549.8823529411764,263.2268907563025,2814.453781512605,1709.7142857142856,437.51260504201684,1754.2184873949577,375.6302521008403,1884.268907563025,2094.6554621848736,541.6302521008403,0,0,0,0,0,0,0,0,0,0,0,0,0,0,0,0,0,0,0,0
1693106208,0.39869536289739393,0.39232781168265063,0.13006156247290374,0.060553458611710645,1.7285017593678633,0.5797639201317223,0.20223810165835238,0.1634342994116365,0.22103355289332893,0.08118860112040216,0,0.1689157485782926,0.12207403790398888,0.576036866359447,0.13254365576017654,3.843492605539283,5.121126767654751,0.9133899050550587,0.4365872373493729,9.404247882585345,3.1091902112659593,0.31522049346096764,0.6460498165903973,3.0051980615357397,0.9981556060729054,0,0.28894029766708607,1.852245631275376,2.645336731288734,0.8650646768312582,3.1895629031791377,4.664341761115955,1.018815572704413,0.3835052378741698,7.222668065929982,2.4813895781637885,0.4044762033167053,0.3450279654245667,2.696609345298614,0.7306974100836231,0,0.1689157485782924,1.4343699453718646,1.3904338153503877,0.4859934044539797,50000,100000,50000,50000,50000,50000,10000,50000,50000,20000,50000,0,4055040,0,220594176,0,0,1486848,0,0,2973696,0,0,0,0,3244032,685.4769374294889,4.315605928509154,0,6.660880447288214,283.1656275078708,521.9266714593816,0,1.1985181956853346,738.1636532425623,3.5722984492977186,0,0,322.27546006653034,1.310980454473224,8.747881280171644,0,0,0,0,0,0,0,0,0,0,0,0,0,0,0,224342016,75419648,10711040,439984128,111415296,349663232,39346176,10838016,310304768,93900800,4952064,3993600,305532928,15888384,134160384,205860864,68530176,9596928,199372800,103538688,331431936,35684352,9596928,290340864,82722816,4055040,2568192,295071744,14733312,36225024,0,0,0,0,0,0,0,0,0,0,0,0,0,0,0,207446016,75153408,10326016,424910848,107597824,334110720,39096320,10485760,294481920,92434432,4796416,2916352,297418752,15626240,41254912,189603840,71098368,10326016,211615744,107597824,334110720,37609472,10485760,294481920,89460736,4796416,2916352,297418752,15626240,38010880,1073741824,1073741824,314572800,0,1073741824,1073741824,1073741824,314572800,1073741824,0,0,0,1073741824,314572800,2147483648,9.873583260680034,0,4.494180036852277,0,0,10.780217335161016,35911.421098517865,0,16912.498314682485,0,0,31929.23649800346,9.873583260680034,0,4.494180036852277,0,0,10.780217335161016,35911.421098517865,0,16912.498314682485,0,0,31929.23649800346,98.24009022768392,49.917394382818024,471.24568177199757,21.014237456738442,34.21996039008248,38.927359505614255,17.246852184953976,46.41867083533751,50.773185016643495,94.40356118786468,0,0,0,0,0,0,0,0,0,0,118568.57538945934,121736.72409723859,1576246.2688252162,100357.57362236547,335487.45268119033,547419.9519960273,3131.6474447148453,6934.300777617445,596797.0968693381,124481.80305187381,0,0,0,0,0,0,0,0,0,0,116.54409173147866,41.57816064825741,460.72388177651334,28.412741176714405,47.231066208729224,54.81832979281044,15.342291820971328,56.695642937309614,68.47006278178064,125.72436887168894,0,0,0,0,0,0,0,0,0,0,23263.634013957097,6710.663991818109,141455.39524486894,5809.918554286781,12273.809822256762,6665.075730405275,2896.13797481748,8030.146272246273,15366.662453124341,23740.189689398645,0,0,0,0,0,0,0,0,0,0,34,28,66,6,6,2,6,46,0,0,0,0,0.00814594356261023,0.0030371402042711237,0.030286671630677584,0.015810526315789473,0.0014885057471264369,0.003033898305084746,0.003046901172529313,0.003189483886600436,0.02016803278688525,0.0046668523676880215,0.0676759061833689,0.023490526315789472,0.004297701149425287,0.0046610169491525435,0.004684422110552763,0.0049410709958807855,0.02273155737704918,0.0048705663881151336,0.08399786780383794,0.024450526315789475,0.004648850574712643,0.004864406779661017,0.0048891122278056955,0.007133074935400512,0.024782377049180335,0.007376315789473646,0.09705543710021322,0.044222222222222045,0.004929770114942529,0.009000000000000015,0.008287499999999991,0.009467958656330745,0.45982142857142855,0.3739583333333334,0.3855827134254339,0.45879120879120877,0.8801229508196721,0.375,0.45982142857142855,0.48861090365944737,2.1821646341463414,2.1628073770491802,0.49404888416578113,2.1262295081967215,2.1289473684210525,0.475,2.1289473684210525,2.1916742493175616,2.341082317073171,2.3314036885245897,0.6797071129707112,2.3131147540983608,2.3144736842105265,0.4875,2.3144736842105265,2.34583712465878,2.4682164634146346,2.4662807377049174,0.9359414225941424,2.462622950819672,2.462894736842105,0.4975,2.462894736842105,2.469167424931756,396.38655462185477,396.7731092437066,396.8403361344507,393.0084033613648,397.0084033613307,99563778.1512605,28970216.336134452,0,12898682.62184874,36052854.31932773,3819932422.453781,2723218302.92437,864835910.9915966,4612853106.016807,3680849472.537815,0,0,0,0,0,14.521008403361344,1.8655462184873948,4.890756302521008,1.0756302521008403,17.025210084033613,0,0,0,0,0,57283.76470588235,15575.126050420167,1008510.9243697479,34110.386554621844,74528.26890756302,1561.7478991596636,266.65546218487395,2816.1344537815125,1720.1848739495797,439.5126050420168,1765.9999999999998,378.87394957983196,1884.9579831932772,2105.6974789915967,543.7647058823529,0,0,0,0,0,0,0,0,0,0,0,0,0,0,0,0,0,0,0,0
1693106209,0.4065847225180736,0.39232781168265063,0.13006156247290374,0.060553458611710645,1.7285017593678633,0.5797639201317223,0.20223810165835238,0.16538688718251612,0.22103355289332893,0.08118860112040216,0,0.1689157485782926,0.12207403790398888,0.576036866359447,0.15325279047789342,3.9195474037294646,5.121126767654751,0.9133899050550587,0.4365872373493729,9.404247882585345,3.1091902112659593,0.31522049346096764,0.6472252593030129,3.0051980615357397,0.9981556060729054,0,0.28894029766708607,1.852245631275376,2.645336731288734,1.0002257362519484,3.252677780144574,4.664341761115955,1.018815572704413,0.3835052378741698,7.222668065929982,2.4813895781637885,0.4044762033167053,0.3307737743650328,2.696609345298614,0.7306974100836231,0,0.1689157485782924,1.4343699453718646,1.3904338153503877,0.5619268984189414,50000,100000,50000,50000,50000,50000,10000,50000,50000,20000,50000,0,4055040,0,220594176,0,0,1486848,0,0,2973696,0,0,0,0,3244032,699.0411134253234,4.315605928509154,0,6.660880447288214,283.1656275078708,521.9266714593816,0,1.559362079149439,738.1636532425623,3.5722984492977186,0,0,322.27546006653034,1.310980454473224,10.114684171540956,0,0,0,0,0,0,0,0,0,0,0,0,0,0,0,224342016,75419648,10711040,439984128,111415296,349663232,39346176,10838016,310304768,93900800,4952064,3993600,305532928,15888384,134160384,205860864,68530176,9596928,199372800,103538688,331431936,35684352,9596928,290340864,82722816,4055040,2568192,295071744,14733312,36225024,0,0,0,0,0,0,0,0,0,0,0,0,0,0,0,207446016,75153408,10326016,424910848,107597824,334110720,39096320,10485760,294481920,92434432,4796416,2916352,297418752,15626240,41254912,189603840,71098368,10326016,211615744,107597824,334110720,37609472,10485760,294481920,89460736,4796416,2916352,297418752,15626240,38010880,1073741824,1073741824,314572800,0,1073741824,1073741824,1073741824,314572800,1073741824,0,0,0,1073741824,314572800,2147483648,9.873583260680034,0,4.494180036852277,0,0,12.464560292201988,35911.421098517865,0,16912.498314682485,0,0,36917.98421496258,9.873583260680034,0,4.494180036852277,0,0,12.464560292201988,35911.421098517865,0,16912.498314682485,0,0,36917.98421496258,98.24009022768392,49.917394382818024,471.24568177199757,21.014237456738442,34.21996039008248,38.927359505614255,17.246852184953976,47.38489109980338,50.773185016643495,94.40356118786468,0,0,0,0,0,0,0,0,0,0,118568.57538945934,121736.72409723859,1576246.2688252162,100357.57362236547,335487.45268119033,547419.9519960273,3131.6474447148453,7078.640583360759,596797.0968693381,124481.80305187381,0,0,0,0,0,0,0,0,0,0,116.54409173147866,41.57816064825741,460.72388177651334,28.412741176714405,47.231066208729224,54.81832979281044,15.342291820971328,57.87578183674675,68.47006278178064,125.72436887168894,0,0,0,0,0,0,0,0,0,0,23263.634013957097,6710.663991818109,141455.39524486894,5809.918554286781,12273.809822256762,6665.075730405275,2896.13797481748,8197.296470975418,15366.662453124341,23740.189689398645,0,0,0,0,0,0,0,0,0,0,32,22,48,10,8,2,10,74,0,0,0,0,0.00814594356261023,0.0030371402042711237,0.030286671630677584,0.015810526315789473,0.0014885057471264369,0.003033898305084746,0.003046901172529313,0.003189483886600436,0.02016803278688525,0.0046668523676880215,0.0676759061833689,0.023490526315789472,0.004297701149425287,0.0046610169491525435,0.004684422110552763,0.0049410709958807855,0.02273155737704918,0.0048705663881151336,0.08399786780383794,0.024450526315789475,0.004648850574712643,0.004864406779661017,0.0048891122278056955,0.007133074935400512,0.024782377049180335,0.007376315789473646,0.09705543710021322,0.044222222222222045,0.004929770114942529,0.009000000000000015,0.008287499999999991,0.009467958656330745,0.45982142857142855,0.3739583333333334,0.3855827134254339,0.45879120879120877,0.8801229508196721,0.375,0.45982142857142855,0.48861090365944737,2.1821646341463414,2.1628073770491802,0.49404888416578113,2.1262295081967215,2.1289473684210525,0.475,2.1289473684210525,2.1916742493175616,2.341082317073171,2.3314036885245897,0.6797071129707112,2.3131147540983608,2.3144736842105265,0.4875,2.3144736842105265,2.34583712465878,2.4682164634146346,2.4662807377049174,0.9359414225941424,2.462622950819672,2.462894736842105,0.4975,2.462894736842105,2.469167424931756,396.4705882353122,396.68907563024334,396.8571428571614,393.058823529414,397.0588235293957,99563778.1512605,28970216.336134452,0,12898682.62184874,36052854.31932773,3819844788.705882,2723213621.7815123,864831229.8487395,4520640443.159663,3680898211.495798,0,0,0,0,0,13.88235294117647,1.8655462184873948,4.890756302521008,1.0756302521008403,16.941176470588236,0,0,0,0,0,51397.91596638655,15575.126050420167,1008510.9243697479,34110.386554621844,74235.6974789916,1559.126050420168,264.5546218487395,2811.5798319327732,1720.3361344537814,439.31092436974785,1763.3277310924366,376.8067226890756,1881.394957983193,2107.142857142857,543.6134453781513,0,0,0,0,0,0,0,0,0,0,0,0,0,0,0,0,0,0,0,0
1693106210,0.47336157724077577,0.39232781168265063,0.13006156247290374,0.060553458611710645,1.7285017593678633,0.5797639201317223,0.20223810165835238,0.16538688718251612,0.22103355289332893,0.08118860112040216,0,0.1689157485782926,0.12207403790398888,0.4197653259710113,0.15325279047789342,4.563287891410854,5.121126767654751,0.9133899050550587,0.4365872373493729,9.404247882585345,3.1091902112659593,0.31522049346096764,0.6472252593030129,3.0051980615357397,0.9981556060729054,0,0.28894029766708607,1.852245631275376,2.0380265948513703,1.0002257362519484,3.7868926179261893,4.664341761115955,1.018815572704413,0.3835052378741698,7.222668065929982,2.4813895781637885,0.4044762033167053,0.3307737743650328,2.696609345298614,0.7306974100836231,0,0.1689157485782924,1.4343699453718646,0.9969426491811506,0.5619268984189414,50000,100000,50000,50000,50000,50000,10000,50000,50000,20000,50000,0,4055040,0,220594176,0,0,1486848,0,0,2973696,0,0,0,0,3244032,813.8505597500651,4.315605928509154,0,6.660880447288214,283.1656275078708,521.9266714593816,0,1.559362079149439,738.1636532425623,3.5722984492977186,0,0,322.27546006653034,0,10.114684171540956,0,0,0,0,0,0,0,0,0,0,0,0,0,0,0,224342016,75419648,10711040,439984128,111415296,349663232,39346176,10838016,310304768,93900800,4952064,3993600,305532928,15888384,134160384,205860864,68530176,9596928,199372800,103538688,331431936,35684352,9596928,290340864,82722816,4055040,2568192,295071744,14733312,36225024,0,0,0,0,0,0,0,0,0,0,0,0,0,0,0,207446016,75153408,10326016,424910848,107597824,334110720,39096320,10485760,294481920,92434432,4796416,2916352,297418752,15626240,41254912,189603840,71098368,10326016,211615744,107597824,334110720,37609472,10485760,294481920,89460736,4796416,2916352,297418752,15626240,38010880,1073741824,1073741824,314572800,0,1073741824,1073741824,1073741824,314572800,1073741824,0,0,0,1073741824,314572800,2147483648,9.873583260680034,0,4.494180036852277,0,0,12.464560292201988,35911.421098517865,0,16912.498314682485,0,0,36917.98421496258,9.873583260680034,0,4.494180036852277,0,0,12.464560292201988,35911.421098517865,0,16912.498314682485,0,0,36917.98421496258,83.76468582177421,48.882002673471874,455.3559367823855,20.965369701831797,34.21996039008248,38.927359505614255,12.760631518638045,48.35111136426926,50.773185016643495,94.40356118786468,0,0,0,0,0,0,0,0,0,0,101097.82516297635,120996.11131364688,1574913.042009996,100118.89290012035,335487.45268119033,547419.9519960273,2341.2174389645015,7222.980389104074,596797.0968693381,124481.80305187381,0,0,0,0,0,0,0,0,0,0,99.37164354843341,40.67930489731438,445.86654059165204,28.292552480278115,47.231066208729224,54.81832979281044,11.527581731443806,59.0559207361839,68.47006278178064,125.72436887168894,0,0,0,0,0,0,0,0,0,0,19835.80216320611,6537.975452667396,136056.63244630556,5675.090252707581,12273.809822256762,6665.075730405275,2165.6655599597775,8364.446669704565,15366.662453124341,23740.189689398645,0,0,0,0,0,0,0,0,0,0,40,16,40,8,10,2,10,76,0,0,0,0,0.00814594356261023,0.0030371402042711237,0.030286671630677584,0.015810526315789473,0.0014885057471264369,0.003033898305084746,0.003046901172529313,0.0031966135961587062,0.02016803278688525,0.0046668523676880215,0.0676759061833689,0.023490526315789472,0.004297701149425287,0.0046610169491525435,0.004684422110552763,0.004953904473085672,0.02273155737704918,0.0048705663881151336,0.08399786780383794,0.024450526315789475,0.004648850574712643,0.004864406779661017,0.0048891122278056955,0.0072298701298701305,0.024782377049180335,0.007376315789473646,0.09705543710021322,0.044222222222222045,0.004929770114942529,0.009000000000000015,0.008287499999999991,0.009487532467532468,0.45982142857142855,0.3739583333333334,0.3855827134254339,0.45879120879120877,0.8801229508196721,0.375,0.45982142857142855,0.4742287434161024,2.1821646341463414,2.1628073770491802,0.49404888416578113,2.1262295081967215,2.1289473684210525,0.475,2.1289473684210525,2.179813359528487,2.341082317073171,2.3314036885245897,0.6797071129707112,2.3131147540983608,2.3144736842105265,0.4875,2.3144736842105265,2.3399066797642436,2.4682164634146346,2.4662807377049174,0.9359414225941424,2.462622950819672,2.462894736842105,0.4975,2.462894736842105,2.467981335952849,396.48739495797383,396.72268907563137,396.97478991597757,393.0756302521066,397.10924369749273,99564122.35294117,28970216.336134452,0,12898682.62184874,36052854.31932773,3749095647.7310925,2723225875.3613443,864812229.9159664,4520726011.697479,3602588749.445378,0,0,0,0,0,14.42016806722689,1.8655462184873948,4.890756302521008,1.0756302521008403,16.95798319327731,0,0,0,0,0,57361.21008403361,15575.126050420167,1008510.9243697479,34110.386554621844,74218.48739495798,1553.9831932773106,266.43697478991595,2814.168067226891,1711.8991596638652,436.7394957983193,1758.016806722689,378.73949579831935,1883.5294117647056,2098.1344537815125,541.1764705882352,0,0,0,0,0,0,0,0,0,0,0,0,0,0,0,0,0,0,0,0
1693106211,0.47336157724077577,0.39232781168265063,0.13006156247290374,0.05282620179609032,1.7285017593678633,0.5797639201317223,0.20223810165835238,0.16538688718251612,0.22103355289332893,0.09355762213947538,0,0.1689157485782926,0.12207403790398888,0.5019765325971015,0.15325279047789342,4.563287891410854,5.121126767654751,0.9133899050550587,0.4254083412572625,9.404247882585345,3.1091902112659593,0.31522049346096764,0.6472252593030129,3.0051980615357397,0.9520365286379889,0,0.28894029766708607,1.852245631275376,2.4371749168601395,1.0002257362519484,3.7868926179261893,4.664341761115955,1.018815572704413,0.34337031167459153,7.222668065929982,2.4813895781637885,0.4044762033167053,0.3307737743650328,2.696609345298614,0.6549033549763293,0,0.1689157485782924,1.4343699453718646,1.1921942649181148,0.5619268984189414,50000,100000,50000,50000,50000,50000,10000,50000,50000,20000,50000,0,4055040,0,220594176,0,0,1486848,0,0,2973696,0,0,0,0,3244032,813.8505597500651,4.315605928509154,0,6.9730586370839935,283.1656275078708,521.9266714593816,0,1.559362079149439,738.1636532425623,3.7048818367232386,0,0,322.27546006653034,0,10.114684171540956,0,0,0,0,0,0,0,0,0,0,0,0,0,0,0,224342016,75419648,10711040,439984128,111415296,349663232,39346176,10838016,310304768,93900800,4952064,3993600,305532928,15888384,134160384,205860864,68530176,9596928,199372800,103538688,331431936,35684352,9596928,290340864,82722816,4055040,2568192,295071744,14733312,36225024,0,0,0,0,0,0,0,0,0,0,0,0,0,0,0,207446016,75153408,10326016,424910848,107597824,334110720,39096320,10485760,294481920,92442624,4796416,2916352,297418752,15626240,41254912,189603840,71098368,10326016,211615744,107597824,334110720,37609472,10485760,294481920,89468928,4796416,2916352,297418752,15626240,38010880,1073741824,1073741824,314572800,0,1073741824,1073741824,1073741824,314572800,1073741824,0,0,0,1073741824,314572800,2147483648,9.873583260680034,0,4.494180036852277,0,0,12.464560292201988,35911.421098517865,0,16912.498314682485,0,0,36917.98421496258,9.873583260680034,0,4.494180036852277,0,0,12.464560292201988,35911.421098517865,0,16912.498314682485,0,0,36917.98421496258,82.12735098464616,41.817793031433794,470.4371299198886,20.965369701831797,34.21996039008248,38.96127595897661,13.02079240914831,49.31733162873513,50.773185016643495,94.40356118786468,0,0,0,0,0,0,0,0,0,0,99121.6822398187,102195.69706840599,1578160.832462557,100118.89290012035,335487.45268119033,548175.517354648,2388.9496544829526,7367.320194847387,596797.0968693381,124481.80305187381,0,0,0,0,0,0,0,0,0,0,97.42924201957544,34.73135138178672,458.59456635318713,28.292552480278115,47.231066208729224,53.633344282638056,11.76260347972499,60.23605963562103,68.47006278178064,125.72436887168894,0,0,0,0,0,0,0,0,0,0,19448.07492964016,5590.832564892022,140313.8279345176,5675.090252707581,12273.809822256762,6579.218219643053,2209.818663182265,8531.59686843371,15366.662453124341,23740.189689398645,0,0,0,0,0,0,0,0,0,0,50,20,46,16,18,2,18,82,0,0,0,0,0.00814594356261023,0.0030371402042711237,0.030286671630677584,0.015810526315789473,0.0014885057471264369,0.003033898305084746,0.003046901172529313,0.0031924282613937788,0.02016803278688525,0.0046668523676880215,0.0676759061833689,0.023490526315789472,0.004297701149425287,0.0046610169491525435,0.004684422110552763,0.004946370870508802,0.02273155737704918,0.0048705663881151336,0.08399786780383794,0.024450526315789475,0.004648850574712643,0.004864406779661017,0.0048891122278056955,0.007173417721518988,0.024782377049180335,0.007376315789473646,0.09705543710021322,0.044222222222222045,0.004929770114942529,0.009000000000000015,0.008287499999999991,0.009475189873417722,0.45982142857142855,0.3739583333333334,0.3855827134254339,0.45879120879120877,0.8801229508196721,0.375,0.45982142857142855,0.49122479462285285,2.1821646341463414,2.1628073770491802,0.49404888416578113,2.1262295081967215,2.1289473684210525,0.475,2.1289473684210525,2.1936657681940703,2.341082317073171,2.3314036885245897,0.6797071129707112,2.3131147540983608,2.3144736842105265,0.4875,2.3144736842105265,2.346832884097035,2.4682164634146346,2.4662807377049174,0.9359414225941424,2.462622950819672,2.462894736842105,0.4975,2.462894736842105,2.469366576819407,396.5210084033569,396.7226890756455,397.14285714285336,393.17647058825696,397.04201680671173,99564122.35294117,28970216.336134452,0,12898682.62184874,36052854.31932773,3749092274.5546217,2779962634.7563024,923104023.6638654,4520807794.016807,3680945573.6470585,0,0,0,0,0,14.487394957983193,1.8655462184873948,4.890756302521008,1.0756302521008403,16.77310924369748,0,0,0,0,0,57584.94117647059,15575.126050420167,1008510.9243697479,34110.386554621844,73616.13445378152,1558.504201680672,266.8067226890756,2814.0336134453783,1705.2100840336134,436.33613445378154,1762.6554621848736,378.9747899159664,1884.268907563025,2090.3361344537816,540.7563025210083,0,0,0,0,0,0,0,0,0,0,0,0,0,0,0,0,0,0,0,0
1693106212,0.47336157724077577,0.39232781168265063,0.13006156247290374,0.05282620179609032,1.7137960582690657,0.5591609197349917,0.20223810165835238,0.16538688718251612,0.17752185375329513,0.09355762213947538,0,0.1689157485782926,0.12207403790398888,0.5019765325971015,0.15325279047789342,4.563287891410854,5.121126767654751,0.9133899050550587,0.4254083412572625,9.722262780022039,3.0009362234610335,0.31522049346096764,0.6472252593030129,3.026294049992131,0.9520365286379889,0,0.28894029766708607,1.852245631275376,2.4371749168601395,1.0002257362519484,3.7868926179261893,4.664341761115955,1.018815572704413,0.34337031167459153,7.691679928183777,2.2705322195299713,0.4044762033167053,0.3307737743650328,2.6628278062994335,0.6549033549763293,0,0.1689157485782924,1.4343699453718646,1.1921942649181148,0.5619268984189414,50000,100000,50000,50000,50000,50000,10000,50000,50000,20000,50000,0,4055040,0,220594176,0,0,1486848,0,0,2973696,0,0,0,0,3244032,813.8505597500651,4.315605928509154,0,6.9730586370839935,277.39013343126453,466.34020705898297,0,1.559362079149439,803.2272142824105,3.7048818367232386,0,0,322.27546006653034,0,10.114684171540956,0,0,0,0,0,0,0,0,0,0,0,0,0,0,0,224342016,75419648,10711040,439984128,111415296,349663232,39346176,10838016,310304768,93900800,4952064,3993600,305532928,15888384,134160384,205860864,68530176,9596928,199372800,104349696,331431936,35684352,9596928,291016704,82722816,4055040,2568192,295071744,14733312,36225024,0,0,0,0,0,0,0,0,0,0,0,0,0,0,0,207446016,75153408,10326016,424910848,108384256,334094336,39096320,10485760,295440384,92442624,4796416,2916352,297418752,15626240,41254912,189603840,71098368,10326016,211615744,108384256,334094336,37609472,10485760,295440384,89468928,4796416,2916352,297418752,15626240,38010880,1073741824,1073741824,314572800,0,1073741824,1073741824,1073741824,314572800,1073741824,0,0,0,1073741824,314572800,2147483648,9.873583260680034,0,4.494180036852277,0,0,12.464560292201988,35911.421098517865,0,16912.498314682485,0,0,36917.98421496258,9.873583260680034,0,4.494180036852277,0,0,12.464560292201988,35911.421098517865,0,16912.498314682485,0,0,36917.98421496258,75.43517780794836,49.47712719399272,470.4371299198886,18.27289209787405,34.42758620689655,38.96127595897661,13.280953299658576,50.28355189320102,50.773185016643495,94.40356118786468,0,0,0,0,0,0,0,0,0,0,95890.26476383579,120913.82964020823,1578160.832462557,87261.12407942238,335536.33103448275,548175.517354648,2436.6818700014032,7511.660000590703,596797.0968693381,124481.80305187381,0,0,0,0,0,0,0,0,0,0,89.9846427763288,41.092735062422264,458.59456635318713,24.659081427998398,47.9080459770115,53.633344282638056,11.997625228006173,61.41619853505819,68.47006278178064,125.72436887168894,0,0,0,0,0,0,0,0,0,0,17741.582523491372,6614.847744967062,140313.8279345176,4946.26678700361,12593.857471264368,6579.218219643053,2253.971766404752,8698.747067162858,15366.662453124341,23740.189689398645,0,0,0,0,0,0,0,0,0,0,44,18,58,14,14,2,14,114,0,0,0,0,0.008129385964912281,0.0030350553505535055,0.0305699481865285,0.01583503054989817,0.0015597667638483968,0.003037037037037037,0.0030450606585788564,0.0032,0.020129324546952227,0.00466309963099631,0.06877300613496935,0.02343584521384929,0.004311953352769679,0.004666666666666666,0.004681109185441941,0.004960000000000001,0.022712932454695217,0.00486660516605166,0.08453987730061345,0.024385947046843177,0.00465597667638484,0.00487037037037037,0.004885615251299827,0.0072717917675544815,0.02477981878088962,0.00721388888888887,0.09715337423312884,0.042071428571428544,0.004931195335276968,0.0095,0.008227272727272727,0.009493099273607747,0.4572102425876011,0.3760416666666666,0.38569165786694826,0.45956873315363883,0.8685258964143427,0.375,0.45429362880886426,0.48760102865540045,2.1806008146639515,2.163719512195122,0.4942449841605069,2.1282868525896417,2.11353711790393,0.475,2.11353711790393,2.1909029649595686,2.3403004073319753,2.3318597560975602,0.6827160493827154,2.3141434262948204,2.306768558951965,0.4875,2.306768558951965,2.3454514824797843,2.468060081466395,2.466371951219512,0.9365432098765432,2.462828685258964,2.461353711790393,0.4975,2.461353711790393,2.4690902964959567,396.5882352941182,396.8235294117754,397.15966386553714,393.1428571428578,397.00840336135406,116158429.57983193,28970216.336134452,0,12898682.62184874,36052854.31932773,3678387879.7983193,2779965594.890756,866654879.1932772,4520841043.899159,3602648296.3361344,0,0,0,0,0,14.403361344537814,1.7983193277310923,4.890756302521008,1.0084033613445378,16.907563025210084,0,0,0,0,0,57292.36974789916,14869.512605042017,1008510.9243697479,33826.42016806723,74003.36134453781,1554.0336134453783,267.26050420168065,2814.7226890756306,1710.6218487394956,436.8235294117647,1757.9327731092437,379.34453781512605,1886.0840336134452,2096.1176470588234,541.2436974789915,0,0,0,0,0,0,0,0,0,0,0,0,0,0,0,0,0,0,0,0
1693106213,0.47336157724077577,0.2560089517391711,0.13006156247290374,0.05282620179609032,1.7137960582690657,0.3601149947041907,0.20223810165835238,0.16538688718251612,0.20813098376578293,0.09355762213947538,0,0.16576678980771067,0.07880220646178099,0.5019765325971015,0.15325279047789342,4.563287891410854,4.09215718814116,0.9133899050550587,0.4254083412572625,9.722262780022039,2.0865612928834496,0.31522049346096764,0.6472252593030129,3.548101512418475,0.9520365286379889,0,0.28454276783177035,1.6192751182033216,2.4371749168601395,1.0002257362519484,3.7868926179261893,3.6825903057865395,1.018815572704413,0.34337031167459153,7.691679928183777,1.4804727560061095,0.4044762033167053,0.3307737743650328,3.1219647564867525,0.6549033549763293,0,0.18944775978024075,1.201733648542158,1.1921942649181148,0.5619268984189414,50000,100000,50000,50000,50000,50000,10000,50000,50000,20000,50000,0,4055040,0,220594176,0,0,1486848,0,0,2973696,0,0,0,0,3244032,813.8505597500651,1.299737754983485,0,6.9730586370839935,277.39013343126453,254.84137791899937,0,1.559362079149439,941.7233245455807,3.7048818367232386,0,0,236.64302600472809,0,10.114684171540956,0,0,0,0,0,0,0,0,0,0,0,0,0,0,0,224342016,75767808,10711040,439984128,111415296,349663232,39346176,10838016,310304768,93900800,4952064,3993600,305532928,15888384,134160384,205860864,68665344,9596928,199372800,104349696,331431936,35684352,9596928,291016704,82722816,4055040,2568192,295071744,14733312,36225024,0,0,0,0,0,0,0,0,0,0,0,0,0,0,0,207446016,75407360,10326016,424910848,108384256,334094336,39096320,10485760,295440384,92442624,4796416,2916352,297570304,15626240,41254912,189603840,71352320,10326016,211615744,108384256,334094336,37609472,10485760,295440384,89468928,4796416,2916352,297570304,15626240,38010880,1073741824,1073741824,314572800,0,1073741824,1073741824,1073741824,314572800,1073741824,0,0,0,1073741824,314572800,2147483648,8.389216418529767,0,4.494180036852277,0,0,12.464560292201988,33636.267835150786,0,16912.498314682485,0,0,36917.98421496258,8.389216418529767,0,4.494180036852277,0,0,12.464560292201988,33636.267835150786,0,16912.498314682485,0,0,36917.98421496258,100.41995778662663,49.47712719399272,470.4371299198886,17.923469269510186,34.42758620689655,38.96127595897661,16.374347602087674,57.97321586795272,50.773185016643495,88.32200602054434,0,0,0,0,0,0,0,0,0,0,119211.87196727375,120913.82964020823,1578160.832462557,85592.47586442038,335536.33103448275,548175.517354648,2987.164841072509,8660.388344598872,596797.0968693381,122789.93265679794,0,0,0,0,0,0,0,0,0,0,118.80671062079769,41.092735062422264,458.59456635318713,24.187538886660427,47.9080459770115,53.633344282638056,14.627153193109784,70.80833396622872,68.47006278178064,119.01436861868852,0,0,0,0,0,0,0,0,0,0,23782.514089257347,6614.847744967062,140313.8279345176,4851.681949458483,12593.857471264368,6579.218219643053,2763.2999574401365,10029.011923748767,15366.662453124341,22390.156099680353,0,0,0,0,0,0,0,0,0,0,10,12,24,6,4,2,6,32,0,0,0,0,0.008129385964912281,0.0030350553505535055,0.0305699481865285,0.01583503054989817,0.0014759206798866855,0.003033898305084746,0.003042763157894737,0.0032,0.020129324546952227,0.00466309963099631,0.06877300613496935,0.02343584521384929,0.004295184135977337,0.0046610169491525435,0.004676973684210527,0.004960000000000001,0.022712932454695217,0.00486660516605166,0.08453987730061345,0.024385947046843177,0.004647592067988668,0.004864406779661017,0.00488125,0.0072717917675544815,0.02477981878088962,0.00721388888888887,0.09715337423312884,0.042071428571428544,0.004929518413597734,0.009000000000000015,0.008086363636363645,0.009493099273607747,0.4572102425876011,0.3760416666666666,0.38569165786694826,0.45956873315363883,0.8804780876494024,0.375,0.4592318059299192,0.48760102865540045,2.1806008146639515,2.163719512195122,0.4942449841605069,2.1282868525896417,2.1282868525896417,0.475,2.1274,2.1909029649595686,2.3403004073319753,2.3318597560975602,0.6827160493827154,2.3141434262948204,2.3141434262948204,0.4875,2.3137,2.3454514824797843,2.468060081466395,2.466371951219512,0.9365432098765432,2.462828685258964,2.462828685258964,0.4975,2.4627399999999997,2.4690902964959567,396.36974789913626,396.7226890756306,397.12605042015434,393.0084033613552,397.09243697477416,116158429.57983193,28970216.336134452,0,12898682.62184874,36052854.31932773,3749083600.672269,2779989275.9663863,866659904.5378151,4520879732.168067,3680961200.4033613,0,0,0,0,0,14.218487394957982,1.7983193277310923,4.857142857142857,1.0084033613445378,16.73949579831933,0,0,0,0,0,56750.252100840335,14869.512605042017,1008304.4033613445,33826.42016806723,73452.63865546219,1544.8235294117649,267.1428571428571,2814.5378151260506,1699.5126050420167,433.74789915966386,1748.7899159663866,379.2268907563025,1886.3025210084031,2084.991596638655,538.1680672268907,0,0,0,0,0,0,0,0,0,0,0,0,0,0,0,0,0,0,0,0
1693106214,0.47336157724077577,0.2614032321421654,0.09948598905654092,0.04590244761401608,1.7137960582690657,0.3676804357694048,0.20223810165835238,0.16538688718251612,0.20813098376578293,0.09355762213947538,0,0.16576678980771067,0.07880220646178099,0.5019765325971015,0.15325279047789342,4.563287891410854,4.178381686058138,0.9149569358315383,0.3696514879964773,9.722262780022039,2.130396614162513,0.31522049346096764,0.6472252593030129,3.548101512418475,0.9520365286379889,0,0.28454276783177035,1.6192751182033216,2.4371749168601395,1.0002257362519484,3.7868926179261893,3.7601849546603803,0.9948598905654116,0.29836590949110836,7.691679928183777,1.511575124829767,0.4044762033167053,0.3307737743650328,3.1219647564867525,0.6549033549763293,0,0.18944775978024075,1.201733648542158,1.1921942649181148,0.5619268984189414,50000,100000,50000,50000,50000,50000,10000,50000,50000,20000,50000,0,4055040,0,220594176,0,0,1486848,0,0,2973696,0,0,0,0,3244032,813.8505597500651,1.3271241016448405,0,6.059123085050185,277.39013343126453,260.19518837948254,0,1.559362079149439,941.7233245455807,3.7048818367232386,0,0,236.64302600472809,0,10.114684171540956,0,0,0,0,0,0,0,0,0,0,0,0,0,0,0,224342016,75767808,10711040,439984128,111415296,349663232,39346176,10838016,310304768,93900800,4952064,3993600,305532928,15888384,134160384,205860864,68665344,9596928,199372800,104349696,331431936,35684352,9596928,291016704,82722816,4055040,2568192,295071744,14733312,36225024,0,0,0,0,0,0,0,0,0,0,0,0,0,0,0,207446016,75407360,10326016,424910848,108384256,334094336,39096320,10485760,295440384,92442624,4796416,2916352,297570304,15626240,41254912,189603840,71352320,10326016,211615744,108384256,334094336,37609472,10485760,295440384,89468928,4796416,2916352,297570304,15626240,38010880,1073741824,1073741824,314572800,0,1073741824,1073741824,1073741824,314572800,1073741824,0,0,0,1073741824,314572800,2147483648,8.565982837889425,0,4.494180036852277,0,0,12.464560292201988,34345.006569403646,0,16912.498314682485,0,0,36917.98421496258,8.565982837889425,0,4.494180036852277,0,0,12.464560292201988,34345.006569403646,0,16912.498314682485,0,0,36917.98421496258,100.41995778662663,49.47712719399272,470.4371299198886,17.574046441146322,34.42758620689655,38.96127595897661,16.37434760208767,57.97321586795272,50.773185016643495,88.32200602054434,0,0,0,0,0,0,0,0,0,0,119211.87196727375,120913.82964020823,1578160.832462557,83923.82764941838,335536.33103448275,548175.517354648,2987.1648410725084,8660.388344598872,596797.0968693381,122789.93265679794,0,0,0,0,0,0,0,0,0,0,118.80671062079769,41.092735062422264,458.59456635318713,23.71599634532246,47.9080459770115,53.633344282638056,14.62715319310978,70.80833396622872,68.47006278178064,119.01436861868852,0,0,0,0,0,0,0,0,0,0,23782.514089257347,6614.847744967062,140313.8279345176,4757.097111913357,12593.857471264368,6579.218219643053,2763.299957440136,10029.011923748767,15366.662453124341,22390.156099680353,0,0,0,0,0,0,0,0,0,0,20,12,30,8,8,2,6,86,0,0,0,0,0.008129385964912281,0.0030350553505535055,0.0305699481865285,0.01583503054989817,0.0014759206798866855,0.003033898305084746,0.003042763157894737,0.0032,0.020129324546952227,0.00466309963099631,0.06877300613496935,0.02343584521384929,0.004295184135977337,0.0046610169491525435,0.004676973684210527,0.004960000000000001,0.022712932454695217,0.00486660516605166,0.08453987730061345,0.024385947046843177,0.004647592067988668,0.004864406779661017,0.00488125,0.0072717917675544815,0.02477981878088962,0.00721388888888887,0.09715337423312884,0.042071428571428544,0.004929518413597734,0.009000000000000015,0.008086363636363645,0.009493099273607747,0.4572102425876011,0.3760416666666666,0.38569165786694826,0.45956873315363883,0.8804780876494024,0.375,0.4592318059299192,0.48760102865540045,2.1806008146639515,2.163719512195122,0.4942449841605069,2.1282868525896417,2.1282868525896417,0.475,2.1274,2.1909029649595686,2.3403004073319753,2.3318597560975602,0.6827160493827154,2.3141434262948204,2.3141434262948204,0.4875,2.3137,2.3454514824797843,2.468060081466395,2.466371951219512,0.9365432098765432,2.462828685258964,2.462828685258964,0.4975,2.4627399999999997,2.4690902964959567,396.42016806724195,396.75630252100575,397.17647058822763,392.92436974790525,397.04201680670207,99564604.23529412,28970216.336134452,0,12898751.462184872,36052854.31932773,3749045531.9663863,2723329686.5882354,866681933.4453781,4520971565.176471,3759298129.747899,0,0,0,0,0,14.218487394957982,1.8655462184873948,4.857142857142857,1.1764705882352942,16.6890756302521,0,0,0,0,0,56715.83193277311,15618.1512605042,1008304.4033613445,35349.512605042015,73297.74789915966,1544.5210084033613,266.92436974789916,2813.478991596639,1696.7563025210084,433.47899159663865,1748.3865546218485,379.00840336134456,1886.2016806722688,2082.789915966386,537.8655462184873,0,0,0,0,0,0,0,0,0,0,0,0,0,0,0,0,0,0,0,0
1693106215,0.47336157724077577,0.2667975125451596,0.11087703736556145,0.04502201091741458,1.7137960582690657,0.3752458768346189,0.20223810165835238,0.16538688718251612,0.20813098376578293,0.09355762213947538,0,0.16576678980771067,0.07880220646178099,0.5019765325971015,0.15325279047789342,4.563287891410854,4.264606183975117,0.9063384832021293,0.36256134897552295,9.722262780022039,2.174231935441578,0.31522049346096764,0.6472252593030129,3.548101512418475,0.9520365286379889,0,0.28454276783177035,1.6192751182033216,2.4371749168601395,1.0002257362519484,3.7868926179261893,3.83777960353422,1.0200687437631666,0.2926430709631985,7.691679928183777,1.542677493653425,0.4044762033167053,0.3307737743650328,3.1219647564867525,0.6549033549763293,0,0.18944775978024075,1.201733648542158,1.1921942649181148,0.5619268984189414,50000,100000,50000,50000,50000,50000,10000,50000,50000,20000,50000,0,4055040,0,220594176,0,0,1486848,0,0,2973696,0,0,0,0,3244032,813.8505597500651,1.354510448306196,0,5.942905441098786,277.39013343126453,265.54899883996575,0,1.559362079149439,941.7233245455807,3.7048818367232386,0,0,236.64302600472809,0,10.114684171540956,0,0,0,0,0,0,0,0,0,0,0,0,0,0,0,224342016,75767808,10711040,439984128,111415296,349663232,39346176,10838016,310304768,93900800,4952064,3993600,305532928,15888384,134160384,205860864,68665344,9596928,199372800,104349696,331431936,35684352,9596928,291016704,82722816,4055040,2568192,295071744,14733312,36225024,0,0,0,0,0,0,0,0,0,0,0,0,0,0,0,207446016,75407360,10330112,424910848,108384256,334094336,39096320,10485760,295440384,92442624,4796416,2916352,297570304,15626240,41254912,189603840,71352320,10330112,211615744,108384256,334094336,37609472,10485760,295440384,89468928,4796416,2916352,297570304,15626240,38010880,1073741824,1073741824,314572800,0,1073741824,1073741824,1073741824,314572800,1073741824,0,0,0,1073741824,314572800,2147483648,8.742749257249082,0,4.494180036852277,0,0,12.464560292201988,35053.74530365649,0,16912.498314682485,0,0,36917.98421496258,8.742749257249082,0,4.494180036852277,0,0,12.464560292201988,35053.74530365649,0,16912.498314682485,0,0,36917.98421496258,100.41995778662663,49.47712719399272,470.4371299198886,17.22462361278246,34.42758620689655,38.96127595897661,16.37434760208767,57.97321586795272,50.773185016643495,88.32200602054434,0,0,0,0,0,0,0,0,0,0,119211.87196727375,120913.82964020823,1578160.832462557,82255.17943441636,335536.33103448275,548175.517354648,2987.1648410725084,8660.388344598872,596797.0968693381,122789.93265679794,0,0,0,0,0,0,0,0,0,0,118.80671062079769,41.092735062422264,458.59456635318713,23.244453803984488,47.9080459770115,53.633344282638056,14.62715319310978,70.80833396622872,68.47006278178064,119.01436861868852,0,0,0,0,0,0,0,0,0,0,23782.514089257347,6614.847744967062,140313.8279345176,4662.512274368231,12593.857471264368,6579.218219643053,2763.299957440136,10029.011923748767,15366.662453124341,22390.156099680353,0,0,0,0,0,0,0,0,0,0,44,22,66,10,10,2,10,86,0,0,0,0,0.008129385964912281,0.0030350553505535055,0.0305699481865285,0.01583503054989817,0.0014759206798866855,0.003033898305084746,0.003042763157894737,0.0032072985301571212,0.020129324546952227,0.00466309963099631,0.06877300613496935,0.02343584521384929,0.004295184135977337,0.0046610169491525435,0.004676973684210527,0.004973137354282818,0.022712932454695217,0.00486660516605166,0.08453987730061345,0.024385947046843177,0.004647592067988668,0.004864406779661017,0.00488125,0.007361111111111107,0.02477981878088962,0.00721388888888887,0.09715337423312884,0.042071428571428544,0.004929518413597734,0.009000000000000015,0.008086363636363645,0.009511728395061723,0.4572102425876011,0.3760416666666666,0.38569165786694826,0.45956873315363883,0.8804780876494024,0.375,0.4592318059299192,0.4678941524796446,2.1806008146639515,2.163719512195122,0.4942449841605069,2.1282868525896417,2.1282868525896417,0.475,2.1274,2.1740269461077846,2.3403004073319753,2.3318597560975602,0.6827160493827154,2.3141434262948204,2.3141434262948204,0.4875,2.3137,2.3370134730538923,2.468060081466395,2.466371951219512,0.9365432098765432,2.462828685258964,2.462828685258964,0.4975,2.4627399999999997,2.4674026946107777,396.42016806723774,396.84033613445797,397.1764705882456,393.09243697479127,397.05882352943667,99564535.39495797,19313500.50420168,0,38695772.50420168,36052854.31932773,3678307336.605042,2723425718.857143,866679455.1932772,4521044948.97479,3759311897.815126,0,0,0,0,0,14.15126050420168,1.8655462184873948,6.705882352941176,1.1764705882352942,16.621848739495796,0,0,0,0,0,56586.756302521004,15618.1512605042,1443513.0084033613,35349.512605042015,73048.20168067227,1548.3529411764705,267.14285714285717,2815.310924369748,1692.4201680672268,432.3193277310924,1752.050420168067,379.21008403361344,1887.6974789915967,2078.1176470588234,536.8067226890756,0,0,0,0,0,0,0,0,0,0,0,0,0,0,0,0,0,0,0,0
1693106216,0.47336157724077577,0.2721917929481538,0.11087703736556145,0.07535653058533151,1.7137960582690657,0.38281131789983297,0.20223810165835238,0.16538688718251612,0.20813098376578298,0.09355762213947538,0,0.16576678980771067,0.07880220646178099,0.44451029782190044,0.15325279047789342,4.563287891410854,4.350830681892094,0.9063384832021293,0.4363808519055776,9.722262780022037,2.2180672567206416,0.31522049346096764,0.6472252593030129,3.5481015124184756,0.9520365286379889,0,0.28454276783177035,1.6192751182033216,2.566988762356328,1.0002257362519484,3.7868926179261893,3.9153742524080606,1.0200687437631666,0.33910438763399364,7.691679928183776,1.5737798624770827,0.4044762033167053,0.3307737743650328,3.1219647564867525,0.6549033549763293,0,0.18944775978024075,1.201733648542158,1.2700294223482855,0.5619268984189414,50000,100000,50000,50000,50000,50000,10000,50000,50000,20000,50000,0,4055040,0,220594176,0,0,1486848,0,0,2973696,0,0,0,0,3244032,813.8505597500651,1.3818967949675514,0,4.973531018631903,277.39013343126453,270.9028093004489,0,1.559362079149439,941.7233245455809,3.7048818367232386,0,0,236.64302600472809,0,10.114684171540956,0,0,0,0,0,0,0,0,0,0,0,0,0,0,0,224342016,75767808,10711040,439984128,111415296,349663232,39346176,10838016,310304768,93900800,4952064,3993600,305532928,16019456,134160384,205860864,68665344,9596928,199372800,104349696,331431936,35684352,9596928,291016704,82722816,4055040,2568192,295071744,14733312,36225024,0,0,0,0,0,0,0,0,0,0,0,0,0,0,0,207446016,75407360,10330112,424910848,108384256,334094336,39096320,10485760,295440384,92442624,4796416,2916352,297570304,15630336,41254912,189603840,71352320,10330112,211615744,108384256,334094336,37609472,10485760,295440384,89468928,4796416,2916352,297570304,15630336,38010880,1073741824,1073741824,314572800,0,1073741824,1073741824,1073741824,314572800,1073741824,0,0,0,1073741824,314572800,2147483648,8.919515676608741,0,4.494180036852277,0,0,12.464560292201988,35762.484037909344,0,16912.498314682485,0,0,36917.98421496258,8.919515676608741,0,4.494180036852277,0,0,12.464560292201988,35762.484037909344,0,16912.498314682485,0,0,36917.98421496258,100.41995778662663,49.47712719399272,470.4371299198886,21.085277008056085,34.42758620689655,38.80955558521286,16.37434760208767,57.97321586795272,50.773185016643495,88.32200602054434,0,0,0,0,0,0,0,0,0,0,119211.87196727375,120913.82964020823,1578160.832462557,99879.85612831007,335536.33103448275,551623.4352061924,2987.1648410725084,8660.388344598872,596797.0968693381,122789.93265679794,0,0,0,0,0,0,0,0,0,0,118.80671062079769,41.092735062422264,458.59456635318713,28.55412621804636,47.9080459770115,52.529027091952486,14.62715319310978,70.80833396622872,68.47006278178064,119.01436861868852,0,0,0,0,0,0,0,0,0,0,23782.514089257347,6614.847744967062,140313.8279345176,5855.577780632376,12593.857471264368,6412.17135993594,2763.299957440136,10029.011923748767,15366.662453124341,22390.156099680353,0,0,0,0,0,0,0,0,0,0,24,6,36,12,14,2,14,62,0,0,0,0,0.008129385964912281,0.0030350553505535055,0.0305699481865285,0.01583503054989817,0.0014759206798866855,0.003033898305084746,0.003042763157894737,0.003199951818838834,0.020129324546952227,0.00466309963099631,0.06877300613496935,0.02343584521384929,0.004295184135977337,0.0046610169491525435,0.004676973684210527,0.0049599132739099015,0.022712932454695217,0.00486660516605166,0.08453987730061345,0.024385947046843177,0.004647592067988668,0.004864406779661017,0.00488125,0.007271289537712891,0.02477981878088962,0.00721388888888887,0.09715337423312884,0.042071428571428544,0.004929518413597734,0.009000000000000015,0.008086363636363645,0.00949318734793187,0.4572102425876011,0.3760416666666666,0.38569165786694826,0.45956873315363883,0.8804780876494024,0.375,0.4592318059299192,0.48567229977957377,2.1806008146639515,2.163719512195122,0.4942449841605069,2.1282868525896417,2.1282868525896417,0.475,2.1274,2.189387755102041,2.3403004073319753,2.3318597560975602,0.6827160493827154,2.3141434262948204,2.3141434262948204,0.4875,2.3137,2.34469387755102,2.468060081466395,2.466371951219512,0.9365432098765432,2.462828685258964,2.462828685258964,0.4975,2.4627399999999997,2.4689387755102037,396.5210084033607,396.8571428571535,397.2605042016784,393.1764705882378,397.15966386555453,99564535.39495797,19313500.50420168,0,38695772.50420168,36052854.31932773,3607565836.9075627,2723502751.1932774,866687853.7142857,4613310550.05042,3759367658.487395,0,0,0,0,0,14.033613445378151,1.9159663865546217,6.705882352941176,1.1764705882352942,16.554621848739494,0,0,0,0,0,53566.386554621844,20230.453781512606,1443513.0084033613,35349.512605042015,72617.94957983193,1545.7142857142856,267.0924369747899,2814.285714285714,1685.6470588235295,431.2268907563025,1749.3277310924368,379.12605042016804,1887.344537815126,2071.09243697479,535.5798319327731,0,0,0,0,0,0,0,0,0,0,0,0,0,0,0,0,0,0,0,0
1693106217,0.47336157724077577,0.2775860733511481,0.11087703736556145,0.07535653058533151,1.7137960582690657,0.3903767589650471,0.20223810165835238,0.1653868871825161,0.20813098376578298,0.09355762213947538,0,0.16576678980771067,0.07880220646178099,0.44451029782190044,0.13105454947936632,4.563287891410854,4.437055179809073,0.9063384832021293,0.4363808519055776,9.722262780022037,2.261902577999706,0.31522049346096764,0.6472252593030128,3.5481015124184756,0.9520365286379889,0,0.28454276783177035,1.6192751182033216,2.566988762356328,0.8553458167606766,3.7868926179261893,3.9929689012819014,1.0200687437631666,0.33910438763399364,7.691679928183776,1.6048822313007405,0.4044762033167053,0.33077377436503275,3.1219647564867525,0.6549033549763293,0,0.18944775978024075,1.201733648542158,1.2700294223482855,0.4805333480910089,50000,100000,50000,50000,50000,50000,10000,50000,50000,20000,50000,0,4055040,0,220594176,0,0,1486848,0,0,2973696,0,0,0,0,3244032,813.8505597500651,1.4092831416289069,0,4.973531018631903,277.39013343126453,276.2566197609321,0,1.5593620791494387,941.7233245455809,3.7048818367232386,0,0,236.64302600472809,0,8.649600265638169,0,0,0,0,0,0,0,0,0,0,0,0,0,0,0,224342016,75767808,10711040,439984128,111415296,349663232,39346176,10838016,310304768,93900800,4952064,3993600,305532928,16019456,134160384,205860864,68665344,9596928,199372800,104349696,331431936,35684352,9596928,291016704,82722816,4055040,2568192,295071744,14733312,36225024,0,0,0,0,0,0,0,0,0,0,0,0,0,0,0,207446016,75407360,10330112,424910848,108384256,334094336,39096320,10485760,295440384,92442624,4796416,2916352,297570304,15630336,41254912,189603840,71352320,10330112,211615744,108384256,334094336,37609472,10485760,295440384,89468928,4796416,2916352,297570304,15630336,38010880,1073741824,1073741824,314572800,0,1073741824,1073741824,1073741824,314572800,1073741824,0,0,0,1073741824,314572800,2147483648,9.0962820959684,0,4.494180036852277,0,0,10.659103357655118,36471.2227721622,0,16912.498314682485,0,0,31570.5167513814,9.0962820959684,0,4.494180036852277,0,0,10.659103357655118,36471.2227721622,0,16912.498314682485,0,0,31570.5167513814,100.41995778662663,49.47712719399272,470.4371299198886,21.085277008056085,34.42758620689655,38.80955558521286,16.37434760208767,57.97321586795272,50.773185016643495,92.24426694150992,0,0,0,0,0,0,0,0,0,0,119211.87196727375,120913.82964020823,1578160.832462557,99879.85612831007,335536.33103448275,551623.4352061924,2987.1648410725084,8660.388344598872,596797.0968693381,124296.05771708323,0,0,0,0,0,0,0,0,0,0,118.80671062079769,41.092735062422264,458.59456635318713,28.55412621804636,47.9080459770115,52.529027091952486,14.62715319310978,70.80833396622872,68.47006278178064,123.72240831400842,0,0,0,0,0,0,0,0,0,0,23782.514089257347,6614.847744967062,140313.8279345176,5855.577780632376,12593.857471264368,6412.17135993594,2763.299957440136,10029.011923748767,15366.662453124341,23292.772481319247,0,0,0,0,0,0,0,0,0,0,24,6,26,6,6,2,6,54,0,0,0,0,0.008057065217391305,0.0030338028169014084,0.030431099397590363,0.015805954825462012,0.0015813953488372097,0.003037037037037037,0.0030346620450606584,0.00319970774476376,0.01998767605633803,0.004660845070422535,0.06832278481012657,0.023407597535934292,0.004316279069767441,0.004666666666666666,0.004662391681109185,0.004959473940574767,0.02265228873239436,0.004864225352112676,0.08431962025316454,0.024357802874743328,0.004658139534883722,0.00487037037037037,0.004865857885615251,0.007268472906403931,0.024783978873239437,0.007108823529411746,0.09711708860759495,0.04095833333333316,0.004931627906976743,0.0095,0.007064999999999978,0.009493103448275864,0.45923913043478265,0.3760416666666666,0.3852568676418124,0.45901084010840104,0.870967741935484,0.375,0.4549581005586592,0.49003009781790813,2.1810326659641732,2.162966804979253,0.49346236175526226,2.1268145161290324,2.116521739130435,0.475,2.1155021834061136,2.1927891156462582,2.3405163329820864,2.3314834024896265,0.6703260869565213,2.313407258064516,2.3082608695652174,0.4875,2.307751091703057,2.3463945578231287,2.4681032665964175,2.466296680497925,0.9340652173913044,2.462681451612903,2.461652173913043,0.4975,2.4615502183406113,2.469278911564626,396.4369747899065,396.89075630251017,397.22689075629955,393.09243697479167,397.0924369747901,99564535.39495797,19313500.50420168,0,38695772.50420168,36052854.31932773,3607485431.394958,2723504954.0840335,925021227.02521,4705586408.336134,3759427136.537815,0,0,0,0,0,13.88235294117647,1.9159663865546217,6.705882352941176,1.1764705882352942,16.504201680672267,0,0,0,0,0,53118.924369747896,20230.453781512606,1443513.0084033613,35349.512605042015,72488.87394957982,1535.344537815126,263.12605042016804,2812.8571428571427,1685.6302521008404,430.20168067226894,1739.1764705882351,375.2941176470588,1886.2857142857144,2071.0588235294117,534.5714285714286,0,0,0,0,0,0,0,0,0,0,0,0,0,0,0,0,0,0,0,0
1693106218,0.47336157724077577,0.32365682417965425,0.11087703736556145,0.07535653058533151,1.7137960582690657,0.45392646391284536,0.15788438720172154,0.1653868871825161,0.20813098376578298,0.11631964638827508,0,0.16576678980771067,0.07880220646178099,0.44451029782190044,0.1283485212416804,4.563287891410854,5.173469875018676,0.9063384832021293,0.4363808519055776,9.722262780022037,2.6301192767438435,0.2682398781764563,0.6472252593030128,3.5481015124184756,0.8636083459346322,0,0.28454276783177035,1.6192751182033216,2.566988762356328,1.0280784649516854,3.7868926179261893,4.655678932430413,1.0200687437631666,0.33910438763399364,7.691679928183776,1.8661421294194656,0.2762976776030118,0.33077377436503275,3.1219647564867525,0.5234384087472366,0,0.18944775978024075,1.201733648542158,1.2700294223482855,0.5867360971048238,50000,100000,50000,50000,50000,50000,10000,50000,50000,20000,50000,0,4055040,0,220594176,0,0,1622016,0,0,2973696,0,0,0,0,3244032,813.8505597500651,1.6431807996813228,0,4.973531018631903,277.39013343126453,321.22862762899075,0,1.5593620791494387,941.7233245455809,3.8385483308130746,0,0,236.64302600472809,0,9.681145602229599,0,0,0,0,0,0,0,0,0,0,0,0,0,0,0,224342016,75767808,10711040,439984128,111415296,349663232,39473152,10838016,310304768,93900800,4952064,3993600,305532928,16019456,134160384,205860864,68665344,9596928,199372800,104349696,331431936,35684352,9596928,291016704,82722816,4055040,2568192,295071744,14733312,36360192,0,0,0,0,0,0,0,0,0,0,0,0,0,0,0,207446016,75407360,10330112,424910848,108384256,334094336,39211008,10485760,295440384,92442624,4796416,2916352,297570304,15630336,41504768,189603840,71352320,10330112,211615744,108384256,334094336,37588992,10485760,295440384,89468928,4796416,2916352,297570304,15630336,38260736,1073741824,1073741824,314572800,0,1073741824,1073741824,1073741824,314572800,1073741824,0,0,0,1073741824,314572800,2147483648,10.605985161579447,0,4.065522970444326,0,0,13.201562184858542,42524.32405517105,0,17299.07653691821,0,0,43268.26674489815,10.605985161579447,0,4.065522970444326,0,0,13.201562184858542,42524.32405517105,0,17299.07653691821,0,0,43268.26674489815,100.41995778662663,49.47712719399272,470.4371299198886,21.085277008056078,34.257594397653065,38.80955558521286,16.37434760208767,57.97321586795272,50.773185016643495,92.24426694150992,0,0,0,0,0,0,0,0,0,0,119211.87196727375,120913.82964020823,1578160.832462557,99879.85612831006,336223.85729156807,551623.4352061924,2987.1648410725084,8660.388344598872,596797.0968693381,124296.05771708323,0,0,0,0,0,0,0,0,0,0,118.80671062079769,41.092735062422264,458.59456635318713,28.554126218046353,47.79029052711271,52.529027091952486,14.62715319310978,70.80833396622872,68.47006278178064,123.72240831400842,0,0,0,0,0,0,0,0,0,0,23782.514089257347,6614.847744967062,140313.8279345176,5855.577780632375,12099.484243399262,6412.17135993594,2763.299957440136,10029.011923748767,15366.662453124341,23292.772481319247,0,0,0,0,0,0,0,0,0,0,44,32,82,10,4,2,6,100,0,0,0,0,0.008057065217391305,0.0030338028169014084,0.030431099397590363,0.015805954825462012,0.00151412429378531,0.003033898305084746,0.0030329489291598026,0.00319970774476376,0.01998767605633803,0.004660845070422535,0.06832278481012657,0.023407597535934292,0.004302824858757062,0.0046610169491525435,0.004659308072487644,0.004959473940574767,0.02265228873239436,0.004864225352112676,0.08431962025316454,0.024357802874743328,0.004651412429378532,0.004864406779661017,0.004862602965403625,0.007268472906403931,0.024783978873239437,0.007108823529411746,0.09711708860759495,0.04095833333333316,0.004930282485875706,0.009000000000000015,0.006915000000000011,0.009493103448275864,0.45923913043478265,0.3760416666666666,0.3852568676418124,0.45901084010840104,0.8800403225806451,0.375,0.4595788043478261,0.49003009781790813,2.1810326659641732,2.162966804979253,0.49346236175526226,2.1268145161290324,2.1283132530120485,0.475,2.1283132530120485,2.1927891156462582,2.3405163329820864,2.3314834024896265,0.6703260869565213,2.313407258064516,2.3141566265060236,0.4875,2.314156626506024,2.3463945578231287,2.4681032665964175,2.466296680497925,0.9340652173913044,2.462681451612903,2.4628313253012046,0.4975,2.4628313253012046,2.469278911564626,396.3865546218405,396.7899159664007,397.31092436973296,393.159663865553,397.0756302521043,99564535.39495797,19313500.50420168,0,38695772.50420168,36052854.31932773,3536756460.638655,2780278749.5798316,812012311.6638656,4797774564.033613,3681183485.848739,0,0,0,0,0,14.016806722689076,1.9159663865546217,4.7899159663865545,1.2436974789915967,16.588235294117645,0,0,0,0,0,56139.294117647056,20230.453781512606,985036.3697478991,36037.91596638655,72858.89075630251,1548.487394957983,263.69747899159665,2813.1092436974786,1696.9579831932772,433.4453781512605,1752.0840336134454,375.8655462184874,1886.5882352941178,2082.016806722689,537.9327731092437,0,0,0,0,0,0,0,0,0,0,0,0,0,0,0,0,0,0,0,0
1693106219,0.47336157724077577,0.32365682417965425,0.11087703736556145,0.07535653058533151,1.7137960582690657,0.45392646391284536,0.18531816812990817,0.14122432237317045,0.20813098376578298,0.11631964638827508,0,0.16576678980771067,0.07880220646178099,0.44451029782190044,0.1283485212416804,4.563287891410854,5.173469875018676,0.9063384832021293,0.4363808519055776,9.722262780022037,2.6301192767438435,0.3148488822997983,0.5526674467667853,3.5481015124184756,0.8636083459346322,0,0.28454276783177035,1.6192751182033216,2.566988762356328,1.0280784649516854,3.7868926179261893,4.655678932430413,1.0200687437631666,0.33910438763399364,7.691679928183776,1.8661421294194656,0.32430679422733827,0.28244864474634135,3.1219647564867525,0.5234384087472366,0,0.18944775978024075,1.201733648542158,1.2700294223482855,0.5867360971048238,50000,100000,50000,50000,50000,50000,10000,50000,50000,20000,50000,0,4055040,0,220594176,0,0,1622016,0,0,2973696,0,0,0,0,3244032,813.8505597500651,1.6431807996813228,0,4.973531018631903,277.39013343126453,321.22862762899075,0,1.3315436109470367,941.7233245455809,3.8385483308130746,0,0,236.64302600472809,0,9.681145602229599,0,0,0,0,0,0,0,0,0,0,0,0,0,0,0,224342016,75767808,10711040,439984128,111415296,349663232,39473152,10838016,310304768,93900800,4952064,3993600,305532928,16019456,134160384,205860864,68665344,9596928,199372800,104349696,331431936,35684352,9596928,291016704,82722816,4055040,2568192,295071744,14733312,36360192,0,0,0,0,0,0,0,0,0,0,0,0,0,0,0,207446016,75407360,10330112,424910848,108384256,334094336,39211008,10485760,295440384,92442624,4796416,2916352,297570304,15630336,41504768,189603840,71352320,10330112,211615744,108384256,334094336,37588992,10485760,295440384,89468928,4796416,2916352,297570304,15630336,38260736,1073741824,1073741824,314572800,0,1073741824,1073741824,1073741824,314572800,1073741824,0,0,0,1073741824,314572800,2147483648,10.605985161579447,0,4.771942829345131,0,0,13.201562184858542,42524.32405517105,0,20304.94104565776,0,0,43268.26674489815,10.605985161579447,0,4.771942829345131,0,0,13.201562184858542,42524.32405517105,0,20304.94104565776,0,0,43268.26674489815,100.41995778662663,49.47712719399272,470.4371299198886,21.085277008056078,34.257594397653065,38.80955558521286,16.37434760208767,57.97321586795272,50.47012332220481,92.24426694150992,0,0,0,0,0,0,0,0,0,0,119211.87196727375,120913.82964020823,1578160.832462557,99879.85612831006,336223.85729156807,551623.4352061924,2987.1648410725084,8660.388344598872,598779.0420385638,124296.05771708323,0,0,0,0,0,0,0,0,0,0,118.80671062079769,41.092735062422264,458.59456635318713,28.554126218046353,47.79029052711271,52.529027091952486,14.62715319310978,70.80833396622872,68.25304898821285,123.72240831400842,0,0,0,0,0,0,0,0,0,0,23782.514089257347,6614.847744967062,140313.8279345176,5855.577780632375,12099.484243399262,6412.17135993594,2763.299957440136,10029.011923748767,15194.266539483548,23292.772481319247,0,0,0,0,0,0,0,0,0,0,34,16,58,4,2,2,2,44,0,0,0,0,0.008057065217391305,0.0030338028169014084,0.030431099397590363,0.015805954825462012,0.00151412429378531,0.003033898305084746,0.0030329489291598026,0.00319970774476376,0.01998767605633803,0.004660845070422535,0.06832278481012657,0.023407597535934292,0.004302824858757062,0.0046610169491525435,0.004659308072487644,0.004959473940574767,0.02265228873239436,0.004864225352112676,0.08431962025316454,0.024357802874743328,0.004651412429378532,0.004864406779661017,0.004862602965403625,0.007268472906403931,0.024783978873239437,0.007108823529411746,0.09711708860759495,0.04095833333333316,0.004930282485875706,0.009000000000000015,0.006915000000000011,0.009493103448275864,0.45923913043478265,0.3760416666666666,0.3852568676418124,0.45901084010840104,0.8800403225806451,0.375,0.4595788043478261,0.49003009781790813,2.1810326659641732,2.162966804979253,0.49346236175526226,2.1268145161290324,2.1283132530120485,0.475,2.1283132530120485,2.1927891156462582,2.3405163329820864,2.3314834024896265,0.6703260869565213,2.313407258064516,2.3141566265060236,0.4875,2.314156626506024,2.3463945578231287,2.4681032665964175,2.466296680497925,0.9340652173913044,2.462681451612903,2.4628313253012046,0.4975,2.4628313253012046,2.469278911564626,396.470588235287,396.75630252098927,397.27731092435977,393.17647058821944,397.00840336132745,99564535.39495797,19313500.50420168,0,38695772.50420168,36052854.31932773,3466020055.1260505,2837064867.495798,812018438.4537815,4613319223.932773,3759529157.915966,0,0,0,0,0,14.218487394957982,1.1092436974789917,4.7899159663865545,1.2436974789915967,16.77310924369748,0,0,0,0,0,56690.016806722684,16444.235294117647,985036.3697478991,36037.91596638655,73547.29411764705,1552.2016806722688,265.7647058823529,2811.9663865546217,1706.9747899159665,436.11764705882354,1755.310924369748,377.68067226890753,1885.8991596638655,2092.235294117647,540.6554621848738,0,0,0,0,0,0,0,0,0,0,0,0,0,0,0,0,0,0,0,0
1693106220,0.47336157724077577,0.32365682417965425,0.11087703736556145,0.07535653058533151,1.7137960582690657,0.45392646391284536,0.18531816812990817,0.13846787425346188,0.20813098376578298,0.11631964638827508,0,0.16576678980771067,0.07880220646178099,0.44451029782190044,0.1283485212416804,4.563287891410854,5.173469875018676,0.9063384832021293,0.4363808519055776,9.722262780022037,2.6301192767438435,0.3148488822997983,0.541880359111735,3.5481015124184756,0.8636083459346322,0,0.28454276783177035,1.6192751182033216,2.566988762356328,1.0280784649516854,3.7868926179261893,4.655678932430413,1.0200687437631666,0.33910438763399364,7.691679928183776,1.8661421294194656,0.32430679422733827,0.27693574850692415,3.1219647564867525,0.5234384087472366,0,0.18944775978024075,1.201733648542158,1.2700294223482855,0.5867360971048238,50000,100000,50000,50000,50000,50000,10000,50000,50000,20000,50000,0,4055040,0,220594176,0,0,1622016,0,0,2973696,0,0,0,0,3244032,813.8505597500651,1.6431807996813228,0,4.973531018631903,277.39013343126453,321.22862762899075,0,1.3055542429612128,941.7233245455809,3.8385483308130746,0,0,236.64302600472809,0,9.681145602229599,0,0,0,0,0,0,0,0,0,0,0,0,0,0,0,224342016,75767808,10711040,439984128,111415296,349663232,39473152,10838016,310304768,93900800,4952064,3993600,305532928,16019456,134160384,205860864,68665344,9596928,199372800,104349696,331431936,35684352,9596928,291016704,82722816,4055040,2568192,295071744,14733312,36360192,0,0,0,0,0,0,0,0,0,0,0,0,0,0,0,207446016,75407360,10330112,424910848,108384256,334094336,39211008,10485760,295440384,92442624,4796416,2916352,297570304,15630336,41504768,189603840,71352320,10330112,211615744,108384256,334094336,37588992,10485760,295440384,89468928,4796416,2916352,297570304,15630336,38260736,1073741824,1073741824,314572800,0,1073741824,1073741824,1073741824,314572800,1073741824,0,0,0,1073741824,314572800,2147483648,10.605985161579447,0,4.771942829345131,0,0,13.201562184858542,42524.32405517105,0,20304.94104565776,0,0,43268.26674489815,10.605985161579447,0,4.771942829345131,0,0,13.201562184858542,42524.32405517105,0,20304.94104565776,0,0,43268.26674489815,100.41995778662663,49.47712719399272,470.4371299198886,21.085277008056078,34.257594397653065,38.80955558521286,16.37434760208767,57.97321586795272,39.721040588191165,92.24426694150992,0,0,0,0,0,0,0,0,0,0,119211.87196727375,120913.82964020823,1578160.832462557,99879.85612831006,336223.85729156807,551623.4352061924,2987.1648410725084,8660.388344598872,494239.4286987021,124296.05771708323,0,0,0,0,0,0,0,0,0,0,118.80671062079769,41.092735062422264,458.59456635318713,28.554126218046353,47.79029052711271,52.529027091952486,14.62715319310978,70.80833396622872,54.11039837947333,123.72240831400842,0,0,0,0,0,0,0,0,0,0,23782.514089257347,6614.847744967062,140313.8279345176,5855.577780632375,12099.484243399262,6412.17135993594,2763.299957440136,10029.011923748767,11487.457207967589,23292.772481319247,0,0,0,0,0,0,0,0,0,0,52,24,64,10,10,2,10,106,0,0,0,0,0.008057065217391305,0.0030338028169014084,0.030431099397590363,0.015805954825462012,0.00151412429378531,0.003033898305084746,0.0030329489291598026,0.003206510681586979,0.01998767605633803,0.004660845070422535,0.06832278481012657,0.023407597535934292,0.004302824858757062,0.0046610169491525435,0.004659308072487644,0.0049717192268565625,0.02265228873239436,0.004864225352112676,0.08431962025316454,0.024357802874743328,0.004651412429378532,0.004864406779661017,0.004862602965403625,0.0073519900497512475,0.024783978873239437,0.007108823529411746,0.09711708860759495,0.04095833333333316,0.004930282485875706,0.009000000000000015,0.006915000000000011,0.009510199004975128,0.45923913043478265,0.3760416666666666,0.3852568676418124,0.45901084010840104,0.8800403225806451,0.375,0.4595788043478261,0.4749810462471569,2.1810326659641732,2.162966804979253,0.49346236175526226,2.1268145161290324,2.1283132530120485,0.475,2.1283132530120485,2.1805596465390282,2.3405163329820864,2.3314834024896265,0.6703260869565213,2.313407258064516,2.3141566265060236,0.4875,2.314156626506024,2.340279823269514,2.4681032665964175,2.466296680497925,0.9340652173913044,2.462681451612903,2.4628313253012046,0.4975,2.4628313253012046,2.468055964653903,396.4201680672156,396.78991596636934,397.3277310924354,393.24369747900136,397.0756302521112,99564535.39495797,19313500.50420168,0,38695772.50420168,36052854.31932773,3395294251.02521,2893882996.168067,755589670.722689,4705530716.504202,3759610389.5126047,0,0,0,0,0,14.319327731092436,1.1092436974789917,4.7899159663865545,1.2436974789915967,16.80672268907563,0,0,0,0,0,56973.98319327731,16444.235294117647,985036.3697478991,36037.91596638655,73598.9243697479,1549.613445378151,265.7310924369748,2813.9999999999995,1705.3781512605042,435.563025210084,1752.7394957983192,377.69747899159665,1886.8403361344538,2090.9747899159665,540.2016806722689,0,0,0,0,0,0,0,0,0,0,0,0,0,0,0,0,0,0,0,0
1693106221,0.47336157724077577,0.32365682417965425,0.11087703736556145,0.07535653058533151,1.7137960582690657,0.45392646391284536,0.18531816812990817,0.11565286773678753,0.20813098376578298,0.11631964638827508,0,0.141824539799817,0.07880220646178102,0.44451029782190044,0.1283485212416804,4.563287891410854,5.173469875018676,0.9063384832021293,0.4363808519055776,9.722262780022037,2.6301192767438435,0.3148488822997983,0.5181309250190089,3.5481015124184756,0.8636083459346322,0.00003726491597363806,0.24344530739793502,1.619275118203322,2.566988762356328,1.0280784649516854,3.7868926179261893,4.655678932430413,1.0200687437631666,0.33910438763399364,7.691679928183776,1.8661421294194656,0.32430679422733827,0.23130573547357572,3.1219647564867525,0.5234384087472366,0,0.16208518834264798,1.2017336485421584,1.2700294223482855,0.5867360971048238,50000,100000,50000,50000,50000,50000,10000,50000,50000,20000,50000,0,4055040,0,220594176,0,0,1622016,0,0,2973696,0,0,0,0,3244032,813.8505597500651,1.6431807996813228,0,4.973531018631903,277.39013343126453,321.22862762899075,0,1.9082723176569978,941.7233245455809,3.8385483308130746,0,0,236.64302600472817,0,9.681145602229599,0,0,0,0,0,0,0,0,0,0,0,0,0,0,0,224342016,75767808,10711040,439984128,111415296,349663232,39473152,10838016,310304768,93900800,4952064,3993600,305532928,16019456,134160384,205860864,68665344,9596928,199372800,104349696,331431936,35684352,9596928,291016704,82722816,4055040,2568192,295071744,14733312,36360192,0,0,0,0,0,0,0,0,0,0,0,0,0,0,0,207446016,75407360,10330112,424910848,108384256,334094336,39211008,10485760,295440384,92442624,4796416,2916352,297570304,15630336,41504768,189603840,71352320,10330112,211615744,108384256,334094336,37588992,10485760,295440384,89468928,4796416,2916352,297570304,15630336,38260736,1073741824,1073741824,314572800,0,1073741824,1073741824,1073741824,314572800,1073741824,0,0,0,1073741824,314572800,2147483648,10.605985161579447,0,4.771942829345131,0,0,13.201562184858542,42524.32405517105,0,20304.94104565776,0,0,43268.26674489815,10.605985161579447,0,4.771942829345131,0,0,13.201562184858542,42524.32405517105,0,20304.94104565776,0,0,43268.26674489815,100.41995778662663,49.47712719399272,470.4371299198886,20.937025353429135,34.257594397653065,38.80955558521286,16.37434760208767,49.88257048344768,40.51763876831398,92.24426694150992,0,0,0,0,0,0,0,0,0,0,119211.87196727375,120913.82964020823,1578160.832462557,100306.62460567821,336223.85729156807,551623.4352061924,2987.1648410725084,7451.7589812072265,504151.3097475429,124296.05771708323,0,0,0,0,0,0,0,0,0,0,118.80671062079769,41.092735062422264,458.59456635318713,28.227596681855353,47.79029052711271,52.529027091952486,14.62715319310978,60.92644089179177,55.19557248963055,123.72240831400842,0,0,0,0,0,0,0,0,0,0,23782.514089257347,6614.847744967062,140313.8279345176,5667.741558593293,12099.484243399262,6412.17135993594,2763.299957440136,8629.379734690261,11717.836054306934,23292.772481319247,0,0,0,0,0,0,0,0,0,0,30,14,28,14,16,2,14,88,0,0,0,0,0.008057065217391305,0.0030338017891084193,0.030431099397590363,0.015805954825462012,0.00151412429378531,0.003033898305084746,0.0030329489291598026,0.003199757575757576,0.01998767605633803,0.004660843220395155,0.06832278481012657,0.023407597535934292,0.004302824858757062,0.0046610169491525435,0.004659308072487644,0.004959563636363636,0.02265228873239436,0.004864223399305997,0.08431962025316454,0.024357802874743328,0.004651412429378532,0.004864406779661017,0.004862602965403625,0.007280172413793105,0.024783978873239437,0.007108727359012903,0.09711708860759495,0.04095833333333316,0.004930282485875706,0.009000000000000015,0.006915000000000011,0.009515147783251236,0.45923913043478265,0.3760753501400561,0.3852568676418124,0.45901084010840104,0.8800403225806451,0.375,0.4595788043478261,0.49200526711813397,2.1810326659641732,2.162976868091635,0.49346236175526226,2.1268145161290324,2.1283132530120485,0.475,2.1283132530120485,2.1942722371967656,2.3405163329820864,2.3314884340458173,0.6703260869565213,2.313407258064516,2.3141566265060236,0.4875,2.314156626506024,2.3471361185983826,2.4681032665964175,2.4662976868091633,0.9340652173913044,2.462681451612903,2.4628313253012046,0.4975,2.4628313253012046,2.4694272237196766,396.4033613445327,396.75630252102036,397.2100840336173,393.1932773109211,397.00840336134496,82970710.05042017,19313500.50420168,0,38695772.50420168,36052854.31932773,3395309671.2605042,2837178660.5714283,755427069.8487395,4705541042.554622,3916315845.915966,0,0,0,0,0,14.201680672268907,2.0672268907563023,4.7899159663865545,1.2436974789915967,16.6890756302521,0,0,0,0,0,56629.78151260504,21331.899159663866,985036.3697478991,36037.91596638655,73237.51260504201,1545.058823529412,266.4033613445378,2813.596638655462,1695.1428571428573,433.6470588235294,1748.2352941176468,378.453781512605,1886.1680672268908,2079.781512605042,538.3025210084033,0,0,0,0,0,0,0,0,0,0,0,0,0,0,0,0,0,0,0,0
1693106222,0.47336157724077577,0.32365682417965425,0.11087703736556145,0.04717314904356445,1.7137960582690657,0.4810004810004815,0.18531816812990817,0.11330611095466044,0.20813098376578298,0.11015399528540956,0,0.13906175996968848,0.02601837469932745,0.44451029782190044,0.1283485212416804,4.563287891410854,5.173469875018676,0.9063384832021293,0.44148175578460686,9.722262780022037,2.6655461419753053,0.3148488822997983,0.5076173313130106,3.5481015124184756,0.9417543587935929,0.00003726491597363806,0.23870292793407216,0.8892370144582735,2.566988762356328,1.0280784649516854,3.7868926179261893,4.655678932430413,1.0200687437631666,0.33021204330495113,7.691679928183776,1.8438351771685138,0.32430679422733827,0.22661222190932145,3.1219647564867525,0.5948315745412076,0,0.15892772567964397,0.598422618084536,1.2700294223482855,0.5867360971048238,50000,100000,50000,50000,50000,50000,10000,50000,50000,20000,50000,0,4055040,0,220594176,0,0,1622016,0,0,2973696,0,0,0,0,3244032,813.8505597500651,1.6431807996813228,0,4.670141755312876,277.39013343126453,321.42857142857144,0,1.8695508307519006,941.7233245455809,2.9080654755347974,0,0,51.51638190466945,0,9.681145602229599,0,0,0,0,0,0,0,0,0,0,0,0,0,0,0,224342016,75767808,10711040,439984128,111415296,349663232,39473152,10838016,310304768,93900800,4952064,3993600,305532928,16019456,134160384,205860864,68665344,9596928,199372800,104349696,331296768,35684352,9596928,291016704,82722816,4055040,2568192,295071744,14733312,36360192,0,0,0,0,0,0,0,0,0,0,0,0,0,0,0,207446016,75407360,10330112,424910848,108384256,334032896,39211008,10485760,295440384,92467200,4796416,2916352,297570304,15630336,41504768,189603840,71352320,10330112,211615744,108384256,334032896,37588992,10485760,295440384,89493504,4796416,2916352,297570304,15630336,38260736,1073741824,1073741824,314572800,0,1073741824,1073741824,1073741824,314572800,1073741824,0,0,0,1073741824,314572800,2147483648,10.605985161579447,0,4.771942829345131,0,0,13.201562184858542,42524.32405517105,0,20304.94104565776,0,0,43268.26674489815,10.605985161579447,0,4.771942829345131,0,0,13.201562184858542,42524.32405517105,0,20304.94104565776,0,0,43268.26674489815,100.41995778662663,49.47712719399272,470.4371299198886,20.937025353429135,34.257594397653065,38.80955558521286,16.37434760208767,48.916350218981805,47.795890807369545,92.24426694150992,0,0,0,0,0,0,0,0,0,0,119211.87196727375,120913.82964020823,1578160.832462557,100306.62460567821,336223.85729156807,551623.4352061924,2987.1648410725084,7307.419175463913,594712.8629304525,124296.05771708323,0,0,0,0,0,0,0,0,0,0,118.80671062079769,41.092735062422264,458.59456635318713,28.227596681855353,47.79029052711271,52.529027091952486,14.62715319310978,59.74630199235463,65.1104466094338,123.72240831400842,0,0,0,0,0,0,0,0,0,0,23782.514089257347,6614.847744967062,140313.8279345176,5667.741558593293,12099.484243399262,6412.17135993594,2763.299957440136,8462.229535961116,13822.730780360762,23292.772481319247,0,0,0,0,0,0,0,0,0,0,32,18,56,8,10,2,10,46,0,0,0,0,0.008090463458110516,0.003035613870665417,0.030388257575757575,0.01579192546583851,0.0016023391812865495,0.003037037037037037,0.0030350262697022767,0.0031998060135790497,0.020211033274956217,0.00466410496719775,0.06885330578512397,0.023406832298136643,0.00432046783625731,0.004666666666666666,0.004663047285464098,0.004959650824442288,0.022894483362521884,0.004867666354264292,0.0845816115702479,0.024358695652173912,0.0046602339181286544,0.00487037037037037,0.0048665499124343255,0.007297766749379656,0.03154166666666552,0.007394117647058786,0.0971642561983471,0.04112499999999974,0.004932046783625731,0.0095,0.00709499999999999,0.009548883374689829,0.45878746594005454,0.375,0.3858404710920771,0.45935792349726773,0.8653846153846154,0.375,0.45343137254901955,0.49215246636771304,2.1811134235171696,2.1627329192546587,0.49451284796573874,2.1277327935222674,2.1109375,0.475,2.1109375,2.1943396226415093,2.3405567117585844,2.331366459627329,0.686728395061728,2.3138663967611337,2.30546875,0.4875,2.30546875,2.347169811320755,2.4681113423517167,2.4662732919254657,0.9373456790123452,2.4627732793522266,2.46109375,0.4975,2.46109375,2.469433962264151,396.3697478991752,396.75630252099813,397.31092436975314,393.15966386554834,396.94117647056834,99564879.59663865,19313500.50420168,0,38695772.50420168,36052854.31932773,3465932696.7394958,2893942543.0588236,813828526.2521008,4705496365.176471,3994644996.3025208,0,0,0,0,0,14.235294117647058,2.0672268907563023,4.7899159663865545,1.2436974789915967,16.60504201680672,0,0,0,0,0,56750.252100840335,21331.899159663866,985036.3697478991,36037.91596638655,72936.33613445378,1545.6806722689075,265.8487394957983,2814.1344537815125,1690.0168067226891,431.9327731092437,1748.8403361344535,377.8487394957983,1886.7226890756303,2075.4453781512602,536.672268907563,0,0,0,0,0,0,0,0,0,0,0,0,0,0,0,0,0,0,0,0
1693106223,0.4007702644776327,0.32365682417965425,0.11087703736556145,0.04717314904356445,1.3577115052144333,0.4810004810004815,0.18531816812990817,0.16816968321035916,0.20173492031470625,0.11015399528540956,0,0.13629898013956,0.026557696663753766,0.44451029782190044,0.11515165472927857,3.863495017463301,5.173469875018676,0.9063384832021293,0.44148175578460686,7.888951547000271,2.6655461419753053,0.3148488822997983,0.6334781022051246,2.992942067232749,0.9417543587935929,0.00004607180187290928,0.2339605484702094,0.9076695667994704,2.566988762356328,1.0069202643881994,3.206162115821048,4.655678932430413,1.0200687437631666,0.33021204330495113,6.408398304612124,1.8438351771685138,0.32430679422733827,0.3573605768220133,2.6225539640911837,0.5948315745412076,0,0.15577026301664,0.6108270232663413,1.2700294223482855,0.5527279427005362,50000,100000,50000,50000,50000,50000,10000,50000,50000,20000,50000,0,4055040,0,220594176,0,0,1622016,0,0,2973696,0,0,0,0,3244032,689.0443157163934,1.6431807996813228,0,4.670141755312876,207.89278567843402,321.42857142857144,0,1.3873998864854638,746.8226750050434,2.9080654755347974,0,0,52.58423939423358,0,9.120011054558855,0,0,0,0,0,0,0,0,0,0,0,0,0,0,0,224342016,75767808,10711040,439984128,111415296,349663232,39473152,10838016,310304768,93900800,4952064,3993600,305532928,16019456,134160384,205860864,68665344,9596928,199372800,104349696,331296768,35684352,9596928,291016704,82722816,4055040,2568192,295071744,14733312,36360192,0,0,0,0,0,0,0,0,0,0,0,0,0,0,0,207446016,75407360,10330112,424910848,108384256,334032896,39211008,10485760,295288832,92467200,4796416,2916352,297570304,15630336,41504768,189603840,71352320,10330112,211615744,108384256,334032896,37588992,10485760,295288832,89493504,4796416,2916352,297570304,15630336,38260736,1073741824,1073741824,314572800,0,1073741824,1073741824,1073741824,314572800,1073741824,0,0,0,1073741824,314572800,2147483648,10.605985161579447,0,4.771942829345131,0,0,13.887289560350984,42524.32405517105,0,20304.94104565776,0,0,46328.91918656872,10.605985161579447,0,4.771942829345131,0,0,13.887289560350984,42524.32405517105,0,20304.94104565776,0,0,46328.91918656872,100.41995778662663,49.47712719399272,470.4371299198886,20.937025353429135,34.257594397653065,38.80955558521286,16.37434760208767,47.95012995451592,47.795890807369545,92.24426694150992,0,0,0,0,0,0,0,0,0,0,119211.87196727375,120913.82964020823,1578160.832462557,100306.62460567821,336223.85729156807,551623.4352061924,2987.1648410725084,7163.079369720598,594712.8629304525,124296.05771708323,0,0,0,0,0,0,0,0,0,0,118.80671062079769,41.092735062422264,458.59456635318713,28.227596681855353,47.79029052711271,52.529027091952486,14.62715319310978,58.566163092917485,65.1104466094338,123.72240831400842,0,0,0,0,0,0,0,0,0,0,23782.514089257347,6614.847744967062,140313.8279345176,5667.741558593293,12099.484243399262,6412.17135993594,2763.299957440136,8295.07933723197,13822.730780360762,23292.772481319247,0,0,0,0,0,0,0,0,0,0,14,14,30,2,2,2,2,16,0,0,0,0,0.008090463458110516,0.003035613870665417,0.030388257575757575,0.01579192546583851,0.0015170454545454545,0.003033898305084746,0.003033167495854063,0.0031998060135790497,0.020211033274956217,0.00466410496719775,0.06885330578512397,0.023406832298136643,0.00430340909090909,0.0046610169491525435,0.0046597014925373135,0.004959650824442288,0.022894483362521884,0.004867666354264292,0.0845816115702479,0.024358695652173912,0.004651704545454546,0.004864406779661017,0.00486301824212272,0.007297766749379656,0.03154166666666552,0.007394117647058786,0.0971642561983471,0.04112499999999974,0.0049303409090909085,0.009000000000000015,0.006934999999999968,0.009548883374689829,0.45878746594005454,0.375,0.3858404710920771,0.45935792349726773,0.8775303643724697,0.375,0.45878746594005454,0.49215246636771304,2.1811134235171696,2.1627329192546587,0.49451284796573874,2.1277327935222674,2.1262195121951217,0.475,2.1262195121951217,2.1943396226415093,2.3405567117585844,2.331366459627329,0.686728395061728,2.3138663967611337,2.313109756097561,0.4875,2.313109756097561,2.347169811320755,2.4681113423517167,2.4662732919254657,0.9373456790123452,2.4627732793522266,2.462621951219512,0.4975,2.462621951219512,2.469433962264151,396.4033613445231,396.7226890756013,397.1764705882283,393.09243697480014,396.90756302520055,99564879.59663865,19313500.50420168,0,38695772.50420168,36052854.31932773,3324501878.3193274,2780526437.1092434,813615809.6134454,4613290104.470588,4072989911.1260505,0,0,0,0,0,13.88235294117647,2.0672268907563023,4.42016806722689,1.2436974789915967,15.966386554621849,0,0,0,0,0,53239.39495798319,21331.899159663866,982738.8235294117,36037.91596638655,67343.05882352941,1536.1512605042014,265.12605042016804,2812.2857142857138,1687.966386554622,431.546218487395,1739.2773109243697,377.2268907563025,1885.4789915966387,2073.4285714285716,536.3697478991596,0,0,0,0,0,0,0,0,0,0,0,0,0,0,0,0,0,0,0,0
1693106224,0.39288090485695315,0.2946144478925245,0.11087703736556145,0.04717314904356445,1.3382295244729483,0.4810004810004815,0.18531816812990817,0.16816968321035916,0.20173492031470625,0.11015399528540956,0,0.17952776530459527,0.027097018628180074,0.44451029782190044,0.11515165472927857,3.7874402192731202,5.256054870958869,0.9063384832021293,0.44148175578460686,7.88799087535531,2.6655461419753053,0.3148488822997983,0.6334781022051246,2.992942067232749,0.9417543587935929,0.00004607180187290928,0.23216643711682405,0.9261021191406671,2.566988762356328,1.0069202643881994,3.143047238855611,4.674549239894726,1.0200687437631666,0.33021204330495113,6.317230549350245,1.8438351771685138,0.32430679422733827,0.3573605768220133,2.6225539640911837,0.5948315745412076,0,0.14960647108716274,0.6232314284481465,1.2700294223482855,0.5527279427005362,50000,100000,50000,50000,50000,50000,10000,50000,50000,20000,50000,0,4190208,0,220594176,0,0,1622016,0,0,2973696,0,0,0,0,3244032,675.480139720559,1.2963035707271084,0,4.670141755312876,203.92256371453962,321.42857142857144,0,1.3873998864854638,746.8226750050434,2.9080654755347974,0,0,53.6520968837977,0,9.120011054558855,0,0,0,0,0,0,0,0,0,0,0,0,0,0,0,224342016,75849728,10711040,439984128,111415296,349663232,39473152,10838016,310304768,93900800,4952064,3993600,305532928,16019456,134160384,205860864,68665344,9596928,199372800,103809024,331296768,35684352,9596928,291016704,82722816,4055040,2568192,295071744,14733312,36360192,0,0,0,0,0,0,0,0,0,0,0,0,0,0,0,207446016,75591680,10330112,424910848,107560960,334032896,39211008,10485760,295288832,92467200,4796416,2916352,297570304,15630336,41504768,189603840,71401472,10330112,211615744,107560960,334032896,37588992,10485760,295288832,89493504,4796416,2916352,297570304,15630336,38260736,1073741824,1073741824,314572800,0,1073741824,1073741824,1073741824,314572800,1073741824,0,0,0,1073741824,314572800,2147483648,10.350787602624033,0,4.771942829345131,0,0,13.887289560350984,40636.995718270024,0,20304.94104565776,0,0,46328.91918656872,10.350787602624033,0,4.771942829345131,0,0,13.887289560350984,40636.995718270024,0,20304.94104565776,0,0,46328.91918656872,100.41995778662663,49.47712719399272,473.14192904393724,20.937025353429135,34.257594397653065,38.80955558521286,16.313805104408353,46.98390969005004,47.795890807369545,92.24426694150992,0,0,0,0,0,0,0,0,0,0,119211.87196727375,120913.82964020823,1577797.7227739524,100306.62460567821,336223.85729156807,551623.4352061924,2984.211861948956,7018.739563977283,594712.8629304525,124296.05771708323,0,0,0,0,0,0,0,0,0,0,118.80671062079769,41.092735062422264,461.958820444279,28.227596681855353,47.79029052711271,52.529027091952486,14.537412993039442,57.38602419348034,65.1104466094338,123.72240831400842,0,0,0,0,0,0,0,0,0,0,23782.514089257347,6614.847744967062,141710.60957247028,5667.741558593293,12099.484243399262,6412.17135993594,2754.5859918793503,8127.929138502823,13822.730780360762,23292.772481319247,0,0,0,0,0,0,0,0,0,0,28,16,40,22,22,2,22,102,0,0,0,0,0.008090463458110516,0.003035613870665417,0.030388257575757575,0.01579192546583851,0.0015170454545454545,0.003033898305084746,0.003033167495854063,0.0031998060135790497,0.020211033274956217,0.00466410496719775,0.06885330578512397,0.023406832298136643,0.00430340909090909,0.0046610169491525435,0.0046597014925373135,0.004959650824442288,0.022894483362521884,0.004867666354264292,0.0845816115702479,0.024358695652173912,0.004651704545454546,0.004864406779661017,0.00486301824212272,0.007297766749379656,0.03154166666666552,0.007394117647058786,0.0971642561983471,0.04112499999999974,0.0049303409090909085,0.009000000000000015,0.006934999999999968,0.009548883374689829,0.45878746594005454,0.375,0.3858404710920771,0.45935792349726773,0.8775303643724697,0.375,0.45878746594005454,0.49215246636771304,2.1811134235171696,2.1627329192546587,0.49451284796573874,2.1277327935222674,2.1262195121951217,0.475,2.1262195121951217,2.1943396226415093,2.3405567117585844,2.331366459627329,0.686728395061728,2.3138663967611337,2.313109756097561,0.4875,2.313109756097561,2.347169811320755,2.4681113423517167,2.4662732919254657,0.9373456790123452,2.4627732793522266,2.462621951219512,0.4975,2.462621951219512,2.469433962264151,396.47058823528545,396.6554621848515,397.22689075628335,393.0588235294204,396.9075630251875,99564741.91596638,19313500.50420168,0,38695772.50420168,36052854.31932773,3253807465.4117646,2723821000.067227,872081081.0084033,4613328104.336134,4072979378.5546217,0,0,0,0,0,13.865546218487394,2.0504201680672267,4.42016806722689,1.2436974789915967,15.76470588235294,0,0,0,0,0,53213.57983193277,21056.53781512605,982738.8235294117,36037.91596638655,65449.94957983193,1537.6134453781513,264.5546218487395,2810.285714285714,1682.2521008403362,429.7142857142857,1740.672268907563,376.75630252100837,1883.6134453781513,2068.2857142857138,534.487394957983,0,0,0,0,0,0,0,0,0,0,0,0,0,0,0,0,0,0,0,0
1693106225,0.5330035817840696,0.2946144478925245,0.11087703736556145,0.04717314904356445,1.3654528276204425,0.4810004810004815,0.18531816812990817,0.16816968321035916,0.20173492031470625,0.11015399528540956,0,0.21548008963971726,0.03235931786557871,0.44451029782190044,0.11515165472927857,5.479155095514229,5.256054870958869,0.9063384832021293,0.44148175578460686,8.048454505022304,2.6655461419753053,0.3148488822997983,0.6334781022051246,2.992942067232749,0.9417543587935929,0.00004607180187290928,0.2975004977590073,1.10595314047181,2.566988762356328,1.0069202643881994,4.605150946614369,4.674549239894726,1.0200687437631666,0.33021204330495113,6.445740553914152,1.8438351771685138,0.32430679422733827,0.3573605768220133,2.6225539640911837,0.5948315745412076,0,0.15083606274780226,0.744264310908316,1.2700294223482855,0.5527279427005362,50000,100000,50000,50000,50000,50000,10000,50000,50000,20000,50000,0,4190208,0,220594176,0,0,1622016,0,0,2973696,0,0,0,0,3244032,1090.5253283302063,1.2963035707271084,0,4.670141755312876,208.07091470298573,321.42857142857144,0,1.3873998864854638,746.8226750050434,2.9080654755347974,0,19.91036028270988,64.07144937384722,0,9.120011054558855,0,0,0,0,0,0,0,0,0,0,0,0,0,0,0,224342016,75849728,10711040,439984128,111415296,349663232,39473152,10838016,310304768,93900800,4952064,3993600,305532928,16019456,134160384,205996032,68665344,9596928,199372800,103809024,331296768,35684352,9596928,291016704,82722816,4055040,2568192,295071744,14733312,36360192,0,0,0,0,0,0,0,0,0,0,0,0,0,0,0,207659008,75591680,10330112,424910848,107560960,334032896,39211008,10485760,295288832,92467200,4796416,3043328,297570304,15630336,41504768,189816832,71401472,10330112,211615744,107560960,334032896,37588992,10485760,295288832,89493504,4796416,3043328,297570304,15630336,38260736,1073741824,1073741824,314572800,0,1073741824,1073741824,1073741824,314572800,1073741824,0,0,0,1073741824,314572800,2147483648,10.350787602624033,0,4.771942829345131,0,0.0646440268919152,13.887289560350984,40636.995718270024,0,20304.94104565776,0,915.7041889329428,46328.91918656872,10.350787602624033,0,4.771942829345131,0,0.0646440268919152,13.887289560350984,40636.995718270024,0,20304.94104565776,0,915.7041889329428,46328.91918656872,100.41995778662663,49.47712719399272,401.77259915171084,20.937025353429135,34.257594397653065,38.80955558521286,16.313805104408353,46.01768942558416,47.795890807369545,92.24426694150992,0,0,0,0,0,0,0,0,0,0,119211.87196727375,120913.82964020823,1323077.52014212,100306.62460567821,336223.85729156807,551623.4352061924,2984.211861948956,6874.399758233969,594712.8629304525,124296.05771708323,0,0,0,0,0,0,0,0,0,0,118.80671062079769,41.092735062422264,391.2001619557075,28.227596681855353,47.79029052711271,52.529027091952486,14.537412993039442,56.205885294043185,65.1104466094338,123.72240831400842,0,0,0,0,0,0,0,0,0,0,23782.514089257347,6614.847744967062,119014.62501503498,5667.741558593293,12099.484243399262,6412.17135993594,2754.5859918793503,7960.778939773677,13822.730780360762,23292.772481319247,0,0,0,0,0,0,0,0,0,0,46,16,42,14,10,2,14,110,0,0,0,0,0.008090463458110516,0.0030355978861340035,0.030388257575757575,0.01579192546583851,0.0015170454545454545,0.003033898305084746,0.003033167495854063,0.0032074341430457136,0.020211033274956217,0.004664076195041208,0.06885330578512397,0.023406832298136643,0.00430340909090909,0.004661016949152542,0.0046597014925373135,0.004973381457482284,0.022894483362521884,0.004867635983654607,0.0845816115702479,0.024358695652173912,0.004651704545454546,0.004864406779661016,0.00486301824212272,0.0073929170790527155,0.03154166666666552,0.007392659136967437,0.0971642561983471,0.04112499999999974,0.0049303409090909085,0.008999999999999973,0.006934999999999968,0.009569745555757311,0.45878746594005454,0.37555808823529413,0.3858404710920771,0.45935792349726773,0.8775303643724697,0.375,0.45878746594005454,0.4717161348569406,2.1811134235171696,2.1628993058092805,0.49451284796573874,2.1277327935222674,2.1262195121951217,0.475,2.1262195121951217,2.1774572008983775,2.3405567117585844,2.3314496529046402,0.686728395061728,2.3138663967611337,2.313109756097561,0.4875,2.313109756097561,2.3387286004491883,2.4681113423517167,2.466289930580928,0.9373456790123452,2.4627732793522266,2.462621951219512,0.4975,2.462621951219512,2.4677457200898374,396.49263587276806,396.75630252100757,397.11594565307104,393.0084033613433,396.8838241226424,82531143.98916695,19313500.50420168,0,38695772.50420168,36055278.203576714,3236551392.146045,2837360467.8991594,922852596.8825539,4705546962.823529,4151511071.668684,0,0,0,0,0,14.343748432719794,2.0504201680672267,4.434441943819288,1.2436974789915967,16.320424902514457,0,0,0,0,0,58700.636942675155,21056.53781512605,975185.6630824372,36037.91596638655,70523.06037380664,1534.2293996689905,263.7983193277311,2811.85296324081,1682.3865546218487,428.9532069382816,1737.7668555761738,376.1512605042017,1885.0212553138283,2067.4117647058824,533.8678230469277,0,0,0,0,0,0,0,0,0,0,0,0,0,0,0,0,0,0,0,0
1693106226,0.5330035817840696,0.2946144478925245,0.11087703736556145,0.04717314904356445,1.3926761307679367,0.4810004810004815,0.18531816812990817,0.16816968321035916,0.20173492031470625,0.11015399528540956,0,0.21548008963971726,0.04502273648192341,0.44451029782190044,0.11515165472927857,5.479155095514229,5.256054870958869,0.9063384832021293,0.44148175578460686,8.2089181346893,2.6655461419753053,0.3148488822997983,0.6334781022051246,2.992942067232749,0.9417543587935929,0.00004607180187290928,0.2975004977590073,1.1253987708793018,2.566988762356328,1.0069202643881994,4.605150946614369,4.674549239894726,1.0200687437631666,0.33021204330495113,6.5742505584780595,1.8438351771685138,0.32430679422733827,0.3573605768220133,2.6225539640911837,0.5948315745412076,0,0.15083606274780226,0.7428751519517318,1.2700294223482855,0.5527279427005362,50000,100000,50000,50000,50000,50000,10000,50000,50000,20000,50000,0,4190208,0,220594176,0,0,1622016,0,0,2973696,0,0,0,0,3244032,1090.5253283302063,1.2963035707271084,0,4.670141755312876,212.21926569143184,321.42857142857144,0,1.3873998864854638,746.8226750050434,2.9080654755347974,0,19.91036028270988,69.83026428346315,0,9.120011054558855,0,0,0,0,0,0,0,0,0,0,0,0,0,0,0,224342016,75849728,10711040,439984128,111415296,349663232,39473152,10838016,310304768,93900800,4952064,3993600,305532928,16019456,134160384,205996032,68665344,9596928,199372800,103809024,331296768,35684352,9596928,291016704,82722816,4055040,2568192,295206912,14733312,36360192,0,0,0,0,0,0,0,0,0,0,0,0,0,0,0,207659008,75591680,10330112,424910848,107560960,334032896,39211008,10485760,295288832,92467200,4796416,3043328,297570304,15630336,41504768,189816832,71401472,10330112,211615744,107560960,334032896,37588992,10485760,295288832,89493504,4796416,3043328,297570304,15630336,38260736,1073741824,1073741824,314572800,0,1073741824,1073741824,1073741824,314572800,1073741824,0,0,0,1073741824,314572800,2147483648,10.350787602624033,0,4.771942829345131,0,0.0646440268919152,13.887289560350984,40636.995718270024,0,20304.94104565776,0,915.7041889329428,46328.91918656872,10.350787602624033,0,4.771942829345131,0,0.0646440268919152,13.887289560350984,40636.995718270024,0,20304.94104565776,0,915.7041889329428,46328.91918656872,100.8225616921269,49.47712719399272,409.72649716709395,20.937025353429135,34.18757880902907,38.80955558521286,16.313805104408353,58.82452117615323,47.795890807369545,92.24426694150992,0,0,0,0,0,0,0,0,0,0,119119.22108443847,120913.82964020823,1349270.5051387965,100306.62460567821,335695.17111549183,551623.4352061924,2984.211861948956,8784.596708929055,594712.8629304525,124296.05771708323,0,0,0,0,0,0,0,0,0,0,119.7246936377371,41.092735062422264,398.94475727745595,28.227596681855353,47.61397339584776,52.529027091952486,14.537412993039442,71.80671702185056,65.1104466094338,123.72240831400842,0,0,0,0,0,0,0,0,0,0,23917.055564881648,6614.847744967062,121370.75928528472,5667.741558593293,12290.709858454542,6412.17135993594,2754.5859918793503,10176.50728351767,13822.730780360762,23292.772481319247,0,0,0,0,0,0,0,0,0,0,44,32,76,12,16,2,14,114,0,0,0,0,0.008090463458110516,0.003035613870665417,0.030388257575757575,0.01579192546583851,0.0015170454545454545,0.003033898305084746,0.003033167495854063,0.0032002453987730064,0.020211033274956217,0.00466410496719775,0.06885330578512397,0.023406832298136643,0.00430340909090909,0.0046610169491525435,0.0046597014925373135,0.004960441717791412,0.022894483362521884,0.004867666354264292,0.0845816115702479,0.024358695652173912,0.004651704545454546,0.004864406779661017,0.00486301824212272,0.007303884711779446,0.03154166666666552,0.007394117647058786,0.0971642561983471,0.04112499999999974,0.0049303409090909085,0.009000000000000015,0.006934999999999968,0.009551002506265662,0.45878746594005454,0.375,0.3858404710920771,0.45935792349726773,0.8775303643724697,0.375,0.45878746594005454,0.48720104633781763,2.1811134235171696,2.1627329192546587,0.49451284796573874,2.1277327935222674,2.1262195121951217,0.475,2.1262195121951217,2.1905430280717906,2.3405567117585844,2.331366459627329,0.686728395061728,2.3138663967611337,2.313109756097561,0.4875,2.313109756097561,2.345271514035895,2.4681113423517167,2.4662732919254657,0.9373456790123452,2.4627732793522266,2.462621951219512,0.4975,2.462621951219512,2.469054302807179,396.3529411764815,396.6890756302468,397.1932773109293,392.9579831932712,396.8739495798477,82970847.73109244,19313500.50420168,0,38695772.50420168,36052854.31932773,3183015161.5462184,2837407967.7310925,874067262.3865546,4613334850.689075,4151245953.07563,0,0,0,0,0,14.403361344537814,2.084033613445378,4.470588235294118,1.2268907563025209,16.386554621848738,0,0,0,0,0,58987.56302521008,21400.73949579832,983134.6554621848,35900.23529411764,70707.63025210083,1534.8571428571427,263.7310924369748,2811.7142857142853,1689.1764705882354,429.61344537815125,1738.3529411764705,376.03361344537814,1883.9495798319326,2075.0252100840335,534.5378151260504,0,0,0,0,0,0,0,0,0,0,0,0,0,0,0,0,0,0,0,0
1693106227,0.5330035817840696,0.2946144478925245,0.11087703736556145,0.04717314904356445,1.6333981888496547,0.4810004810004815,0.18531816812990817,0.16816968321035916,0.20173492031470625,0.11015399528540956,0,0.21548008963971726,0.04502273648192341,0.44451029782190044,0.11515165472927857,5.479155095514229,5.256054870958869,0.9063384832021293,0.44148175578460686,9.627817780019706,2.6655461419753053,0.3148488822997983,0.6334781022051246,2.992942067232749,0.9417543587935929,0.00004607180187290928,0.2975004977590073,1.1253987708793018,2.566988762356328,1.0069202643881994,4.605150946614369,4.674549239894726,1.0200687437631666,0.33021204330495113,7.710600273834404,1.8438351771685138,0.32430679422733827,0.3573605768220133,2.6225539640911837,0.5948315745412076,0,0.15083606274780226,0.7428751519517318,1.2700294223482855,0.5527279427005362,50000,100000,50000,50000,50000,50000,10000,50000,50000,20000,50000,0,4190208,0,220594176,0,0,1622016,0,0,2973696,0,0,0,0,3244032,1090.5253283302063,1.2963035707271084,0,4.670141755312876,248.9010593067666,321.42857142857144,0,1.3873998864854638,746.8226750050434,2.9080654755347974,0,19.91036028270988,69.83026428346315,0,9.120011054558855,0,0,0,0,0,0,0,0,0,0,0,0,0,0,0,224342016,75849728,10711040,439984128,111415296,349663232,39473152,10838016,310304768,93900800,4952064,3993600,305532928,16019456,134160384,205996032,68665344,9596928,199372800,103809024,331296768,35684352,9596928,291016704,82722816,4055040,2568192,295206912,14733312,36360192,0,0,0,0,0,0,0,0,0,0,0,0,0,0,0,207659008,75591680,10330112,424910848,107560960,334032896,39211008,10485760,295288832,92467200,4796416,3043328,297570304,15630336,41504768,189816832,71401472,10330112,211615744,107560960,334032896,37588992,10485760,295288832,89493504,4796416,3043328,297570304,15630336,38260736,1073741824,1073741824,314572800,0,1073741824,1073741824,1073741824,314572800,1073741824,0,0,0,1073741824,314572800,2147483648,10.350787602624033,0,4.771942829345131,0,0.0646440268919152,13.887289560350984,40636.995718270024,0,20304.94104565776,0,915.7041889329428,46328.91918656872,10.350787602624033,0,4.771942829345131,0,0.0646440268919152,13.887289560350984,40636.995718270024,0,20304.94104565776,0,915.7041889329428,46328.91918656872,104.4830657501085,42.19876691082754,477.2338809229893,20.937025353429135,34.18757880902907,38.80955558521286,16.313805104408353,60.298175440097545,47.795890807369545,92.24426694150992,0,0,0,0,0,0,0,0,0,0,119421.03820768723,103126.73355663559,1571579.0998005888,100306.62460567821,335695.17111549183,551623.4352061924,2984.211861948956,9005.96778678531,594712.8629304525,124296.05771708323,0,0,0,0,0,0,0,0,0,0,124.00940918537466,35.047765441767375,464.6757193049093,28.227596681855353,47.61397339584776,52.529027091952486,14.537412993039442,73.538533935103,65.1104466094338,123.72240831400842,0,0,0,0,0,0,0,0,0,0,24894.877475049674,5641.766892528268,141368.05621498433,5667.741558593293,12290.709858454542,6412.17135993594,2754.5859918793503,10426.322431605742,13822.730780360762,23292.772481319247,0,0,0,0,0,0,0,0,0,0,12,8,18,2,2,2,2,12,0,0,0,0,0.008141891891891892,0.0030358152686145146,0.030291762013729975,0.015709677419354837,0.001620481927710843,0.003037037037037037,0.003025270758122744,0.003190170412447518,0.0202860824742268,0.004664467483506126,0.0686297071129707,0.023374193548387098,0.004324096385542168,0.004666666666666666,0.004645487364620939,0.0049423067424055325,0.02290077319587629,0.004868049010367578,0.08447175732217571,0.024332258064516128,0.004662048192771085,0.00487037037037037,0.004848014440433214,0.00716005291005292,0.024992525773195877,0.007277777777777778,0.09714539748953976,0.04030000000000011,0.004932409638554217,0.0095,0.005992857142857188,0.00950608465608466,0.4576330532212885,0.375,0.38619604316546763,0.4579831932773109,0.859704641350211,0.375,0.4520893371757925,0.49163498098859315,2.180974842767296,2.1625,0.4951528776978417,2.124050632911392,2.106775700934579,0.475,2.1067757009345796,2.193925448688449,2.340487421383648,2.33125,0.6958835341365457,2.312025316455696,2.3033878504672893,0.4875,2.3033878504672898,2.3469627243442246,2.4680974842767296,2.46625,0.9391767068273096,2.4624050632911394,2.4606775700934578,0.4975,2.4606775700934578,2.469392544868845,396.47058823530006,396.68907563024675,397.21008403360656,392.95798319327076,396.8235294117575,82970847.73109244,19313500.50420168,0,38695772.50420168,36052854.31932773,3183000016.672269,2894177426.285714,932517320.0672269,4521195984.672269,4229485404.5042014,0,0,0,0,0,14.436974789915967,2.084033613445378,4.470588235294118,1.2268907563025209,16.218487394957982,0,0,0,0,0,59073.61344537815,21400.73949579832,983134.6554621848,35900.23529411764,70156.9075630252,1515.7142857142858,259.89915966386553,2810.8571428571427,1671.3445378151262,425.7310924369748,1719.378151260504,372.40336134453776,1883.0084033613446,2055.7310924369744,530.6050420168067,0,0,0,0,0,0,0,0,0,0,0,0,0,0,0,0,0,0,0,0
1693106228,0.5330035817840696,0.2946144478925245,0.11087703736556145,0.04717314904356445,1.6333981888496547,0.4810004810004815,0.18531816812990817,0.16816968321035916,0.20173492031470625,0.11015399528540956,0,0.21548008963971726,0.04502273648192341,0.4833398785608559,0.11515165472927857,5.479155095514229,5.256054870958869,0.9063384832021293,0.44148175578460686,9.627817780019706,2.6655461419753053,0.3148488822997983,0.6334781022051246,2.992942067232749,0.9417543587935929,0.00004607180187290928,0.2975004977590073,1.1253987708793018,2.6131667975712123,1.0069202643881994,4.605150946614369,4.674549239894726,1.0200687437631666,0.33021204330495113,7.710600273834404,1.8438351771685138,0.32430679422733827,0.3573605768220133,2.6225539640911837,0.5948315745412076,0,0.15083606274780226,0.7428751519517318,1.298975923632301,0.5527279427005362,50000,100000,50000,50000,50000,50000,10000,50000,50000,20000,50000,0,4190208,0,220594176,0,0,1622016,0,0,2973696,0,0,0,0,3244032,1090.5253283302063,1.2963035707271084,0,4.670141755312876,248.9010593067666,321.42857142857144,0,1.3873998864854638,746.8226750050434,2.9080654755347974,0,19.91036028270988,69.83026428346315,0,9.120011054558855,0,0,0,0,0,0,0,0,0,0,0,0,0,0,0,224342016,75849728,10711040,439984128,111415296,349663232,39473152,10838016,310304768,93900800,4952064,3993600,305532928,16019456,134160384,205996032,68665344,9596928,199372800,103809024,331296768,35684352,9596928,291016704,82722816,4055040,2568192,295206912,14733312,36360192,0,0,0,0,0,0,0,0,0,0,0,0,0,0,0,207659008,75591680,10330112,424910848,107560960,334032896,39211008,10485760,295288832,92467200,4796416,3043328,297570304,15630336,41504768,189816832,71401472,10330112,211615744,107560960,334032896,37588992,10485760,295288832,89493504,4796416,3043328,297570304,15630336,38260736,1073741824,1073741824,314572800,0,1073741824,1073741824,1073741824,314572800,1073741824,0,0,0,1073741824,314572800,2147483648,10.350787602624033,0,4.771942829345131,0,0.0646440268919152,13.887289560350984,40636.995718270024,0,20304.94104565776,0,915.7041889329428,46328.91918656872,10.350787602624033,0,4.771942829345131,0,0.0646440268919152,13.887289560350984,40636.995718270024,0,20304.94104565776,0,915.7041889329428,46328.91918656872,104.4830657501085,33.125,477.2338809229893,20.937025353429135,34.18757880902907,38.941094738381665,16.313805104408353,60.298175440097545,47.795890807369545,92.24426694150992,0,0,0,0,0,0,0,0,0,0,119421.03820768723,80756.875,1571579.0998005888,100306.62460567821,335695.17111549183,554155.1427840141,2984.211861948956,9005.96778678531,594712.8629304525,124296.05771708323,0,0,0,0,0,0,0,0,0,0,124.00940918537466,27.55,464.6757193049093,28.227596681855353,47.61397339584776,52.232257120918504,14.537412993039442,73.538533935103,65.1104466094338,123.72240831400842,0,0,0,0,0,0,0,0,0,0,24894.877475049674,4454.35,141368.05621498433,5667.741558593293,12290.709858454542,6426.926030202201,2754.5859918793503,10426.322431605742,13822.730780360762,23292.772481319247,0,0,0,0,0,0,0,0,0,0,64,32,72,6,6,2,6,70,0,0,0,0,0.008141891891891892,0.0030358152686145146,0.030291762013729975,0.015709677419354837,0.0015438596491228074,0.003033898305084746,0.0030240137221269293,0.003190170412447518,0.0202860824742268,0.004664467483506126,0.0686297071129707,0.023374193548387098,0.004308771929824561,0.0046610169491525435,0.004643224699828473,0.0049423067424055325,0.02290077319587629,0.004868049010367578,0.08447175732217571,0.024332258064516128,0.004654385964912281,0.004864406779661017,0.004845626072041166,0.00716005291005292,0.024992525773195877,0.007277777777777778,0.09714539748953976,0.04030000000000011,0.004930877192982456,0.009000000000000015,0.0057857142857142855,0.00950608465608466,0.4576330532212885,0.375,0.38619604316546763,0.4579831932773109,0.870253164556962,0.375,0.45658263305322133,0.49163498098859315,2.180974842767296,2.1625,0.4951528776978417,2.124050632911392,2.121153846153846,0.475,2.1201716738197427,2.193925448688449,2.340487421383648,2.33125,0.6958835341365457,2.312025316455696,2.310576923076923,0.4875,2.3100858369098716,2.3469627243442246,2.4680974842767296,2.46625,0.9391767068273096,2.4624050632911394,2.4621153846153847,0.4975,2.462017167381974,2.469392544868845,396.3697478991671,396.80672268909734,397.3277310924473,392.9411764705932,396.6890756302542,82970847.73109244,19313500.50420168,0,38695772.50420168,36052854.31932773,3183013371.697479,2837427174.184874,932540588.1008403,4521226687.462185,4151233011.092437,0,0,0,0,0,14.571428571428571,2.084033613445378,4.453781512605042,1.2941176470588234,16.42016806722689,0,0,0,0,0,59503.86554621848,21400.73949579832,983065.8151260504,49737.142857142855,70836.70588235294,1532.2857142857142,260.2857142857142,2810.974789915966,1686.8235294117649,429.79831932773106,1735.831932773109,372.67226890756297,1883.0084033613446,2071.2605042016808,534.672268907563,0,0,0,0,0,0,0,0,0,0,0,0,0,0,0,0,0,0,0,0
1693106229,0.5330035817840696,0.2946144478925245,0.10205470131990754,0.04717314904356445,1.6333981888496547,0.4810004810004815,0.18531816812990817,0.16816968321035916,0.17880264155028705,0.11015399528540956,0,0.21548008963971724,0.04502273648192341,0.4833398785608559,0.11515165472927857,5.479155095514229,5.256054870958869,0.8843316233501146,0.44148175578460686,9.627817780019706,2.6655461419753053,0.3148488822997983,0.6334781022051246,3.217073863085962,0.9417543587935929,0.00004607180187290928,0.2975004977590073,1.1253987708793018,2.6131667975712123,1.0069202643881994,4.605150946614369,4.674549239894726,0.9865287794257722,0.33021204330495113,7.710600273834404,1.8438351771685138,0.32430679422733827,0.3573605768220133,2.927893255385937,0.5948315745412076,0,0.15083606274780226,0.7428751519517318,1.298975923632301,0.5527279427005362,50000,100000,50000,50000,50000,50000,10000,50000,50000,20000,50000,0,4190208,0,220594176,0,0,1622016,0,0,2973696,0,0,0,0,3244032,1090.5253283302063,1.2963035707271084,0,4.670141755312876,248.9010593067666,321.42857142857144,0,1.3873998864854638,870.3218577460214,2.9080654755347974,0,19.910360282709878,69.83026428346315,0,9.120011054558855,0,0,0,0,0,0,0,0,0,0,0,0,0,0,0,224342016,75849728,10711040,439984128,111415296,349663232,39473152,10838016,310304768,93900800,4952064,3993600,305532928,16019456,134160384,205996032,68665344,9596928,199372800,103809024,331296768,35684352,9596928,291016704,82722816,4055040,2568192,295206912,14733312,36360192,0,0,0,0,0,0,0,0,0,0,0,0,0,0,0,207659008,75591680,10330112,424910848,107560960,334032896,39211008,10485760,295288832,92467200,4796416,3043328,297570304,15630336,41504768,189816832,71401472,10330112,211615744,107560960,334032896,37588992,10485760,295288832,89493504,4796416,3043328,297570304,15630336,38260736,1073741824,1073741824,314572800,0,1073741824,1073741824,1073741824,314572800,1073741824,0,0,0,1073741824,314572800,2147483648,10.350787602624033,0,4.771942829345131,0,0.06464402689191519,13.887289560350984,40636.995718270024,0,20304.94104565776,0,915.7041889329427,46328.91918656872,10.350787602624033,0,4.771942829345131,0,0.06464402689191519,13.887289560350984,40636.995718270024,0,20304.94104565776,0,915.7041889329427,46328.91918656872,104.4830657501085,49.89876265466816,477.2338809229893,20.937025353429135,34.18757880902907,38.941094738381665,16.407319805801066,60.298175440097545,47.795890807369545,92.24426694150992,0,0,0,0,0,0,0,0,0,0,119421.03820768723,120467.71653543306,1571579.0998005888,100306.62460567821,335695.17111549183,554155.1427840141,2999.5518486244237,9005.96778678531,594712.8629304525,124296.05771708323,0,0,0,0,0,0,0,0,0,0,124.00940918537466,41.43982002249719,464.6757193049093,28.227596681855353,47.61397339584776,52.232257120918504,14.564919706211873,73.538533935103,65.1104466094338,123.72240831400842,0,0,0,0,0,0,0,0,0,0,24894.877475049674,6737.255343082114,141368.05621498433,5667.741558593293,12290.709858454542,6426.926030202201,2760.8614465330506,10426.322431605742,13822.730780360762,23292.772481319247,0,0,0,0,0,0,0,0,0,0,24,14,38,10,10,2,10,58,0,0,0,0,0.008141891891891892,0.0030358152686145146,0.030291762013729975,0.015709677419354837,0.0015438596491228074,0.003033898305084746,0.0030240137221269293,0.003190170412447518,0.0202860824742268,0.004664467483506126,0.0686297071129707,0.023374193548387098,0.004308771929824561,0.0046610169491525435,0.004643224699828473,0.0049423067424055325,0.02290077319587629,0.004868049010367578,0.08447175732217571,0.024332258064516128,0.004654385964912281,0.004864406779661017,0.004845626072041166,0.00716005291005292,0.024992525773195877,0.007277777777777778,0.09714539748953976,0.04030000000000011,0.004930877192982456,0.009000000000000015,0.0057857142857142855,0.00950608465608466,0.4576330532212885,0.375,0.38619604316546763,0.4579831932773109,0.870253164556962,0.375,0.45658263305322133,0.49163498098859315,2.180974842767296,2.1625,0.4951528776978417,2.124050632911392,2.121153846153846,0.475,2.1201716738197427,2.193925448688449,2.340487421383648,2.33125,0.6958835341365457,2.312025316455696,2.310576923076923,0.4875,2.3100858369098716,2.3469627243442246,2.4680974842767296,2.46625,0.9391767068273096,2.4624050632911394,2.4621153846153847,0.4975,2.462017167381974,2.469392544868845,396.4537815126026,396.7226890756272,397.37815126049264,392.9579831932856,396.672268907562,82970847.73109244,19313500.50420168,0,38695772.50420168,36052854.31932773,3183012820.9747896,2837420083.630252,932552428.6386554,4613560165.109243,4229528636.235294,0,0,0,0,0,14.672268907563025,2.084033613445378,4.453781512605042,1.2941176470588234,16.470588235294116,0,0,0,0,0,59770.621848739494,21400.73949579832,983065.8151260504,49737.142857142855,70982.99159663865,1533.1764705882351,262.16806722689074,2812.050420168067,1687.6302521008404,431.44537815126046,1736.1176470588234,374.4873949579832,1883.8319327731092,2070.873949579832,536.3865546218489,0,0,0,0,0,0,0,0,0,0,0,0,0,0,0,0,0,0,0,0
1693106230,0.5330035817840696,0.2946144478925245,0.13260840737302756,0.04717314904356445,1.6333981888496547,0.4810004810004815,0.14519056261343025,0.16816968321035916,0.18241131680560083,0.11015399528540956,0,0.21548008963971724,0.04502273648192341,0.4833398785608559,0.11515165472927857,5.479155095514229,5.256054870958869,0.9097287605534186,0.44148175578460686,9.627817780019706,2.6655461419753053,0.3099316896551724,0.6334781022051246,3.2820022933573343,0.9417543587935929,0.00004607180187290928,0.2975004977590073,1.1253987708793018,2.6131667975712123,1.0069202643881994,4.605150946614369,4.674549239894726,0.9282588516111918,0.33021204330495113,7.710600273834404,1.8438351771685138,0.3448275862068964,0.3573605768220133,2.9869853126917,0.5948315745412076,0,0.15083606274780226,0.7428751519517318,1.298975923632301,0.5527279427005362,50000,100000,50000,50000,50000,50000,10000,50000,50000,20000,50000,0,4190208,0,220594176,0,0,1757184,0,0,2973696,0,0,0,0,3244032,1090.5253283302063,1.2963035707271084,0,4.670141755312876,248.9010593067666,321.42857142857144,0,1.3873998864854638,887.8870845512612,2.9080654755347974,0,19.910360282709878,69.83026428346315,0,9.120011054558855,0,0,0,0,0,0,0,0,0,0,0,0,0,0,0,224342016,75849728,10711040,439984128,111415296,349663232,39505920,10838016,310304768,93900800,4952064,3993600,305532928,16019456,134160384,205996032,68665344,9596928,199372800,103809024,331296768,35684352,9596928,291016704,82722816,4055040,2568192,295206912,14733312,36360192,0,0,0,0,0,0,0,0,0,0,0,0,0,0,0,207659008,75591680,10338304,424910848,107560960,334032896,39243776,10485760,295288832,92467200,4796416,3043328,297570304,15630336,41504768,189816832,71401472,10338304,211615744,107560960,334032896,37486592,10485760,295288832,89493504,4796416,3043328,297570304,15630336,38260736,1073741824,1073741824,314572800,0,1073741824,1073741824,1073741824,314572800,1073741824,0,0,0,1073741824,314572800,2147483648,10.350787602624033,0,4.682395644283121,0,0.06464402689191519,13.887289560350984,40636.995718270024,0,19402.105263157893,0,915.7041889329427,46328.91918656872,10.350787602624033,0,4.682395644283121,0,0.06464402689191519,13.887289560350984,40636.995718270024,0,19402.105263157893,0,915.7041889329427,46328.91918656872,104.4830657501085,49.89876265466816,477.2338809229893,21.058163980378417,28.614369017749283,38.941094738381665,16.407319805801066,60.298175440097545,47.795890807369545,79.78554747834262,0,0,0,0,0,0,0,0,0,0,119421.03820768723,120467.71653543306,1571579.0998005888,100568.27259985985,279544.8106244351,554155.1427840141,2999.5518486244237,9005.96778678531,594712.8629304525,105642.52626670472,0,0,0,0,0,0,0,0,0,0,124.00940918537466,41.43982002249719,464.6757193049093,28.3812193412754,39.759803217567374,52.232257120918504,14.564919706211873,73.538533935103,65.1104466094338,106.9974573567927,0,0,0,0,0,0,0,0,0,0,24894.877475049674,6737.255343082114,141368.05621498433,5714.06797477225,10339.409933739402,6426.926030202201,2760.8614465330506,10426.322431605742,13822.730780360762,20257.81522312135,0,0,0,0,0,0,0,0,0,0,42,16,60,18,16,2,18,106,0,0,0,0,0.008141891891891892,0.0030358152686145146,0.030291762013729975,0.015709677419354837,0.0015438596491228074,0.003033898305084746,0.0030240137221269293,0.0031943214378744463,0.0202860824742268,0.004664467483506126,0.0686297071129707,0.023374193548387098,0.004308771929824561,0.0046610169491525435,0.004643224699828473,0.004949778588174004,0.02290077319587629,0.004868049010367578,0.08447175732217571,0.024332258064516128,0.004654385964912281,0.004864406779661017,0.004845626072041166,0.007206521739130425,0.024992525773195877,0.007277777777777778,0.09714539748953976,0.04030000000000011,0.004930877192982456,0.009000000000000015,0.0057857142857142855,0.009495652173913037,0.4576330532212885,0.375,0.38619604316546763,0.4579831932773109,0.870253164556962,0.375,0.45658263305322133,0.4722222222222222,2.180974842767296,2.1625,0.4951528776978417,2.124050632911392,2.121153846153846,0.475,2.1201716738197427,2.1778174400815913,2.340487421383648,2.33125,0.6958835341365457,2.312025316455696,2.310576923076923,0.4875,2.3100858369098716,2.3389087200407954,2.4680974842767296,2.46625,0.9391767068273096,2.4624050632911394,2.4621153846153847,0.4975,2.462017167381974,2.467781744008159,396.42016806721847,396.80672268907824,397.3277310924591,392.8403361344474,396.6722689075559,82970847.73109244,19313500.50420168,0,51593973.24369748,36052854.31932773,3182996368.134454,2837428619.8319325,932559588.0336134,4705863284.168067,4229555415.1260505,0,0,0,0,0,14.722689075630251,2.084033613445378,4.453781512605042,1.2941176470588234,16.45378151260504,0,0,0,0,0,59934.11764705882,21400.73949579832,983065.8151260504,49737.142857142855,70939.96638655462,1543.327731092437,262.30252100840335,2808.689075630252,1692.4033613445379,431.344537815126,1746.3025210084031,375.07563025210084,1881.4957983193278,2076.033613445378,536.3025210084032,0,0,0,0,0,0,0,0,0,0,0,0,0,0,0,0,0,0,0,0
1693106231,0.5330035817840696,0.2946144478925245,0.13260840737302756,0.04018615048758694,1.6333981888496547,0.4810004810004815,0.14519056261343025,0.16816968321035916,0.1860199920609146,0.11015399528540956,0,0.21548008963971724,0.04502273648192341,0.4833398785608559,0.11515165472927857,5.479155095514229,5.256054870958869,0.9097287605534186,0.37609217606185397,9.627817780019706,2.6655461419753053,0.3099316896551724,0.6334781022051246,3.3469307236287063,0.9417543587935929,0.00004607180187290928,0.2975004977590073,1.1253987708793018,2.6131667975712123,1.0069202643881994,4.605150946614369,4.674549239894726,0.9282588516111918,0.2813030534131086,7.710600273834404,1.8438351771685138,0.3448275862068964,0.3573605768220133,3.046077369997463,0.5948315745412076,0,0.15083606274780226,0.7428751519517318,1.298975923632301,0.5527279427005362,50000,100000,50000,50000,50000,50000,10000,50000,50000,20000,50000,0,4190208,0,220594176,0,0,1757184,0,0,2973696,0,0,0,0,3244032,1090.5253283302063,1.2963035707271084,0,3.978428898271104,248.9010593067666,321.42857142857144,0,1.3873998864854638,905.452311356501,2.9080654755347974,0,19.910360282709878,69.83026428346315,0,9.120011054558855,0,0,0,0,0,0,0,0,0,0,0,0,0,0,0,224342016,75849728,10711040,439984128,111415296,349663232,39505920,10838016,310304768,93900800,4952064,3993600,305532928,16019456,134160384,205996032,68665344,9596928,199372800,103809024,331296768,35684352,9596928,291016704,82722816,4055040,2568192,295206912,14733312,36360192,0,0,0,0,0,0,0,0,0,0,0,0,0,0,0,207659008,75591680,10338304,424910848,107560960,334032896,39243776,10485760,295288832,92467200,4796416,3043328,297570304,15630336,41504768,189816832,71401472,10338304,211615744,107560960,334032896,37486592,10485760,295288832,89493504,4796416,3043328,297570304,15630336,38260736,1073741824,1073741824,314572800,0,1073741824,1073741824,1073741824,314572800,1073741824,0,0,0,1073741824,314572800,2147483648,10.350787602624033,0,4.682395644283121,0,0.06464402689191519,13.887289560350984,40636.995718270024,0,19402.105263157893,0,915.7041889329427,46328.91918656872,10.350787602624033,0,4.682395644283121,0,0.06464402689191519,13.887289560350984,40636.995718270024,0,19402.105263157893,0,915.7041889329427,46328.91918656872,104.4830657501085,49.89876265466816,477.2338809229893,21.058163980378417,29.18587724189202,38.941094738381665,16.407319805801066,60.298175440097545,47.795890807369545,94.9815837937385,0,0,0,0,0,0,0,0,0,0,119421.03820768723,120467.71653543306,1571579.0998005888,100568.27259985985,285128.09495928057,554155.1427840141,2999.5518486244237,9005.96778678531,594712.8629304525,124267.72559852671,0,0,0,0,0,0,0,0,0,0,124.00940918537466,41.43982002249719,464.6757193049093,28.3812193412754,40.553916640618624,52.232257120918504,14.564919706211873,73.538533935103,65.1104466094338,126.8646408839779,0,0,0,0,0,0,0,0,0,0,24894.877475049674,6737.255343082114,141368.05621498433,5714.06797477225,10545.916594999338,6426.926030202201,2760.8614465330506,10426.322431605742,13822.730780360762,24181.21546961326,0,0,0,0,0,0,0,0,0,0,34,20,42,18,22,2,22,74,0,0,0,0,0.008141891891891892,0.0030358152686145146,0.030291762013729975,0.015709677419354837,0.0015438596491228074,0.003033898305084746,0.0030240137221269293,0.0031870361207323103,0.0202860824742268,0.004664467483506126,0.0686297071129707,0.023374193548387098,0.004308771929824561,0.0046610169491525435,0.004643224699828473,0.004936665017318159,0.02290077319587629,0.004868049010367578,0.08447175732217571,0.024332258064516128,0.004654385964912281,0.004864406779661017,0.004845626072041166,0.007110215053763426,0.024992525773195877,0.007277777777777778,0.09714539748953976,0.04030000000000011,0.004930877192982456,0.009000000000000015,0.0057857142857142855,0.009486559139784932,0.4576330532212885,0.375,0.38619604316546763,0.4579831932773109,0.870253164556962,0.375,0.45658263305322133,0.4903041825095057,2.180974842767296,2.1625,0.4951528776978417,2.124050632911392,2.121153846153846,0.475,2.1201716738197427,2.1929133858267713,2.340487421383648,2.33125,0.6958835341365457,2.312025316455696,2.310576923076923,0.4875,2.3100858369098716,2.346456692913385,2.4680974842767296,2.46625,0.9391767068273096,2.4624050632911394,2.4621153846153847,0.4975,2.462017167381974,2.4692913385826767,396.4369747899197,396.72268907563637,397.294117647042,392.89075630251887,396.70588235295475,82970778.8907563,19313500.50420168,0,51593973.24369748,36052854.31932773,3182967730.5546217,2780692204.638655,991258710.0504202,4705925309.310925,4229578063.5966387,0,0,0,0,0,14.739495798319327,2.084033613445378,4.453781512605042,0.6050420168067226,16.60504201680672,0,0,0,0,0,59908.3025210084,21400.73949579832,983065.8151260504,46088.6050420168,71482.08403361344,1547.0420168067228,262.57142857142856,2809.478991596638,1704.5378151260504,434.2521008403361,1750.0504201680671,375.29411764705884,1881.6806722689073,2088.873949579832,539.2605042016806,0,0,0,0,0,0,0,0,0,0,0,0,0,0,0,0,0,0,0,0
1693106232,0.5330035817840696,0.2946144478925245,0.13260840737302756,0.03939993133686087,1.6333981888496547,0.4810004810004815,0.14519056261343025,0.16816968321035916,0.1896286673162284,0.11015399528540956,0,0.21548008963971724,0.04502273648192341,0.4833398785608559,0.11515165472927857,5.479155095514229,5.256054870958869,0.9097287605534186,0.3687341467987772,9.627817780019706,2.6655461419753053,0.3099316896551724,0.6334781022051246,3.411859153900079,0.9417543587935929,0.00004607180187290928,0.2975004977590073,1.1253987708793018,2.6131667975712123,1.0069202643881994,4.605150946614369,4.674549239894726,0.9282588516111918,0.2757995193580261,7.710600273834404,1.8438351771685138,0.3448275862068964,0.3573605768220133,3.105169427303226,0.5948315745412076,0,0.15083606274780226,0.7428751519517318,1.298975923632301,0.5527279427005362,50000,100000,50000,50000,50000,50000,10000,50000,50000,20000,50000,0,4190208,0,220594176,0,0,1757184,0,0,2973696,0,0,0,0,3244032,1090.5253283302063,1.2963035707271084,0,3.900593202349223,248.9010593067666,321.42857142857144,0,1.3873998864854638,923.017538161741,2.9080654755347974,0,19.910360282709878,69.83026428346315,0,9.120011054558855,0,0,0,0,0,0,0,0,0,0,0,0,0,0,0,224342016,75849728,10711040,439984128,111415296,349663232,39505920,10838016,310304768,93900800,4952064,3993600,305532928,16019456,134160384,205996032,68665344,9596928,199372800,103809024,331296768,35684352,9596928,291016704,82722816,4055040,2568192,295206912,14733312,36360192,0,0,0,0,0,0,0,0,0,0,0,0,0,0,0,207659008,75591680,10338304,424910848,107560960,334032896,39243776,10485760,295288832,92467200,4796416,3043328,297570304,15630336,41504768,189816832,71401472,10338304,211615744,107560960,334032896,37486592,10485760,295288832,89493504,4796416,3043328,297570304,15630336,38260736,1073741824,1073741824,314572800,0,1073741824,1073741824,1073741824,314572800,1073741824,0,0,0,1073741824,314572800,2147483648,10.350787602624033,0,4.682395644283121,0,0.06464402689191519,13.887289560350984,40636.995718270024,0,19402.105263157893,0,915.7041889329427,46328.91918656872,10.350787602624033,0,4.682395644283121,0,0.06464402689191519,13.887289560350984,40636.995718270024,0,19402.105263157893,0,915.7041889329427,46328.91918656872,104.4830657501085,49.89876265466816,477.2338809229893,21.058163980378417,29.75738546603476,38.941094738381665,16.407319805801066,60.298175440097545,47.795890807369545,94.9815837937385,0,0,0,0,0,0,0,0,0,0,119421.03820768723,120467.71653543306,1571579.0998005888,100568.27259985985,290711.3792941261,554155.1427840141,2999.5518486244237,9005.96778678531,594712.8629304525,124267.72559852671,0,0,0,0,0,0,0,0,0,0,124.00940918537466,41.43982002249719,464.6757193049093,28.3812193412754,41.34803006366988,52.232257120918504,14.564919706211873,73.538533935103,65.1104466094338,126.8646408839779,0,0,0,0,0,0,0,0,0,0,24894.877475049674,6737.255343082114,141368.05621498433,5714.06797477225,10752.423256259277,6426.926030202201,2760.8614465330506,10426.322431605742,13822.730780360762,24181.21546961326,0,0,0,0,0,0,0,0,0,0,32.622,23.693,50.98,3.442,5.418,1.984,3.721,57.21,0,0,0,0,0.008225777138726775,0.0030367969990467893,0.030591859596713965,0.015694110460396496,0.0016203295283583705,0.0030370370370370373,0.003025069666888833,0.0031891372336029667,0.02064823400082326,0.004666234598284222,0.06907707910750512,0.023317942506916225,0.004324065905671673,0.004666666666666667,0.004645125400399898,0.004940447020485341,0.02319293860745976,0.0048699142981889,0.08463995943204873,0.024270921512731188,0.004662032952835837,0.00487037037037037,0.004847632367088781,0.00714555171441327,0.04160962623284373,0.007349879267004848,0.09709026369168362,0.030205996883427823,0.004932406590567167,0.009500000000000026,0.005961115726290524,0.009503425821322495,0.4561192646566749,0.37609344367893355,0.3861337828246984,0.4586172449711331,0.8619998778662346,0.375,0.45243598975855387,0.48820163291745255,2.1805640113552944,2.1638814896553975,0.4950408090844571,2.125763958661004,2.1088666731584937,0.475,2.1078645270956993,2.191278819644337,2.3402820056776474,2.331940744827699,0.6943227091633468,2.312881979330502,2.3044333365792466,0.4875,2.3039322635478494,2.3456394098221685,2.468056401135529,2.46638814896554,0.9388645418326698,2.4625763958661,2.4608866673158496,0.4975,2.46078645270957,2.469127881964434,396.43917909821414,396.72963162140826,397.4067796610136,393.1428571428509,396.75719225216136,82841639.5214203,19312202.20489379,0,51593973.24369748,36005653.63053476,3177973561.190073,2780520286.098414,999656986.0338984,4705898323.899159,4224084115.881701,0,0,0,0,0,14.766835030960014,2.0838935197633774,4.491525423728813,0.6050420168067226,16.549733122964852,0,0,0,0,0,59986.64272649473,21399.300887335306,991396.8813559322,46088.6050420168,71250.9986907919,1542.5972849160137,261.8143318096263,2808.9322033898306,1701.6638655462186,432.0051025546343,1745.42312016512,374.1093035762302,1881.084745762712,2086.6554621848736,536.9095975024337,0,0,0,0,0,0,0,0,0,0,0,0,0,0,0,0,0,0,0,0
1693106233,0.5330035817840696,0.23938677810625664,0.13260840737302756,0.08490405841399226,1.6333981888496547,0.473821369343759,0.14519056261343025,0.16816968321035916,0.21652051531882666,0.11015399528540956,0,0.21548008963971724,0.04502273648192341,0.4833398785608559,0.11515165472927857,5.479155095514229,4.828911014386244,0.9097287605534186,0.44269881558838464,9.627817780019706,2.579395340756513,0.3099316896551724,0.6334781022051246,3.8957058162823466,0.9417543587935929,0.00004607180187290928,0.2975004977590073,1.1253987708793018,2.6131667975712123,1.0069202643881994,4.605150946614369,4.189268616859501,0.9282588516111918,0.3183902190524705,7.710600273834404,1.684698202111139,0.3448275862068964,0.3573605768220133,3.5455234383457706,0.5948315745412076,0,0.15083606274780226,0.7428751519517318,1.298975923632301,0.5527279427005362,50000,100000,50000,50000,50000,50000,10000,50000,50000,20000,50000,0,4190208,0,220594176,0,0,1757184,0,0,2973696,0,0,0,0,3244032,1090.5253283302063,1.5799527355012957,0,7.004584819154356,248.9010593067666,295.34865355760877,0,1.3873998864854638,1053.9136083143878,2.9080654755347974,0,19.910360282709878,69.83026428346315,0,9.120011054558855,0,0,0,0,0,0,0,0,0,0,0,0,0,0,0,224342016,75849728,10711040,439984128,111415296,349663232,39505920,10838016,310304768,93900800,4952064,3993600,305532928,16019456,134160384,205996032,68665344,9596928,199372800,103809024,331296768,35684352,9596928,291016704,82722816,4055040,2568192,295206912,14733312,36360192,0,0,0,0,0,0,0,0,0,0,0,0,0,0,0,207659008,75591680,10338304,424943616,107560960,334032896,39243776,10485760,295288832,92467200,4796416,3043328,297570304,15630336,41504768,189816832,71401472,10338304,211648512,107560960,334032896,37486592,10485760,295288832,89493504,4796416,3043328,297570304,15630336,38260736,1073741824,1073741824,314572800,0,1073741824,1073741824,1073741824,314572800,1073741824,0,0,0,1073741824,314572800,2147483648,9.264268312712144,0,4.682395644283121,0,0.06464402689191519,13.887289560350984,37137.50720829228,0,19402.105263157893,0,915.7041889329427,46328.91918656872,9.264268312712144,0,4.682395644283121,0,0.06464402689191519,13.887289560350984,37137.50720829228,0,19402.105263157893,0,915.7041889329427,46328.91918656872,104.4830657501085,49.89876265466816,477.2338809229893,21.16426945728431,34.29049344856426,39.12363067292645,16.407319805801066,60.298175440097545,47.795890807369545,94.9815837937385,0,0,0,0,0,0,0,0,0,0,119421.03820768723,120467.71653543306,1571579.0998005888,100735.82205119781,334997.06009073165,554471.1882405545,2999.5518486244237,9005.96778678531,594712.8629304525,124267.72559852671,0,0,0,0,0,0,0,0,0,0,124.00940918537466,41.43982002249719,464.6757193049093,28.555339167976722,47.64680538307525,51.447574334898285,14.564919706211873,73.538533935103,65.1104466094338,126.8646408839779,0,0,0,0,0,0,0,0,0,0,24894.877475049674,6737.255343082114,141368.05621498433,5786.315962364203,12390.399675596218,6434.356136820926,2760.8614465330506,10426.322431605742,13822.730780360762,24181.21546961326,0,0,0,0,0,0,0,0,0,0,28,13.368,32,2,2,2,2,49.528,0,0,0,0,0.008225516621743036,0.0030367985280588777,0.030591859596713965,0.015692963752665243,0.0015465116279069773,0.003033898305084746,0.0030272108843537415,0.0031892091648189212,0.020647540983606556,0.0046662373505059794,0.06907707910750507,0.023317697228144987,0.0043186046511627905,0.0046610169491525435,0.004648979591836735,0.004940576496674058,0.023192622950819662,0.004869917203311867,0.08463995943204868,0.024270788912579958,0.004665116279069768,0.004864406779661017,0.004851700680272108,0.007146551724137934,0.041607142857142475,0.007349999999999961,0.0970902636916836,0.030199999999999897,0.0049423255813953485,0.009000000000000015,0.006275847907255017,0.009503580901856773,0.4561281337047354,0.3760416666666666,0.3861337828246984,0.4586834733893558,0.8723849372384938,0.375,0.4575208913649025,0.4882518796992481,2.180555555555556,2.163866396761134,0.495040809084457,2.1259414225941424,2.122784810126582,0.475,2.122784810126582,2.1913154238073185,2.3402777777777772,2.3319331983805665,0.6943227091633462,2.312970711297071,2.3113924050632915,0.4875,2.3113924050632915,2.3456577119036592,2.468055555555555,2.4663866396761134,0.9388645418326697,2.462594142259414,2.462278481012658,0.4975,2.462278481012658,2.469131542380732,396.50420168069195,396.7058823529382,397.361344537803,393.1932773109177,396.6722689075613,82971123.09243697,19313500.50420168,0,51593973.24369748,36052854.31932773,3182912107.563025,2780737019.697479,991793530.6218487,4798255826.823529,4229650139.428571,0,0,0,0,0,14.84033613445378,2.084033613445378,4.453781512605042,0.6386554621848739,16.621848739495796,0,0,0,0,0,60226.68907563025,21400.73949579832,983065.8151260504,46432.80672268907,71559.5294117647,1537.7983193277312,262.0840336134454,2809.0252100840335,1702.1344537815128,432.57142857142856,1740.9915966386552,374.57142857142856,1879.4621848739496,2086.6218487394954,537.7142857142857,0,0,0,0,0,0,0,0,0,0,0,0,0,0,0,0,0,0,0,0
1693106234,0.5330035817840696,0.27373261797875803,0.13260840737302756,0.08490405841399226,1.6333981888496547,0.473821369343759,0.14519056261343025,0.16816968321035916,0.18941386930443035,0.11015399528540956,0,0.21548008963971724,0.04502273648192341,0.39725503227300685,0.09105533128964709,5.479155095514229,5.521735429212743,0.9097287605534186,0.44269881558838464,9.627817780019706,2.579395340756513,0.3099316896551724,0.6334781022051246,3.447956710512476,0.9417543587935929,0.00006838056039259503,0.2975004977590073,1.1253987708793018,2.1477509027287898,1.0435303457067395,4.605150946614369,4.790320814628276,0.9282588516111918,0.3183902190524705,7.710600273834404,1.684698202111139,0.3448275862068964,0.3573605768220133,3.0727138798274245,0.5948315745412076,0,0.15083606274780226,0.7428751519517318,1.0676228992337065,0.6070355419309792,50000,100000,50000,50000,50000,50000,10000,50000,50000,20000,50000,0,4190208,0,220594176,0,0,1757184,0,0,2973696,0,0,0,0,3244032,1090.5253283302063,1.8066352786598052,0,7.004584819154356,248.9010593067666,295.34865355760877,0,1.3873998864854638,886.204356518994,2.9080654755347974,0,19.910360282709878,69.83026428346315,0,8.012869153488936,0,0,0,0,0,0,0,0,0,0,0,0,0,0,0,224342016,75849728,10711040,439984128,111415296,349663232,39505920,10838016,310304768,93900800,4952064,3993600,305532928,16019456,134160384,205996032,68665344,9596928,199372800,103809024,331296768,35684352,9596928,291287040,82722816,4055040,2568192,295206912,14733312,36360192,0,0,0,0,0,0,0,0,0,0,0,0,0,0,0,207659008,75591680,10338304,424943616,107560960,334032896,39243776,10485760,295661568,92467200,4796416,3043328,297570304,15630336,41504768,189816832,71401472,10338304,211648512,107560960,334032896,37486592,10485760,295661568,89493504,4796416,3043328,297570304,15630336,38260736,1073741824,1073741824,314572800,0,1073741824,1073741824,1073741824,314572800,1073741824,0,0,0,1073741824,314572800,2147483648,10.593452315777949,0,4.682395644283121,0,0.06464402689191519,14.26533523537803,42465.78342275266,0,19402.105263157893,0,915.7041889329427,49153.36752966886,10.593452315777949,0,4.682395644283121,0,0.06464402689191519,14.26533523537803,42465.78342275266,0,19402.105263157893,0,915.7041889329427,49153.36752966886,104.4830657501085,49.89876265466816,477.2338809229893,21.16426945728431,34.29049344856426,39.12363067292645,16.407319805801066,60.298175440097545,40.96692014190326,94.9815837937385,0,0,0,0,0,0,0,0,0,0,119421.03820768723,120467.71653543306,1571579.0998005888,100735.82205119781,334997.06009073165,554471.1882405545,2999.5518486244237,9005.96778678531,509741.6106590892,124267.72559852671,0,0,0,0,0,0,0,0,0,0,124.00940918537466,41.43982002249719,464.6757193049093,28.555339167976722,47.64680538307525,51.447574334898285,14.564919706211873,73.538533935103,55.80761068775924,126.8646408839779,0,0,0,0,0,0,0,0,0,0,24894.877475049674,6737.255343082114,141368.05621498433,5786.315962364203,12390.399675596218,6434.356136820926,2760.8614465330506,10426.322431605742,11847.769723642326,24181.21546961326,0,0,0,0,0,0,0,0,0,0,24,16,38,18,16,2,18,108,0,0,0,0,0.008225516621743036,0.0030367985280588777,0.030591859596713965,0.015692963752665243,0.0015465116279069773,0.003033898305084746,0.0030272108843537415,0.0031892091648189212,0.020647540983606556,0.0046662373505059794,0.06907707910750507,0.023317697228144987,0.0043186046511627905,0.0046610169491525435,0.004648979591836735,0.004940576496674058,0.023192622950819662,0.004869917203311867,0.08463995943204868,0.024270788912579958,0.004665116279069768,0.004864406779661017,0.004851700680272108,0.007146551724137934,0.041607142857142475,0.007349999999999961,0.0970902636916836,0.030199999999999897,0.0049423255813953485,0.009000000000000015,0.006275847907255017,0.009503580901856773,0.4561281337047354,0.3760416666666666,0.3861337828246984,0.4586834733893558,0.8723849372384938,0.375,0.4575208913649025,0.4882518796992481,2.180555555555556,2.163866396761134,0.495040809084457,2.1259414225941424,2.122784810126582,0.475,2.122784810126582,2.1913154238073185,2.3402777777777772,2.3319331983805665,0.6943227091633462,2.312970711297071,2.3113924050632915,0.4875,2.3113924050632915,2.3456577119036592,2.468055555555555,2.4663866396761134,0.9388645418326697,2.462594142259414,2.462278481012658,0.4975,2.462278481012658,2.469131542380732,396.52100840336266,396.6218487395016,397.44537815126864,393.1260504201787,396.5546218487391,82971123.09243697,19313500.50420168,0,51593973.24369748,36052854.31932773,3112229190.9915967,2837492710.184874,991779349.512605,4798309935.327731,4151429343.7310925,0,0,0,0,0,14.823529411764705,1.949579831932773,4.453781512605042,0.6386554621848739,16.621848739495796,0,0,0,0,0,60140.638655462186,15755.831932773108,983065.8151260504,46432.80672268907,71507.89915966387,1530.3697478991594,262.10084033613447,2809.0588235294113,1693.6470588235293,432.30252100840335,1733.5630252100837,374.5882352941177,1879.327731092437,2077.2268907563025,537.2773109243698,0,0,0,0,0,0,0,0,0,0,0,0,0,0,0,0,0,0,0,0
1693106235,0.5330035817840696,0.27373261797875803,0.13260840737302756,0.08490405841399226,1.6333981888496547,0.473821369343759,0.10955542847460509,0.13972922777796523,0.18941386930443035,0.11015399528540956,0,0.21548008963971724,0.04502273648192341,0.5325623858794883,0.09105533128964709,5.479155095514229,5.521735429212743,0.9097287605534186,0.44269881558838464,9.627817780019706,2.579395340756513,0.27332288392269233,0.5316296708876452,3.447956710512476,0.9417543587935929,0.00006838056039259503,0.2975004977590073,1.1253987708793018,2.636967616402919,1.0435303457067395,4.605150946614369,4.790320814628276,0.9282588516111918,0.3183902190524705,7.710600273834404,1.684698202111139,0.30675519972889426,0.27945845555593046,3.0727138798274245,0.5948315745412076,0,0.15083606274780226,0.7428751519517318,1.255325623858795,0.6070355419309792,50000,100000,50000,50000,50000,50000,10000,50000,50000,20000,50000,0,4190208,0,220594176,0,0,1757184,0,0,2973696,0,0,0,0,3244032,1090.5253283302063,1.8066352786598052,0,7.004584819154356,248.9010593067666,295.34865355760877,0,0,886.204356518994,2.9080654755347974,0,19.910360282709878,69.83026428346315,2.5106512477175897,8.012869153488936,0,0,0,0,0,0,0,0,0,0,0,0,0,0,0,224342016,75849728,10711040,439984128,111415296,349663232,39505920,10838016,310304768,93900800,4952064,3993600,305532928,16019456,134160384,205996032,68665344,9596928,199372800,103809024,331296768,35684352,9596928,291287040,82722816,4055040,2568192,295206912,14733312,36360192,0,0,0,0,0,0,0,0,0,0,0,0,0,0,0,207659008,75591680,10338304,424943616,107560960,334032896,39243776,10485760,295661568,92467200,4796416,3043328,297570304,15667200,41504768,189816832,71401472,10338304,211648512,107560960,334032896,37486592,10485760,295661568,89493504,4796416,3043328,297570304,15667200,38260736,1073741824,1073741824,314572800,0,1073741824,1073741824,1073741824,314572800,1073741824,0,0,0,1073741824,314572800,2147483648,10.593452315777949,0,4.338394967594358,0,0.06464402689191519,14.26533523537803,42465.78342275266,0,18443.174339814464,0,915.7041889329427,49153.36752966886,10.593452315777949,0,4.338394967594358,0,0.06464402689191519,14.26533523537803,42465.78342275266,0,18443.174339814464,0,915.7041889329427,49153.36752966886,104.4830657501085,49.89876265466816,477.2338809229893,21.16426945728431,34.29049344856426,39.12363067292645,16.407319805801066,60.298175440097545,48.14757187559428,94.9815837937385,0,0,0,0,0,0,0,0,0,0,119421.03820768723,120467.71653543306,1571579.0998005888,100735.82205119781,334997.06009073165,554471.1882405545,2999.5518486244237,9005.96778678531,595927.7354217451,124267.72559852671,0,0,0,0,0,0,0,0,0,0,124.00940918537466,41.43982002249719,464.6757193049093,28.555339167976722,47.64680538307525,51.447574334898285,14.564919706211873,73.538533935103,65.12456131251837,126.8646408839779,0,0,0,0,0,0,0,0,0,0,24894.877475049674,6737.255343082114,141368.05621498433,5786.315962364203,12390.399675596218,6434.356136820926,2760.8614465330506,10426.322431605742,13885.223795446294,24181.21546961326,0,0,0,0,0,0,0,0,0,0,42,34,74,18,16,2,18,118,0,0,0,0,0.008225516621743036,0.0030367985280588777,0.030591859596713965,0.015692963752665243,0.0015465116279069773,0.003033898305084746,0.0030272108843537415,0.0031963730569948183,0.020647540983606556,0.0046662373505059794,0.06907707910750507,0.023317697228144987,0.0043186046511627905,0.0046610169491525435,0.004648979591836735,0.004953471502590673,0.023192622950819662,0.004869917203311867,0.08463995943204868,0.024270788912579958,0.004665116279069768,0.004864406779661017,0.004851700680272108,0.007245295698924731,0.041607142857142475,0.007349999999999961,0.0970902636916836,0.030199999999999897,0.0049423255813953485,0.009000000000000015,0.006275847907255017,0.009524327956989247,0.4561281337047354,0.3760416666666666,0.3861337828246984,0.4586834733893558,0.8723849372384938,0.375,0.4575208913649025,0.4707386363636364,2.180555555555556,2.163866396761134,0.495040809084457,2.1259414225941424,2.122784810126582,0.475,2.122784810126582,2.1764122137404582,2.3402777777777772,2.3319331983805665,0.6943227091633462,2.312970711297071,2.3113924050632915,0.4875,2.3113924050632915,2.338206106870229,2.468055555555555,2.4663866396761134,0.9388645418326697,2.462594142259414,2.462278481012658,0.4975,2.462278481012658,2.4676412213740457,396.48739495798935,396.7058823529473,397.3781512604941,393.0756302520981,396.5378151260549,82971123.09243697,9656784.672268907,0,51593973.24369748,36052854.31932773,3112262785.07563,2724024423.2605042,992244159.4621848,4798330380.907563,4151537216.537815,0,0,0,0,0,14.84033613445378,1.949579831932773,4.453781512605042,0.6386554621848739,16.621848739495796,0,0,0,0,0,60235.294117647056,15755.831932773108,983065.8151260504,46432.80672268907,71525.10924369747,1543.378151260504,262.08403361344534,2806.8067226890757,1701.5798319327732,433.2773109243698,1746.72268907563,374.5378151260504,1877.4957983193276,2085.5126050420167,538.3025210084032,0,0,0,0,0,0,0,0,0,0,0,0,0,0,0,0,0,0,0,0
1693106236,0.5330035817840696,0.27373261797875803,0.13260840737302756,0.08490405841399226,1.6333981888496547,0.4125128326620878,0.12708095056551033,0.1425389426481002,0.18941386930443035,0.11015399528540956,0,0.21548008963971724,0.04502273648192341,0.5325623858794883,0.07498216833095583,5.479155095514229,5.521735429212743,0.9097287605534186,0.44269881558838464,9.627817780019706,2.2456430786237935,0.31704619646714943,0.5423198308166155,3.447956710512476,0.9417543587935929,0.00006838056039259503,0.2975004977590073,1.1253987708793018,2.636967616402919,0.8593254994739644,4.605150946614369,4.790320814628276,0.9282588516111918,0.3183902190524705,7.710600273834404,1.466712293909642,0.35582666158342896,0.2850778852962004,3.0727138798274245,0.5948315745412076,0,0.15083606274780226,0.7428751519517318,1.255325623858795,0.49988112220637115,50000,100000,50000,50000,50000,50000,10000,50000,50000,20000,50000,0,4190208,0,220594176,0,0,1757184,0,0,2973696,0,0,0,0,3244032,1090.5253283302063,1.8066352786598052,0,7.004584819154356,248.9010593067666,257.1329990260339,0,0,886.204356518994,2.9080654755347974,0,19.910360282709878,69.83026428346315,2.5106512477175897,6.598430813124108,0,0,0,0,0,0,0,0,0,0,0,0,0,0,0,224342016,75849728,10711040,439984128,111415296,349663232,39505920,10838016,310304768,93900800,4952064,3993600,305532928,16019456,134160384,205996032,68665344,9596928,199372800,103809024,331296768,35684352,9596928,291287040,82722816,4055040,2568192,295206912,14733312,36360192,0,0,0,0,0,0,0,0,0,0,0,0,0,0,0,207659008,75591680,10338304,424943616,107560960,334032896,39243776,10485760,295661568,92467200,4796416,3043328,297570304,15667200,41504768,189816832,71401472,10338304,211648512,107560960,334032896,37486592,10485760,295661568,89493504,4796416,3043328,297570304,15667200,38260736,1073741824,1073741824,314572800,0,1073741824,1073741824,1073741824,314572800,1073741824,0,0,0,1073741824,314572800,2147483648,10.593452315777949,0,5.032405642394205,0,0.06464402689191519,11.747206371849739,42465.78342275266,0,21393.51887152116,0,915.7041889329427,40476.774132192106,10.593452315777949,0,5.032405642394205,0,0.06464402689191519,11.747206371849739,42465.78342275266,0,21393.51887152116,0,915.7041889329427,40476.774132192106,104.4830657501085,49.89876265466816,477.2338809229893,21.16426945728431,34.29049344856426,39.12363067292645,16.40731980580107,60.298175440097545,48.14757187559428,94.9815837937385,0,0,0,0,0,0,0,0,0,0,119421.03820768723,120467.71653543306,1571579.0998005888,100735.82205119781,334997.06009073165,554471.1882405545,2999.551848624424,9005.96778678531,595927.7354217451,124267.72559852671,0,0,0,0,0,0,0,0,0,0,124.00940918537466,41.43982002249719,464.6757193049093,28.555339167976722,47.64680538307525,51.447574334898285,14.564919706211876,73.538533935103,65.12456131251837,126.8646408839779,0,0,0,0,0,0,0,0,0,0,24894.877475049674,6737.255343082114,141368.05621498433,5786.315962364203,12390.399675596218,6434.356136820926,2760.861446533051,10426.322431605742,13885.223795446294,24181.21546961326,0,0,0,0,0,0,0,0,0,0,12,12,24,6,6,2,6,18,0,0,0,0,0.008225516621743036,0.0030367985280588777,0.030591859596713965,0.015692963752665243,0.0015465116279069773,0.003033898305084746,0.0030272108843537415,0.00318962962962963,0.020647540983606556,0.0046662373505059794,0.06907707910750507,0.023317697228144987,0.0043186046511627905,0.0046610169491525435,0.004648979591836735,0.004941333333333334,0.023192622950819662,0.004869917203311867,0.08463995943204868,0.024270788912579958,0.004665116279069768,0.004864406779661017,0.004851700680272108,0.00715251989389921,0.041607142857142475,0.007349999999999961,0.0970902636916836,0.030199999999999897,0.0049423255813953485,0.009000000000000015,0.006275847907255017,0.009504774535809021,0.4561281337047354,0.3760416666666666,0.3861337828246984,0.4586834733893558,0.8723849372384938,0.375,0.4575208913649025,0.48740601503759406,2.180555555555556,2.163866396761134,0.495040809084457,2.1259414225941424,2.122784810126582,0.475,2.122784810126582,2.190651162790698,2.3402777777777772,2.3319331983805665,0.6943227091633462,2.312970711297071,2.3113924050632915,0.4875,2.3113924050632915,2.345325581395349,2.468055555555555,2.4663866396761134,0.9388645418326697,2.462594142259414,2.462278481012658,0.4975,2.462278481012658,2.46906511627907,396.48739495799623,396.63865546219114,397.3613445378417,393.0252100840313,396.554621848744,82971123.09243697,9656784.672268907,0,51593973.24369748,36052854.31932773,3182947698.0168066,2667318779.697479,1050405500.7731092,4890565003.831933,4229961435.428571,0,0,0,0,0,14.890756302521007,1.949579831932773,4.453781512605042,0.5210084033613445,16.73949579831933,0,0,0,0,0,60407.39495798319,15755.831932773108,983065.8151260504,28190.11764705882,71972.57142857142,1544.3865546218485,262.2352941176471,2809.680672268907,1710.5714285714284,434.890756302521,1747.7142857142856,374.70588235294116,1879.4453781512605,2095.2605042016808,539.9831932773109,0,0,0,0,0,0,0,0,0,0,0,0,0,0,0,0,0,0,0,0
1693106237,0.5330035817840696,0.23831922089613947,0.13260840737302756,0.08490405841399226,1.6333981888496547,0.40461580983969186,0.12708095056551033,0.1685828922080989,0.18941386930443035,0.07819757919755568,0,0.1727861771058315,0.04502273648192341,0.5325623858794883,0.11572511427855045,5.479155095514229,4.807376246212315,0.9097287605534186,0.44269881558838464,9.627817780019706,2.2026531562778517,0.31704619646714943,0.6414095957382248,3.447956710512476,0.8207963076690007,0.00006838056039259503,0.29744479827213843,1.1253987708793018,2.636967616402919,1.0321058634057894,4.605150946614369,4.170586365682451,0.9282588516111918,0.3183902190524705,7.710600273834404,1.4386339905411227,0.35582666158342896,0.3371657844161978,3.0727138798274245,0.5278336595834996,0,0.15550755939524852,0.7428751519517318,1.255325623858795,0.6172006094856015,50000,100000,50000,50000,50000,50000,10000,50000,50000,20000,50000,0,4190208,0,220594176,0,0,1757184,0,0,2973696,0,0,0,0,3514368,1090.5253283302063,1.5729068579145227,0,7.004584819154356,248.9010593067666,252.21052146674037,0,0,886.204356518994,2.580520113519335,0,15.965442764578835,69.83026428346315,2.5106512477175897,6.364881285320269,0,0,0,0,0,0,0,0,0,0,0,0,0,0,0,224342016,75849728,10711040,439984128,111415296,349663232,39505920,10838016,310304768,93900800,4952064,3993600,305532928,16019456,134160384,205996032,68665344,9596928,199372800,103809024,331296768,35684352,9596928,291287040,82857984,4055040,2568192,295206912,14733312,36495360,0,0,0,0,0,0,0,0,0,0,0,0,0,0,0,207659008,75591680,10338304,424943616,107560960,334032896,39243776,10485760,295661568,92569600,4796416,2912256,297570304,15667200,41902080,189816832,71401472,10338304,211648512,107560960,334032896,37486592,10485760,295661568,89595904,4796416,2912256,297570304,15667200,38387712,1073741824,1073741824,314572800,0,1073741824,1073741824,1073741824,314572800,1073741824,0,0,0,1073741824,314572800,2147483648,9.22295384868061,0,5.032405642394205,0,0.05183585313174946,14.118463941983142,36971.89065294355,0,21393.51887152116,0,734.2721382289417,46275.232896792484,9.22295384868061,0,5.032405642394205,0,0.05183585313174946,14.118463941983142,36971.89065294355,0,21393.51887152116,0,734.2721382289417,46275.232896792484,104.4830657501085,49.89876265466816,477.2338809229893,21.16426945728431,34.29049344856426,39.12363067292645,16.40731980580107,60.33480787579148,48.14757187559428,94.9815837937385,0,0,0,0,0,0,0,0,0,0,119421.03820768723,120467.71653543306,1571579.0998005888,100735.82205119781,334997.06009073165,554471.1882405545,2999.551848624424,9017.468991239484,595927.7354217451,124267.72559852671,0,0,0,0,0,0,0,0,0,0,124.00940918537466,41.43982002249719,464.6757193049093,28.555339167976722,47.64680538307525,51.447574334898285,14.564919706211876,73.46690953248331,65.12456131251837,126.8646408839779,0,0,0,0,0,0,0,0,0,0,24894.877475049674,6737.255343082114,141368.05621498433,5786.315962364203,12390.399675596218,6434.356136820926,2760.861446533051,10418.45780206436,13885.223795446294,24181.21546961326,0,0,0,0,0,0,0,0,0,0,24,16,52,2,2,2,2,42,0,0,0,0,0.008322102425876011,0.003032786885245902,0.030400890868596882,0.01567032967032967,0.0016363636363636368,0.003037037037037037,0.0030217785843920145,0.003188165387472147,0.02082093023255814,0.004659016393442623,0.06869918699186997,0.023371428571428574,0.004336969696969697,0.004666666666666666,0.0046392014519056265,0.004938697697449864,0.023259302325581394,0.004862295081967213,0.08445121951219511,0.024334065934065938,0.004674545454545454,0.00487037037037037,0.004841379310344828,0.007132037533512067,0.04112499999999974,0.007011764705882378,0.09705284552845529,0.03628571428571457,0.004944606060606061,0.0095,0.005358651138091856,0.009501474530831104,0.45703125,0.3770833333333333,0.38601263601263597,0.45738636363636365,0.8631465517241379,0.375,0.4535818713450292,0.48873106060606064,2.18162955465587,2.1645290581162326,0.49482274482274485,2.1224137931034486,2.111395348837209,0.475,2.111395348837209,2.191697674418605,2.3408147773279353,2.3322645290581163,0.6912350597609556,2.3112068965517243,2.305697674418605,0.4875,2.3056976744186044,2.3458488372093025,2.468162955465587,2.4664529058116234,0.9382470119521914,2.462241379310345,2.4611395348837206,0.4975,2.4611395348837206,2.4691697674418602,396.6050420167998,396.7731092437188,397.3949579831992,392.8907563025218,396.60504201680436,82971123.09243697,9656784.672268907,0,51593973.24369748,36052854.31932773,3182954719.7310925,2610589799.2605042,1050427873.882353,4890609130.487394,4308249763.495798,0,0,0,0,0,15.025210084033613,1.949579831932773,4.453781512605042,0.5210084033613445,16.722689075630253,0,0,0,0,0,60829.04201680672,15755.831932773108,983065.8151260504,28190.11764705882,71877.91596638656,1539.8823529411766,258.3697478991597,2809.4789915966385,1710.0840336134452,434.47058823529414,1743.4621848739494,370.97478991596637,1878.4873949579833,2094.3529411764703,539.4453781512605,0,0,0,0,0,0,0,0,0,0,0,0,0,0,0,0,0,0,0,0
1693106238,0.5110132530935171,0.3353784844838129,0.13260840737302756,0.08490405841399226,1.6333981888496547,0.39671878701729585,0.12708095056551033,0.1685828922080989,0.18941386930443035,0.07976986915927042,0,0.1727861771058315,0.04502273648192341,0.5325623858794883,0.11572511427855045,4.779283231742461,5.678043319063309,0.9097287605534186,0.44269881558838464,9.627817780019706,2.15966323393191,0.31704619646714943,0.6414095957382248,3.447956710512476,0.8372997571159477,0.00006838056039259503,0.29744479827213843,1.1253987708793018,2.636967616402919,1.0321058634057894,4.05971639957628,4.932036536526666,0.9282588516111918,0.3183902190524705,7.710600273834404,1.410555687172604,0.35582666158342896,0.3371657844161978,3.0727138798274245,0.5384466168250741,0,0.15550755939524852,0.7428751519517318,1.255325623858795,0.6172006094856015,50000,100000,50000,50000,50000,50000,10000,50000,50000,20000,50000,0,4460544,0,220594176,0,0,1757184,0,0,2973696,0,0,0,0,3514368,835.6770065589287,2.6041152912860777,0,7.004584819154356,248.9010593067666,247.28804390744693,0,0,886.204356518994,2.632405682255922,0,15.965442764578835,69.83026428346315,2.5106512477175897,6.364881285320269,0,0,0,0,0,0,0,0,0,0,0,0,0,0,0,224342016,76009472,10711040,439984128,111415296,349663232,39505920,10838016,310304768,93900800,4952064,3993600,305532928,16019456,134160384,205996032,68800512,9596928,199372800,103809024,331296768,35684352,9596928,291287040,82857984,4055040,2568192,295206912,14733312,36495360,0,0,0,0,0,0,0,0,0,0,0,0,0,0,0,207659008,75767808,10338304,424943616,107560960,334032896,39243776,10485760,295661568,92569600,4796416,2912256,297570304,15667200,41902080,189816832,71307264,10338304,211648512,107560960,334032896,37486592,10485760,295661568,89595904,4796416,2912256,297570304,15667200,38387712,1073741824,1073741824,314572800,0,1073741824,1073741824,1073741824,314572800,1073741824,0,0,0,1073741824,314572800,2147483648,10.574286334313165,0,5.032405642394205,0,0.05183585313174946,14.118463941983142,41231.50979502456,0,21393.51887152116,0,734.2721382289417,46275.232896792484,10.574286334313165,0,5.032405642394205,0,0.05183585313174946,14.118463941983142,41231.50979502456,0,21393.51887152116,0,734.2721382289417,46275.232896792484,104.4830657501085,49.89876265466816,477.2338809229893,21.16426945728431,34.29049344856426,39.12363067292645,14.203315421110146,60.33480787579148,49.40494283242536,94.9815837937385,0,0,0,0,0,0,0,0,0,0,119421.03820768723,120467.71653543306,1571579.0998005888,100735.82205119781,334997.06009073165,554471.1882405545,2596.620382381012,9017.468991239484,598147.770581496,124267.72559852671,0,0,0,0,0,0,0,0,0,0,124.00940918537466,41.43982002249719,464.6757193049093,28.555339167976722,47.64680538307525,51.447574334898285,12.608405950454378,73.46690953248331,66.28632888306952,126.8646408839779,0,0,0,0,0,0,0,0,0,0,24894.877475049674,6737.255343082114,141368.05621498433,5786.315962364203,12390.399675596218,6434.356136820926,2389.993394608352,10418.45780206436,14461.40896443686,24181.21546961326,0,0,0,0,0,0,0,0,0,0,34,8,42,16,14,2,14,122,0,0,0,0,0.008322102425876011,0.003032786885245902,0.030400890868596882,0.01567032967032967,0.0015764705882352942,0.003033898305084746,0.0030207612456747404,0.003188165387472147,0.02082093023255814,0.004659016393442623,0.06869918699186997,0.023371428571428574,0.004324705882352941,0.0046610169491525435,0.004637370242214532,0.004938697697449864,0.023259302325581394,0.004862295081967213,0.08445121951219511,0.024334065934065938,0.004668235294117647,0.004864406779661017,0.0048394463667820065,0.007132037533512067,0.04112499999999974,0.007011764705882378,0.09705284552845529,0.03628571428571457,0.004943058823529412,0.009000000000000015,0.005133451586266737,0.009501474530831104,0.45703125,0.3770833333333333,0.38601263601263597,0.45738636363636365,0.8706896551724138,0.375,0.45738636363636365,0.48873106060606064,2.18162955465587,2.1645290581162326,0.49482274482274485,2.1224137931034486,2.1224137931034486,0.475,2.1224137931034486,2.191697674418605,2.3408147773279353,2.3322645290581163,0.6912350597609556,2.3112068965517243,2.3112068965517243,0.4875,2.3112068965517243,2.3458488372093025,2.468162955465587,2.4664529058116234,0.9382470119521914,2.462241379310345,2.462241379310345,0.4975,2.462241379310345,2.4691697674418602,396.5210084033794,396.87394957983753,397.3949579831876,392.89075630251534,396.70588235293593,82971123.09243697,9656784.672268907,0,51593973.24369748,36052854.31932773,3324445842.285714,2553888079.5966387,1108610142.655462,4890626340.571428,4229981743.327731,0,0,0,0,0,14.907563025210083,1.949579831932773,3.865546218487395,1.042016806722689,16.621848739495796,0,0,0,0,0,60467.63025210084,15755.831932773108,842011.9663865545,38722.68907563025,71473.47899159664,1538.672268907563,258.87394957983196,2809.8991596638652,1702.2689075630253,433.29411764705884,1742.453781512605,371.56302521008405,1878.2857142857144,2085.949579831933,538.2857142857143,0,0,0,0,0,0,0,0,0,0,0,0,0,0,0,0,0,0,0,0
1693106239,0.6085604165257983,0.3353784844838129,0.13260840737302756,0.08490405841399226,1.397930228275403,0.38882176419489983,0.12708095056551033,0.14261480494959383,0.18941386930443035,0.09433739770288445,0,0.1731189543615156,0.04502273648192341,0.5325623858794883,0.11572511427855045,5.6915991446345,5.678043319063309,0.9097287605534186,0.44269881558838464,8.23988761521503,2.116673311585968,0.31704619646714943,0.5426084651346977,3.447956710512476,0.9902069668168194,0.00004347511020753466,0.30182975049230726,1.1253987708793018,2.636967616402919,1.0321058634057894,4.834674420177182,4.932036536526666,0.9282588516111918,0.3183902190524705,6.599052989358892,1.3824773838040851,0.35582666158342896,0.28522960989918766,3.0727138798274245,0.6367774344944684,0,0.12983921577113686,0.7428751519517318,1.255325623858795,0.6172006094856015,50000,100000,50000,50000,50000,50000,10000,50000,50000,20000,50000,0,4460544,0,220594176,0,0,1757184,0,0,2973696,0,0,0,0,3514368,995.1991344918521,2.6041152912860777,0,7.004584819154356,213.01989743220193,242.36556634815344,0,0,886.204356518994,3.113134124195184,0,19.99523922875506,69.83026428346315,2.5106512477175897,6.364881285320269,0,0,0,0,0,0,0,0,0,0,0,0,0,0,0,224342016,76009472,10711040,439984128,111415296,349663232,39505920,10838016,310304768,93900800,4952064,3993600,305532928,16019456,134160384,205996032,68800512,9596928,199372800,103809024,331296768,35684352,9596928,291287040,82857984,4055040,2568192,295206912,14733312,36495360,0,0,0,0,0,0,0,0,0,0,0,0,0,0,0,207659008,75767808,10338304,424943616,107560960,334032896,39243776,10485760,295661568,92569600,4796416,2912256,297570304,15667200,41902080,189816832,71307264,10338304,211648512,107560960,334032896,37486592,10485760,295661568,89595904,4796416,2912256,297570304,15667200,38387712,1073741824,1073741824,314572800,0,1073741824,1073741824,1073741824,314572800,1073741824,0,0,0,1073741824,314572800,2147483648,10.574286334313165,0,5.032405642394205,0,0.06491960788556837,14.118463941983142,41231.50979502456,0,21393.51887152116,0,919.6078855683712,46275.232896792484,10.574286334313165,0,5.032405642394205,0,0.06491960788556837,14.118463941983142,41231.50979502456,0,21393.51887152116,0,919.6078855683712,46275.232896792484,104.4830657501085,49.89876265466816,477.2338809229893,21.16426945728431,34.29049344856426,39.12363067292645,13.92986009101346,60.33480787579148,49.40494283242536,94.9815837937385,0,0,0,0,0,0,0,0,0,0,119421.03820768723,120467.71653543306,1571579.0998005888,100735.82205119781,334997.06009073165,554471.1882405545,2546.6278515706044,9017.468991239484,598147.770581496,124267.72559852671,0,0,0,0,0,0,0,0,0,0,124.00940918537466,41.43982002249719,464.6757193049093,28.555339167976722,47.64680538307525,51.447574334898285,12.365657288684178,73.46690953248331,66.28632888306952,126.8646408839779,0,0,0,0,0,0,0,0,0,0,24894.877475049674,6737.255343082114,141368.05621498433,5786.315962364203,12390.399675596218,6434.356136820926,2343.9790371661343,10418.45780206436,14461.40896443686,24181.21546961326,0,0,0,0,0,0,0,0,0,0,46,10,36,26,22,2,26,150,0,0,0,0,0.008322102425876011,0.003032786885245902,0.030400890868596882,0.01567032967032967,0.0015764705882352942,0.003033898305084746,0.0030207612456747404,0.003188165387472147,0.02082093023255814,0.004659016393442623,0.06869918699186997,0.023371428571428574,0.004324705882352941,0.0046610169491525435,0.004637370242214532,0.004938697697449864,0.023259302325581394,0.004862295081967213,0.08445121951219511,0.024334065934065938,0.004668235294117647,0.004864406779661017,0.0048394463667820065,0.007132037533512067,0.04112499999999974,0.007011764705882378,0.09705284552845529,0.03628571428571457,0.004943058823529412,0.009000000000000015,0.005133451586266737,0.009501474530831104,0.45703125,0.3770833333333333,0.38601263601263597,0.45738636363636365,0.8706896551724138,0.375,0.45738636363636365,0.48873106060606064,2.18162955465587,2.1645290581162326,0.49482274482274485,2.1224137931034486,2.1224137931034486,0.475,2.1224137931034486,2.191697674418605,2.3408147773279353,2.3322645290581163,0.6912350597609556,2.3112068965517243,2.3112068965517243,0.4875,2.3112068965517243,2.3458488372093025,2.468162955465587,2.4664529058116234,0.9382470119521914,2.462241379310345,2.462241379310345,0.4975,2.462241379310345,2.4691697674418602,396.4873949579845,396.7563025210034,397.36134453781335,392.9243697479042,396.77310924369135,82971123.09243697,9656784.672268907,0,51593973.24369748,36052854.31932773,3395186240.537815,2553944597.5126047,1108594791.2605042,4890719343.865546,4308293201.747899,0,0,0,0,0,14.789915966386554,1.949579831932773,3.865546218487395,1.042016806722689,16.722689075630253,0,0,0,0,0,60132.033613445376,15755.831932773108,842011.9663865545,38722.68907563025,71912.33613445378,1549.8655462184872,260.70588235294116,2810.890756302521,1710,434.95798319327724,1753.0924369747895,373.00840336134456,1878.924369747899,2092.991596638655,539.9327731092437,0,0,0,0,0,0,0,0,0,0,0,0,0,0,0,0,0,0,0,0
1693106240,0.6085604165257983,0.3353784844838129,0.13260840737302756,0.08490405841399226,1.370706925127909,0.5052692363216403,0.12708095056551033,0.13980509007945885,0.18941386930443035,0.09433739770288445,0,0.1731189543615156,0.04502273648192341,0.5325623858794883,0.11572511427855045,5.6915991446345,5.678043319063309,0.9097287605534186,0.44269881558838464,8.079423985548036,2.914715869063084,0.31704619646714943,0.5319183052057274,3.447956710512476,0.9902069668168194,0.00004347511020753466,0.30182975049230726,1.1253987708793018,2.636967616402919,1.0321058634057894,4.834674420177182,4.932036536526666,0.9282588516111918,0.3183902190524705,6.470542984794986,2.129348924498326,0.35582666158342896,0.2796101801589177,3.0727138798274245,0.6367774344944684,0,0.12983921577113686,0.7428751519517318,1.255325623858795,0.6172006094856015,50000,100000,50000,50000,50000,50000,10000,50000,50000,20000,50000,0,4460544,0,220594176,0,0,1757184,0,0,2973696,0,0,0,0,3514368,995.1991344918521,2.6041152912860777,0,7.004584819154356,208.87154644375585,427.56604590731916,0,0,886.204356518994,3.113134124195184,0,19.99523922875506,69.83026428346315,2.5106512477175897,6.364881285320269,0,0,0,0,0,0,0,0,0,0,0,0,0,0,0,224342016,76009472,10711040,439984128,111415296,349663232,39505920,10838016,310304768,93900800,4952064,3993600,305532928,16019456,134160384,205996032,68800512,9596928,199372800,103809024,331567104,35684352,9596928,291287040,82857984,4055040,2568192,295206912,14733312,36495360,0,0,0,0,0,0,0,0,0,0,0,0,0,0,0,207659008,75767808,10338304,424943616,107560960,334270464,39243776,10485760,295661568,92569600,4796416,2912256,297570304,15667200,41902080,189816832,71307264,10338304,211648512,107560960,334270464,37486592,10485760,295661568,89595904,4796416,2912256,297570304,15667200,38387712,1073741824,1073741824,314572800,0,1073741824,1073741824,1073741824,314572800,1073741824,0,0,0,1073741824,314572800,2147483648,10.574286334313165,0,5.032405642394205,0,0.06491960788556837,14.118463941983142,41231.50979502456,0,21393.51887152116,0,919.6078855683712,46275.232896792484,10.574286334313165,0,5.032405642394205,0,0.06491960788556837,14.118463941983142,41231.50979502456,0,21393.51887152116,0,919.6078855683712,46275.232896792484,104.4830657501085,49.89876265466816,402.88614487386457,21.16426945728431,34.29049344856426,39.27329912266181,13.656404760916775,62.2738658502644,49.40494283242536,94.9815837937385,0,0,0,0,0,0,0,0,0,0,119421.03820768723,120467.71653543306,1326744.538041655,100735.82205119781,334997.06009073165,553136.4840258235,2496.635320760198,9311.508488728083,598147.770581496,124267.72559852671,0,0,0,0,0,0,0,0,0,0,124.00940918537466,41.43982002249719,392.2844053007524,28.555339167976722,47.64680538307525,52.10230094355239,12.122908626913981,75.1693106967251,66.28632888306952,126.8646408839779,0,0,0,0,0,0,0,0,0,0,24894.877475049674,6737.255343082114,119344.48381286996,5786.315962364203,12390.399675596218,6519.057275285549,2297.9646797239166,10705.329807959923,14461.40896443686,24181.21546961326,0,0,0,0,0,0,0,0,0,0,34,16,56,14,8,2,12,104,0,0,0,0,0.008322102425876011,0.003032786885245902,0.030400890868596882,0.01567032967032967,0.0015764705882352942,0.003033898305084746,0.0030207612456747404,0.003193864398040732,0.02082093023255814,0.004659016393442623,0.06869918699186997,0.023371428571428574,0.004324705882352941,0.0046610169491525435,0.004637370242214532,0.004948955916473318,0.023259302325581394,0.004862295081967213,0.08445121951219511,0.024334065934065938,0.004668235294117647,0.004864406779661017,0.0048394463667820065,0.007212059620596202,0.04112499999999974,0.007011764705882378,0.09705284552845529,0.03628571428571457,0.004943058823529412,0.009000000000000015,0.005133451586266737,0.009518292682926824,0.45703125,0.3770833333333333,0.38601263601263597,0.45738636363636365,0.8706896551724138,0.375,0.45738636363636365,0.4749045801526718,2.18162955465587,2.1645290581162326,0.49482274482274485,2.1224137931034486,2.1224137931034486,0.475,2.1224137931034486,2.1802354709418843,2.3408147773279353,2.3322645290581163,0.6912350597609556,2.3112068965517243,2.3112068965517243,0.4875,2.3112068965517243,2.340117735470942,2.468162955465587,2.4664529058116234,0.9382470119521914,2.462241379310345,2.462241379310345,0.4975,2.462241379310345,2.4680235470941883,396.57142857142105,396.7563025210141,397.32773109241657,392.8067226890644,396.7899159663762,82971123.09243697,9656784.672268907,0,51593973.24369748,36052854.31932773,3253723204.840336,2497203225.815126,1108581573.9159663,4983064042.487394,4308335400.873949,0,0,0,0,0,14.823529411764705,1.949579831932773,3.865546218487395,1.042016806722689,16.77310924369748,0,0,0,0,0,60235.294117647056,15755.831932773108,842011.9663865545,38722.68907563025,72032.80672268907,1548.8235294117646,262.78991596638656,2812.5714285714284,1712.9243697478992,435.781512605042,1751.7478991596638,375.2436974789916,1880.4033613445379,2095.2605042016808,540.7226890756302,0,0,0,0,0,0,0,0,0,0,0,0,0,0,0,0,0,0,0,0
1693106241,0.5171191426059927,0.3353784844838129,0.13260840737302756,0.08490405841399226,1.3434836219804145,0.5052692363216403,0.12708095056551033,0.1661681621801264,0.18941386930443035,0.09433739770288445,0,0.1731189543615156,0.051173580786025866,0.5325623858794883,0.11572511427855045,4.836388943160295,5.678043319063309,0.9097287605534186,0.44269881558838464,7.918960355881041,2.914715869063084,0.31704619646714943,0.6464108154702564,3.447956710512476,0.9902069668168194,0.00004347511020753466,0.30182975049230726,1.2636977193640782,2.636967616402919,1.0321058634057894,4.1082242995920595,4.932036536526666,0.9282588516111918,0.3183902190524705,6.342032980231078,2.129348924498326,0.35582666158342896,0.43619142572283137,3.0727138798274245,0.6367774344944684,0,0.12983921577113686,0.9211244541484701,1.255325623858795,0.6172006094856015,50000,100000,50000,50000,50000,50000,10000,50000,50000,20000,50000,0,4460544,0,220594176,0,0,1757184,0,0,2973696,0,0,0,0,3514368,845.6621712083306,2.6041152912860777,0,7.004584819154356,204.72319545530974,427.56604590731916,0,0,886.204356518994,3.113134124195184,0,19.99523922875506,67.54912663755458,2.5106512477175897,6.364881285320269,0,0,0,0,0,0,0,0,0,0,0,0,0,0,0,224342016,76009472,10711040,439984128,111415296,349663232,39505920,10878976,310304768,93900800,4952064,3993600,305532928,16019456,134160384,205996032,68800512,9596928,199372800,103809024,331567104,35684352,9596928,291287040,82857984,4055040,2568192,295206912,14733312,36495360,0,0,0,0,0,0,0,0,0,0,0,0,0,0,0,207659008,75767808,10338304,424943616,107560960,334270464,39243776,10620928,295661568,92569600,4796416,2912256,297598976,15667200,41902080,189816832,71307264,10338304,211648512,107560960,334270464,37486592,10620928,295661568,89595904,4796416,2912256,297598976,15667200,38387712,1073741824,1073741824,314572800,0,1073741824,1073741824,1073741824,314572800,1073741824,0,0,0,1073741824,314572800,2147483648,10.574286334313165,0,5.032405642394205,0,0.06491960788556837,14.118463941983142,41231.50979502456,0,21393.51887152116,0,919.6078855683712,46275.232896792484,10.574286334313165,0,5.032405642394205,0,0.06491960788556837,14.118463941983142,41231.50979502456,0,21393.51887152116,0,919.6078855683712,46275.232896792484,104.4830657501085,49.89876265466816,480.19435757759175,21.292162233144484,34.30962343096235,39.27329912266181,17.282437401505863,62.2738658502644,49.40494283242536,94.9815837937385,0,0,0,0,0,0,0,0,0,0,119421.03820768723,120467.71653543306,1578575.2547160296,100238.15330356808,333083.1427243143,553136.4840258235,3129.7671160917525,9311.508488728083,598147.770581496,124267.72559852671,0,0,0,0,0,0,0,0,0,0,124.00940918537466,41.43982002249719,467.5005884528734,28.758488725471803,47.53138075313808,52.10230094355239,15.233759411661705,75.1693106967251,66.28632888306952,126.8646408839779,0,0,0,0,0,0,0,0,0,0,24894.877475049674,6737.255343082114,143092.62248226238,5917.345139383934,12487.51278475128,6519.057275285549,2882.402381369287,10705.329807959923,14461.40896443686,24181.21546961326,0,0,0,0,0,0,0,0,0,0,6,26,54,6,6,2,6,26,0,0,0,0,0.008322102425876011,0.003032786885245902,0.030400890868596882,0.01567032967032967,0.0015764705882352942,0.003033898305084746,0.0030207612456747404,0.0031861715123381383,0.02082093023255814,0.004659016393442623,0.06869918699186997,0.023371428571428574,0.004324705882352941,0.0046610169491525435,0.004637370242214532,0.004935108722208649,0.023259302325581394,0.004862295081967213,0.08445121951219511,0.024334065934065938,0.004668235294117647,0.004864406779661017,0.0048394463667820065,0.007102941176470592,0.04112499999999974,0.007011764705882378,0.09705284552845529,0.03628571428571457,0.004943058823529412,0.009000000000000015,0.005133451586266737,0.009495454545454548,0.45703125,0.3770833333333333,0.38601263601263597,0.45738636363636365,0.8706896551724138,0.375,0.45738636363636365,0.493939393939394,2.18162955465587,2.1645290581162326,0.49482274482274485,2.1224137931034486,2.1224137931034486,0.475,2.1224137931034486,2.1956462585034013,2.3408147773279353,2.3322645290581163,0.6912350597609556,2.3112068965517243,2.3112068965517243,0.4875,2.3112068965517243,2.3478231292517013,2.468162955465587,2.4664529058116234,0.9382470119521914,2.462241379310345,2.462241379310345,0.4975,2.462241379310345,2.46956462585034,396.5546218487572,396.7563025210164,397.29411764704224,392.95798319326855,396.806722689084,82971123.09243697,9656784.672268907,0,51593973.24369748,36052854.31932773,3324535541.243697,2497180370.8235292,1108619573.7815125,4983099564.100841,4464963893.781512,0,0,0,0,0,14.655462184873949,1.949579831932773,3.865546218487395,1.0084033613445378,16.77310924369748,0,0,0,0,0,59675.96638655462,15755.831932773108,842011.9663865545,38585.008403361346,72067.2268907563,1545.4453781512602,263.07563025210084,2807.243697478991,1712.7226890756303,435.4285714285714,1748.8067226890755,375.4621848739496,1876.873949579832,2095.327731092437,540.3529411764706,0,0,0,0,0,0,0,0,0,0,0,0,0,0,0,0,0,0,0,0
1693106242,0.5069764689972295,0.3353784844838129,0.12223658016973431,0.08490405841399226,1.3110940695296498,0.5052692363216403,0.13651344657448772,0.1661681621801264,0.18941386930443035,0.09433739770288445,0,0.1731189543615156,0.04375027343920903,0.4879168819241143,0.11572511427855045,4.741528957416387,5.678043319063309,0.9125857070513037,0.44269881558838464,8.041566810953485,2.914715869063084,0.32153172962536786,0.6464108154702564,3.447956710512476,0.9902069668168194,0.00004347511020753466,0.30182975049230726,1.3433000306251859,2.7474681619884036,1.0321058634057894,4.027646392589106,4.932036536526666,0.9778926413578729,0.3183902190524705,6.498466257668715,2.129348924498326,0.3510345769058255,0.43619142572283137,3.0727138798274245,0.6367774344944684,0,0.12983921577113686,0.9843811523822086,1.2915446874461862,0.6172006094856015,50000,100000,50000,50000,50000,50000,10000,50000,50000,20000,50000,0,4460544,0,220594176,0,0,1757184,0,0,2973696,0,0,0,0,3514368,829.0755189667998,2.6041152912860777,0,7.004584819154356,203.16257668711657,427.56604590731916,0,0,886.204356518994,3.113134124195184,0,19.99523922875506,75.07546922168264,3.788531083175478,6.364881285320269,0,0,0,0,0,0,0,0,0,0,0,0,0,0,0,224342016,76009472,10711040,439984128,111415296,349663232,39526400,10878976,310304768,93900800,4952064,3993600,305532928,16019456,134160384,205996032,68800512,9596928,199372800,103809024,331567104,35684352,9596928,291287040,82857984,4055040,2568192,295206912,14733312,36495360,0,0,0,0,0,0,0,0,0,0,0,0,0,0,0,207659008,75767808,10346496,424943616,107560960,334270464,39407616,10620928,295661568,92569600,4796416,2912256,297598976,15667200,41902080,189816832,71307264,10346496,211648512,107560960,334270464,37650432,10620928,295661568,89595904,4796416,2912256,297598976,15667200,38387712,1073741824,1073741824,314572800,0,1073741824,1073741824,1073741824,314572800,1073741824,0,0,0,1073741824,314572800,2147483648,10.574286334313165,0,4.933985997620765,0,0.06491960788556837,14.118463941983142,41231.50979502456,0,20399.321333151314,0,919.6078855683712,46275.232896792484,10.574286334313165,0,4.933985997620765,0,0.06491960788556837,14.118463941983142,41231.50979502456,0,20399.321333151314,0,919.6078855683712,46275.232896792484,108.41961939140624,49.89876265466816,489.6582637836454,21.292162233144484,34.30962343096235,39.27329912266181,17.282437401505863,62.2738658502644,49.40494283242536,94.9815837937385,0,0,0,0,0,0,0,0,0,0,120762.29378423736,120467.71653543306,1586199.6200559246,100238.15330356808,333083.1427243143,553136.4840258235,3129.7671160917525,9311.508488728083,598147.770581496,124267.72559852671,0,0,0,0,0,0,0,0,0,0,128.30499350875527,41.43982002249719,476.72308907340613,28.758488725471803,47.53138075313808,52.10230094355239,15.233759411661705,75.1693106967251,66.28632888306952,126.8646408839779,0,0,0,0,0,0,0,0,0,0,25885.152465089774,6737.255343082114,147346.90174816968,5917.345139383934,12487.51278475128,6519.057275285549,2882.402381369287,10705.329807959923,14461.40896443686,24181.21546961326,0,0,0,0,0,0,0,0,0,0,16,12,34,2,2,2,2,12,0,0,0,0,0.008303085299455535,0.003037629350893697,0.030393448795180723,0.0157399577167019,0.0016607669616519173,0.003037037037037037,0.0030285714285714286,0.003187727382973563,0.020732394366197185,0.004667732831608655,0.06834719334719336,0.023376321353065537,0.004341592920353981,0.004666666666666666,0.004651428571428571,0.004937909289352413,0.023171361502347408,0.004871495766698024,0.08417359667359665,0.02433086680761099,0.004676696165191741,0.00487037037037037,0.004854285714285714,0.0071249999999999985,0.03587500000000009,0.007413157894736825,0.09683471933471931,0.03564285714285699,0.0049447787610619465,0.0095,0.006450964286682152,0.00949868421052632,0.4585635359116022,0.3760416666666666,0.3859375,0.45902777777777776,0.859504132231405,0.375,0.45170454545454547,0.4906576980568012,2.1816138917262515,2.162966804979253,0.4946875,2.1268595041322316,2.1055555555555556,0.475,2.1055555555555556,2.193197278911565,2.3408069458631253,2.3314834024896265,0.6892857142857137,2.313429752066116,2.3027777777777776,0.4875,2.3027777777777776,2.3465986394557823,2.4681613891726255,2.466296680497925,0.9378571428571424,2.4626859504132232,2.460555555555555,0.4975,2.460555555555555,2.4693197278911567,396.53781512605,396.7058823529381,397.4117647058878,392.95798319328037,396.77310924370437,99565430.31932773,9656784.672268907,0,51593973.24369748,36052854.31932773,3324557432.470588,2554003318.319328,1108619780.302521,4983151469.714286,4464969263.327731,0,0,0,0,0,14.638655462184873,1.949579831932773,3.865546218487395,1.0084033613445378,16.60504201680672,0,0,0,0,0,59701.78151260504,15755.831932773108,842011.9663865545,38585.008403361346,71241.14285714286,1542.9075630252098,263.2100840336134,2808.436974789916,1707.1260504201682,433.94957983193274,1746.201680672269,375.56302521008405,1877.5126050420167,2089.764705882353,538.9243697478992,0,0,0,0,0,0,0,0,0,0,0,0,0,0,0,0,0,0,0,0
1693106243,0.5419150443953474,0.3353784844838129,0.12223658016973431,0.08490405841399226,1.2840625954916176,0.5052692363216403,0.13651344657448772,0.1661681621801264,0.18941386930443035,0.09433739770288445,0,0.17311895436151556,0.04375027343920903,0.4879168819241143,0.11572511427855045,5.5803667159948125,5.678043319063309,0.9125857070513037,0.44269881558838464,7.875769855931508,2.914715869063084,0.32153172962536786,0.6464108154702564,3.447956710512476,0.9902069668168194,0.00004347511020753466,0.3018297504923072,1.3433000306251859,2.7474681619884036,1.0321058634057894,4.668806536329139,4.932036536526666,0.9778926413578729,0.3183902190524705,6.364484168958469,2.129348924498326,0.3510345769058255,0.43619142572283137,3.0727138798274245,0.6367774344944684,0,0.12983921577113686,0.9843811523822086,1.2915446874461862,0.6172006094856015,50000,100000,50000,50000,50000,50000,10000,50000,50000,20000,50000,0,4460544,0,220594176,0,0,1757184,0,0,2973696,0,0,0,0,3514368,1066.1136354162325,2.6041152912860777,0,7.004584819154356,198.97387349270153,427.56604590731916,0,0,886.204356518994,3.113134124195184,0,19.995239228755057,75.07546922168264,3.788531083175478,6.364881285320269,0,0,0,0,0,0,0,0,0,0,0,0,0,0,0,224342016,76009472,10711040,439984128,111415296,349663232,39526400,10878976,310304768,93900800,4952064,3993600,305532928,16019456,134160384,206266368,68800512,9596928,199372800,103809024,331567104,35684352,9596928,291287040,82857984,4055040,2568192,295206912,14733312,36495360,0,0,0,0,0,0,0,0,0,0,0,0,0,0,0,207794176,75767808,10346496,424943616,107560960,334270464,39407616,10620928,295661568,92569600,4796416,2912256,297598976,15667200,41902080,189952000,71307264,10346496,211648512,107560960,334270464,37650432,10620928,295661568,89595904,4796416,2912256,297598976,15667200,38387712,1073741824,1073741824,314572800,0,1073741824,1073741824,1073741824,314572800,1073741824,0,0,0,1073741824,314572800,2147483648,10.574286334313165,0,4.933985997620765,0,0.06491960788556836,14.118463941983142,41231.50979502456,0,20399.321333151314,0,919.6078855683711,46275.232896792484,10.574286334313165,0,4.933985997620765,0,0.06491960788556836,14.118463941983142,41231.50979502456,0,20399.321333151314,0,919.6078855683711,46275.232896792484,108.41961939140624,49.89876265466816,489.6582637836454,21.292162233144484,34.30962343096235,39.27329912266181,17.282437401505863,62.2738658502644,49.40494283242536,94.9815837937385,0,0,0,0,0,0,0,0,0,0,120762.29378423736,120467.71653543306,1586199.6200559246,100238.15330356808,333083.1427243143,553136.4840258235,3129.7671160917525,9311.508488728083,598147.770581496,124267.72559852671,0,0,0,0,0,0,0,0,0,0,128.30499350875527,41.43982002249719,476.72308907340613,28.758488725471803,47.53138075313808,52.10230094355239,15.233759411661705,75.1693106967251,66.28632888306952,126.8646408839779,0,0,0,0,0,0,0,0,0,0,25885.152465089774,6737.255343082114,147346.90174816968,5917.345139383934,12487.51278475128,6519.057275285549,2882.402381369287,10705.329807959923,14461.40896443686,24181.21546961326,0,0,0,0,0,0,0,0,0,0,22,12,34,8,6,2,6,46,0,0,0,0,0.008303085299455535,0.003037629350893697,0.030393448795180723,0.0157399577167019,0.0015616045845272203,0.003033898305084746,0.003026936026936027,0.003187727382973563,0.020732394366197185,0.004667732831608655,0.06834719334719336,0.023376321353065537,0.004321489971346705,0.0046610169491525435,0.004648484848484849,0.004937909289352413,0.023171361502347408,0.004871495766698024,0.08417359667359665,0.02433086680761099,0.00466647564469914,0.004864406779661017,0.004851178451178451,0.0071249999999999985,0.03587500000000009,0.007413157894736825,0.09683471933471931,0.03564285714285699,0.0049424641833810895,0.009000000000000015,0.006238322968806326,0.00949868421052632,0.4585635359116022,0.3760416666666666,0.3859375,0.45902777777777776,0.8739669421487604,0.375,0.45787292817679554,0.4906576980568012,2.1816138917262515,2.162966804979253,0.4946875,2.1268595041322316,2.12375,0.475,2.12375,2.193197278911565,2.3408069458631253,2.3314834024896265,0.6892857142857137,2.313429752066116,2.311875,0.4875,2.311875,2.3465986394557823,2.4681613891726255,2.466296680497925,0.9378571428571424,2.4626859504132232,2.462375,0.4975,2.462375,2.4693197278911567,396.67226890757325,396.7563025210252,397.3781512605173,393.0588235294139,396.7394957983289,99565430.31932773,9656784.672268907,0,51593973.24369748,36052854.31932773,3253842918.1848736,2554038289.210084,1108610004.9747899,5167699537.747899,4464984683.563025,0,0,0,0,0,14.672268907563025,1.9327731092436975,3.815126050420168,0.9411764705882353,16.53781512605042,0,0,0,0,0,59770.621848739494,15618.1512605042,841598.9243697479,38283.83193277311,70965.78151260504,1540.7731092436973,262.5378151260504,2810.773109243697,1704.0840336134456,433.79831932773106,1744.1848739495795,374.92436974789916,1879.1092436974789,2086.1176470588234,538.873949579832,0,0,0,0,0,0,0,0,0,0,0,0,0,0,0,0,0,0,0,0
1693106244,0.5419150443953474,0.3353784844838129,0.12223658016973431,0.0681338148122914,1.562532552761516,0.5509009525995643,0.13651344657448772,0.1661681621801264,0.18941386930443035,0.09433739770288445,0,0.17311895436151556,0.04375027343920903,0.4879168819241143,0.11572511427855045,5.5803667159948125,5.678043319063309,0.9125857070513037,0.43705212066498644,9.811452496927014,3.1050946287157237,0.32153172962536786,0.6464108154702564,3.447956710512476,0.9902069668168194,0.00004347511020753466,0.3018297504923072,1.3433000306251859,2.7474681619884036,1.0321058634057894,4.668806536329139,4.932036536526666,0.9778926413578729,0.2725352592491656,7.833496531177729,2.2724664294731887,0.3510345769058255,0.43619142572283137,3.0727138798274245,0.6367774344944684,0,0.12983921577113686,0.9843811523822086,1.2915446874461862,0.6172006094856015,50000,100000,50000,50000,50000,50000,10000,50000,50000,20000,50000,0,4460544,0,220594176,0,0,1757184,0,0,2973696,0,0,0,0,3514368,1066.1136354162325,2.6041152912860777,0,5.621039722014036,266.755557407446,477.2179501893721,0,0,886.204356518994,3.113134124195184,0,19.995239228755057,75.07546922168264,3.788531083175478,6.364881285320269,0,0,0,0,0,0,0,0,0,0,0,0,0,0,0,224342016,76009472,10711040,439984128,111415296,349663232,39526400,10878976,310304768,93900800,4952064,3993600,305532928,16019456,134160384,206266368,68800512,9596928,199372800,103268352,331567104,35684352,9596928,291287040,82857984,4055040,2568192,295206912,14733312,36495360,0,0,0,0,0,0,0,0,0,0,0,0,0,0,0,207794176,75767808,10346496,424943616,107143168,334270464,39407616,10620928,295661568,92569600,4796416,2912256,297598976,15667200,41902080,189952000,71307264,10346496,211648512,107143168,334270464,37650432,10620928,295661568,89595904,4796416,2912256,297598976,15667200,38387712,1073741824,1073741824,314572800,0,1073741824,1073741824,1073741824,314572800,1073741824,0,0,0,1073741824,314572800,2147483648,10.574286334313165,0,4.933985997620765,0,0.06491960788556836,14.118463941983142,41231.50979502456,0,20399.321333151314,0,919.6078855683711,46275.232896792484,10.574286334313165,0,4.933985997620765,0,0.06491960788556836,14.118463941983142,41231.50979502456,0,20399.321333151314,0,919.6078855683711,46275.232896792484,104.85464583290893,49.89876265466816,489.6582637836454,21.292162233144484,34.30962343096235,39.27329912266181,17.956656346749224,62.2738658502644,49.40494283242536,94.9815837937385,0,0,0,0,0,0,0,0,0,0,119999.91851202968,120467.71653543306,1586199.6200559246,100238.15330356808,333083.1427243143,553136.4840258235,3239.3532851737186,9311.508488728083,598147.770581496,124267.72559852671,0,0,0,0,0,0,0,0,0,0,124.26915476602768,41.43982002249719,476.72308907340613,28.758488725471803,47.53138075313808,52.10230094355239,15.709207659672055,75.1693106967251,66.28632888306952,126.8646408839779,0,0,0,0,0,0,0,0,0,0,24961.884001874227,6737.255343082114,147346.90174816968,5917.345139383934,12487.51278475128,6519.057275285549,2985.1163857355805,10705.329807959923,14461.40896443686,24181.21546961326,0,0,0,0,0,0,0,0,0,0,32,26,58,2,2,2,2,44,0,0,0,0,0.008303085299455535,0.003037629350893697,0.030393448795180723,0.0157399577167019,0.0015616045845272203,0.003033898305084746,0.003026936026936027,0.003187727382973563,0.020732394366197185,0.004667732831608655,0.06834719334719336,0.023376321353065537,0.004321489971346705,0.0046610169491525435,0.004648484848484849,0.004937909289352413,0.023171361502347408,0.004871495766698024,0.08417359667359665,0.02433086680761099,0.00466647564469914,0.004864406779661017,0.004851178451178451,0.0071249999999999985,0.03587500000000009,0.007413157894736825,0.09683471933471931,0.03564285714285699,0.0049424641833810895,0.009000000000000015,0.006238322968806326,0.00949868421052632,0.4585635359116022,0.3760416666666666,0.3859375,0.45902777777777776,0.8739669421487604,0.375,0.45787292817679554,0.4906576980568012,2.1816138917262515,2.162966804979253,0.4946875,2.1268595041322316,2.12375,0.475,2.12375,2.193197278911565,2.3408069458631253,2.3314834024896265,0.6892857142857137,2.313429752066116,2.311875,0.4875,2.311875,2.3465986394557823,2.4681613891726255,2.466296680497925,0.9378571428571424,2.4626859504132232,2.462375,0.4975,2.462375,2.4693197278911567,396.6386554622059,396.8067226890938,397.39495798318086,392.9579831932911,396.7394957983088,99565430.31932773,9656784.672268907,0,51593904.40336134,36052854.31932773,3183186092.10084,2554052126.117647,1050739514.0840336,5075544631.932773,4465031081.949579,0,0,0,0,0,15.22689075630252,2.084033613445378,3.815126050420168,0.9411764705882353,16.621848739495796,0,0,0,0,0,63238.4537815126,16495.865546218487,841598.9243697479,38283.83193277311,71421.84873949579,1538.873949579832,262.2689075630252,2811.327731092437,1713.1596638655462,436.38655462184875,1742.3865546218487,374.62184873949576,1879.310924369748,2095.3109243697477,541.4285714285714,0,0,0,0,0,0,0,0,0,0,0,0,0,0,0,0,0,0,0,0
1693106245,0.5419150443953474,0.3353784844838129,0.14015416958654534,0.0681338148122914,1.562532552761516,0.5509009525995643,0.13651344657448772,0.1661681621801264,0.18941386930443035,0.09433739770288443,0,0.1731189543615156,0.04375027343920903,0.4879168819241143,0.11665888940737294,5.5803667159948125,5.678043319063309,0.9237357673440779,0.43705212066498644,9.811452496927014,3.1050946287157237,0.32153172962536786,0.6464108154702564,3.447956710512476,0.9902069668168192,0.00004347511020753466,0.30182975049230726,1.3433000306251859,2.7474681619884036,1.0511237750816602,4.668806536329139,4.932036536526666,1.0044382153702398,0.2725352592491656,7.833496531177729,2.2724664294731887,0.3510345769058255,0.43619142572283137,3.0727138798274245,0.6367774344944683,0,0.12983921577113686,0.9843811523822086,1.2915446874461862,0.6416238917405512,50000,100000,50000,50000,50000,50000,10000,50000,50000,20000,50000,0,4460544,0,220594176,0,0,1757184,0,0,2973696,0,0,0,0,3514368,1066.1136354162325,2.6041152912860777,0,5.621039722014036,266.755557407446,477.2179501893721,0,0,886.204356518994,3.1131341241951835,0,19.99523922875506,75.07546922168264,3.788531083175478,5.774615025664956,0,0,0,0,0,0,0,0,0,0,0,0,0,0,0,224342016,76009472,10711040,439984128,111415296,349663232,39526400,10878976,310304768,93900800,4952064,3993600,305532928,16019456,134160384,206266368,68800512,9596928,199372800,103268352,331567104,35684352,9596928,291287040,82857984,4055040,2568192,295206912,14733312,36495360,0,0,0,0,0,0,0,0,0,0,0,0,0,0,0,207794176,75767808,10346496,424943616,107143168,334270464,39407616,10620928,295661568,92569600,4796416,2912256,297598976,15667200,41902080,189952000,71307264,10346496,211648512,107143168,334270464,37650432,10620928,295661568,89595904,4796416,2912256,297598976,15667200,38387712,1073741824,1073741824,314572800,0,1073741824,1073741824,1073741824,314572800,1073741824,0,0,0,1073741824,314572800,2147483648,10.574286334313165,0,4.933985997620765,0,0.06491960788556837,14.407372841810547,41231.50979502456,0,20399.321333151314,0,919.6078855683712,49411.105926271586,10.574286334313165,0,4.933985997620765,0,0.06491960788556837,14.407372841810547,41231.50979502456,0,20399.321333151314,0,919.6078855683712,49411.105926271586,104.85464583290893,50.60169433471102,489.6582637836454,21.292162233144484,34.30962343096235,39.27329912266181,17.956656346749224,62.2738658502644,49.40494283242536,94.9815837937385,0,0,0,0,0,0,0,0,0,0,119999.91851202968,120601.53449181374,1586199.6200559246,100238.15330356808,333083.1427243143,553136.4840258235,3239.3532851737186,9311.508488728083,598147.770581496,124267.72559852671,0,0,0,0,0,0,0,0,0,0,124.26915476602768,41.696161486995635,476.72308907340613,28.758488725471803,47.53138075313808,52.10230094355239,15.709207659672055,75.1693106967251,66.28632888306952,126.8646408839779,0,0,0,0,0,0,0,0,0,0,24961.884001874227,6785.285319571621,147346.90174816968,5917.345139383934,12487.51278475128,6519.057275285549,2985.1163857355805,10705.329807959923,14461.40896443686,24181.21546961326,0,0,0,0,0,0,0,0,0,0,32,16,48,10,10,2,10,94,0,0,0,0,0.008303085299455535,0.003037629350893697,0.030393448795180723,0.0157399577167019,0.0015616045845272203,0.003033898305084746,0.003026936026936027,0.003195048004042446,0.020732394366197185,0.004667732831608655,0.06834719334719336,0.023376321353065537,0.004321489971346705,0.0046610169491525435,0.004648484848484849,0.004951086407276403,0.023171361502347408,0.004871495766698024,0.08417359667359665,0.02433086680761099,0.00466647564469914,0.004864406779661017,0.004851178451178451,0.007226912928759898,0.03587500000000009,0.007413157894736825,0.09683471933471931,0.03564285714285699,0.0049424641833810895,0.009000000000000015,0.006238322968806326,0.009519261213720317,0.4585635359116022,0.3760416666666666,0.3859375,0.45902777777777776,0.8739669421487604,0.375,0.45787292817679554,0.47684487951807225,2.1816138917262515,2.162966804979253,0.4946875,2.1268595041322316,2.12375,0.475,2.12375,2.18199121522694,2.3408069458631253,2.3314834024896265,0.6892857142857137,2.313429752066116,2.311875,0.4875,2.311875,2.34099560761347,2.4681613891726255,2.466296680497925,0.9378571428571424,2.4626859504132232,2.462375,0.4975,2.462375,2.4681991215226935,396.6554621848858,396.7731092437073,397.3781512605231,393.075630252103,396.73949579832055,116159737.54621848,0,0,51593629.042016804,36052854.31932773,3183241990.4537816,2554068510.117647,1109060702.655462,5075605968.672269,4386725268.436975,0,0,0,0,0,15.210084033613445,1.2605042016806722,4.134453781512605,1.0252100840336134,16.554621848739494,0,0,0,0,0,63247.05882352941,11470.52100840336,895991.3949579832,38851.76470588235,71206.72268907563,1542.9243697478992,262.6218487394958,2810.1848739495795,1704.453781512605,434.35294117647055,1746.3361344537814,375.02521008403363,1878.1848739495797,2086.873949579832,539.3949579831932,0,0,0,0,0,0,0,0,0,0,0,0,0,0,0,0,0,0,0,0
1693106246,0.5419150443953474,0.3353784844838129,0.14015416958654534,0.09086572317757441,1.562532552761516,0.5509009525995643,0.13651344657448772,0.1661681621801264,0.14584244848636385,0.09433739770288443,0,0.1731189543615156,0.04375027343920903,0.46030423918285035,0.11665888940737294,5.5803667159948125,5.678043319063309,0.9237357673440779,0.449026721337545,9.811452496927014,3.1050946287157237,0.32153172962536786,0.6464108154702564,1.8620551159447558,0.9902069668168192,0.00004347511020753466,0.30182975049230726,1.3433000306251859,2.6841670707114975,1.0511237750816602,4.668806536329139,4.932036536526666,1.0044382153702398,0.2953136003271163,7.833496531177729,2.2724664294731887,0.3510345769058255,0.43619142572283137,1.562597662353897,0.6367774344944683,0,0.12983921577113686,0.9843811523822086,1.3370742185787565,0.6416238917405512,50000,100000,50000,50000,50000,50000,10000,50000,50000,20000,50000,0,4460544,0,220594176,0,0,1757184,0,0,2973696,0,0,0,0,3514368,1066.1136354162325,2.6041152912860777,0,2.9985688648599527,266.755557407446,477.2179501893721,0,0,280.5175323457716,3.1131341241951835,0,19.99523922875506,75.07546922168264,2.8933409320064882,5.774615025664956,0,0,0,0,0,0,0,0,0,0,0,0,0,0,0,224342016,76009472,10711040,439984128,111415296,349663232,39526400,10878976,310304768,93900800,4952064,3993600,305532928,16019456,134160384,206266368,68800512,9596928,199372800,103268352,331567104,35684352,9596928,291287040,82857984,4055040,2568192,295206912,14868480,36495360,0,0,0,0,0,0,0,0,0,0,0,0,0,0,0,207794176,75767808,10346496,424943616,107143168,334270464,39407616,10620928,295710720,92569600,4796416,2912256,297598976,15671296,41902080,189952000,71307264,10346496,211648512,107143168,334270464,37650432,10620928,295710720,89595904,4796416,2912256,297598976,15671296,38387712,1073741824,1073741824,314572800,0,1073741824,1073741824,1073741824,314572800,1073741824,0,0,0,1073741824,314572800,2147483648,10.574286334313165,0,4.933985997620765,0,0.06491960788556837,14.407372841810547,41231.50979502456,0,20399.321333151314,0,919.6078855683712,49411.105926271586,10.574286334313165,0,4.933985997620765,0,0.06491960788556837,14.407372841810547,41231.50979502456,0,20399.321333151314,0,919.6078855683712,49411.105926271586,104.85464583290893,50.60169433471102,489.6582637836454,21.292162233144484,34.30962343096235,39.27329912266181,17.956656346749224,62.2738658502644,49.03257501322651,81.14909914057705,0,0,0,0,0,0,0,0,0,0,119999.91851202968,120601.53449181374,1586199.6200559246,100238.15330356808,333083.1427243143,553136.4840258235,3239.3532851737186,9311.508488728083,595711.7375859723,106170.20249386127,0,0,0,0,0,0,0,0,0,0,124.26915476602768,41.696161486995635,476.72308907340613,28.758488725471803,47.53138075313808,52.10230094355239,15.709207659672055,75.1693106967251,66.0380923588542,108.38892034990793,0,0,0,0,0,0,0,0,0,0,24961.884001874227,6785.285319571621,147346.90174816968,5917.345139383934,12487.51278475128,6519.057275285549,2985.1163857355805,10705.329807959923,14299.656110649232,20659.62445672192,0,0,0,0,0,0,0,0,0,0,26,12,40,18,14,2,18,148,0,0,0,0,0.008303085299455535,0.003037629350893697,0.030393448795180723,0.0157399577167019,0.0015616045845272203,0.003033898305084746,0.003026936026936027,0.0031895664952241,0.020732394366197185,0.004667732831608655,0.06834719334719336,0.023376321353065537,0.004321489971346705,0.0046610169491525435,0.004648484848484849,0.00494121969140338,0.023171361502347408,0.004871495766698024,0.08417359667359665,0.02433086680761099,0.00466647564469914,0.004864406779661017,0.004851178451178451,0.007151315789473683,0.03587500000000009,0.007413157894736825,0.09683471933471931,0.03564285714285699,0.0049424641833810895,0.009000000000000015,0.006238322968806326,0.009503947368421056,0.4585635359116022,0.3760416666666666,0.3859375,0.45902777777777776,0.8739669421487604,0.375,0.45787292817679554,0.4869207772795217,2.1816138917262515,2.162966804979253,0.4946875,2.1268595041322316,2.12375,0.475,2.12375,2.1903002309468826,2.3408069458631253,2.3314834024896265,0.6892857142857137,2.313429752066116,2.311875,0.4875,2.311875,2.3451501154734404,2.4681613891726255,2.466296680497925,0.9378571428571424,2.4626859504132232,2.462375,0.4975,2.462375,2.469030023094688,396.52100840337454,396.73949579832697,397.41176470589625,393.0420168067093,396.75630252102235,116159737.54621848,9656509.31092437,0,51593629.042016804,36052854.31932773,3183320468.4369745,2554130466.420168,1109082112,4983354961.747899,4465044574.655462,0,0,0,0,0,15.109243697478991,1.3109243697478992,4.134453781512605,1.0252100840336134,16.554621848739494,0,0,0,0,0,62920.06722689075,16358.18487394958,895991.3949579832,38851.76470588235,71172.3025210084,1543.4453781512605,263.21008403361344,2810.3697478991594,1715.1596638655462,436.48739495798316,1746.8403361344538,375.4453781512605,1878.2016806722688,2097.81512605042,541.4789915966386,0,0,0,0,0,0,0,0,0,0,0,0,0,0,0,0,0,0,0,0
1693106247,0.5419150443953474,0.3348013083004968,0.14015416958654534,0.09086572317757441,1.562532552761516,0.5509009525995643,0.13651344657448772,0.1661681621801264,0.14584244848636385,0.09433739770288443,0,0.1731189543615156,0.04375027343920903,0.46030423918285035,0.11665888940737294,5.5803667159948125,5.696332035334415,0.9237357673440779,0.449026721337545,9.811452496927014,3.1050946287157237,0.32153172962536786,0.6464108154702564,1.8620551159447558,0.9902069668168192,0.00004347511020753466,0.30182975049230726,1.3433000306251859,2.6841670707114975,1.0511237750816602,4.668806536329139,4.9962656777151135,1.0044382153702398,0.2953136003271163,7.833496531177729,2.2724664294731887,0.3510345769058255,0.43619142572283137,1.562597662353897,0.6367774344944683,0,0.12983921577113686,0.9843811523822086,1.3370742185787565,0.6416238917405512,50000,100000,50000,50000,50000,50000,10000,50000,50000,20000,50000,0,4460544,0,220594176,0,0,1757184,0,0,2973696,0,0,0,0,3514368,1066.1136354162325,3.3995209765896623,0,2.9985688648599527,266.755557407446,477.2179501893721,0,0,280.5175323457716,3.1131341241951835,0,19.99523922875506,75.07546922168264,2.8933409320064882,5.774615025664956,0,0,0,0,0,0,0,0,0,0,0,0,0,0,0,224342016,76009472,10711040,439984128,111415296,349663232,39526400,10878976,310304768,93900800,4952064,3993600,305532928,16019456,134160384,206266368,68800512,9596928,199372800,103268352,331567104,35684352,9596928,291287040,82857984,4055040,2568192,295206912,14868480,36495360,0,0,0,0,0,0,0,0,0,0,0,0,0,0,0,207794176,75767808,10346496,424943616,107143168,334270464,39407616,10620928,295710720,92569600,4796416,2912256,297598976,15671296,41902080,189952000,71307264,10346496,211648512,107143168,334270464,37650432,10620928,295710720,89595904,4796416,2912256,297598976,15671296,38387712,1073741824,1073741824,314572800,0,1073741824,1073741824,1073741824,314572800,1073741824,0,0,0,1073741824,314572800,2147483648,10.55911818486183,0,4.933985997620765,0,0.06491960788556837,14.407372841810547,42076.59223776044,0,20399.321333151314,0,919.6078855683712,49411.105926271586,10.55911818486183,0,4.933985997620765,0,0.06491960788556837,14.407372841810547,42076.59223776044,0,20399.321333151314,0,919.6078855683712,49411.105926271586,104.85464583290893,50.60169433471102,489.6582637836454,21.487996196814834,34.45136895175407,39.27329912266181,17.956656346749224,62.2738658502644,49.03257501322651,96.63456090651559,0,0,0,0,0,0,0,0,0,0,119999.91851202968,120601.53449181374,1586199.6200559246,99754.1478488234,332529.7948322946,553136.4840258235,3239.3532851737186,9311.508488728083,595711.7375859723,124693.41643059491,0,0,0,0,0,0,0,0,0,0,124.26915476602768,41.696161486995635,476.72308907340613,29.14190634656525,48.03585183110425,52.10230094355239,15.709207659672055,75.1693106967251,66.0380923588542,127.77337110481587,0,0,0,0,0,0,0,0,0,0,24961.884001874227,6785.285319571621,147346.90174816968,6163.51319229855,13035.058235884506,6519.057275285549,2985.1163857355805,10705.329807959923,14299.656110649232,24265.17847025496,0,0,0,0,0,0,0,0,0,0,32,28,70,4,6,2,6,34,0,0,0,0,0.00836467889908257,0.0030411599625818518,0.030327560240963856,0.01574193548387097,0.001598802395209581,0.003037037037037037,0.0030212765957446813,0.0031865946476798425,0.020848784194528874,0.004674087932647334,0.06831950207468881,0.023432258064516126,0.00432934131736527,0.004666666666666666,0.004638297872340427,0.004935870365823717,0.02322074468085106,0.004878203928905519,0.0841597510373444,0.024393548387096772,0.00467065868263473,0.00487037037037037,0.004840425531914895,0.007109249329758708,0.03581249999999952,0.007640476190476185,0.09683195020746885,0.038999999999999944,0.0049437125748503,0.0095,0.005250221724250267,0.009496916890080418,0.4591480446927374,0.3760416666666666,0.3858057630736393,0.4581005586592179,0.8676470588235295,0.375,0.45474137931034486,0.48840497737556565,2.1821283095723016,2.1632716049382714,0.4944503735325507,2.1243697478991597,2.114864864864865,0.475,2.114864864864865,2.1914780600461894,2.3410641547861504,2.3316358024691355,0.6858024691358023,2.31218487394958,2.3074324324324325,0.4875,2.3074324324324325,2.3457390300230947,2.46821283095723,2.4663271604938273,0.93716049382716,2.4624369747899157,2.4614864864864865,0.4975,2.4614864864864865,2.469147806004618,396.58823529411393,396.7563025210123,397.47899159663496,392.9915966386569,396.78991596636644,116159737.54621848,9656509.31092437,0,51593629.042016804,36052854.31932773,3254077388.3697476,2497444098.1512604,1167421405.5798318,4983462559.193277,4386767054.5210085,0,0,0,0,0,14.907563025210083,1.3109243697478992,4.134453781512605,1.0252100840336134,16.386554621848738,0,0,0,0,0,59392,16358.18487394958,895991.3949579832,38851.76470588235,70337.61344537814,1542.0504201680671,258.672268907563,2810.6386554621845,1700.8235294117646,431.9663865546218,1745.3781512605042,370.9915966386555,1878.1176470588236,2084.268907563025,536.8235294117648,0,0,0,0,0,0,0,0,0,0,0,0,0,0,0,0,0,0,0,0
1693106248,0.5419150443953474,0.36440935317339795,0.14015416958654534,0.09086572317757441,1.5625325527615155,0.5509009525995644,0.13651344657448772,0.1661681621801264,0.14584244848636385,0.11350308350043521,0,0.1731189543615156,0.04375027343920903,0.46030423918285035,0.11665888940737294,5.5803667159948125,5.737459653811112,0.9237357673440779,0.449026721337545,9.811452496927012,3.105094628715725,0.32153172962536786,0.6464108154702564,1.8620551159447558,0.9638930952290887,0.00004347511020753466,0.30182975049230726,1.3433000306251859,2.6841670707114975,1.0511237750816602,4.668806536329139,5.040996052232003,1.0044382153702398,0.2953136003271163,7.833496531177728,2.2724664294731896,0.3510345769058255,0.43619142572283137,1.562597662353897,0.6053497786689876,0,0.12983921577113686,0.9843811523822086,1.3370742185787565,0.6416238917405512,50000,100000,50000,50000,50000,50000,10000,50000,50000,20000,50000,0,4595712,0,220594176,0,0,1757184,0,0,2973696,0,0,0,0,3514368,1066.1136354162325,2.6723352566049194,0,2.9985688648599527,266.75555740744596,477.21795018937223,0,0,280.5175323457716,3.7456017555143584,0,19.99523922875506,75.07546922168264,2.8933409320064882,5.774615025664956,0,0,0,0,0,0,0,0,0,0,0,0,0,0,0,224342016,76185600,10711040,439984128,111415296,349663232,39526400,10878976,310304768,93900800,4952064,3993600,305532928,16019456,134160384,206266368,68800512,9596928,199372800,103268352,331567104,35684352,9596928,291287040,82993152,4055040,2568192,295206912,14868480,36495360,0,0,0,0,0,0,0,0,0,0,0,0,0,0,0,207794176,76054528,10346496,424943616,107143168,334270464,39407616,10620928,295710720,92692480,4796416,2912256,297598976,15671296,41902080,189952000,71593984,10346496,211648512,107143168,334270464,37650432,10620928,295710720,89718784,4796416,2912256,297598976,15671296,38387712,1073741824,1073741824,314572800,0,1073741824,1073741824,1073741824,314572800,1073741824,0,0,0,1073741824,314572800,2147483648,10.264196781050712,0,4.933985997620765,0,0.06491960788556837,14.407372841810547,40103.816175726286,0,20399.321333151314,0,919.6078855683712,49411.105926271586,10.264196781050712,0,4.933985997620765,0,0.06491960788556837,14.407372841810547,40103.816175726286,0,20399.321333151314,0,919.6078855683712,49411.105926271586,104.85464583290893,50.60169433471102,489.6582637836454,21.487996196814834,34.45136895175407,39.27329912266181,17.956656346749224,62.2738658502644,49.03257501322651,96.63456090651559,0,0,0,0,0,0,0,0,0,0,119999.91851202968,120601.53449181374,1586199.6200559246,99754.1478488234,332529.7948322946,553136.4840258235,3239.3532851737186,9311.508488728083,595711.7375859723,124693.41643059491,0,0,0,0,0,0,0,0,0,0,124.26915476602768,41.696161486995635,476.72308907340613,29.14190634656525,48.03585183110425,52.10230094355239,15.709207659672055,75.1693106967251,66.0380923588542,127.77337110481587,0,0,0,0,0,0,0,0,0,0,24961.884001874227,6785.285319571621,147346.90174816968,6163.51319229855,13035.058235884506,6519.057275285549,2985.1163857355805,10705.329807959923,14299.656110649232,24265.17847025496,0,0,0,0,0,0,0,0,0,0,24,14,34,10,10,2,10,68,0,0,0,0,0.00836467889908257,0.0030411599625818518,0.030327560240963856,0.01574193548387097,0.0015290697674418606,0.003033898305084746,0.003020304568527919,0.0031865946476798425,0.020848784194528874,0.004674087932647334,0.06831950207468881,0.023432258064516126,0.004315116279069768,0.0046610169491525435,0.004636548223350253,0.004935870365823717,0.02322074468085106,0.004878203928905519,0.0841597510373444,0.024393548387096772,0.004663372093023256,0.004864406779661017,0.004838578680203046,0.007109249329758708,0.03581249999999952,0.007640476190476185,0.09683195020746885,0.038999999999999944,0.004941976744186047,0.009000000000000015,0.005025022172424975,0.009496916890080418,0.4591480446927374,0.3760416666666666,0.3858057630736393,0.4581005586592179,0.8771008403361346,0.375,0.4584497206703911,0.48840497737556565,2.1821283095723016,2.1632716049382714,0.4944503735325507,2.1243697478991597,2.1271784232365145,0.475,2.125313807531381,2.1914780600461894,2.3410641547861504,2.3316358024691355,0.6858024691358023,2.31218487394958,2.313589211618257,0.4875,2.3126569037656903,2.3457390300230947,2.46821283095723,2.4663271604938273,0.93716049382716,2.4624369747899157,2.4627178423236518,0.4975,2.4625313807531377,2.469147806004618,396.47058823530483,396.7394957983112,397.34453781510524,393.0084033613506,396.7226890756277,116159737.54621848,9656509.31092437,0,51593629.042016804,36052854.31932773,3324853721.277311,2497511355.1596637,1167425260.6386554,5075784953.546218,4386821231.865546,0,0,0,0,0,14.823529411764705,1.3109243697478992,4.117647058823529,1.0252100840336134,16.386554621848738,0,0,0,0,0,59176.87394957983,16358.18487394958,895922.5546218487,38851.76470588235,70320.40336134454,1541.81512605042,259.83193277310926,2808.739495798319,1702.6218487394956,433.344537815126,1745.8151260504203,372.218487394958,1876.3697478991596,2085.5126050420167,538.2352941176471,0,0,0,0,0,0,0,0,0,0,0,0,0,0,0,0,0,0,0,0
1693106249,0.5419150443953474,0.36440935317339795,0.14015416958654534,0.09086572317757441,1.5625325527615155,0.5509009525995644,0.13651344657448772,0.16616816218012642,0.14584244848636385,0.11350308350043521,0,0.1731189543615156,0.04375027343920903,0.46030423918285035,0.11665888940737294,5.5803667159948125,5.737459653811112,0.9237357673440779,0.449026721337545,9.811452496927012,3.105094628715725,0.32153172962536786,0.6464108154702565,1.8620551159447558,0.9638930952290887,0.00004347511020753466,0.30182975049230726,1.3433000306251859,2.6841670707114975,1.0511237750816602,4.668806536329139,5.040996052232003,1.0044382153702398,0.2953136003271163,7.833496531177728,2.2724664294731896,0.3510345769058255,0.43619142572283137,1.562597662353897,0.6053497786689876,0,0.12983921577113686,0.9843811523822086,1.3370742185787565,0.6416238917405512,50000,100000,50000,50000,50000,50000,10000,50000,50000,20000,50000,0,4595712,0,220594176,0,0,1757184,0,0,2973696,0,0,0,0,3514368,1066.1136354162325,2.6723352566049194,0,2.9985688648599527,266.75555740744596,477.21795018937223,0,0,280.5175323457716,3.7456017555143584,0,19.99523922875506,75.07546922168264,2.8933409320064882,5.774615025664956,0,0,0,0,0,0,0,0,0,0,0,0,0,0,0,224342016,76185600,10711040,439984128,111415296,349663232,39526400,10878976,310304768,93900800,4952064,3993600,305532928,16019456,134160384,206266368,68800512,9596928,199372800,103268352,331567104,35684352,9596928,291287040,82993152,4055040,2568192,295206912,14868480,36495360,0,0,0,0,0,0,0,0,0,0,0,0,0,0,0,207794176,76054528,10346496,424943616,107143168,334270464,39407616,10620928,295710720,92692480,4796416,2912256,297598976,15671296,41902080,189952000,71593984,10346496,211648512,107143168,334270464,37650432,10620928,295710720,89718784,4796416,2912256,297598976,15671296,38387712,1073741824,1073741824,314572800,0,1073741824,1073741824,1073741824,314572800,1073741824,0,0,0,1073741824,314572800,2147483648,10.264196781050712,0,4.933985997620765,0,0.06491960788556837,14.407372841810547,40103.816175726286,0,20399.321333151314,0,919.6078855683712,49411.105926271586,10.264196781050712,0,4.933985997620765,0,0.06491960788556837,14.407372841810547,40103.816175726286,0,20399.321333151314,0,919.6078855683712,49411.105926271586,104.85464583290893,50.60169433471102,489.6582637836454,21.487996196814834,34.45136895175407,39.27329912266181,17.956656346749224,62.2738658502644,49.03257501322651,96.63456090651559,0,0,0,0,0,0,0,0,0,0,119999.91851202968,120601.53449181374,1586199.6200559246,99754.1478488234,332529.7948322946,553136.4840258235,3239.3532851737186,9311.508488728083,595711.7375859723,124693.41643059491,0,0,0,0,0,0,0,0,0,0,124.26915476602768,41.696161486995635,476.72308907340613,29.14190634656525,48.03585183110425,52.10230094355239,15.709207659672055,75.1693106967251,66.0380923588542,127.77337110481587,0,0,0,0,0,0,0,0,0,0,24961.884001874227,6785.285319571621,147346.90174816968,6163.51319229855,13035.058235884506,6519.057275285549,2985.1163857355805,10705.329807959923,14299.656110649232,24265.17847025496,0,0,0,0,0,0,0,0,0,0,30,20,74,16,14,2,14,124,0,0,0,0,0.00836467889908257,0.0030411599625818518,0.030327560240963856,0.01574193548387097,0.0015290697674418606,0.003033898305084746,0.003020304568527919,0.0031865946476798425,0.020848784194528874,0.004674087932647334,0.06831950207468881,0.023432258064516126,0.004315116279069768,0.0046610169491525435,0.004636548223350253,0.004935870365823717,0.02322074468085106,0.004878203928905519,0.0841597510373444,0.024393548387096772,0.004663372093023256,0.004864406779661017,0.004838578680203046,0.007109249329758708,0.03581249999999952,0.007640476190476185,0.09683195020746885,0.038999999999999944,0.004941976744186047,0.009000000000000015,0.005025022172424975,0.009496916890080418,0.4591480446927374,0.3760416666666666,0.3858057630736393,0.4581005586592179,0.8771008403361346,0.375,0.4584497206703911,0.48840497737556565,2.1821283095723016,2.1632716049382714,0.4944503735325507,2.1243697478991597,2.1271784232365145,0.475,2.125313807531381,2.1914780600461894,2.3410641547861504,2.3316358024691355,0.6858024691358023,2.31218487394958,2.313589211618257,0.4875,2.3126569037656903,2.3457390300230947,2.46821283095723,2.4663271604938273,0.93716049382716,2.4624369747899157,2.4627178423236518,0.4975,2.4625313807531377,2.469147806004618,396.55462184874415,396.7563025209984,397.39495798320917,392.9747899159752,396.57142857143504,116159737.54621848,9656509.31092437,0,51593629.042016804,54079247.058823526,3254108641.882353,2440803990.5882354,1167421199.0588236,4891357011.899159,4465145563.428572,0,0,0,0,0,14.789915966386554,1.3109243697478992,4.117647058823529,1.0252100840336134,16.470588235294116,0,0,0,0,0,61715.361344537814,16358.18487394958,895922.5546218487,38851.76470588235,70819.49579831933,1555.2268907563025,262.53781512605036,2810,1714.941176470588,434.95798319327724,1758.436974789916,374.672268907563,1877.6302521008404,2099.042016806723,539.8151260504202,0,0,0,0,0,0,0,0,0,0,0,0,0,0,0,0,0,0,0,0
1693106250,0.5419150443953474,0.36440935317339795,0.14015416958654534,0.09086572317757441,1.5625325527615155,0.5509009525995644,0.1030449791333918,0.16616816218012642,0.14584244848636385,0.11350308350043521,0,0.1731189543615156,0.04375027343920903,0.46030423918285035,0.11665888940737294,5.5803667159948125,5.737459653811112,0.9237357673440779,0.449026721337545,9.811452496927012,3.105094628715725,0.32509957236333664,0.6464108154702565,1.8620551159447558,0.9638930952290887,0.000057915906896924654,0.30182975049230726,1.3433000306251859,2.6841670707114975,1.0511237750816602,4.668806536329139,5.040996052232003,1.0044382153702398,0.2953136003271163,7.833496531177728,2.2724664294731896,0.3606574269668713,0.43619142572283137,1.562597662353897,0.6053497786689876,0,0.12983921577113686,0.9843811523822086,1.3370742185787565,0.6416238917405512,50000,100000,50000,50000,50000,50000,10000,50000,50000,20000,50000,0,4595712,0,220594176,0,0,1757184,0,0,2973696,0,0,0,0,3514368,1066.1136354162325,2.6723352566049194,0,2.9985688648599527,266.75555740744596,477.21795018937223,0,0,280.5175323457716,3.7456017555143584,0,19.99523922875506,75.07546922168264,2.8933409320064882,5.774615025664956,0,0,0,0,0,0,0,0,0,0,0,0,0,0,0,224342016,76185600,10711040,439984128,111415296,349663232,39526400,10878976,310304768,93900800,4952064,3993600,305532928,16019456,134160384,206266368,68800512,9596928,199372800,103268352,331567104,35684352,9596928,291287040,82993152,4055040,2568192,295206912,14868480,36495360,0,0,0,0,0,0,0,0,0,0,0,0,0,0,0,207794176,76054528,10346496,424943616,107143168,334270464,39407616,10620928,295710720,92692480,4796416,2912256,297598976,15671296,41902080,189952000,71593984,10346496,211648512,107143168,334270464,37650432,10620928,295710720,89718784,4796416,2912256,297598976,15671296,38387712,1073741824,1073741824,314572800,0,1073741824,1073741824,1073741824,314572800,1073741824,0,0,0,1073741824,314572800,2147483648,10.264196781050712,0,5.1522489566695855,0,0.06491960788556837,14.407372841810547,40103.816175726286,0,21855.427894275846,0,919.6078855683712,49411.105926271586,10.264196781050712,0,5.1522489566695855,0,0.06491960788556837,14.407372841810547,40103.816175726286,0,21855.427894275846,0,919.6078855683712,49411.105926271586,104.85464583290893,50.60169433471102,489.6582637836454,21.487996196814834,34.45136895175407,39.27329912266181,17.956656346749224,62.2738658502644,49.03257501322651,96.63456090651559,0,0,0,0,0,0,0,0,0,0,119999.91851202968,120601.53449181374,1586199.6200559246,99754.1478488234,332529.7948322946,553136.4840258235,3239.3532851737186,9311.508488728083,595711.7375859723,124693.41643059491,0,0,0,0,0,0,0,0,0,0,124.26915476602768,41.696161486995635,476.72308907340613,29.14190634656525,48.03585183110425,52.10230094355239,15.709207659672055,75.1693106967251,66.0380923588542,127.77337110481587,0,0,0,0,0,0,0,0,0,0,24961.884001874227,6785.285319571621,147346.90174816968,6163.51319229855,13035.058235884506,6519.057275285549,2985.1163857355805,10705.329807959923,14299.656110649232,24265.17847025496,0,0,0,0,0,0,0,0,0,0,10,10,20,6,2,2,2,46,0,0,0,0,0.00836467889908257,0.0030411599625818518,0.030327560240963856,0.01574193548387097,0.0015290697674418606,0.003033898305084746,0.003020304568527919,0.0031930048506510086,0.020848784194528874,0.004674087932647334,0.06831950207468881,0.023432258064516126,0.004315116279069768,0.0046610169491525435,0.004636548223350253,0.004947408731171816,0.02322074468085106,0.004878203928905519,0.0841597510373444,0.024393548387096772,0.004663372093023256,0.004864406779661017,0.004838578680203046,0.007200134770889485,0.03581249999999952,0.007640476190476185,0.09683195020746885,0.038999999999999944,0.004941976744186047,0.009000000000000015,0.005025022172424975,0.00951549865229111,0.4591480446927374,0.3760416666666666,0.3858057630736393,0.4581005586592179,0.8771008403361346,0.375,0.4584497206703911,0.47520896656534956,2.1821283095723016,2.1632716049382714,0.4944503735325507,2.1243697478991597,2.1271784232365145,0.475,2.125313807531381,2.1805899851264257,2.3410641547861504,2.3316358024691355,0.6858024691358023,2.31218487394958,2.313589211618257,0.4875,2.3126569037656903,2.340294992563212,2.46821283095723,2.4663271604938273,0.93716049382716,2.4624369747899157,2.4627178423236518,0.4975,2.4625313807531377,2.4680589985126424,396.5882352941086,396.7058823529289,397.36134453781386,392.77310924370613,396.60504201679834,116159737.54621848,19312812.100840334,0,51593629.042016804,54079178.21848739,3324913337.0084033,2440836896.2689075,1167524872.605042,4799173330.823529,4386835137.613445,0,0,0,0,0,14.6890756302521,1.3109243697478992,5.226890756302521,1.0252100840336134,16.403361344537814,0,0,0,0,0,61440,16358.18487394958,1039592.3361344538,38851.76470588235,70526.9243697479,1552.2857142857142,263.0924369747899,2810.890756302521,1713.4621848739496,433.68067226890753,1755.2436974789914,375.1932773109244,1878.7058823529412,2097.8319327731097,538.4369747899159,0,0,0,0,0,0,0,0,0,0,0,0,0,0,0,0,0,0,0,0
1693106251,0.5419150443953474,0.36440935317339795,0.14015416958654534,0.09086572317757441,1.5625325527615155,0.5490885130683063,0.1030449791333918,0.16616816218012642,0.14584244848636385,0.11350308350043521,0,0.12840679271933458,0.04375027343920903,0.46030423918285035,0.11665888940737294,5.5803667159948125,5.737459653811112,0.9237357673440779,0.449026721337545,9.811452496927012,3.0367128779559396,0.32509957236333664,0.6464108154702565,1.8620551159447558,0.9638930952290887,0.000057915906896924654,0.30353375172546637,1.3433000306251859,2.6841670707114975,1.0511237750816602,4.668806536329139,5.040996052232003,1.0044382153702398,0.2953136003271163,7.833496531177728,2.1963540522732314,0.3606574269668713,0.43619142572283137,1.562597662353897,0.6053497786689876,0,0.12840679271933494,0.9843811523822086,1.3370742185787565,0.6416238917405512,50000,100000,50000,50000,50000,50000,10000,50000,50000,20000,50000,0,4595712,0,220594176,0,0,1757184,0,0,2973696,0,0,0,0,3514368,1066.1136354162325,2.6723352566049194,0,2.9985688648599527,266.75555740744596,456.6220074676038,0,0,280.5175323457716,3.7456017555143584,0,29.661969118166347,75.07546922168264,2.8933409320064882,5.774615025664956,0,0,0,0,0,0,0,0,0,0,0,0,0,0,0,224342016,76185600,10711040,439984128,111415296,349663232,39526400,10878976,310304768,93900800,4952064,3993600,305532928,16019456,134160384,206266368,68800512,9596928,199372800,103268352,331431936,35684352,9596928,291287040,82993152,4055040,2568192,295206912,14868480,36495360,0,0,0,0,0,0,0,0,0,0,0,0,0,0,0,207794176,76054528,10346496,424943616,107143168,333991936,39407616,10620928,295710720,92692480,4796416,2912256,297598976,15671296,41902080,189952000,71593984,10346496,211648512,107143168,333991936,37650432,10620928,295710720,89718784,4796416,2912256,297598976,15671296,38387712,1073741824,1073741824,314572800,0,1073741824,1073741824,1073741824,314572800,1073741824,0,0,0,1073741824,314572800,2147483648,10.264196781050712,0,5.1522489566695855,0,0.09630509453950112,14.407372841810547,40103.816175726286,0,21855.427894275846,0,1364.1937658502134,49411.105926271586,10.264196781050712,0,5.1522489566695855,0,0.09630509453950112,14.407372841810547,40103.816175726286,0,21855.427894275846,0,1364.1937658502134,49411.105926271586,104.85464583290893,50.60169433471102,489.6582637836454,21.487996196814834,34.45136895175407,39.27329912266181,17.956656346749224,62.2738658502644,49.03257501322651,96.63456090651559,0,0,0,0,0,0,0,0,0,0,119999.91851202968,120601.53449181374,1586199.6200559246,99754.1478488234,332529.7948322946,553136.4840258235,3239.3532851737186,9311.508488728083,595711.7375859723,124693.41643059491,0,0,0,0,0,0,0,0,0,0,124.26915476602768,41.696161486995635,476.72308907340613,29.14190634656525,48.03585183110425,52.10230094355239,15.709207659672055,75.1693106967251,66.0380923588542,127.77337110481587,0,0,0,0,0,0,0,0,0,0,24961.884001874227,6785.285319571621,147346.90174816968,6163.51319229855,13035.058235884506,6519.057275285549,2985.1163857355805,10705.329807959923,14299.656110649232,24265.17847025496,0,0,0,0,0,0,0,0,0,0,26,20,62,6,2,2,6,44,0,0,0,0,0.00836467889908257,0.0030411599625818518,0.030327560240963856,0.01574193548387097,0.0015290697674418606,0.003033898305084746,0.003020304568527919,0.0031844589687726943,0.020848784194528874,0.004674087932647334,0.06831950207468881,0.023432258064516126,0.004315116279069768,0.0046610169491525435,0.004636548223350253,0.00493202614379085,0.02322074468085106,0.004878203928905519,0.0841597510373444,0.024393548387096772,0.004663372093023256,0.004864406779661017,0.004838578680203046,0.007077540106951872,0.03581249999999952,0.007640476190476185,0.09683195020746885,0.038999999999999944,0.004941976744186047,0.009000000000000015,0.005025022172424975,0.00949037433155081,0.4591480446927374,0.3760416666666666,0.3858057630736393,0.4581005586592179,0.8771008403361346,0.375,0.4584497206703911,0.4939668174962293,2.1821283095723016,2.1632716049382714,0.4944503735325507,2.1243697478991597,2.1271784232365145,0.475,2.125313807531381,2.19568345323741,2.3410641547861504,2.3316358024691355,0.6858024691358023,2.31218487394958,2.313589211618257,0.4875,2.3126569037656903,2.347841726618705,2.46821283095723,2.4663271604938273,0.93716049382716,2.4624369747899157,2.4627178423236518,0.4975,2.4625313807531377,2.469568345323742,396.5714285714222,396.73949579830673,397.31092436973586,392.9243697478942,396.5714285714358,116159668.70588234,19312812.100840334,0,51593629.042016804,36052854.31932773,3466456571.697479,2441041007.865546,1109558693.6470587,4891438518.857142,4386860608.537815,0,0,0,0,0,14.655462184873949,1.3109243697478992,5.226890756302521,1.0252100840336134,16.386554621848738,0,0,0,0,0,61362.554621848736,16358.18487394958,1039592.3361344538,38851.76470588235,70483.89915966387,1552.5042016806722,263.9159663865546,2813.5630252100837,1711.0084033613446,432.8739495798319,1755.8319327731094,376.0672268907563,1880.8235294117646,2095.6974789915967,537.5462184873949,0,0,0,0,0,0,0,0,0,0,0,0,0,0,0,0,0,0,0,0
1693106252,0.5419150443953474,0.36440935317339795,0.14015416958654534,0.09086572317757441,1.5625325527615155,0.5490885130683063,0.1030449791333918,0.16616816218012642,0.14584244848636385,0.11350308350043521,0,0.12840679271933458,0.04375027343920903,0.46030423918285035,0.18196890353626205,5.5803667159948125,5.737459653811112,0.9237357673440779,0.449026721337545,9.811452496927012,3.0367128779559396,0.32509957236333664,0.6464108154702565,1.8620551159447558,0.9638930952290887,0.000057915906896924654,0.30353375172546637,1.3433000306251859,2.6841670707114975,1.0322866414606038,4.668806536329139,5.040996052232003,1.0044382153702398,0.2953136003271163,7.833496531177728,2.1963540522732314,0.3606574269668713,0.43619142572283137,1.562597662353897,0.6053497786689876,0,0.12840679271933494,0.9843811523822086,1.3370742185787565,0.6874380800258806,50000,100000,50000,50000,50000,50000,10000,50000,50000,20000,50000,0,4595712,0,220594176,0,0,1757184,0,0,2973696,0,0,0,0,3649536,1066.1136354162325,2.6723352566049194,0,2.9985688648599527,266.75555740744596,456.6220074676038,0,0,280.5175323457716,3.7456017555143584,0,29.661969118166347,75.07546922168264,2.8933409320064882,6.672193129662952,0,0,0,0,0,0,0,0,0,0,0,0,0,0,0,224342016,76185600,10711040,439984128,111415296,349663232,39526400,10878976,310304768,93900800,4952064,3993600,305532928,16019456,134160384,206266368,68800512,9596928,199372800,103268352,331431936,35684352,9596928,291287040,82993152,4055040,2568192,295206912,14868480,36495360,0,0,0,0,0,0,0,0,0,0,0,0,0,0,0,207794176,76054528,10346496,424943616,107143168,333991936,39407616,10620928,295710720,92692480,4796416,2912256,297598976,15671296,41738240,189952000,71593984,10346496,211648512,107143168,333991936,37650432,10620928,295710720,89718784,4796416,2912256,297598976,15671296,38088704,1073741824,1073741824,314572800,0,1073741824,1073741824,1073741824,314572800,1073741824,0,0,0,1073741824,314572800,2147483648,10.264196781050712,0,5.1522489566695855,0,0.09630509453950112,13.223073656968396,40103.816175726286,0,21855.427894275846,0,1364.1937658502134,43954.62908671828,10.264196781050712,0,5.1522489566695855,0,0.09630509453950112,13.223073656968396,40103.816175726286,0,21855.427894275846,0,1364.1937658502134,43954.62908671828,104.85464583290893,50.60169433471102,482.90516415570846,21.33150155948314,34.45136895175407,32.442837033056826,17.956656346749224,60.30490660284092,49.03257501322651,96.63456090651559,0,0,0,0,0,0,0,0,0,0,119999.91851202968,120601.53449181374,1583157.9204040756,100141.96866181493,332529.7948322946,456946.2781986376,3239.3532851737186,9013.406871672129,595711.7375859723,124693.41643059491,0,0,0,0,0,0,0,0,0,0,124.26915476602768,41.696161486995635,470.86998171209615,28.86900341601069,48.03585183110425,43.27553900661584,15.709207659672055,73.22614773574759,66.0380923588542,127.77337110481587,0,0,0,0,0,0,0,0,0,0,24961.884001874227,6785.285319571621,144605.76504397806,6008.837071142135,13035.058235884506,5419.501313373856,2985.1163857355805,10376.77992264599,14299.656110649232,24265.17847025496,0,0,0,0,0,0,0,0,0,0,24,22,48,2,2,2,2,26,0,0,0,0,0.008370178739416744,0.0030389249304911955,0.030359792284866464,0.015824795081967213,0.0015847953216374271,0.003018348623853211,0.003017241379310345,0.0031880998080614205,0.020891006097560977,0.004670064874884152,0.06751592356687901,0.023435450819672136,0.004326315789473684,0.00463302752293578,0.00463103448275862,0.004938579654510557,0.02324275914634146,0.0048739573679332715,0.08375796178343947,0.024386782786885247,0.004669005847953217,0.0048348623853211,0.0048327586206896546,0.007129870129870134,0.03631249999999969,0.0075,0.09675159235668791,0.038361111111111464,0.004943157894736842,0.004996330275229358,0.004994137931034483,0.009498701298701307,0.4597972972972973,0.3729166666666667,0.3852067868504772,0.4596883468834689,0.866,0.375,0.453125,0.48959107806691454,2.181578947368421,2.162576687116564,0.493372216330859,2.1286000000000005,2.1110619469026553,0.475,2.11,2.1924460431654675,2.340789473684211,2.331288343558282,0.6688311688311682,2.3143000000000002,2.3055309734513276,0.4875,2.305,2.346223021582734,2.4681578947368417,2.4662576687116564,0.933766233766234,2.4628600000000005,2.4611061946902657,0.4975,2.461,2.469244604316547,396.65546218486634,396.8907563025284,397.21008403362026,392.8907563025164,396.65546218487265,116160150.58823529,19312812.100840334,0,51593629.042016804,36052854.31932773,3466454644.168067,2384377288.067227,1109565233.4789915,4799219040.806723,4386881604.840336,0,0,0,0,0,14.621848739495798,1.3109243697478992,5.226890756302521,1.0252100840336134,15.91596638655462,0,0,0,0,0,61328.13445378151,16358.18487394958,1039592.3361344538,38851.76470588235,68367.05882352941,1554.4033613445376,263.93277310924367,2811.428571428571,1708.8739495798318,432.4705882352941,1757.4957983193278,375.8991596638656,1879.2100840336134,2093.2268907563025,537.0420168067226,0,0,0,0,0,0,0,0,0,0,0,0,0,0,0,0,0,0,0,0
1693106253,0.5419150443953474,0.36440935317339795,0.14015416958654534,0.09086572317757441,1.5625325527615155,0.5490885130683063,0.1030449791333918,0.1859328516787082,0.14584244848636385,0.11350308350043521,0,0.12840679271933458,0.04375027343920903,0.46030423918285035,0.18196890353626205,5.5803667159948125,5.737459653811112,0.9237357673440779,0.449026721337545,9.811452496927012,3.0367128779559396,0.32509957236333664,0.6457769788567785,1.8620551159447558,0.9638930952290887,0.000057915906896924654,0.30353375172546637,1.3433000306251859,2.6841670707114975,1.0322866414606038,4.668806536329139,5.040996052232003,1.0044382153702398,0.2953136003271163,7.833496531177728,2.1963540522732314,0.3606574269668713,0.5312367190820223,1.562597662353897,0.6053497786689876,0,0.12840679271933494,0.9843811523822086,1.3370742185787565,0.6874380800258806,50000,100000,50000,50000,50000,50000,10000,50000,50000,20000,50000,0,4595712,0,220594176,0,0,1757184,0,0,2973696,0,0,0,0,3649536,1066.1136354162325,2.6723352566049194,0,2.9985688648599527,266.75555740744596,456.6220074676038,0,0,280.5175323457716,3.7456017555143584,0,29.661969118166347,75.07546922168264,2.8933409320064882,6.672193129662952,0,0,0,0,0,0,0,0,0,0,0,0,0,0,0,224342016,76185600,10711040,439984128,111415296,349663232,39526400,10878976,310304768,93900800,4952064,3993600,305532928,16019456,134160384,206266368,68800512,9596928,199372800,103268352,331431936,35684352,9596928,291287040,82993152,4055040,2568192,295206912,14868480,36495360,0,0,0,0,0,0,0,0,0,0,0,0,0,0,0,207794176,76054528,10346496,424943616,107143168,333991936,39407616,10620928,295710720,92692480,4796416,2912256,297598976,15671296,41738240,189952000,71593984,10346496,211648512,107143168,333991936,37650432,10620928,295710720,89718784,4796416,2912256,297598976,15671296,38088704,1073741824,1073741824,314572800,0,1073741824,1073741824,1073741824,314572800,1073741824,0,0,0,1073741824,314572800,2147483648,10.264196781050712,0,5.1522489566695855,0,0.09630509453950112,13.223073656968396,40103.816175726286,0,21855.427894275846,0,1364.1937658502134,43954.62908671828,10.264196781050712,0,5.1522489566695855,0,0.09630509453950112,13.223073656968396,40103.816175726286,0,21855.427894275846,0,1364.1937658502134,43954.62908671828,104.85464583290893,50.60169433471102,482.90516415570846,21.33150155948314,34.45136895175407,33.09994374853074,17.956656346749224,60.30490660284092,42.18963370868486,96.63456090651559,0,0,0,0,0,0,0,0,0,0,119999.91851202968,120601.53449181374,1583157.9204040756,100141.96866181493,332529.7948322946,466201.4018399267,3239.3532851737186,9013.406871672129,518292.30479955755,124693.41643059491,0,0,0,0,0,0,0,0,0,0,124.26915476602768,41.696161486995635,470.86998171209615,28.86900341601069,48.03585183110425,44.152054437989044,15.709207659672055,73.22614773574759,57.01798157365244,127.77337110481587,0,0,0,0,0,0,0,0,0,0,24961.884001874227,6785.285319571621,144605.76504397806,6008.837071142135,13035.058235884506,5529.269478960271,2985.1163857355805,10376.77992264599,12186.055636744442,24265.17847025496,0,0,0,0,0,0,0,0,0,0,42,18,48,10,10,2,10,68,0,0,0,0,0.008370178739416744,0.0030389249304911955,0.030359792284866464,0.015824795081967213,0.0015,0.0030168067226890756,0.0030162866449511406,0.0031880998080614205,0.020891006097560977,0.004670064874884152,0.06751592356687901,0.023435450819672136,0.004309090909090908,0.004630252100840336,0.004629315960912052,0.004938579654510557,0.02324275914634146,0.0048739573679332715,0.08375796178343947,0.024386782786885247,0.0046602272727272725,0.004831932773109243,0.004830944625407166,0.007129870129870134,0.03631249999999969,0.0075,0.09675159235668791,0.038361111111111464,0.004941136363636363,0.0049932773109243695,0.004992247557003259,0.009498701298701307,0.4597972972972973,0.3729166666666667,0.3852067868504772,0.4596883468834689,0.8779999999999999,0.375,0.4591216216216216,0.48959107806691454,2.181578947368421,2.162576687116564,0.493372216330859,2.1286000000000005,2.1262096774193546,0.475,2.1271084337349397,2.1924460431654675,2.340789473684211,2.331288343558282,0.6688311688311682,2.3143000000000002,2.3131048387096773,0.4875,2.31355421686747,2.346223021582734,2.4681578947368417,2.4662576687116564,0.933766233766234,2.4628600000000005,2.4626209677419353,0.4975,2.462710843373494,2.469244604316547,396.6386554621765,396.7394957983127,397.4117647058864,393.0420168067386,396.5714285714328,116160150.58823529,19312812.100840334,0,51593629.042016804,36052854.31932773,3395692354.6890755,2384487019.563025,1168069881.5462184,4706962388.97479,4386903909.109243,0,0,0,0,0,14.80672268907563,1.3109243697478992,5.226890756302521,1.0252100840336134,16.11764705882353,0,0,0,0,0,61844.43697478991,16358.18487394958,1039592.3361344538,38851.76470588235,69055.46218487395,1556.5378151260504,263.1932773109244,2813.2773109243694,1713.546218487395,434.01680672268907,1759.5126050420167,374.87394957983196,1880.890756302521,2096.857142857143,538.5210084033613,0,0,0,0,0,0,0,0,0,0,0,0,0,0,0,0,0,0,0,0
1693106254,0.5419150443953474,0.36440935317339795,0.14015416958654534,0.09086572317757441,1.5625325527615155,0.5490885130683063,0.1030449791333918,0.1783626310469888,0.14584244848636385,0.11350308350043521,0,0.12507295922621517,0.04375027343920903,0.46030423918285035,0.18196890353626205,5.5803667159948125,5.737459653811112,0.9237357673440779,0.449026721337545,9.811452496927012,3.0367128779559396,0.32509957236333664,0.6399310668067136,1.8620551159447558,0.9638930952290887,0.000057915906896924654,0.2924930188443259,1.3433000306251859,2.6841670707114975,1.0322866414606038,4.668806536329139,5.040996052232003,1.0044382153702398,0.2953136003271163,7.833496531177728,2.1963540522732314,0.3606574269668713,0.49545175290830173,1.562597662353897,0.6053497786689876,0,0.12507295922621517,0.9843811523822086,1.3370742185787565,0.6874380800258806,50000,100000,50000,50000,50000,50000,10000,50000,50000,20000,50000,0,4595712,0,220594176,0,0,1757184,0,0,2973696,0,0,0,0,3649536,1066.1136354162325,2.6723352566049194,0,2.9985688648599527,266.75555740744596,456.6220074676038,0,0,280.5175323457716,3.7456017555143584,0,19.261235720837156,75.07546922168264,2.8933409320064882,6.672193129662952,0,0,0,0,0,0,0,0,0,0,0,0,0,0,0,224342016,76185600,10711040,439984128,111415296,349663232,39526400,10878976,310304768,93900800,4952064,3993600,305532928,16019456,134160384,206266368,68800512,9596928,199372800,103268352,331431936,35684352,9596928,291287040,82993152,4055040,2568192,295206912,14868480,36495360,0,0,0,0,0,0,0,0,0,0,0,0,0,0,0,207794176,76054528,10346496,424943616,107143168,333991936,39407616,10498048,295710720,92692480,4796416,2912256,297598976,15671296,41738240,189952000,71593984,10346496,211648512,107143168,333991936,37650432,10498048,295710720,89718784,4796416,2912256,297598976,15671296,38088704,1073741824,1073741824,314572800,0,1073741824,1073741824,1073741824,314572800,1073741824,0,0,0,1073741824,314572800,2147483648,10.264196781050712,0,5.1522489566695855,0,0.06253647961310765,13.223073656968396,40103.816175726286,0,21855.427894275846,0,885.8500792128742,43954.62908671828,10.264196781050712,0,5.1522489566695855,0,0.06253647961310765,13.223073656968396,40103.816175726286,0,21855.427894275846,0,885.8500792128742,43954.62908671828,104.85464583290893,50.60169433471102,482.90516415570846,21.33150155948314,34.45136895175407,39.4264029284347,17.956656346749224,58.56871325642045,48.66038335274806,96.63456090651559,0,0,0,0,0,0,0,0,0,0,119999.91851202968,120601.53449181374,1583157.9204040756,100141.96866181493,332529.7948322946,555307.4184773483,3239.3532851737186,8750.45307872519,597784.3376045747,124693.41643059491,0,0,0,0,0,0,0,0,0,0,124.26915476602768,41.696161486995635,470.86998171209615,28.86900341601069,48.03585183110425,52.590925882392455,15.709207659672055,71.60853998143482,65.76299904691305,127.77337110481587,0,0,0,0,0,0,0,0,0,0,24961.884001874227,6785.285319571621,144605.76504397806,6008.837071142135,13035.058235884506,6586.089935184874,2985.1163857355805,10106.6834637316,14055.067245578735,24265.17847025496,0,0,0,0,0,0,0,0,0,0,28,12,44,20,20,2,22,112,0,0,0,0,0.008370178739416744,0.0030389249304911955,0.030359792284866464,0.015824795081967213,0.0015,0.0030168067226890756,0.0030162866449511406,0.0031880998080614205,0.020891006097560977,0.004670064874884152,0.06751592356687901,0.023435450819672136,0.004309090909090908,0.004630252100840336,0.004629315960912052,0.004938579654510557,0.02324275914634146,0.0048739573679332715,0.08375796178343947,0.024386782786885247,0.0046602272727272725,0.004831932773109243,0.004830944625407166,0.007129870129870134,0.03631249999999969,0.0075,0.09675159235668791,0.038361111111111464,0.004941136363636363,0.0049932773109243695,0.004992247557003259,0.009498701298701307,0.4597972972972973,0.3729166666666667,0.3852067868504772,0.4596883468834689,0.8779999999999999,0.375,0.4591216216216216,0.48959107806691454,2.181578947368421,2.162576687116564,0.493372216330859,2.1286000000000005,2.1262096774193546,0.475,2.1271084337349397,2.1924460431654675,2.340789473684211,2.331288343558282,0.6688311688311682,2.3143000000000002,2.3131048387096773,0.4875,2.31355421686747,2.346223021582734,2.4681578947368417,2.4662576687116564,0.933766233766234,2.4628600000000005,2.4626209677419353,0.4975,2.462710843373494,2.469244604316547,396.7731092436982,396.7731092436836,397.46218487394583,393.10924369747164,396.52100840335873,116160150.58823529,19312812.100840334,0,51593629.042016804,36052854.31932773,3466438329.0084033,2441213384.067227,1168067540.9747899,4799341438.92437,4386890691.764706,0,0,0,0,0,14.470588235294118,1.3109243697478992,5.025210084033613,1.0252100840336134,15.714285714285714,0,0,0,0,0,58617.54621848739,16358.18487394958,1037957.3781512604,38851.76470588235,65234.82352941176,1551.6302521008404,263.4453781512605,2811.848739495798,1718.0840336134454,435.26050420168065,1754.5882352941178,375.21008403361344,1880.6050420168067,2101.9663865546217,539.7647058823528,0,0,0,0,0,0,0,0,0,0,0,0,0,0,0,0,0,0,0,0
1693106255,0.5419150443953474,0.36440935317339795,0.14015416958654534,0.09086572317757441,1.5625325527615155,0.5490885130683063,0.1030449791333918,0.1783626310469888,0.14584244848636385,0.09208627379097556,0,0.12507295922621517,0.05957487103639844,0.46030423918285035,0.18196890353626205,5.5803667159948125,5.737459653811112,0.9237357673440779,0.449026721337545,9.811452496927012,3.0367128779559396,0.32509957236333664,0.6399310668067136,1.8620551159447558,0.8507960510300302,0.000057915906896924654,0.2924930188443259,1.188689811950669,2.6841670707114975,1.0322866414606038,4.668806536329139,5.040996052232003,1.0044382153702398,0.2953136003271163,7.833496531177728,2.1963540522732314,0.3606574269668713,0.49545175290830173,1.562597662353897,0.5525176427458534,0,0.12507295922621517,0.9234105010641819,1.3370742185787565,0.6874380800258806,50000,100000,50000,50000,50000,50000,10000,50000,50000,20000,50000,0,4595712,0,220594176,0,0,1757184,0,0,2973696,0,0,0,0,3649536,1066.1136354162325,2.6723352566049194,0,2.9985688648599527,266.75555740744596,456.6220074676038,0,0,280.5175323457716,3.0388470351021906,0,19.261235720837156,58.97912232603441,2.8933409320064882,6.672193129662952,0,0,0,0,0,0,0,0,0,0,0,0,0,0,0,224342016,76185600,10711040,439984128,111415296,349663232,39526400,10878976,310304768,93900800,4952064,3993600,305532928,16019456,134160384,206266368,68800512,9596928,199372800,103268352,331431936,35684352,9596928,291287040,82993152,4055040,2568192,295206912,14868480,36495360,0,0,0,0,0,0,0,0,0,0,0,0,0,0,0,207794176,76054528,10346496,424943616,107143168,333991936,39407616,10498048,295710720,92692480,4796416,2912256,297598976,15671296,41738240,189952000,71593984,10346496,211648512,107143168,333991936,37650432,10498048,295710720,89718784,4796416,2912256,297598976,15671296,38088704,1073741824,1073741824,314572800,0,1073741824,1073741824,1073741824,314572800,1073741824,0,0,0,1073741824,314572800,2147483648,10.264196781050712,0,5.1522489566695855,0,0.06253647961310765,13.223073656968396,40103.816175726286,0,21855.427894275846,0,885.8500792128742,43954.62908671828,10.264196781050712,0,5.1522489566695855,0,0.06253647961310765,13.223073656968396,40103.816175726286,0,21855.427894275846,0,885.8500792128742,43954.62908671828,100.06748288826762,50.60169433471102,408.52214191266546,21.33150155948314,34.36671781280513,39.15083798882681,17.956656346749224,58.56871325642045,48.66038335274806,96.63456090651559,0,0,0,0,0,0,0,0,0,0,118704.13573700954,120601.53449181374,1355604.4635230345,100141.96866181493,333001.1333519319,554235.7094972066,3239.3532851737186,8750.45307872519,597784.3376045747,124693.41643059491,0,0,0,0,0,0,0,0,0,0,119.54111635978019,41.696161486995635,399.60135228314397,28.86900341601069,47.96694099595479,52.22346368715083,15.709207659672055,71.60853998143482,65.76299904691305,127.77337110481587,0,0,0,0,0,0,0,0,0,0,23766.54134130274,6785.285319571621,122681.55447157935,6008.837071142135,12843.64974194448,6517.0726256983235,2985.1163857355805,10106.6834637316,14055.067245578735,24265.17847025496,0,0,0,0,0,0,0,0,0,0,26,14,54,18,10,2,10,110,0,0,0,0,0.008370178739416744,0.0030389249304911955,0.030359792284866464,0.015824795081967213,0.0015,0.0030168067226890756,0.0030162866449511406,0.003193839218632607,0.020891006097560977,0.004670064874884152,0.06751592356687901,0.023435450819672136,0.004309090909090908,0.004630252100840336,0.004629315960912052,0.004948910593538693,0.02324275914634146,0.0048739573679332715,0.08375796178343947,0.024386782786885247,0.0046602272727272725,0.004831932773109243,0.004830944625407166,0.007210526315789469,0.03631249999999969,0.0075,0.09675159235668791,0.038361111111111464,0.004941136363636363,0.0049932773109243695,0.004992247557003259,0.009515789473684212,0.4597972972972973,0.3729166666666667,0.3852067868504772,0.4596883468834689,0.8779999999999999,0.375,0.4591216216216216,0.47453183520599246,2.181578947368421,2.162576687116564,0.493372216330859,2.1286000000000005,2.1262096774193546,0.475,2.1271084337349397,2.1801363193768255,2.340789473684211,2.331288343558282,0.6688311688311682,2.3143000000000002,2.3131048387096773,0.4875,2.31355421686747,2.3400681596884123,2.4681578947368417,2.4662576687116564,0.933766233766234,2.4628600000000005,2.4626209677419353,0.4975,2.462710843373494,2.4680136319376826,396.72268907562676,396.7394957983182,397.4453781512615,393.04201680674447,396.67226890754415,116160150.58823529,19312812.100840334,0,51593629.042016804,36052854.31932773,3395709358.2521005,2497914897.210084,1110021507.2268908,4799492749.983193,4386901912.739495,0,0,0,0,0,14.336134453781511,1.3109243697478992,5.025210084033613,1.0252100840336134,15.61344537815126,0,0,0,0,0,58230.31932773109,16358.18487394958,1037957.3781512604,38851.76470588235,64899.2268907563,1558.9075630252098,264.70588235294116,2811.714285714286,1716.0672268907563,432.8235294117647,1762.1344537815125,376.5042016806722,1880.9915966386554,2101.7983193277305,537.2773109243697,0,0,0,0,0,0,0,0,0,0,0,0,0,0,0,0,0,0,0,0
1693106256,0.496784699031269,0.36440935317339795,0.14015416958654534,0.09086572317757441,1.4634592518064589,0.4807523088395566,0.11203435720287566,0.1783626310469888,0.14584244848636385,0.09391928634711155,0,0.12507295922621517,0.050000000000000044,0.46030423918285035,0.18196890353626205,5.705644865178128,5.737459653811112,0.9237357673440779,0.449026721337545,9.401053960486601,2.6851979404071096,0.32976957333582335,0.6399310668067136,1.8620551159447558,0.8677314723479662,0.000057915906896924654,0.2924930188443259,0.9976436299999848,2.6841670707114975,1.0322866414606038,4.747053790743242,5.040996052232003,1.0044382153702398,0.2953136003271163,7.363029360651237,2.0322711237308706,0.3734478573429189,0.49545175290830173,1.562597662353897,0.5635157180826693,0,0.12507295922621517,0.7750000000000057,1.3370742185787565,0.6874380800258806,50000,100000,50000,50000,50000,50000,10000,50000,50000,20000,50000,0,4595712,0,220594176,0,0,1757184,0,0,2973696,0,0,0,0,3649536,1122.0710402119614,2.6723352566049194,0,2.9985688648599527,262.59946949602124,435.5615918086388,0,0,280.5175323457716,3.0993364494546785,0,19.261235720837156,49.5,2.8933409320064882,6.672193129662952,0,0,0,0,0,0,0,0,0,0,0,0,0,0,0,224342016,76185600,10711040,439984128,111415296,349663232,39526400,10878976,310304768,93900800,4952064,3993600,305532928,16019456,134160384,206266368,68800512,9596928,199372800,103673856,331431936,35684352,9596928,291287040,82993152,4055040,2568192,295206912,14868480,36495360,0,0,0,0,0,0,0,0,0,0,0,0,0,0,0,207794176,76054528,10346496,424943616,107483136,333991936,39313408,10498048,295710720,92692480,4796416,2912256,297598976,15671296,41738240,189952000,71593984,10346496,211648512,107483136,333991936,37556224,10498048,295710720,89718784,4796416,2912256,297598976,15671296,38088704,1073741824,1073741824,314572800,0,1073741824,1073741824,1073741824,314572800,1073741824,0,0,0,1073741824,314572800,2147483648,10.264196781050712,0,4.929511716926525,0,0.06253647961310765,13.223073656968396,40103.816175726286,0,20392.0455606386,0,885.8500792128742,43954.62908671828,10.264196781050712,0,4.929511716926525,0,0.06253647961310765,13.223073656968396,40103.816175726286,0,20392.0455606386,0,885.8500792128742,43954.62908671828,100.06748288826762,50.60169433471102,476.9900951546568,21.33150155948314,34.36671781280513,39.15083798882681,17.956656346749224,58.56871325642045,48.66038335274806,96.63456090651559,0,0,0,0,0,0,0,0,0,0,118704.13573700954,120601.53449181374,1582802.5845075566,100141.96866181493,333001.1333519319,554235.7094972066,3239.3532851737186,8750.45307872519,597784.3376045747,124693.41643059491,0,0,0,0,0,0,0,0,0,0,119.54111635978019,41.696161486995635,466.57418899515716,28.86900341601069,47.96694099595479,52.22346368715083,15.709207659672055,71.60853998143482,65.76299904691305,127.77337110481587,0,0,0,0,0,0,0,0,0,0,23766.54134130274,6785.285319571621,143242.87556885937,6008.837071142135,12843.64974194448,6517.0726256983235,2985.1163857355805,10106.6834637316,14055.067245578735,24265.17847025496,0,0,0,0,0,0,0,0,0,0,30,12,48,14,14,2,14,60,0,0,0,0,0.008370178739416744,0.0030389249304911955,0.030359792284866464,0.015824795081967213,0.0015,0.0030168067226890756,0.0030162866449511406,0.0031864244741873805,0.020891006097560977,0.004670064874884152,0.06751592356687901,0.023435450819672136,0.004309090909090908,0.004630252100840336,0.004629315960912052,0.004935564053537286,0.02324275914634146,0.0048739573679332715,0.08375796178343947,0.024386782786885247,0.0046602272727272725,0.004831932773109243,0.004830944625407166,0.007105744125326372,0.03631249999999969,0.0075,0.09675159235668791,0.038361111111111464,0.004941136363636363,0.0049932773109243695,0.004992247557003259,0.009494255874673637,0.4597972972972973,0.3729166666666667,0.3852067868504772,0.4596883468834689,0.8779999999999999,0.375,0.4591216216216216,0.4908921933085502,2.181578947368421,2.162576687116564,0.493372216330859,2.1286000000000005,2.1262096774193546,0.475,2.1271084337349397,2.19343163538874,2.340789473684211,2.331288343558282,0.6688311688311682,2.3143000000000002,2.3131048387096773,0.4875,2.31355421686747,2.34671581769437,2.4681578947368417,2.4662576687116564,0.933766233766234,2.4628600000000005,2.4626209677419353,0.4975,2.462710843373494,2.4693431635388743,396.80672268909,396.8235294117695,397.37815126050725,393.10924369747255,396.7563025210124,116160150.58823529,19312812.100840334,0,51593629.042016804,36052854.31932773,3395821843.3613443,2497934241.3445377,1110519291.697479,4799597524.97479,4386929104.672269,0,0,0,0,0,14.655462184873949,1.3109243697478992,5.109243697478991,1.0252100840336134,15.731092436974789,0,0,0,0,0,62128.403361344535,16358.18487394958,1038886.7226890756,38851.76470588235,67162.35294117646,1562,264.8235294117647,2813.613445378151,1712.9579831932776,431.39495798319325,1765.5630252100839,376.5546218487395,1882.7563025210084,2099.6806722689075,535.8655462184873,0,0,0,0,0,0,0,0,0,0,0,0,0,0,0,0,0,0,0,0
1693106257,0.496784699031269,0.36440935317339795,0.12194059750892788,0.09086572317757441,1.4634592518064589,0.4902171169620829,0.11203435720287566,0.1783626310469888,0.14584244848636385,0.09575229890324757,0,0.12507295922621517,0.050000000000000044,0.46030423918285035,0.18196890353626205,5.705644865178128,5.737459653811112,0.9212834143367293,0.449026721337545,9.401053960486601,2.738062758338619,0.32976957333582335,0.6399310668067136,1.8620551159447558,0.8846668936659023,0.000057915906896924654,0.2924930188443259,0.9976436299999848,2.6841670707114975,1.0322866414606038,4.747053790743242,5.040996052232003,1.1148854629387677,0.2953136003271163,7.363029360651237,2.0722814489760952,0.3734478573429189,0.49545175290830173,1.562597662353897,0.5745137934194854,0,0.12507295922621517,0.7750000000000057,1.3370742185787565,0.6874380800258806,50000,100000,50000,50000,50000,50000,10000,50000,50000,20000,50000,0,4595712,0,220594176,0,0,1757184,0,0,2973696,0,0,0,0,3649536,1122.0710402119614,2.6723352566049194,0,2.9985688648599527,262.59946949602124,444.1367079676476,0,0,280.5175323457716,3.1598258638071672,0,19.261235720837156,49.5,2.8933409320064882,6.672193129662952,0,0,0,0,0,0,0,0,0,0,0,0,0,0,0,224342016,76185600,10711040,439984128,111415296,349663232,39526400,10878976,310304768,93900800,4952064,3993600,305532928,16019456,134160384,206266368,68800512,9596928,199372800,103673856,331431936,35684352,9596928,291287040,82993152,4055040,2568192,295206912,14868480,36495360,0,0,0,0,0,0,0,0,0,0,0,0,0,0,0,207794176,76054528,10350592,424943616,107483136,333991936,39313408,10498048,295710720,92692480,4796416,2912256,297598976,15671296,41738240,189952000,71593984,10350592,211648512,107483136,333991936,37556224,10498048,295710720,89718784,4796416,2912256,297598976,15671296,38088704,1073741824,1073741824,314572800,0,1073741824,1073741824,1073741824,314572800,1073741824,0,0,0,1073741824,314572800,2147483648,10.264196781050712,0,4.929511716926525,0,0.06253647961310765,13.223073656968396,40103.816175726286,0,20392.0455606386,0,885.8500792128742,43954.62908671828,10.264196781050712,0,4.929511716926525,0,0.06253647961310765,13.223073656968396,40103.816175726286,0,20392.0455606386,0,885.8500792128742,43954.62908671828,100.06748288826762,50.60169433471102,476.9900951546568,21.33150155948314,34.36671781280513,39.15083798882681,12.425,58.56871325642045,48.66038335274806,96.63456090651559,0,0,0,0,0,0,0,0,0,0,118704.13573700954,120601.53449181374,1582802.5845075566,100141.96866181493,333001.1333519319,554235.7094972066,2238.525,8750.45307872519,597784.3376045747,124693.41643059491,0,0,0,0,0,0,0,0,0,0,119.54111635978019,41.696161486995635,466.57418899515716,28.86900341601069,47.96694099595479,52.22346368715083,10.850000000000001,71.60853998143482,65.76299904691305,127.77337110481587,0,0,0,0,0,0,0,0,0,0,23766.54134130274,6785.285319571621,143242.87556885937,6008.837071142135,12843.64974194448,6517.0726256983235,2058.175,10106.6834637316,14055.067245578735,24265.17847025496,0,0,0,0,0,0,0,0,0,0,22,22,48,8,10,2,8,26,0,0,0,0,0.00837059942911513,0.0030464684014869887,0.030439985272459495,0.015910493827160494,0.0015597667638483964,0.003,0.003017035775127768,0.003186124401913876,0.02086055469953775,0.00468364312267658,0.0673824786324786,0.023601851851851853,0.004321282798833819,0.0046,0.004630664395229983,0.004935023923444977,0.02320762711864406,0.0048882899628252775,0.08374465811965812,0.02456327160493827,0.004666472303206997,0.0048,0.004832367972742759,0.007101439790575919,0.03268749999999996,0.008041304347826083,0.09683440170940169,0.04423214285714279,0.004942623906705538,0.00496,0.00499373083475298,0.009493586387434558,0.4586693548387097,0.378125,0.3854350902016272,0.45990566037735847,0.8690476190476191,0.375,0.4544198895027624,0.4913632986627044,2.1806603773584907,2.164329268292683,0.4937831623629289,2.129166666666667,2.113913043478261,0.475,2.113913043478261,2.1937667560321716,2.340330188679245,2.332164634146341,0.6755296610169491,2.314583333333333,2.3069565217391306,0.4875,2.3069565217391306,2.3468833780160856,2.468066037735849,2.4664329268292686,0.9351059322033896,2.462916666666666,2.461391304347826,0.4975,2.461391304347826,2.4693766756032174,396.8739495798387,396.8907563025266,397.37815126050793,392.97478991596984,396.6890756302573,116160150.58823529,19312812.100840334,0,51593629.042016804,36052854.31932773,3466491473.747899,2554640642.1512604,1169041494.05042,4799704709.378151,4465221838.5210085,0,0,0,0,0,14.571428571428571,1.3445378151260503,5.109243697478991,1.0252100840336134,15.697478991596638,0,0,0,0,0,61870.252100840335,16495.865546218487,1038886.7226890756,38851.76470588235,67067.6974789916,1556.3697478991596,265.0420168067227,2815.327731092437,1706.5042016806726,428.55462184873943,1759.6302521008404,376.8235294117647,1884.6218487394956,2093.243697478991,532.8571428571428,0,0,0,0,0,0,0,0,0,0,0,0,0,0,0,0,0,0,0,0
1693106258,0.496784699031269,0.36440935317339795,0.12194059750892788,0.09086572317757441,1.4634592518064589,0.567888487351574,0.11203435720287566,0.1783626310469888,0.08888888888888896,0.08511724901051206,0,0.12507295922621517,0.06606619833072795,0.46030423918285035,0.18196890353626205,5.705644865178128,5.737459653811112,0.9212834143367293,0.449026721337545,9.401053960486601,3.171889075890562,0.32976957333582335,0.6399310668067136,0.9711235066666762,1.0017359811890874,0.000057915906896924654,0.2924930188443259,1.3651264352881478,2.6841670707114975,1.0322866414606038,4.747053790743242,5.040996052232003,1.1148854629387677,0.2953136003271163,7.363029360651237,2.400619514713492,0.3734478573429189,0.49545175290830173,0.7999999999999986,0.6596586798314689,0,0.12507295922621517,0.9909929749609171,1.3370742185787565,0.6874380800258806,50000,100000,50000,50000,50000,50000,10000,50000,50000,20000,50000,0,4595712,0,220594176,0,0,1757184,0,0,2973696,0,0,0,0,3649536,1122.0710402119614,2.6723352566049194,0,2.9985688648599527,262.59946949602124,514.5069695405266,0,0,70.39999999999999,4.213303826020343,0,19.261235720837156,77.03318725362814,2.8933409320064882,6.672193129662952,0,0,0,0,0,0,0,0,0,0,0,0,0,0,0,224342016,76185600,10711040,439984128,111415296,349663232,39526400,10878976,310304768,93900800,4952064,3993600,305532928,16019456,134160384,206266368,68800512,9596928,199372800,103673856,331431936,35684352,9596928,291287040,82993152,4055040,2568192,295206912,14868480,36495360,0,0,0,0,0,0,0,0,0,0,0,0,0,0,0,207794176,76054528,10350592,424943616,107483136,333991936,39313408,10498048,295710720,92733440,4796416,2912256,297467904,15671296,41738240,189952000,71593984,10350592,211648512,107483136,333991936,37556224,10498048,295710720,89759744,4796416,2912256,297467904,15671296,38088704,1073741824,1073741824,314572800,0,1073741824,1073741824,1073741824,314572800,1073741824,0,0,0,1073741824,314572800,2147483648,10.264196781050712,0,4.929511716926525,0,0.06253647961310765,13.223073656968396,40103.816175726286,0,20392.0455606386,0,885.8500792128742,43954.62908671828,10.264196781050712,0,4.929511716926525,0,0.06253647961310765,13.223073656968396,40103.816175726286,0,20392.0455606386,0,885.8500792128742,43954.62908671828,100.06748288826762,50.60169433471102,476.9900951546568,21.33150155948314,34.15294172537675,39.15083798882681,14.793152833394007,58.56871325642045,48.66038335274806,96.63456090651559,0,0,0,0,0,0,0,0,0,0,118704.13573700954,120601.53449181374,1582802.5845075566,100141.96866181493,332098.9128913357,554235.7094972066,2665.178466508919,8750.45307872519,597784.3376045747,124693.41643059491,0,0,0,0,0,0,0,0,0,0,119.54111635978019,41.696161486995635,466.57418899515716,28.86900341601069,47.35687957822049,52.22346368715083,12.917964446062372,71.60853998143482,65.76299904691305,127.77337110481587,0,0,0,0,0,0,0,0,0,0,23766.54134130274,6785.285319571621,143242.87556885937,6008.837071142135,12630.243083096158,6517.0726256983235,2450.4545137119285,10106.6834637316,14055.067245578735,24265.17847025496,0,0,0,0,0,0,0,0,0,0,38,14,42,2,2,2,2,36,0,0,0,0,0.00837059942911513,0.0030464684014869887,0.030439985272459495,0.015910493827160494,0.0014759206798866855,0.003,0.0030161550888529887,0.003186124401913876,0.02086055469953775,0.00468364312267658,0.0673824786324786,0.023601851851851853,0.004304249291784703,0.0046,0.00462907915993538,0.004935023923444977,0.02320762711864406,0.0048882899628252775,0.08374465811965812,0.02456327160493827,0.004657790368271955,0.0048,0.004830694668820679,0.007101439790575919,0.03268749999999996,0.008041304347826083,0.09683440170940169,0.04423214285714279,0.004940623229461757,0.00496,0.004991987075928918,0.009493586387434558,0.4586693548387097,0.378125,0.3854350902016272,0.45990566037735847,0.8809523809523809,0.375,0.45967741935483875,0.4913632986627044,2.1806603773584907,2.164329268292683,0.4937831623629289,2.129166666666667,2.1285714285714286,0.475,2.1285714285714286,2.1937667560321716,2.340330188679245,2.332164634146341,0.6755296610169491,2.314583333333333,2.314285714285714,0.4875,2.314285714285714,2.3468833780160856,2.468066037735849,2.4664329268292686,0.9351059322033896,2.462916666666666,2.462857142857143,0.4975,2.462857142857143,2.4693766756032174,396.99159663863963,396.8067226890705,397.34453781510723,392.8235294117557,396.7563025209941,116160150.58823529,19312812.100840334,0,51593629.042016804,36052854.31932773,3395838640.4033613,2554610077.0420165,1227619112.8739495,4707510358.05042,4465210411.025209,0,0,0,0,0,14.487394957983193,1.3445378151260503,5.109243697478991,1.0252100840336134,15.647058823529411,0,0,0,0,0,61612.100840336134,16495.865546218487,1038886.7226890756,38851.76470588235,66886.99159663865,1545.9495798319326,261.52941176470586,2815.0588235294113,1696.3193277310927,426.48739495798316,1749.378151260504,373.5798319327731,1885.6134453781513,2082.6554621848736,530.8235294117646,0,0,0,0,0,0,0,0,0,0,0,0,0,0,0,0,0,0,0,0
1693106259,0.4967846990312691,0.3454238047356373,0.12194059750892788,0.09086572317757441,1.4634592518064589,0.567888487351574,0.11203435720287566,0.1783626310469888,0.10202936352678492,0.08511724901051206,0,0.12507295922621517,0.06606619833072795,0.4731807888599727,0.18196890353626205,5.705644865178129,5.135031514779831,0.9212834143367293,0.449026721337545,9.401053960486601,3.171889075890562,0.32976957333582335,0.6399310668067136,1.1146850245248792,1.0017359811890874,0.000038242116259718375,0.2924930188443259,1.3651264352881478,2.631527544191704,1.0322866414606038,4.747053790743243,4.465836332653589,1.1148854629387677,0.2953136003271163,7.363029360651237,2.400619514713492,0.3734478573429189,0.49545175290830173,0.918264271741062,0.6596586798314689,0,0.12507295922621517,0.9909929749609171,1.2674485415892116,0.6874380800258806,50000,100000,50000,50000,50000,50000,10000,50000,50000,20000,50000,0,4595712,0,220594176,0,0,1757184,0,0,2973696,0,0,0,0,3649536,1122.0710402119616,1.6284265080394313,0,2.9985688648599527,262.59946949602124,514.5069695405266,0,0,80.80725591321358,4.213303826020343,0,19.261235720837156,77.03318725362814,2.230709433197012,6.672193129662952,0,0,0,0,0,0,0,0,0,0,0,0,0,0,0,224342016,76185600,10711040,439984128,111415296,349663232,39526400,10878976,310304768,93900800,4952064,3993600,305532928,16019456,134160384,206266368,68800512,9596928,199372800,103673856,331431936,35684352,9596928,291287040,82993152,4055040,2568192,295206912,14868480,36495360,0,0,0,0,0,0,0,0,0,0,0,0,0,0,0,207794176,76054528,10350592,424943616,107483136,333991936,39313408,10498048,295710720,92733440,4796416,2912256,297467904,15679488,41738240,189952000,71593984,10350592,211648512,107483136,333991936,37556224,10498048,295710720,89759744,4796416,2912256,297467904,15679488,38088704,1073741824,1073741824,314572800,0,1073741824,1073741824,1073741824,314572800,1073741824,0,0,0,1073741824,314572800,2147483648,8.56157573166186,0,4.929511716926525,0,0.06253647961310765,13.223073656968396,30760.483274286667,0,20392.0455606386,0,885.8500792128742,43954.62908671828,8.56157573166186,0,4.929511716926525,0,0.06253647961310765,13.223073656968396,30760.483274286667,0,20392.0455606386,0,885.8500792128742,43954.62908671828,100.06748288826762,50.60169433471102,476.9900951546568,17.758549867933535,34.15294172537675,39.15083798882681,14.491611758281763,58.56871325642045,42.449155753232844,96.63456090651559,0,0,0,0,0,0,0,0,0,0,118704.13573700954,120601.53449181374,1582802.5845075566,83701.66302803918,332098.9128913357,554235.7094972066,2610.8519284674194,8750.45307872519,521480.48793344863,124693.41643059491,0,0,0,0,0,0,0,0,0,0,119.54111635978019,41.696161486995635,466.57418899515716,23.942330625517535,47.35687957822049,52.22346368715083,12.654646887513652,71.60853998143482,57.36871756856931,127.77337110481587,0,0,0,0,0,0,0,0,0,0,23766.54134130274,6785.285319571621,143242.87556885937,4910.601457868683,12630.243083096158,6517.0726256983235,2400.5048716781944,10106.6834637316,12261.015995387528,24265.17847025496,0,0,0,0,0,0,0,0,0,0,22,12,42,4,2,2,2,46,0,0,0,0,0.00837059942911513,0.0030464684014869887,0.030439985272459495,0.015910493827160494,0.0014759206798866855,0.003,0.0030161550888529887,0.003186124401913876,0.02086055469953775,0.00468364312267658,0.0673824786324786,0.023601851851851853,0.004304249291784703,0.0046,0.00462907915993538,0.004935023923444977,0.02320762711864406,0.0048882899628252775,0.08374465811965812,0.02456327160493827,0.004657790368271955,0.0048,0.004830694668820679,0.007101439790575919,0.03268749999999996,0.008041304347826083,0.09683440170940169,0.04423214285714279,0.004940623229461757,0.00496,0.004991987075928918,0.009493586387434558,0.4586693548387097,0.378125,0.3854350902016272,0.45990566037735847,0.8809523809523809,0.375,0.45967741935483875,0.4913632986627044,2.1806603773584907,2.164329268292683,0.4937831623629289,2.129166666666667,2.1285714285714286,0.475,2.1285714285714286,2.1937667560321716,2.340330188679245,2.332164634146341,0.6755296610169491,2.314583333333333,2.314285714285714,0.4875,2.314285714285714,2.3468833780160856,2.468066037735849,2.4664329268292686,0.9351059322033896,2.462916666666666,2.462857142857143,0.4975,2.462857142857143,2.4693766756032174,396.97478991597023,396.87394957984253,397.37815126051896,392.8571428571419,396.7563025210102,116160150.58823529,19312812.100840334,0,51593629.042016804,36052854.31932773,3466578350.2521005,2497881853.8487396,1227655185.210084,4892082726.722689,4465192925.579832,0,0,0,0,0,14.521008403361344,1.3445378151260503,5.109243697478991,1.0252100840336134,15.61344537815126,0,0,0,0,0,61689.54621848739,16495.865546218487,1038886.7226890756,38851.76470588235,66809.54621848739,1544.1176470588234,263.2773109243697,2816.6554621848736,1693.0252100840337,427.34453781512605,1747.378151260504,374.92436974789916,1886.7563025210084,2079.142857142857,531.6302521008403,0,0,0,0,0,0,0,0,0,0,0,0,0,0,0,0,0,0,0,0
1693106260,0.4967846990312691,0.39468861887175477,0.1177440244907572,0.05908217592592598,1.4634592518064589,0.567888487351574,0.11203435720287566,0.1783626310469888,0.10005335230304116,0.08511724901051206,0,0.12507295922621517,0.06606619833072795,0.5250542175550735,0.18196890353626205,5.705644865178129,5.867396712807641,0.9326614129282932,0.3754386647313098,9.401053960486601,3.171889075890562,0.32976957333582335,0.6399310668067136,1.0930968263507135,1.0017359811890874,0.000038242116259718375,0.2924930188443259,1.3651264352881478,2.559714053190275,1.0322866414606038,4.747053790743243,5.102760001127679,1.130342635111267,0.23632870370370393,7.363029360651237,2.400619514713492,0.3734478573429189,0.49545175290830173,0.9004801707273682,0.6596586798314689,0,0.12507295922621517,0.9909929749609171,1.2099075448008203,0.6874380800258806,50000,100000,50000,50000,50000,50000,10000,50000,50000,20000,50000,0,4595712,0,220594176,0,0,1757184,0,0,2973696,0,0,0,0,3649536,1122.0710402119616,1.860674917538271,0,3.899423611111111,262.59946949602124,514.5069695405266,0,0,79.24225502400853,4.213303826020343,0,19.261235720837156,77.03318725362814,3.013354639881292,6.672193129662952,0,0,0,0,0,0,0,0,0,0,0,0,0,0,0,224342016,76185600,10711040,439984128,111415296,349663232,39526400,10878976,310304768,93900800,4952064,3993600,305532928,16019456,134160384,206266368,68800512,9596928,199372800,103673856,331431936,35684352,9596928,291287040,82993152,4055040,2568192,295206912,14868480,36495360,0,0,0,0,0,0,0,0,0,0,0,0,0,0,0,207794176,76054528,10350592,424943616,107483136,333991936,39313408,10498048,295710720,92733440,4796416,2912256,297467904,15679488,41738240,189952000,71593984,10350592,211648512,107483136,333991936,37556224,10498048,295710720,89759744,4796416,2912256,297467904,15679488,38088704,1073741824,1073741824,314572800,0,1073741824,1073741824,1073741824,314572800,1073741824,0,0,0,1073741824,314572800,2147483648,9.782639339178486,0,4.929511716926525,0,0.06253647961310765,13.223073656968396,35147.585351413836,0,20392.0455606386,0,885.8500792128742,43954.62908671828,9.782639339178486,0,4.929511716926525,0,0.06253647961310765,13.223073656968396,35147.585351413836,0,20392.0455606386,0,885.8500792128742,43954.62908671828,96.36945510035396,50.60169433471102,476.9900951546568,18.113950691157893,34.15294172537675,39.15083798882681,16.920800360290805,58.56871325642045,41.63814936402038,96.63456090651559,0,0,0,0,0,0,0,0,0,0,118872.85674925293,120601.53449181374,1582802.5845075566,85376.77953060497,332098.9128913357,554235.7094972066,3082.2878466190564,8750.45307872519,511517.4156400391,124693.41643059491,0,0,0,0,0,0,0,0,0,0,115.0414344149376,41.696161486995635,466.57418899515716,24.42148709254323,47.35687957822049,52.22346368715083,14.947779278989469,71.60853998143482,56.27266758445409,127.77337110481587,0,0,0,0,0,0,0,0,0,0,22739.56721700613,6785.285319571621,143242.87556885937,5008.877038568242,12630.243083096158,6517.0726256983235,2833.4512856805845,10106.6834637316,12026.764874627885,24265.17847025496,0,0,0,0,0,0,0,0,0,0,38,18,60,4,6,2,6,42,0,0,0,0,0.00837059942911513,0.0030464684014869887,0.030439985272459495,0.015910493827160494,0.0014759206798866855,0.003,0.0030161550888529887,0.0031947921882824236,0.02086055469953775,0.00468364312267658,0.0673824786324786,0.023601851851851853,0.004304249291784703,0.0046,0.00462907915993538,0.004950625938908363,0.02320762711864406,0.0048882899628252775,0.08374465811965812,0.02456327160493827,0.004657790368271955,0.0048,0.004830694668820679,0.0072231675392670095,0.03268749999999996,0.008041304347826083,0.09683440170940169,0.04423214285714279,0.004940623229461757,0.00496,0.004991987075928918,0.009517931937172777,0.4586693548387097,0.378125,0.3854350902016272,0.45990566037735847,0.8809523809523809,0.375,0.45967741935483875,0.4757672155688623,2.1806603773584907,2.164329268292683,0.4937831623629289,2.129166666666667,2.1285714285714286,0.475,2.1285714285714286,2.1811590688651794,2.340330188679245,2.332164634146341,0.6755296610169491,2.314583333333333,2.314285714285714,0.4875,2.314285714285714,2.3405795344325893,2.468066037735849,2.4664329268292686,0.9351059322033896,2.462916666666666,2.462857142857143,0.4975,2.462857142857143,2.468115906886518,396.9915966386498,396.8907563025269,397.3613445378016,392.9243697479215,396.87394957982485,116160150.58823529,19312812.100840334,0,51593629.042016804,18026461.57983193,3395884419.2268906,2497927563.8319325,1286273832.8739495,4892113360.672269,4465182393.008403,0,0,0,0,0,14.605042016806722,1.3445378151260503,5.109243697478991,1.0252100840336134,15.714285714285714,0,0,0,0,0,61913.277310924364,16495.865546218487,1038886.7226890756,38851.76470588235,67084.9075630252,1546.4201680672268,263.781512605042,2814.8571428571427,1696.857142857143,427.4621848739495,1749.4621848739494,375.47899159663865,1884.941176470588,2083.9663865546217,531.6470588235294,0,0,0,0,0,0,0,0,0,0,0,0,0,0,0,0,0,0,0,0
1693106261,0.48754875487548716,0.34721963795150373,0.1177440244907572,0.05792476851851858,1.4634592518064589,0.567888487351574,0.11203435720287566,0.1783626310469888,0.12080212611741978,0.08511724901051206,0,0.12507295922621517,0.06606619833072795,0.5250542175550735,0.18196890353626205,4.988025901965201,5.161728169823105,0.9326614129282932,0.36808390020584686,9.401053960486601,3.171889075890562,0.32976957333582335,0.6399310668067136,1.3792573548361224,1.0017359811890874,0.000038242116259718375,0.2924930188443259,1.3651264352881478,2.559714053190275,1.0322866414606038,4.069156915691572,4.489053890658719,1.130342635111267,0.2316990740740743,7.363029360651237,2.400619514713492,0.3734478573429189,0.49545175290830173,1.187887573487967,0.6596586798314689,0,0.12507295922621517,0.9909929749609171,1.2099075448008203,0.6874380800258806,50000,100000,50000,50000,50000,50000,10000,50000,50000,20000,50000,0,4595712,0,220594176,0,0,1757184,0,0,2973696,0,0,0,0,3649536,856.4356435643564,1.6368925789142303,0,3.8230347222222227,262.59946949602124,514.5069695405266,0,0,136.8688088910365,4.213303826020343,0,19.261235720837156,77.03318725362814,3.013354639881292,6.672193129662952,0,0,0,0,0,0,0,0,0,0,0,0,0,0,0,224342016,76185600,10711040,439984128,111415296,349663232,39526400,10878976,310304768,93900800,4952064,3993600,305532928,16019456,134160384,206266368,68800512,9596928,199372800,103673856,331431936,35684352,9596928,291422208,82993152,4055040,2568192,295206912,14868480,36495360,0,0,0,0,0,0,0,0,0,0,0,0,0,0,0,207884288,76054528,10350592,424943616,107483136,333991936,39313408,10498048,295849984,92733440,4796416,2912256,297467904,15679488,41738240,190042112,71593984,10350592,211648512,107483136,333991936,37556224,10498048,295849984,89759744,4796416,2912256,297467904,15679488,38088704,1073741824,1073741824,314572800,0,1073741824,1073741824,1073741824,314572800,1073741824,0,0,0,1073741824,314572800,2147483648,8.60608674065512,0,4.929511716926525,0,0.06253647961310765,13.223073656968396,30920.404787635594,0,20392.0455606386,0,885.8500792128742,43954.62908671828,8.60608674065512,0,4.929511716926525,0,0.06253647961310765,13.223073656968396,30920.404787635594,0,20392.0455606386,0,885.8500792128742,43954.62908671828,96.36945510035396,49.22707183445692,476.9900951546568,18.46935151438225,34.15294172537675,39.15083798882681,16.920800360290805,58.56871325642045,48.621753031764946,94.48711616737913,0,0,0,0,0,0,0,0,0,0,118872.85674925293,120896.00602863604,1582802.5845075566,87051.89603317075,332098.9128913357,554235.7094972066,3082.2878466190564,8750.45307872519,595974.3269576404,123989.90071018616,0,0,0,0,0,0,0,0,0,0,115.0414344149376,40.571091060917745,466.57418899515716,24.900643559568927,47.35687957822049,52.22346368715083,14.947779278989469,71.60853998143482,65.25152770683164,125.7216819660405,0,0,0,0,0,0,0,0,0,0,22739.56721700613,6591.498808529706,143242.87556885937,5107.152619267802,12630.243083096158,6517.0726256983235,2833.4512856805845,10106.6834637316,14058.005562177195,23737.844235911238,0,0,0,0,0,0,0,0,0,0,30,14,38,4,6,2,6,54,0,0,0,0,0.00837059942911513,0.0030464684014869887,0.030439985272459495,0.015910493827160494,0.0014759206798866855,0.003,0.0030161550888529887,0.003188907725841608,0.02086055469953775,0.00468364312267658,0.0673824786324786,0.023601851851851853,0.004304249291784703,0.0046,0.00462907915993538,0.004940033906514895,0.02320762711864406,0.0048882899628252775,0.08374465811965812,0.02456327160493827,0.004657790368271955,0.0048,0.004830694668820679,0.007141644908616179,0.03268749999999996,0.008041304347826083,0.09683440170940169,0.04423214285714279,0.004940623229461757,0.00496,0.004991987075928918,0.00950143603133159,0.4586693548387097,0.378125,0.3854350902016272,0.45990566037735847,0.8809523809523809,0.375,0.45967741935483875,0.48671991084695393,2.1806603773584907,2.164329268292683,0.4937831623629289,2.129166666666667,2.1285714285714286,0.475,2.1285714285714286,2.190196526508227,2.340330188679245,2.332164634146341,0.6755296610169491,2.314583333333333,2.314285714285714,0.4875,2.314285714285714,2.345098263254113,2.468066037735849,2.4664329268292686,0.9351059322033896,2.462916666666666,2.462857142857143,0.4975,2.462857142857143,2.4690196526508226,397.05882352941865,396.840336134457,397.2268907562838,393.0252100840429,396.941176470588,132754320.13445377,19312812.100840334,0,51593629.042016804,18026461.57983193,3254497520.9411764,2554675681.882353,1228125571.2268908,4799909578.218487,4621810335.193277,0,0,0,0,0,14.554621848739496,1.3445378151260503,5.109243697478991,1.0252100840336134,15.76470588235294,0,0,0,0,0,61741.17647058823,16495.865546218487,1038886.7226890756,38851.76470588235,67308.63865546219,1538.3529411764705,264.1848739495798,2814.756302521008,1693.0420168067228,428.08403361344534,1741.5630252100839,375.71428571428567,1884.8235294117646,2078.705882352941,532.235294117647,0,0,0,0,0,0,0,0,0,0,0,0,0,0,0,0,0,0,0,0
1693106262,0.48754875487548716,0.34064149430364116,0.1177440244907572,0.056767361111111164,1.4634592518064589,0.567888487351574,0.11203435720287566,0.1783626310469888,0.12080212611741978,0.08511724901051206,0,0.12507295922621517,0.06606619833072795,0.5250542175550735,0.23480379208124166,4.988025901965201,5.063938224609645,0.9326614129282932,0.36072913568038384,9.401053960486601,3.171889075890562,0.32976957333582335,0.6399310668067136,1.3792573548361224,1.0017359811890874,0,0.2924930188443259,1.3651264352881478,2.559714053190275,1.0021816618238404,4.069156915691572,4.404007890639925,1.130342635111267,0.22706944444444466,7.363029360651237,2.400619514713492,0.3734478573429189,0.49545175290830173,1.187887573487967,0.6596586798314689,0,0.12507295922621517,0.9909929749609171,1.2099075448008203,0.704411376243727,50000,100000,50000,50000,50000,50000,10000,50000,50000,20000,50000,0,4595712,0,220594176,0,0,1757184,0,0,2973696,0,0,0,0,3649536,856.4356435643564,1.6058813302885926,0,3.7466458333333335,262.59946949602124,514.5069695405266,0,0,136.8688088910365,4.213303826020343,0,19.261235720837156,77.03318725362814,3.013354639881292,5.811393854010742,0,0,0,0,0,0,0,0,0,0,0,0,0,0,0,224342016,76185600,10711040,439984128,111415296,349663232,39526400,10878976,310304768,93900800,4952064,3993600,305532928,16019456,134160384,206266368,68800512,9596928,199372800,103673856,331431936,35684352,9596928,291422208,82993152,4055040,2568192,295206912,14868480,36495360,0,0,0,0,0,0,0,0,0,0,0,0,0,0,0,207884288,76054528,10350592,424943616,107483136,333991936,39313408,10498048,295849984,92733440,4796416,2912256,297467904,15679488,41738240,190042112,71593984,10350592,211648512,107483136,333991936,37556224,10498048,295849984,89759744,4796416,2912256,297467904,15679488,38088704,1073741824,1073741824,314572800,0,1073741824,1073741824,1073741824,314572800,1073741824,0,0,0,1073741824,314572800,2147483648,8.443042751668813,0,4.929511716926525,0,0.06253647961310765,12.385900032285521,30334.611698445366,0,20392.0455606386,0,885.8500792128742,36967.50902527076,8.443042751668813,0,4.929511716926525,0,0.06253647961310765,12.385900032285521,30334.611698445366,0,20392.0455606386,0,885.8500792128742,36967.50902527076,96.36945510035396,49.22707183445692,476.9900951546568,21.32404939346135,34.15294172537675,39.15083798882681,16.920800360290805,58.56871325642045,48.621753031764946,94.48711616737913,0,0,0,0,0,0,0,0,0,0,118872.85674925293,120896.00602863604,1582802.5845075566,100506.99015394658,332098.9128913357,554235.7094972066,3082.2878466190564,8750.45307872519,595974.3269576404,123989.90071018616,0,0,0,0,0,0,0,0,0,0,115.0414344149376,40.571091060917745,466.57418899515716,28.749388021541645,47.35687957822049,52.22346368715083,14.947779278989469,71.60853998143482,65.25152770683164,125.7216819660405,0,0,0,0,0,0,0,0,0,0,22739.56721700613,6591.498808529706,143242.87556885937,5896.534841973563,12630.243083096158,6517.0726256983235,2833.4512856805845,10106.6834637316,14058.005562177195,23737.844235911238,0,0,0,0,0,0,0,0,0,0,44,26,64,2,2,2,2,32,0,0,0,0,0.008435996150144369,0.003047258979206049,0.030198863636363635,0.01586680761099366,0.0015222551928783382,0.003,0.003013698630136987,0.003186631578454355,0.02096536144578313,0.004685066162570887,0.06788747346072188,0.023604651162790695,0.004313946587537093,0.0046,0.004624657534246576,0.0049359368412178395,0.023253765060240957,0.0048897920604914925,0.08399681528662421,0.024571881606765322,0.004662908011869437,0.0048,0.004826027397260274,0.007109488522666938,0.0327916666666664,0.008080434782608682,0.09688428874734606,0.04446428571428571,0.004942077151335312,0.00496,0.004987123287671233,0.009496383345952257,0.4596994535519126,0.3739583333333334,0.3856849070100143,0.45947802197802196,0.8739837398373984,0.375,0.4564606741573034,0.4898313208337746,2.1814465408805037,2.162266112266112,0.4942328326180258,2.1280487804878048,2.1198275862068967,0.475,2.1198275862068967,2.1925768124068643,2.340723270440251,2.331133056133056,0.6825313807531381,2.3140243902439024,2.3099137931034486,0.4875,2.3099137931034486,2.3462884062034317,2.46814465408805,2.466226611226611,0.9365062761506276,2.4628048780487806,2.4619827586206893,0.4975,2.4619827586206893,2.469257681240686,397.1596638655477,396.89075630250056,397.1492873218321,393.0924369747718,396.89075630251364,149348696.20168066,19312812.100840334,0,51593629.042016804,18026461.57983193,3325220846.789916,2554722080.2689075,1218205573.2599816,4984564899.495798,4543500804.302521,0,0,0,0,0,14.554621848739496,2.2184873949579833,5.067933650079186,1.0084033613445378,15.680672268907562,0,0,0,0,0,61792.80672268907,21108.16806722689,1030486.9550721013,38782.924369747896,67007.46218487395,1538.2521008403362,262.94117647058823,2816.8542135533885,1688.7563025210084,426.5546218487395,1741.966386554622,374.3865546218487,1885.7381011919647,2074.941176470588,530.655462184874,0,0,0,0,0,0,0,0,0,0,0,0,0,0,0,0,0,0,0,0
1693106263,0.48754875487548716,0.33406335065577863,0.1177440244907572,0.08445945945945953,1.4634592518064589,0.567888487351574,0.09013356361542897,0.1783626310469888,0.12080212611741978,0.08511724901051206,0,0.12507295922621517,0.06606619833072795,0.5250542175550735,0.23480379208124166,4.988025901965201,4.966148279396184,0.9326614129282932,0.43607982896959513,9.401053960486601,3.171889075890562,0.2825601344590965,0.6399310668067136,1.3792573548361224,1.0017359811890874,0,0.2924930188443259,1.3651264352881478,2.559714053190275,1.0021816618238404,4.069156915691572,4.3189618906211305,1.130342635111267,0.29560810810810834,7.363029360651237,2.400619514713492,0.33800086355785913,0.49545175290830173,1.187887573487967,0.6596586798314689,0,0.12507295922621517,0.9909929749609171,1.2099075448008203,0.704411376243727,50000,100000,50000,50000,50000,50000,10000,50000,50000,20000,50000,0,4595712,0,220594176,0,0,1757184,0,0,2973696,0,0,0,0,3649536,856.4356435643564,1.5748700816629548,0,4.180743243243243,262.59946949602124,514.5069695405266,0,0,136.8688088910365,4.213303826020343,0,19.261235720837156,77.03318725362814,3.013354639881292,5.811393854010742,0,0,0,0,0,0,0,0,0,0,0,0,0,0,0,224342016,76185600,10711040,439984128,111415296,349663232,39526400,10878976,310304768,93900800,4952064,3993600,305532928,16019456,134160384,206266368,68800512,9596928,199372800,103673856,331431936,35684352,9596928,291422208,82993152,4055040,2568192,295206912,14868480,36495360,0,0,0,0,0,0,0,0,0,0,0,0,0,0,0,207884288,76054528,10350592,424943616,107483136,333991936,39313408,10498048,295849984,92733440,4796416,2912256,297467904,15679488,41738240,190042112,71593984,10350592,211648512,107483136,333991936,37556224,10498048,295849984,89759744,4796416,2912256,297467904,15679488,38088704,1073741824,1073741824,314572800,0,1073741824,1073741824,1073741824,314572800,1073741824,0,0,0,1073741824,314572800,2147483648,8.279998762682505,0,3.853209844559585,0,0.06253647961310765,12.385900032285521,29748.818609255137,0,14432.907274611396,0,885.8500792128742,36967.50902527076,8.279998762682505,0,3.853209844559585,0,0.06253647961310765,12.385900032285521,29748.818609255137,0,14432.907274611396,0,885.8500792128742,36967.50902527076,96.36945510035396,49.22707183445692,476.9900951546568,21.32404939346135,34.15294172537675,39.15083798882681,16.920800360290805,58.56871325642045,48.621753031764946,92.36386584926072,0,0,0,0,0,0,0,0,0,0,118872.85674925293,120896.00602863604,1582802.5845075566,100506.99015394658,332098.9128913357,554235.7094972066,3082.2878466190564,8750.45307872519,595974.3269576404,122797.03840605842,0,0,0,0,0,0,0,0,0,0,115.0414344149376,40.571091060917745,466.57418899515716,28.749388021541645,47.35687957822049,52.22346368715083,14.947779278989469,71.60853998143482,65.25152770683164,122.94897223223944,0,0,0,0,0,0,0,0,0,0,22739.56721700613,6591.498808529706,143242.87556885937,5896.534841973563,12630.243083096158,6517.0726256983235,2833.4512856805845,10106.6834637316,14058.005562177195,23226.244139920662,0,0,0,0,0,0,0,0,0,0,28,20,58,4,2,2,2,52,0,0,0,0,0.008435996150144369,0.003047258979206049,0.030198863636363635,0.01586680761099366,0.001495677233429395,0.003,0.003013223140495868,0.00318669266390446,0.02096536144578313,0.004685066162570887,0.06788747346072188,0.023604651162790695,0.00430835734870317,0.0046,0.004623801652892562,0.004936046795028028,0.023253765060240957,0.0048897920604914925,0.08399681528662421,0.024571881606765322,0.004659942363112392,0.0048,0.004825123966942149,0.007110372340425529,0.0327916666666664,0.008080434782608682,0.09688428874734606,0.04446428571428571,0.004941210374639769,0.00496,0.004986181818181819,0.00949654255319149,0.4596994535519126,0.3739583333333334,0.3856849070100143,0.45947802197802196,0.8760162601626016,0.375,0.4579918032786885,0.48967717717717724,2.1814465408805037,2.162266112266112,0.4942328326180258,2.1280487804878048,2.125,0.475,2.124074074074074,2.19245886654479,2.340723270440251,2.331133056133056,0.6825313807531381,2.3140243902439024,2.3125,0.4875,2.312037037037037,2.346229433272395,2.46814465408805,2.466226611226611,0.9365062761506276,2.4628048780487806,2.4625,0.4975,2.462407407407408,2.4692458866544786,397.19327731094296,396.8907563025365,397.0756302521175,393.1764705882512,396.8739495798452,149348696.20168066,19312812.100840334,0,51593629.042016804,18026461.57983193,3466538698.2184873,2554761732.3025208,1228116690.8235292,4800058135.663865,4543496054.319327,0,0,0,0,0,14.487394957983193,2.2184873949579833,5.109243697478991,1.0084033613445378,15.630252100840336,0,0,0,0,0,61586.28571428571,21108.16806722689,1038886.7226890756,38782.924369747896,66835.36134453781,1537.2268907563025,263.563025210084,2814.8403361344535,1687.4957983193278,425.9831932773108,1740.3193277310922,374.97478991596637,1883.579831932773,2073.7647058823527,530.1344537815127,0,0,0,0,0,0,0,0,0,0,0,0,0,0,0,0,0,0,0,0
1693106264,0.48754875487548716,0.32748520700791606,0.1177440244907572,0.08445945945945953,1.4634592518064589,0.567888487351574,0.10362694300518142,0.13175538940013645,0.12080212611741978,0.08511724901051206,0,0.15522593997930312,0.06606619833072795,0.5250542175550735,0.23480379208124166,4.988025901965201,4.868358334182724,0.9326614129282932,0.43607982896959513,9.401053960486601,3.171889075890562,0.3248605932642491,0.5290059281554085,1.3792573548361224,1.0017359811890874,0,0.2907142600896862,1.3651264352881478,2.559714053190275,1.0021816618238404,4.069156915691572,4.233915890602336,1.130342635111267,0.29560810810810834,7.363029360651237,2.400619514713492,0.38860103626943093,0.4216172460804366,1.187887573487967,0.6596586798314689,0,0.1379786133149361,0.9909929749609171,1.2099075448008203,0.704411376243727,50000,100000,50000,50000,50000,50000,10000,50000,50000,20000,50000,0,4595712,0,220594176,0,0,1757184,0,0,2973696,0,0,0,0,3649536,856.4356435643564,1.543858833037317,0,4.180743243243243,262.59946949602124,514.5069695405266,0,0,136.8688088910365,4.213303826020343,0,15.936529837875126,77.03318725362814,3.013354639881292,5.811393854010742,0,0,0,0,0,0,0,0,0,0,0,0,0,0,0,224342016,76185600,10711040,439984128,111415296,349663232,39526400,10878976,310304768,93900800,4952064,3993600,305532928,16019456,134160384,206266368,68800512,9596928,199372800,103673856,331431936,35684352,9596928,291422208,82993152,4055040,2568192,295206912,14868480,36495360,0,0,0,0,0,0,0,0,0,0,0,0,0,0,0,207884288,76054528,10350592,424943616,107483136,333991936,39313408,10498048,295849984,92733440,4796416,2912256,297467904,15679488,41738240,190042112,71593984,10350592,211648512,107483136,333991936,37556224,10498048,295849984,89759744,4796416,2912256,297467904,15679488,38088704,1073741824,1073741824,314572800,0,1073741824,1073741824,1073741824,314572800,1073741824,0,0,0,1073741824,314572800,2147483648,8.116954773696197,0,4.430051813471502,0,0.05174197999310106,12.385900032285521,29163.025520064908,0,16593.575129533678,0,732.9423939289409,36967.50902527076,8.116954773696197,0,4.430051813471502,0,0.05174197999310106,12.385900032285521,29163.025520064908,0,16593.575129533678,0,732.9423939289409,36967.50902527076,96.36945510035396,49.22707183445692,476.9900951546568,21.32404939346135,34.15294172537675,39.15083798882681,16.920800360290805,58.56871325642045,48.621753031764946,92.36386584926072,0,0,0,0,0,0,0,0,0,0,118872.85674925293,120896.00602863604,1582802.5845075566,100506.99015394658,332098.9128913357,554235.7094972066,3082.2878466190564,8750.45307872519,595974.3269576404,122797.03840605842,0,0,0,0,0,0,0,0,0,0,115.0414344149376,40.571091060917745,466.57418899515716,28.749388021541645,47.35687957822049,52.22346368715083,14.947779278989469,71.60853998143482,65.25152770683164,122.94897223223944,0,0,0,0,0,0,0,0,0,0,22739.56721700613,6591.498808529706,143242.87556885937,5896.534841973563,12630.243083096158,6517.0726256983235,2833.4512856805845,10106.6834637316,14058.005562177195,23226.244139920662,0,0,0,0,0,0,0,0,0,0,40,14,42,10,10,2,10,116,0,0,0,0,0.008435996150144369,0.003047258979206049,0.030198863636363635,0.01586680761099366,0.001495677233429395,0.003,0.003013223140495868,0.00318669266390446,0.02096536144578313,0.004685066162570887,0.06788747346072188,0.023604651162790695,0.00430835734870317,0.0046,0.004623801652892562,0.004936046795028028,0.023253765060240957,0.0048897920604914925,0.08399681528662421,0.024571881606765322,0.004659942363112392,0.0048,0.004825123966942149,0.007110372340425529,0.0327916666666664,0.008080434782608682,0.09688428874734606,0.04446428571428571,0.004941210374639769,0.00496,0.004986181818181819,0.00949654255319149,0.4596994535519126,0.3739583333333334,0.3856849070100143,0.45947802197802196,0.8760162601626016,0.375,0.4579918032786885,0.48967717717717724,2.1814465408805037,2.162266112266112,0.4942328326180258,2.1280487804878048,2.125,0.475,2.124074074074074,2.19245886654479,2.340723270440251,2.331133056133056,0.6825313807531381,2.3140243902439024,2.3125,0.4875,2.312037037037037,2.346229433272395,2.46814465408805,2.466226611226611,0.9365062761506276,2.4628048780487806,2.4625,0.4975,2.462407407407408,2.4692458866544786,397.3109243697322,396.89075630253,397.058823529428,393.0420168067216,396.8907563025125,149348558.5210084,19312812.100840334,0,51593629.042016804,18026461.57983193,3395846488.2016807,2554803105.3445377,1228579779.764706,4707761487.596639,4543481047.12605,0,0,0,0,0,14.672268907563025,2.2184873949579833,5.092436974789916,1.0084033613445378,15.781512605042016,0,0,0,0,0,62093.98319327731,21108.16806722689,1038817.8823529411,38782.924369747896,67411.89915966387,1547.7647058823527,264.43697478991595,2813.7478991596636,1696.436974789916,427.781512605042,1750.5378151260504,375.84873949579827,1883.0588235294117,2083.3109243697477,531.8487394957982,0,0,0,0,0,0,0,0,0,0,0,0,0,0,0,0,0,0,0,0
1693106265,0.48754875487548716,0.3209070633600535,0.1177440244907572,0.08445945945945953,1.4634592518064589,0.4908417942981696,0.10362694300518142,0.1344181365030676,0.12080212611741978,0.08511724901051206,0,0.15522593997930312,0.06606619833072795,0.5250542175550735,0.231457127827459,4.988025901965201,4.770568388969263,0.9326614129282932,0.43607982896959513,9.401053960486601,2.7415518363220985,0.3248605932642491,0.5396970202545053,1.3792573548361224,1.0017359811890874,0,0.2907142600896862,1.3651264352881478,2.559714053190275,0.9929092561809578,4.069156915691572,4.1488698905835415,1.130342635111267,0.29560810810810834,7.363029360651237,2.0749221304422796,0.38860103626943093,0.4301380368098163,1.187887573487967,0.6596586798314689,0,0.1379786133149361,0.9909929749609171,1.2099075448008203,0.6943713834823779,50000,100000,50000,50000,50000,50000,10000,50000,50000,20000,50000,0,4595712,0,220594176,0,0,1757184,0,0,2973696,0,0,0,0,3784704,856.4356435643564,1.512847584411679,0,4.180743243243243,262.59946949602124,444.70266563414214,0,0,136.8688088910365,4.213303826020343,0,15.936529837875126,77.03318725362814,3.013354639881292,8.332456601788534,0,0,0,0,0,0,0,0,0,0,0,0,0,0,0,224342016,76185600,10711040,439984128,111415296,349663232,39526400,10878976,310304768,93900800,4952064,3993600,305532928,16019456,134160384,206266368,68800512,9596928,199372800,103673856,331431936,35684352,9596928,291422208,82993152,4055040,2568192,295206912,14868480,36630528,0,0,0,0,0,0,0,0,0,0,0,0,0,0,0,207884288,76054528,10350592,424943616,107483136,333991936,39313408,10498048,295849984,92733440,4796416,2912256,297467904,15679488,41955328,190042112,71593984,10350592,211648512,107483136,333991936,37556224,10498048,295849984,89759744,4796416,2912256,297467904,15679488,38305792,1073741824,1073741824,314572800,0,1073741824,1073741824,1073741824,314572800,1073741824,0,0,0,1073741824,314572800,2147483648,7.953910784709889,0,4.430051813471502,0,0.05174197999310106,12.835349815886378,28577.232430874676,0,16593.575129533678,0,732.9423939289409,38083.534981588644,7.953910784709889,0,4.430051813471502,0,0.05174197999310106,12.835349815886378,28577.232430874676,0,16593.575129533678,0,732.9423939289409,38083.534981588644,96.36945510035396,49.22707183445692,476.9900951546568,21.32404939346135,34.15294172537675,39.15083798882681,16.920800360290805,58.56871325642045,48.621753031764946,92.36386584926072,0,0,0,0,0,0,0,0,0,0,118872.85674925293,120896.00602863604,1582802.5845075566,100506.99015394658,332098.9128913357,554235.7094972066,3082.2878466190564,8750.45307872519,595974.3269576404,122797.03840605842,0,0,0,0,0,0,0,0,0,0,115.0414344149376,40.571091060917745,466.57418899515716,28.749388021541645,47.35687957822049,52.22346368715083,14.947779278989469,71.60853998143482,65.25152770683164,122.94897223223944,0,0,0,0,0,0,0,0,0,0,22739.56721700613,6591.498808529706,143242.87556885937,5896.534841973563,12630.243083096158,6517.0726256983235,2833.4512856805845,10106.6834637316,14058.005562177195,23226.244139920662,0,0,0,0,0,0,0,0,0,0,40,18,56,8,6,2,6,88,0,0,0,0,0.008435996150144369,0.003047258979206049,0.030198863636363635,0.01586680761099366,0.001495677233429395,0.003,0.003013223140495868,0.003195473251028807,0.02096536144578313,0.004685066162570887,0.06788747346072188,0.023604651162790695,0.00430835734870317,0.0046,0.004623801652892562,0.004951851851851852,0.023253765060240957,0.0048897920604914925,0.08399681528662421,0.024571881606765322,0.004659942363112392,0.0048,0.004825123966942149,0.007233243967828417,0.0327916666666664,0.008080434782608682,0.09688428874734606,0.04446428571428571,0.004941210374639769,0.00496,0.004986181818181819,0.009521715817694369,0.4596994535519126,0.3739583333333334,0.3856849070100143,0.45947802197802196,0.8760162601626016,0.375,0.4579918032786885,0.47087745839636913,2.1814465408805037,2.162266112266112,0.4942328326180258,2.1280487804878048,2.125,0.475,2.124074074074074,2.1766666666666663,2.340723270440251,2.331133056133056,0.6825313807531381,2.3140243902439024,2.3125,0.4875,2.312037037037037,2.338333333333333,2.46814465408805,2.466226611226611,0.9365062761506276,2.4628048780487806,2.4625,0.4975,2.462407407407408,2.4676666666666662,397.3613445378193,396.92436974787785,397.10924369748943,393.1596638655224,396.8403361344578,149348902.72268906,19312812.100840334,0,64491898.62184874,18026461.57983193,3395822325.243697,2554822587.1596637,1287251090.2857141,4707888360.336134,4543466934.857142,0,0,0,0,0,14.84033613445378,2.2184873949579833,5.092436974789916,1.0084033613445378,15.76470588235294,0,0,0,0,0,62610.28571428571,21108.16806722689,1038817.8823529411,38782.924369747896,67274.21848739496,1547.9831932773106,263.9159663865546,2814.285714285714,1695.8319327731092,428.453781512605,1751.0756302521008,375.36134453781506,1882.890756302521,2082.53781512605,532.4033613445378,0,0,0,0,0,0,0,0,0,0,0,0,0,0,0,0,0,0,0,0
1693106266,0.48754875487548716,0.39396668167492155,0.1177440244907572,0.08445945945945953,1.4634592518064589,0.48137698617564334,0.10362694300518142,0.15976482617586926,0.12080212611741978,0.08511724901051206,0,0.10314973423392064,0.06606619833072795,0.5250542175550735,0.231457127827459,4.988025901965201,5.929390843088697,0.9326614129282932,0.43607982896959513,9.401053960486601,2.688687018390589,0.3248605932642491,0.6414655259458076,1.3792573548361224,1.0017359811890874,0,0.22297769742125675,1.3651264352881478,2.559714053190275,0.9929092561809578,4.069156915691572,5.2716494071739435,1.130342635111267,0.29560810810810834,7.363029360651237,2.034911805197055,0.38860103626943093,0.5112474437627816,1.187887573487967,0.6596586798314689,0,0.12377968108070454,0.9909929749609171,1.2099075448008203,0.6943713834823779,50000,100000,50000,50000,50000,50000,10000,50000,50000,20000,50000,0,4595712,0,220594176,0,0,1757184,0,0,2973696,0,0,0,0,3784704,856.4356435643564,2.4763619990995047,0,4.180743243243243,262.59946949602124,436.1275494751334,0,0,136.8688088910365,4.213303826020343,0,0,77.03318725362814,3.013354639881292,8.332456601788534,0,0,0,0,0,0,0,0,0,0,0,0,0,0,0,224342016,76369920,10711040,439984128,111415296,349663232,39526400,10878976,310304768,93900800,4952064,3993600,305532928,16019456,134160384,206266368,68935680,9596928,199372800,103673856,331431936,35684352,9596928,291422208,82993152,4055040,2568192,295206912,14868480,36630528,0,0,0,0,0,0,0,0,0,0,0,0,0,0,0,207884288,76140544,10350592,424943616,107483136,333991936,39313408,10498048,295849984,92733440,4796416,2912256,297467904,15679488,41955328,190042112,71544832,10350592,211648512,107483136,333991936,37556224,10498048,295849984,89759744,4796416,2912256,297467904,15679488,38305792,1073741824,1073741824,314572800,0,1073741824,1073741824,1073741824,314572800,1073741824,0,0,0,1073741824,314572800,2147483648,9.699084496473061,0,4.430051813471502,0,0,12.835349815886378,34895.99279603782,0,16593.575129533678,0,0,38083.534981588644,9.699084496473061,0,4.430051813471502,0,0,12.835349815886378,34895.99279603782,0,16593.575129533678,0,0,38083.534981588644,96.36945510035396,49.22707183445692,476.9900951546568,18.499915985179545,34.15294172537675,39.15083798882681,16.920800360290805,58.56871325642045,48.621753031764946,92.36386584926072,0,0,0,0,0,0,0,0,0,0,118872.85674925293,120896.00602863604,1582802.5845075566,87195.95605239141,332098.9128913357,554235.7094972066,3082.2878466190564,8750.45307872519,595974.3269576404,122797.03840605842,0,0,0,0,0,0,0,0,0,0,115.0414344149376,40.571091060917745,466.57418899515716,24.94185101573314,47.35687957822049,52.22346368715083,14.947779278989469,71.60853998143482,65.25152770683164,122.94897223223944,0,0,0,0,0,0,0,0,0,0,22739.56721700613,6591.498808529706,143242.87556885937,5115.604319207964,12630.243083096158,6517.0726256983235,2833.4512856805845,10106.6834637316,14058.005562177195,23226.244139920662,0,0,0,0,0,0,0,0,0,0,26,14,38,6,6,2,6,60,0,0,0,0,0.008435996150144369,0.003047258979206049,0.030198863636363635,0.01586680761099366,0.001495677233429395,0.003,0.003013223140495868,0.0031870433511933757,0.02096536144578313,0.004685066162570887,0.06788747346072188,0.023604651162790695,0.00430835734870317,0.0046,0.004623801652892562,0.004936678032148077,0.023253765060240957,0.0048897920604914925,0.08399681528662421,0.024571881606765322,0.004659942363112392,0.0048,0.004825123966942149,0.007115384615384622,0.0327916666666664,0.008080434782608682,0.09688428874734606,0.04446428571428571,0.004941210374639769,0.00496,0.004986181818181819,0.00949734748010611,0.4596994535519126,0.3739583333333334,0.3856849070100143,0.45947802197802196,0.8760162601626016,0.375,0.4579918032786885,0.4900525525525526,2.1814465408805037,2.162266112266112,0.4942328326180258,2.1280487804878048,2.125,0.475,2.124074074074074,2.192746350364964,2.340723270440251,2.331133056133056,0.6825313807531381,2.3140243902439024,2.3125,0.4875,2.312037037037037,2.3463731751824817,2.46814465408805,2.466226611226611,0.9365062761506276,2.4628048780487806,2.4625,0.4975,2.462407407407408,2.4692746350364967,397.445378151276,396.84033613445513,397.0252100840308,393.2100840336171,396.78991596639406,149348902.72268906,19312812.100840334,0,64491898.62184874,18026461.57983193,3466484589.7142854,2611595074.6890755,1287282481.4789915,4800205316.302521,4621698469.6470585,0,0,0,0,0,14.722689075630251,2.2184873949579833,5.092436974789916,1.0084033613445378,15.445378151260504,0,0,0,0,0,62266.08403361344,21108.16806722689,1038817.8823529411,38782.924369747896,64460.36974789916,1540.7899159663866,263.7478991596638,2814.991596638655,1694.0840336134454,428.1176470588235,1744.100840336134,375.22689075630245,1882.9075630252098,2080.470588235294,532.0840336134453,0,0,0,0,0,0,0,0,0,0,0,0,0,0,0,0,0,0,0,0
1693106267,0.45076771376249963,0.39396668167492155,0.1177440244907572,0.08445945945945953,1.4634592518064589,0.47191217805311714,0.10362694300518142,0.15976482617586926,0.12080212611741978,0.08511724901051206,0,0.10532576654364839,0.06606619833072795,0.5250542175550735,0.231457127827459,4.4698557458797294,5.929390843088697,0.9326614129282932,0.43607982896959513,9.401053960486601,2.63582220045908,0.3248605932642491,0.6414655259458076,1.3792573548361224,1.0017359811890874,0,0.22768160361685597,1.3651264352881478,2.559714053190275,0.9929092561809578,3.5497957458796754,5.2716494071739435,1.130342635111267,0.29560810810810834,7.363029360651237,1.9949014799518303,0.38860103626943093,0.5112474437627816,1.187887573487967,0.6596586798314689,0,0.12639091985237783,0.9909929749609171,1.2099075448008203,0.6943713834823779,50000,100000,50000,50000,50000,50000,10000,50000,50000,20000,50000,0,4595712,0,220594176,0,0,1757184,0,0,2973696,0,0,0,0,3784704,753.0638118044794,2.4763619990995047,0,4.180743243243243,262.59946949602124,427.5524333161246,0,0,136.8688088910365,4.213303826020343,0,0,77.03318725362814,3.013354639881292,8.332456601788534,0,0,0,0,0,0,0,0,0,0,0,0,0,0,0,224342016,76369920,10711040,439984128,111415296,349663232,39526400,10878976,310304768,93900800,4952064,3993600,305532928,16019456,134160384,206266368,68935680,9596928,199372800,103673856,331431936,35684352,9596928,291422208,82993152,4055040,2568192,295206912,14868480,36630528,0,0,0,0,0,0,0,0,0,0,0,0,0,0,0,207884288,76140544,10350592,424943616,107483136,333991936,39313408,10498048,295849984,92733440,4796416,2912256,297467904,15679488,41955328,190042112,71544832,10350592,211648512,107483136,333991936,37556224,10498048,295849984,89759744,4796416,2912256,297467904,15679488,38305792,1073741824,1073741824,314572800,0,1073741824,1073741824,1073741824,314572800,1073741824,0,0,0,1073741824,314572800,2147483648,9.699084496473061,0,4.430051813471502,0,0,12.835349815886378,34895.99279603782,0,16593.575129533678,0,0,38083.534981588644,9.699084496473061,0,4.430051813471502,0,0,12.835349815886378,34895.99279603782,0,16593.575129533678,0,0,38083.534981588644,96.36945510035396,49.22707183445692,408.62548976661554,21.049769889508127,34.15294172537675,39.15083798882681,16.920800360290805,36.275,48.621753031764946,92.36386584926072,0,0,0,0,0,0,0,0,0,0,118872.85674925293,120896.00602863604,1355947.4040830107,99857.79754160436,332098.9128913357,554235.7094972066,3082.2878466190564,5424.625,595974.3269576404,122797.03840605842,0,0,0,0,0,0,0,0,0,0,115.0414344149376,40.571091060917745,399.7024433574262,28.19581723207177,47.35687957822049,52.22346368715083,14.947779278989469,44.45,65.25152770683164,122.94897223223944,0,0,0,0,0,0,0,0,0,0,22739.56721700613,6591.498808529706,122712.59042795259,5743.2860166611645,12630.243083096158,6517.0726256983235,2833.4512856805845,6246.35,14058.005562177195,23226.244139920662,0,0,0,0,0,0,0,0,0,0,42,18,44,6,6,2,6,42,0,0,0,0,0.008504335260115606,0.003050232558139535,0.030267118133935293,0.01588937093275488,0.00156797583081571,0.003,0.003010600706713781,0.0031823500731350558,0.021059210526315788,0.0046904186046511625,0.06848547717842325,0.02372451193058568,0.0043232628398791545,0.0046,0.004619081272084806,0.004928230131643101,0.023292763157894737,0.004895441860465116,0.08439834024896263,0.02470390455531453,0.004667673716012084,0.0048,0.004820141342756184,0.0070463215258855455,0.032562499999999696,0.008195999999999991,0.09712863070539418,0.0458055555555555,0.004943202416918429,0.00496,0.004980989399293287,0.009485558583106264,0.4581024930747923,0.375,0.38599290780141843,0.45844875346260394,0.8630705394190873,0.375,0.45263532763532766,0.4913273001508295,2.1810542797494783,2.163340122199593,0.4947872340425532,2.125311203319502,2.10958904109589,0.475,2.10848623853211,2.193704379562044,2.340527139874739,2.331670061099796,0.6907258064516122,2.312655601659751,2.3047945205479454,0.4875,2.3042431192660553,2.3468521897810213,2.468105427974948,2.466334012219959,0.9381451612903224,2.4625311203319495,2.460958904109589,0.4975,2.4608486238532112,2.4693704379562047,397.6470588235409,396.89075630252313,397.0084033613578,393.07563025210544,396.7899159663888,149348902.72268906,19312812.100840334,0,64491898.62184874,18026530.42016807,3466520662.05042,2554860380.5042014,1287272430.7899158,4707940334.789916,4621717331.899159,0,0,0,0,0,14.857142857142856,2.2184873949579833,5.092436974789916,0.9411764705882353,15.630252100840336,0,0,0,0,0,62644.70588235294,21108.16806722689,1038817.8823529411,27493.10924369748,66852.57142857142,1539.4789915966385,263.109243697479,2813.6974789915967,1690.0504201680671,426.40336134453776,1742.8235294117646,374.6050420168067,1881.8823529411766,2076.7563025210084,530.3193277310924,0,0,0,0,0,0,0,0,0,0,0,0,0,0,0,0,0,0,0,0
1693106268,0.45076771376249963,0.39396668167492155,0.1177440244907572,0.08445945945945953,1.4634592518064589,0.5042682707200234,0.10362694300518142,0.1548706829797121,0.12080212611741978,0.08511724901051206,0,0.10750179885337613,0.06606619833072795,0.5250542175550735,0.231457127827459,4.4698557458797294,5.929390843088697,0.9326614129282932,0.43607982896959513,9.401053960486601,3.2990174530850465,0.3248605932642491,0.6422917984911171,1.3792573548361224,1.0017359811890874,0,0.23238550981245515,1.3651264352881478,2.559714053190275,0.9929092561809578,3.5497957458796754,5.2716494071739435,1.130342635111267,0.29560810810810834,7.363029360651237,2.5753700968915583,0.38860103626943093,0.5309851987875833,1.187887573487967,0.6596586798314689,0,0.12900215862405112,0.9909929749609171,1.2099075448008203,0.6943713834823779,50000,100000,50000,50000,50000,50000,10000,50000,50000,20000,50000,0,4595712,0,220594176,0,0,1757184,0,0,2973696,0,0,0,0,3784704,753.0638118044794,2.4763619990995047,0,4.180743243243243,262.59946949602124,595.5048085581528,0,0,136.8688088910365,4.213303826020343,0,0,77.03318725362814,3.013354639881292,8.332456601788534,0,0,0,0,0,0,0,0,0,0,0,0,0,0,0,224342016,76369920,10711040,439984128,111415296,349663232,39526400,10878976,310304768,93900800,4952064,3993600,305532928,16019456,134160384,206266368,68935680,9596928,199372800,103673856,331702272,35684352,9596928,291422208,82993152,4055040,2568192,295206912,14868480,36630528,0,0,0,0,0,0,0,0,0,0,0,0,0,0,0,207884288,76140544,10350592,424943616,107483136,334626816,39313408,10498048,295849984,92733440,4796416,2912256,297467904,15679488,41955328,190042112,71544832,10350592,211648512,107483136,334626816,37556224,10498048,295849984,89759744,4796416,2912256,297467904,15679488,38305792,1073741824,1073741824,314572800,0,1073741824,1073741824,1073741824,314572800,1073741824,0,0,0,1073741824,314572800,2147483648,9.699084496473061,0,4.430051813471502,0,0,12.835349815886378,34895.99279603782,0,16593.575129533678,0,0,38083.534981588644,9.699084496473061,0,4.430051813471502,0,0,12.835349815886378,34895.99279603782,0,16593.575129533678,0,0,38083.534981588644,96.36945510035396,49.22707183445692,476.1645758399859,21.049769889508127,33.93105440887011,38.91770401106501,16.920800360290805,36.275,48.46810044455124,92.36386584926072,0,0,0,0,0,0,0,0,0,0,118872.85674925293,120896.00602863604,1579494.0082463373,99857.79754160436,332342.34429456276,552668.4647302905,3082.2878466190564,5424.625,592956.0495013817,122797.03840605842,0,0,0,0,0,0,0,0,0,0,115.0414344149376,40.571091060917745,464.91797526098776,28.19581723207177,46.86061000054175,52.10926694329184,14.947779278989469,44.45,64.68821338459689,122.94897223223944,0,0,0,0,0,0,0,0,0,0,22739.56721700613,6591.498808529706,142371.1027283095,5743.2860166611645,12163.04602994023,6447.596818810513,2833.4512856805845,6246.35,13947.687132043733,23226.244139920662,0,0,0,0,0,0,0,0,0,0,38,14,40,8,10,2,10,70,0,0,0,0,0.008504335260115606,0.003050232558139535,0.030267118133935293,0.01588937093275488,0.0014926686217008797,0.003,0.003010050251256281,0.0031823500731350558,0.021059210526315788,0.0046904186046511625,0.06848547717842325,0.02372451193058568,0.00430791788856305,0.0046,0.004618090452261307,0.004928230131643101,0.023292763157894737,0.004895441860465116,0.08439834024896263,0.02470390455531453,0.004659824046920821,0.0048,0.0048190954773869345,0.0070463215258855455,0.032562499999999696,0.008195999999999991,0.09712863070539418,0.0458055555555555,0.004941348973607038,0.00496,0.004979899497487438,0.009485558583106264,0.4581024930747923,0.375,0.38599290780141843,0.45844875346260394,0.8734439834024896,0.375,0.45775623268698057,0.4913273001508295,2.1810542797494783,2.163340122199593,0.4947872340425532,2.125311203319502,2.1234309623430963,0.475,2.1234309623430963,2.193704379562044,2.340527139874739,2.331670061099796,0.6907258064516122,2.312655601659751,2.3117154811715483,0.4875,2.3117154811715483,2.3468521897810213,2.468105427974948,2.466334012219959,0.9381451612903224,2.4625311203319495,2.46234309623431,0.4975,2.46234309623431,2.4693704379562047,397.5462184873939,396.9075630252233,397.10924369746914,392.9411764705978,396.7563025210102,149348902.72268906,19312812.100840334,0,64491898.62184874,18026530.42016807,3395856607.7310925,2611633005.7142854,1287787838.3865545,4707945084.773109,4621657578.487394,0,0,0,0,0,14.957983193277311,2.2184873949579833,5.092436974789916,0.9411764705882353,15.781512605042016,0,0,0,0,0,62911.46218487395,21108.16806722689,1038817.8823529411,27493.10924369748,67386.08403361344,1533.0252100840335,259.96638655462186,2813.5630252100837,1689.1932773109243,427.5966386554622,1736.672268907563,371.6638655462185,1881.6134453781513,2074.252100840336,531.5126050420167,0,0,0,0,0,0,0,0,0,0,0,0,0,0,0,0,0,0,0,0
1693106269,0.45076771376249963,0.39396668167492155,0.1177440244907572,0.08445945945945953,1.4634592518064589,0.5042682707200234,0.10362694300518142,0.1548706829797121,0.12080212611741978,0.08511724901051206,0,0.10967783116310388,0.06606619833072795,0.5250542175550735,0.231457127827459,4.4698557458797294,5.929390843088697,0.9326614129282932,0.43607982896959513,9.401053960486601,3.2990174530850465,0.3248605932642491,0.6422917984911171,1.3792573548361224,1.0017359811890874,0,0.2370894160080544,1.3651264352881478,2.559714053190275,0.9929092561809578,3.5497957458796754,5.2716494071739435,1.130342635111267,0.29560810810810834,7.363029360651237,2.5753700968915583,0.38860103626943093,0.5309851987875833,1.187887573487967,0.6596586798314689,0,0.1316133973957244,0.9909929749609171,1.2099075448008203,0.6943713834823779,50000,100000,50000,50000,50000,50000,10000,50000,50000,20000,50000,0,4595712,0,220594176,0,0,1757184,0,0,2973696,0,0,0,0,3784704,753.0638118044794,2.4763619990995047,0,4.180743243243243,262.59946949602124,595.5048085581528,0,0,136.8688088910365,4.213303826020343,0,0,77.03318725362814,3.013354639881292,8.332456601788534,0,0,0,0,0,0,0,0,0,0,0,0,0,0,0,224342016,76369920,10711040,439984128,111415296,349663232,39526400,10878976,310304768,93900800,4952064,3993600,305532928,16019456,134160384,206266368,68935680,9596928,199372800,103673856,331702272,35684352,9596928,291422208,82993152,4055040,2568192,295206912,14868480,36630528,0,0,0,0,0,0,0,0,0,0,0,0,0,0,0,207884288,76140544,10350592,424943616,107483136,334626816,39313408,10498048,295849984,92733440,4796416,2912256,297467904,15679488,41955328,190042112,71544832,10350592,211648512,107483136,334626816,37556224,10498048,295849984,89759744,4796416,2912256,297467904,15679488,38305792,1073741824,1073741824,314572800,0,1073741824,1073741824,1073741824,314572800,1073741824,0,0,0,1073741824,314572800,2147483648,9.699084496473061,0,4.430051813471502,0,0,12.835349815886378,34895.99279603782,0,16593.575129533678,0,0,38083.534981588644,9.699084496473061,0,4.430051813471502,0,0,12.835349815886378,34895.99279603782,0,16593.575129533678,0,0,38083.534981588644,96.36945510035396,49.22707183445692,476.1645758399859,21.049769889508127,33.93105440887011,38.91770401106501,16.920800360290805,36.275,48.46810044455124,92.36386584926072,0,0,0,0,0,0,0,0,0,0,118872.85674925293,120896.00602863604,1579494.0082463373,99857.79754160436,332342.34429456276,552668.4647302905,3082.2878466190564,5424.625,592956.0495013817,122797.03840605842,0,0,0,0,0,0,0,0,0,0,115.0414344149376,40.571091060917745,464.91797526098776,28.19581723207177,46.86061000054175,52.10926694329184,14.947779278989469,44.45,64.68821338459689,122.94897223223944,0,0,0,0,0,0,0,0,0,0,22739.56721700613,6591.498808529706,142371.1027283095,5743.2860166611645,12163.04602994023,6447.596818810513,2833.4512856805845,6246.35,13947.687132043733,23226.244139920662,0,0,0,0,0,0,0,0,0,0,52,28,68,10,6,2,10,90,0,0,0,0,0.008504335260115606,0.003050232558139535,0.030267118133935293,0.01588937093275488,0.0014926686217008797,0.003,0.003010050251256281,0.0031823500731350558,0.021059210526315788,0.0046904186046511625,0.06848547717842325,0.02372451193058568,0.00430791788856305,0.0046,0.004618090452261307,0.004928230131643101,0.023292763157894737,0.004895441860465116,0.08439834024896263,0.02470390455531453,0.004659824046920821,0.0048,0.0048190954773869345,0.0070463215258855455,0.032562499999999696,0.008195999999999991,0.09712863070539418,0.0458055555555555,0.004941348973607038,0.00496,0.004979899497487438,0.009485558583106264,0.4581024930747923,0.375,0.38599290780141843,0.45844875346260394,0.8734439834024896,0.375,0.45775623268698057,0.4913273001508295,2.1810542797494783,2.163340122199593,0.4947872340425532,2.125311203319502,2.1234309623430963,0.475,2.1234309623430963,2.193704379562044,2.340527139874739,2.331670061099796,0.6907258064516122,2.312655601659751,2.3117154811715483,0.4875,2.3117154811715483,2.3468521897810213,2.468105427974948,2.466334012219959,0.9381451612903224,2.4625311203319495,2.46234309623431,0.4975,2.46234309623431,2.4693704379562047,397.4453781512761,396.97478991598365,397.042016806734,392.8571428571522,396.62184873949764,149348902.72268906,19312812.100840334,0,64491898.62184874,36053060.84033614,3466537940.9747896,2668402188.9075627,1405316466.0168066,4800230443.025209,4621582955.563025,0,0,0,0,0,14.369747899159663,2.2184873949579833,5.092436974789916,1.0252100840336134,15.798319327731091,0,0,0,0,0,56905.142857142855,21108.16806722689,1038817.8823529411,43670.58823529412,68478.9243697479,1535.3109243697477,261.0924369747899,2811.882352941176,1693.0420168067226,428.73949579831935,1738.470588235294,372.4201680672268,1879.563025210084,2078.72268907563,532.5714285714286,0,0,0,0,0,0,0,0,0,0,0,0,0,0,0,0,0,0,0,0
1693106270,0.45076771376249963,0.39396668167492155,0.1177440244907572,0.08445945945945953,1.508740288568256,0.5042682707200234,0.11461974898274983,0.1548706829797121,0.12080212611741978,0.08511724901051206,0,0.11185386347283158,0.06606619833072795,0.5250542175550735,0.23145712782745892,4.4698557458797294,5.929390843088697,0.9326614129282932,0.43607982896959513,9.512346436251386,3.2990174530850465,0.31972778764781146,0.6422917984911171,1.3792573548361224,1.0017359811890874,0,0.24179332220365352,1.3651264352881478,2.559714053190275,0.9929092561809575,3.5497957458796754,5.2716494071739435,1.130342635111267,0.29560810810810834,7.422308546059934,2.5753700968915583,0.4202724129367494,0.5309851987875833,1.187887573487967,0.6596586798314689,0,0.13422463616739766,0.9909929749609171,1.2099075448008203,0.6943713834823777,50000,100000,50000,50000,50000,50000,10000,50000,50000,20000,50000,0,4595712,0,220594176,0,0,1757184,0,0,2973696,0,0,0,0,3784704,753.0638118044794,2.4763619990995047,0,4.180743243243243,232.34600443951163,595.5048085581528,0,0,136.8688088910365,4.213303826020343,0,0,77.03318725362814,3.013354639881292,8.33245660178853,0,0,0,0,0,0,0,0,0,0,0,0,0,0,0,224342016,76369920,10711040,439984128,111415296,349663232,39596032,10878976,310304768,93900800,4952064,3993600,305532928,16019456,134160384,206266368,68935680,9596928,199372800,103944192,331702272,35684352,9596928,291422208,82993152,4055040,2568192,295206912,14868480,36630528,0,0,0,0,0,0,0,0,0,0,0,0,0,0,0,207884288,76140544,10350592,424943616,107962368,334626816,39518208,10498048,295849984,92733440,4796416,2912256,297467904,15679488,41955328,190042112,71544832,10350592,211648512,107962368,334626816,37761024,10498048,295849984,89759744,4796416,2912256,297467904,15679488,38305792,1073741824,1073741824,314572800,0,1073741824,1073741824,1073741824,314572800,1073741824,0,0,0,1073741824,314572800,2147483648,9.699084496473061,0,4.584789959309989,0,0,12.835349815886373,34895.99279603782,0,19062.945345483025,0,0,38083.53498158863,9.699084496473061,0,4.584789959309989,0,0,12.835349815886373,34895.99279603782,0,19062.945345483025,0,0,38083.53498158863,96.36945510035396,49.22707183445692,476.1645758399859,21.049769889508127,33.93105440887011,38.91770401106501,16.920800360290805,36.275,48.46810044455124,92.36386584926072,0,0,0,0,0,0,0,0,0,0,118872.85674925293,120896.00602863604,1579494.0082463373,99857.79754160436,332342.34429456276,552668.4647302905,3082.2878466190564,5424.625,592956.0495013817,122797.03840605842,0,0,0,0,0,0,0,0,0,0,115.0414344149376,40.571091060917745,464.91797526098776,28.19581723207177,46.86061000054175,52.10926694329184,14.947779278989469,44.45,64.68821338459689,122.94897223223944,0,0,0,0,0,0,0,0,0,0,22739.56721700613,6591.498808529706,142371.1027283095,5743.2860166611645,12163.04602994023,6447.596818810513,2833.4512856805845,6246.35,13947.687132043733,23226.244139920662,0,0,0,0,0,0,0,0,0,0,46,32,70,8,6,2,6,110,0,0,0,0,0.008504335260115606,0.003050232558139535,0.030267118133935293,0.01588937093275488,0.0014926686217008797,0.003,0.003010050251256281,0.003186094069529652,0.021059210526315788,0.0046904186046511625,0.06848547717842325,0.02372451193058568,0.00430791788856305,0.0046,0.004618090452261307,0.004934969325153373,0.023292763157894737,0.004895441860465116,0.08439834024896263,0.02470390455531453,0.004659824046920821,0.0048,0.0048190954773869345,0.007103641456582625,0.032562499999999696,0.008195999999999991,0.09712863070539418,0.0458055555555555,0.004941348973607038,0.00496,0.004979899497487438,0.009499159663865555,0.4581024930747923,0.375,0.38599290780141843,0.45844875346260394,0.8734439834024896,0.375,0.45775623268698057,0.47416413373860183,2.1810542797494783,2.163340122199593,0.4947872340425532,2.125311203319502,2.1234309623430963,0.475,2.1234309623430963,2.1796203796203795,2.340527139874739,2.331670061099796,0.6907258064516122,2.312655601659751,2.3117154811715483,0.4875,2.3117154811715483,2.3398101898101897,2.468105427974948,2.466334012219959,0.9381451612903224,2.4625311203319495,2.46234309623431,0.4975,2.46234309623431,2.4679620379620384,397.4789915966416,397.0252100840245,397.0420168067076,392.87394957982866,396.53781512605497,149348902.72268906,19312812.100840334,0,64491898.62184874,36053060.84033614,3537235658.2184873,2554961713.4789915,1464082982.722689,4615663375.058824,4543287468.100841,0,0,0,0,0,15.294117647058822,2.2184873949579833,5.126050420168067,1.0252100840336134,15.966386554621849,0,0,0,0,0,63384.73949579832,21108.16806722689,1038964.1680672269,43670.58823529412,69089.88235294117,1547.0420168067226,263.39495798319325,2814.3865546218485,1705.7815126050418,430.436974789916,1750.0840336134452,374.7731092436975,1880.5882352941178,2092.890756302521,534.2352941176471,0,0,0,0,0,0,0,0,0,0,0,0,0,0,0,0,0,0,0,0
1693106271,0.45076771376249963,0.39396668167492155,0.1177440244907572,0.08445945945945953,1.508740288568256,0.5042682707200234,0.11461974898274983,0.1548706829797121,0.12080212611741978,0.08335417187630187,0,0.1305619385836642,0.06606619833072795,0.5250542175550735,0.23145712782745892,4.4698557458797294,5.929390843088697,0.9326614129282932,0.43607982896959513,9.512346436251386,3.2990174530850465,0.31972778764781146,0.6422917984911171,1.3792573548361224,0.9454078075074358,0,0.2822343717359517,1.3651264352881478,2.559714053190275,0.9929092561809575,3.5497957458796754,5.2716494071739435,1.130342635111267,0.29560810810810834,7.422308546059934,2.5753700968915583,0.4202724129367494,0.5309851987875833,1.187887573487967,0.611263927092886,0,0.15667432630039677,0.9909929749609171,1.2099075448008203,0.6943713834823777,50000,100000,50000,50000,50000,50000,10000,50000,50000,20000,50000,0,4595712,0,220594176,0,0,1757184,0,0,2973696,0,0,0,0,3784704,753.0638118044794,2.4763619990995047,0,4.180743243243243,232.34600443951163,595.5048085581528,0,0,136.8688088910365,5.501375343835959,0,0,77.03318725362814,3.013354639881292,8.33245660178853,0,0,0,0,0,0,0,0,0,0,0,0,0,0,0,224342016,76369920,10711040,439984128,111415296,349663232,39596032,10878976,310304768,93900800,4952064,3993600,305532928,16019456,134160384,206266368,68935680,9596928,199372800,103944192,331702272,35684352,9596928,291422208,82993152,4055040,2568192,295206912,14868480,36630528,0,0,0,0,0,0,0,0,0,0,0,0,0,0,0,207884288,76140544,10350592,424943616,107962368,334626816,39518208,10498048,295849984,92733440,4796416,2912256,297467904,15679488,41955328,190042112,71544832,10350592,211648512,107962368,334626816,37761024,10498048,295849984,89759744,4796416,2912256,297467904,15679488,38305792,1073741824,1073741824,314572800,0,1073741824,1073741824,1073741824,314572800,1073741824,0,0,0,1073741824,314572800,2147483648,9.699084496473061,0,4.584789959309989,0,0,12.835349815886373,34895.99279603782,0,19062.945345483025,0,0,38083.53498158863,9.699084496473061,0,4.584789959309989,0,0,12.835349815886373,34895.99279603782,0,19062.945345483025,0,0,38083.53498158863,96.36945510035396,40.5821555442781,474.2378605330412,21.049769889508127,33.93105440887011,32.62120755042234,16.920800360290805,58.645734650606755,47.66742055429908,92.36386584926072,0,0,0,0,0,0,0,0,0,0,118872.85674925293,101491.55065021568,1580384.4240598758,99857.79754160436,332342.34429456276,462325.10995819,3082.2878466190564,8756.43975278567,592107.7739870434,122797.03840605842,0,0,0,0,0,0,0,0,0,0,115.0414344149376,33.33914615579802,462.2809419496166,28.19581723207177,46.86061000054175,44.01274034580792,14.947779278989469,72.08914151666892,63.1157281404531,122.94897223223944,0,0,0,0,0,0,0,0,0,0,22739.56721700613,5388.026752410556,141105.51296093463,5743.2860166611645,12163.04602994023,5418.662184475583,2833.4512856805845,10176.997338385889,13493.310844481926,23226.244139920662,0,0,0,0,0,0,0,0,0,0,34,4,22,4,6,2,6,30,0,0,0,0,0.008504335260115606,0.003050232558139535,0.030267118133935293,0.01588937093275488,0.0014926686217008797,0.003,0.003010050251256281,0.0031819519372241296,0.021059210526315788,0.0046904186046511625,0.06848547717842325,0.02372451193058568,0.00430791788856305,0.0046,0.004618090452261307,0.004927513487003433,0.023292763157894737,0.004895441860465116,0.08439834024896263,0.02470390455531453,0.004659824046920821,0.0048,0.0048190954773869345,0.00704052197802197,0.032562499999999696,0.008195999999999991,0.09712863070539418,0.0458055555555555,0.004941348973607038,0.00496,0.004979899497487438,0.009485027472527463,0.4581024930747923,0.375,0.38599290780141843,0.45844875346260394,0.8734439834024896,0.375,0.45775623268698057,0.48878205128205127,2.1810542797494783,2.163340122199593,0.4947872340425532,2.125311203319502,2.1234309623430963,0.475,2.1234309623430963,2.19175519630485,2.340527139874739,2.331670061099796,0.6907258064516122,2.312655601659751,2.3117154811715483,0.4875,2.3117154811715483,2.345877598152425,2.468105427974948,2.466334012219959,0.9381451612903224,2.4625311203319495,2.46234309623431,0.4975,2.46234309623431,2.4691755196304848,397.4621848739475,397.10924369745146,396.8403361344545,392.80672268905596,396.47058823528687,149348833.88235295,28968908.3697479,0,64491898.62184874,54079728.94117647,3466552672.8067226,2554979680.8067226,1405804475.159664,4615698414.789916,4543251808.806723,0,0,0,0,0,15.109243697478991,2.2184873949579833,5.126050420168067,1.0252100840336134,15.76470588235294,0,0,0,0,0,62808.20168067227,21108.16806722689,1038964.1680672269,43670.58823529412,68392.87394957982,1529.7815126050418,262.7394957983193,2811.4621848739494,1684.8739495798318,427.1932773109244,1732.8739495798318,374.0672268907563,1877.126050420168,2071.2773109243694,530.9747899159664,0,0,0,0,0,0,0,0,0,0,0,0,0,0,0,0,0,0,0,0
1693106272,0.45076771376249963,0.39396668167492155,0.1177440244907572,0.08445945945945953,1.5026786880961702,0.4858228071725107,0.11461974898274983,0.1548706829797121,0.10421280254279247,0.07198535745047327,0,0.1305619385836642,0.06606619833072795,0.5250542175550735,0.23145712782745892,4.4698557458797294,5.929390843088697,0.9326614129282932,0.43607982896959513,9.543710867198044,3.411268938256357,0.31972778764781146,0.6422917984911171,1.5302557851132041,0.8164620609618175,0,0.2822343717359517,1.3651264352881478,2.559714053190275,0.9929092561809575,3.5497957458796754,5.2716494071739435,1.130342635111267,0.29560810810810834,7.469837536478069,2.760356858934723,0.4202724129367494,0.5309851987875833,1.3287132324206161,0.5278926213034756,0,0.15667432630039677,0.9909929749609171,1.2099075448008203,0.6943713834823777,50000,100000,50000,50000,50000,50000,10000,50000,50000,20000,50000,0,4595712,0,220594176,0,0,1757184,0,0,2973696,0,0,0,0,3784704,753.0638118044794,2.4763619990995047,0,4.180743243243243,232.84986279890236,657.3182581044077,0,0,177.10965792147564,4.751033591731266,0,0,77.03318725362814,3.013354639881292,8.33245660178853,0,0,0,0,0,0,0,0,0,0,0,0,0,0,0,224342016,76369920,10711040,439984128,111415296,349663232,39596032,10878976,310304768,93900800,4952064,3993600,305532928,16019456,134160384,206266368,68935680,9596928,199372800,103944192,331702272,35684352,9596928,291422208,82993152,4055040,2568192,295206912,14868480,36630528,0,0,0,0,0,0,0,0,0,0,0,0,0,0,0,207884288,76140544,10350592,424943616,107962368,334626816,39518208,10498048,295849984,92733440,4796416,2912256,297467904,15679488,41955328,190042112,71544832,10350592,211648512,107962368,334626816,37761024,10498048,295849984,89759744,4796416,2912256,297467904,15679488,38305792,1073741824,1073741824,314572800,0,1073741824,1073741824,1073741824,314572800,1073741824,0,0,0,1073741824,314572800,2147483648,9.699084496473061,0,4.584789959309989,0,0,12.835349815886373,34895.99279603782,0,19062.945345483025,0,0,38083.53498158863,9.699084496473061,0,4.584789959309989,0,0,12.835349815886373,34895.99279603782,0,19062.945345483025,0,0,38083.53498158863,100.94605133769625,48.33798528292312,474.2378605330412,21.049769889508127,33.915525666457015,33.26764781934149,16.920800360290805,58.645734650606755,47.66742055429908,92.36386584926072,0,0,0,0,0,0,0,0,0,0,119240.83618731139,120888.0360314641,1580384.4240598758,99857.79754160436,331744.2546809231,471486.80539657915,3082.2878466190564,8756.43975278567,592107.7739870434,122797.03840605842,0,0,0,0,0,0,0,0,0,0,119.64667186599301,39.710733316417155,462.2809419496166,28.19581723207177,46.78504039866466,44.8849216610163,14.947779278989469,72.08914151666892,63.1157281404531,122.94897223223944,0,0,0,0,0,0,0,0,0,0,23915.92350208538,6417.755645775184,141105.51296093463,5743.2860166611645,11924.161788185205,5526.041454059645,2833.4512856805845,10176.997338385889,13493.310844481926,23226.244139920662,0,0,0,0,0,0,0,0,0,0,36,10,36,4,8,2,6,32,0,0,0,0,0.00856829268292683,0.0030530805687203786,0.029908326967150498,0.015820135746606335,0.0015617283950617286,0.003,0.0030107719928186712,0.0031730103806228375,0.021195809248554912,0.004695545023696682,0.06768240343347642,0.023734162895927606,0.004322222222222222,0.0046,0.004619389587073608,0.004911418685121106,0.023390534682080924,0.004900853080568719,0.08400214592274678,0.02472341628959276,0.004667283950617284,0.0048,0.004820466786355475,0.006897959183673456,0.03625000000000018,0.008301923076923064,0.09705793991416309,0.0460694444444444,0.004943333333333333,0.00496,0.00498132854578097,0.009461224489795915,0.4584517045454546,0.3739583333333334,0.3860952040085898,0.45762108262108264,0.865301724137931,0.375,0.4546783625730994,0.4936587240584166,2.181603773584906,2.162266112266112,0.4949713672154617,2.123060344827586,2.1135944700460834,0.475,2.114678899082569,2.1954272517321014,2.3408018867924527,2.331133056133056,0.6933467741935482,2.311530172413793,2.306797235023041,0.4875,2.307339449541284,2.3477136258660503,2.4681603773584913,2.466226611226611,0.9386693548387097,2.4623060344827583,2.4613594470046083,0.4975,2.461467889908257,2.4695427251732105,397.5462184873829,397.00840336133354,396.90756302519657,392.94117647058914,396.5378151260565,132754595.49579832,28968908.3697479,0,64491898.62184874,54079728.94117647,3466517151.1932774,2611782113.882353,1405803649.0756302,4708032856.20168,4464923071.462185,0,0,0,0,0,15.159663865546218,3.0252100840336134,5.126050420168067,1.0252100840336134,15.731092436974789,0,0,0,0,0,63006.11764705882,28405.24369747899,1038964.1680672269,43670.58823529412,68306.82352941176,1528.1008403361343,263.21008403361344,2809.81512605042,1681.0084033613446,426.3361344537815,1730.890756302521,374.5882352941176,1874.5378151260504,2067.563025210084,530.0672268907564,0,0,0,0,0,0,0,0,0,0,0,0,0,0,0,0,0,0,0,0
1693106273,0.45076771376249963,0.4464705329448261,0.09935927626672957,0.08445945945945953,1.5026786880961702,0.4858228071725107,0.11461974898274983,0.1548706829797121,0.10421280254279247,0.07059612125253488,0,0.1305619385836642,0.06271558482282853,0.5250542175550735,0.231457127827459,4.4698557458797294,6.021502556631267,0.7870341054779814,0.43607982896959513,9.543710867198044,3.411268938256357,0.31972778764781146,0.6422917984911171,1.5302557851132041,0.8007052641700269,0.00003814375301495393,0.2822343717359517,1.4479094386955,2.559714053190275,0.9929092561809578,3.5497957458796754,5.40464329354262,0.9538490521606019,0.29560810810810834,7.469837536478069,2.760356858934723,0.4202724129367494,0.5309851987875833,1.3287132324206161,0.5177048891852607,0,0.15667432630039677,1.0975227343995027,1.2099075448008203,0.6943713834823779,50000,100000,50000,50000,50000,50000,10000,50000,50000,20000,50000,0,4595712,0,220594176,0,0,1757184,0,0,2973696,0,0,0,0,3784704,753.0638118044794,3.1017952815114205,0,4.180743243243243,232.84986279890236,657.3182581044077,0,0,177.10965792147564,4.659344002667333,0,0,74.50611476952022,3.013354639881292,8.332456601788534,0,0,0,0,0,0,0,0,0,0,0,0,0,0,0,224342016,76369920,10711040,439984128,111415296,349663232,39596032,10878976,310304768,93900800,4952064,3993600,305532928,16019456,134160384,206266368,68935680,9596928,199372800,103944192,331702272,35684352,9596928,291422208,82993152,4055040,2568192,295206912,14868480,36630528,0,0,0,0,0,0,0,0,0,0,0,0,0,0,0,207884288,76140544,10350592,424943616,107962368,334626816,39518208,10498048,295849984,92733440,4796416,2912256,297467904,15679488,41955328,190042112,71544832,10350592,211648512,107962368,334626816,37761024,10498048,295849984,89759744,4796416,2912256,297467904,15679488,38305792,1073741824,1073741824,314572800,0,1073741824,1073741824,1073741824,314572800,1073741824,0,0,0,1073741824,314572800,2147483648,9.775354826581447,0,4.584789959309989,0,0,12.835349815886378,35227.37099351443,0,19062.945345483025,0,0,38083.534981588644,9.775354826581447,0,4.584789959309989,0,0,12.835349815886378,35227.37099351443,0,19062.945345483025,0,0,38083.534981588644,100.57528268200754,48.33798528292312,474.2378605330412,21.049769889508127,33.915525666457015,38.78641613514911,16.51272308345292,58.645734650606755,47.66742055429908,91.61557108227578,0,0,0,0,0,0,0,0,0,0,119371.17855804625,120888.0360314641,1580384.4240598758,99857.79754160436,331744.2546809231,549701.7263033467,3003.3348828748713,8756.43975278567,592107.7739870434,122876.33680307999,0,0,0,0,0,0,0,0,0,0,118.6933809429346,39.710733316417155,462.2809419496166,28.19581723207177,46.78504039866466,52.33087891250277,14.794753117610204,72.08914151666892,63.1157281404531,122.59375445601026,0,0,0,0,0,0,0,0,0,0,23779.298640040557,6417.755645775184,141105.51296093463,5743.2860166611645,11924.161788185205,6442.756175043712,2778.6446227540073,10176.997338385889,13493.310844481926,23258.805076286895,0,0,0,0,0,0,0,0,0,0,66,28,82,2,4,2,2,68,0,0,0,0,0.00856829268292683,0.0030530805687203786,0.029908326967150498,0.015820135746606335,0.0015209580838323354,0.003,0.003010327022375215,0.0031730103806228375,0.021195809248554912,0.004695545023696682,0.06768240343347642,0.023734162895927606,0.0043137724550898204,0.0046,0.004618588640275387,0.004911418685121106,0.023390534682080924,0.004900853080568719,0.08400214592274678,0.02472341628959276,0.0046628742514970055,0.0048,0.004819621342512908,0.006897959183673456,0.03625000000000018,0.008301923076923064,0.09705793991416309,0.0460694444444444,0.004942155688622754,0.00496,0.0049804475043029265,0.009461224489795915,0.4584517045454546,0.3739583333333334,0.3860952040085898,0.45762108262108264,0.8696120689655172,0.375,0.45738636363636365,0.4936587240584166,2.181603773584906,2.162266112266112,0.4949713672154617,2.123060344827586,2.1214285714285714,0.475,2.1224137931034486,2.1954272517321014,2.3408018867924527,2.331133056133056,0.6933467741935482,2.311530172413793,2.310714285714286,0.4875,2.3112068965517243,2.3477136258660503,2.4681603773584913,2.466226611226611,0.9386693548387097,2.4623060344827583,2.4621428571428567,0.4975,2.462241379310345,2.4695427251732105,397.5462184873949,396.9747899159436,396.8907563025213,392.87394957983514,396.5546218487346,132754595.49579832,28968908.3697479,0,64491898.62184874,54079728.94117647,3466501799.7983193,2668599141.1092434,1405800757.7815125,4615756653.714286,4543236732.773109,0,0,0,0,0,15.310924369747898,2.9579831932773106,5.126050420168067,1.0252100840336134,15.88235294117647,0,0,0,0,0,63488,27656.605042016807,1038964.1680672269,43670.58823529412,68788.70588235294,1535.0252100840335,263.0924369747899,2811.394957983193,1692.9915966386552,428.4369747899159,1737.8319327731092,374.40336134453776,1875.126050420168,2080.302521008403,532.1344537815127,0,0,0,0,0,0,0,0,0,0,0,0,0,0,0,0,0,0,0,0
1693106274,0.43290043290043273,0.4464705329448261,0.13557253978206707,0.08445945945945953,1.5026786880961702,0.4858228071725107,0.11461974898274983,0.1548706829797121,0.09906090264294454,0.05816433363061732,0,0.1305619385836642,0.06271558482282853,0.5250542175550735,0.231457127827459,4.400279476396639,6.021502556631267,0.9290143689945605,0.43607982896959513,9.543710867198044,3.411268938256357,0.31972778764781146,0.6422917984911171,1.6171870606648937,0.9323127069680874,0.00003814375301495393,0.2822343717359517,1.4479094386955,2.559714053190275,0.9929092561809578,3.380746237889096,5.40464329354262,1.1354200206748122,0.29560810810810834,7.469837536478069,2.760356858934723,0.4202724129367494,0.5309851987875833,1.4264769980584182,0.6204195587265894,0,0.15667432630039677,1.0975227343995027,1.2099075448008203,0.6943713834823779,50000,100000,50000,50000,50000,50000,10000,50000,50000,20000,50000,0,4595712,0,220594176,0,0,1757184,0,0,2973696,0,0,0,0,3784704,635.3741496598637,3.1017952815114205,0,4.180743243243243,232.84986279890236,657.3182581044077,0,0,205.29381463723897,5.118461359494358,0,0,74.50611476952022,3.013354639881292,8.332456601788534,0,0,0,0,0,0,0,0,0,0,0,0,0,0,0,224342016,76369920,10711040,439984128,111415296,349663232,39596032,10878976,310304768,93900800,4952064,3993600,305532928,16019456,134160384,206266368,68935680,9596928,199372800,103944192,331702272,35684352,9596928,291151872,83128320,4055040,2568192,295206912,14868480,36630528,0,0,0,0,0,0,0,0,0,0,0,0,0,0,0,207978496,76140544,10358784,424943616,107962368,334626816,39518208,10498048,295522304,92913664,4796416,2912256,297467904,15679488,41955328,190136320,71544832,10358784,211648512,107962368,334626816,37761024,10498048,295522304,89939968,4796416,2912256,297467904,15679488,38305792,1073741824,1073741824,314572800,0,1073741824,1073741824,1073741824,314572800,1073741824,0,0,0,1073741824,314572800,2147483648,9.775354826581447,0,4.584789959309989,0,0,12.835349815886378,35227.37099351443,0,19062.945345483025,0,0,38083.534981588644,9.775354826581447,0,4.584789959309989,0,0,12.835349815886378,35227.37099351443,0,19062.945345483025,0,0,38083.534981588644,100.57528268200754,49.997787708508476,474.2378605330412,21.049769889508127,33.915525666457015,38.78641613514911,16.51272308345292,58.645734650606755,47.66742055429908,91.61557108227578,0,0,0,0,0,0,0,0,0,0,119371.17855804625,120796.1594619707,1580384.4240598758,99857.79754160436,331744.2546809231,549701.7263033467,3003.3348828748713,8756.43975278567,592107.7739870434,122876.33680307999,0,0,0,0,0,0,0,0,0,0,118.6933809429346,40.44068846511216,462.2809419496166,28.19581723207177,46.78504039866466,52.33087891250277,14.794753117610204,72.08914151666892,63.1157281404531,122.59375445601026,0,0,0,0,0,0,0,0,0,0,23779.298640040557,6637.870005751958,141105.51296093463,5743.2860166611645,11924.161788185205,6442.756175043712,2778.6446227540073,10176.997338385889,13493.310844481926,23258.805076286895,0,0,0,0,0,0,0,0,0,0,21.396,18.247,41.237,11.301,11.321,2,10.785,69.708,0,0,0,0,0.00856829268292683,0.0030530805687203786,0.029908326967150498,0.015820135746606335,0.0015209580838323354,0.003,0.003010327022375215,0.003173066330116182,0.021195809248554912,0.004695545023696682,0.06768240343347642,0.023734162895927606,0.0043137724550898204,0.0046,0.004618588640275387,0.0049115193942091285,0.023390534682080924,0.004900853080568719,0.08400214592274678,0.02472341628959276,0.0046628742514970055,0.0048,0.004819621342512908,0.006898903799903746,0.03625000000000018,0.008301923076923064,0.09705793991416309,0.0460694444444444,0.004942155688622754,0.00496,0.0049804475043029265,0.009461394626158743,0.4584517045454546,0.3739583333333334,0.3860952040085898,0.45762108262108264,0.8696120689655172,0.375,0.45738636363636365,0.4935031681466188,2.181603773584906,2.162266112266112,0.4949713672154617,2.123060344827586,2.1214285714285714,0.475,2.1224137931034486,2.1953117196809444,2.3408018867924527,2.331133056133056,0.6933467741935482,2.311530172413793,2.310714285714286,0.4875,2.3112068965517243,2.347655859840472,2.4681603773584913,2.466226611226611,0.9386693548387097,2.4623060344827583,2.4621428571428567,0.4975,2.462241379310345,2.469531171968094,397.4621848739611,396.90756302519605,396.8235294117695,392.7563025210226,396.5882352941192,132754595.49579832,28968908.3697479,0,51593216,54079728.94117647,3466501524.4369745,2725331770.0840335,1464633361.210084,4615842704.134454,4464934017.07563,0,0,0,0,0,15.34453781512605,2.9579831932773106,3.277310924369748,0.8571428571428571,15.983193277310924,0,0,0,0,0,63548.23529411764,27656.605042016807,603755.56302521,42147.49579831932,69089.88235294117,1537.2100840336134,262.9075630252101,2811.6974789915967,1702.605042016807,430.9243697478991,1740.0504201680671,374.21848739495795,1873.6974789915967,2089.361344537815,534.5546218487394,0,0,0,0,0,0,0,0,0,0,0,0,0,0,0,0,0,0,0,0
1693106275,0.43290043290043273,0.4464705329448261,0.11585069162862888,0.08445945945945953,1.5026786880961702,0.4858228071725107,0.11461974898274983,0.1548706829797121,0.09906090264294454,0.05816433363061732,0,0.1305619385836642,0.06271558482282853,0.4475547565600071,0.2595110811231638,4.400279476396639,6.021502556631267,0.9187987163743367,0.43607982896959513,9.543710867198044,3.411268938256357,0.31972778764781146,0.6422917984911171,1.6171870606648937,0.9323127069680874,0.00003814375301495393,0.2822343717359517,1.4479094386955,2.181893148622576,1.0012465562879533,3.380746237889096,5.40464329354262,1.2511874695891936,0.29560810810810834,7.469837536478069,2.760356858934723,0.4202724129367494,0.5309851987875833,1.4264769980584182,0.6204195587265894,0,0.15667432630039677,1.0975227343995027,1.0313218303339282,0.7785332433694921,50000,100000,50000,50000,50000,50000,10000,50000,50000,20000,50000,0,4595712,0,220594176,0,0,1757184,0,0,2973696,0,0,0,0,3919872,635.3741496598637,3.1017952815114205,0,4.180743243243243,232.84986279890236,657.3182581044077,0,0,205.29381463723897,5.118461359494358,0,0,74.50611476952022,2.568575124605258,7.99294129859345,0,0,0,0,0,0,0,0,0,0,0,0,0,0,0,224342016,76369920,10711040,439984128,111415296,349663232,39596032,10878976,310304768,93900800,4952064,3993600,305532928,16019456,134160384,206266368,68935680,9596928,199372800,103944192,331702272,35684352,9596928,291151872,83128320,4055040,2568192,295206912,14868480,36630528,0,0,0,0,0,0,0,0,0,0,0,0,0,0,0,207978496,76140544,10358784,424943616,107962368,334626816,39518208,10498048,295522304,92913664,4796416,2912256,297467904,15679488,42164224,190136320,71544832,10358784,211648512,107962368,334626816,37761024,10498048,295522304,89939968,4796416,2912256,297467904,15679488,38514688,1073741824,1073741824,314572800,0,1073741824,1073741824,1073741824,314572800,1073741824,0,0,0,1073741824,314572800,2147483648,9.775354826581447,0,4.584789959309989,0,0,14.134703551841662,35227.37099351443,0,19062.945345483025,0,0,45795.747478417325,9.775354826581447,0,4.584789959309989,0,0,14.134703551841662,35227.37099351443,0,19062.945345483025,0,0,45795.747478417325,100.57528268200754,49.997787708508476,474.2378605330412,21.049769889508127,33.915525666457015,38.78641613514911,16.51272308345292,58.645734650606755,47.66742055429908,91.61557108227578,0,0,0,0,0,0,0,0,0,0,119371.17855804625,120796.1594619707,1580384.4240598758,99857.79754160436,331744.2546809231,549701.7263033467,3003.3348828748713,8756.43975278567,592107.7739870434,122876.33680307999,0,0,0,0,0,0,0,0,0,0,118.6933809429346,40.44068846511216,462.2809419496166,28.19581723207177,46.78504039866466,52.33087891250277,14.794753117610204,72.08914151666892,63.1157281404531,122.59375445601026,0,0,0,0,0,0,0,0,0,0,23779.298640040557,6637.870005751958,141105.51296093463,5743.2860166611645,11924.161788185205,6442.756175043712,2778.6446227540073,10176.997338385889,13493.310844481926,23258.805076286895,0,0,0,0,0,0,0,0,0,0,32,28,68,6,6,2,6,70,0,0,0,0,0.00856829268292683,0.0030530805687203786,0.029908326967150498,0.015820135746606335,0.0015209580838323354,0.003,0.003010327022375215,0.00317912002082791,0.021195809248554912,0.004695545023696682,0.06768240343347642,0.023734162895927606,0.0043137724550898204,0.0046,0.004618588640275387,0.004922416037490237,0.023390534682080924,0.004900853080568719,0.08400214592274678,0.02472341628959276,0.0046628742514970055,0.0048,0.004819621342512908,0.006999258160237389,0.03625000000000018,0.008301923076923064,0.09705793991416309,0.0460694444444444,0.004942155688622754,0.00496,0.0049804475043029265,0.009482937685459951,0.4584517045454546,0.3739583333333334,0.3860952040085898,0.45762108262108264,0.8696120689655172,0.375,0.45738636363636365,0.4751161890007746,2.181603773584906,2.162266112266112,0.4949713672154617,2.123060344827586,2.1214285714285714,0.475,2.1224137931034486,2.180371690427699,2.3408018867924527,2.331133056133056,0.6933467741935482,2.311530172413793,2.310714285714286,0.4875,2.3112068965517243,2.340185845213849,2.4681603773584913,2.466226611226611,0.9386693548387097,2.4623060344827583,2.4621428571428567,0.4975,2.462241379310345,2.4680371690427703,397.4621848739383,396.9579831932805,396.8403361344545,392.7226890756203,396.6218487394882,149349315.76470587,28968977.210084032,0,38694808.7394958,54079728.94117647,3466504002.6890755,2668577594.0840335,1464639350.3193276,4708243576.470588,4386636602.084033,0,0,0,0,0,15.529411764705882,2.991596638655462,3.277310924369748,0.9747899159663865,16,0,0,0,0,0,64107.56302521008,23896.201680672268,603755.56302521,43085.44537815126,69124.3025210084,1541.2773109243697,263.2268907563025,2811.042016806723,1705.5462184873952,431.4117647058823,1744.4201680672268,374.5210084033613,1872.4705882352941,2092.554621848739,535.0588235294118,0,0,0,0,0,0,0,0,0,0,0,0,0,0,0,0,0,0,0,0
1693106276,0.43290043290043273,0.4464705329448261,0.11585069162862888,0.066321793341292,1.5026786880961702,0.4858228071725107,0.11461974898274983,0.1548706829797121,0.09906090264294454,0.05816433363061732,0,0.1305619385836642,0.05201996446116865,0.27500000000000074,0.2595110811231638,4.400279476396639,6.021502556631267,0.9187987163743367,0.42266006433213965,9.543710867198044,3.411268938256357,0.31972778764781146,0.6422917984911171,1.6171870606648937,0.9323127069680874,0.00003814375301495393,0.2822343717359517,1.2009805498379715,1.4997681299999985,1.0012465562879533,3.380746237889096,5.40464329354262,1.2511874695891936,0.23212627669452277,7.469837536478069,2.760356858934723,0.4202724129367494,0.5309851987875833,1.4264769980584182,0.6204195587265894,0,0.15667432630039677,0.9103493780704541,0.7499999999999994,0.7785332433694921,50000,100000,50000,50000,50000,50000,10000,50000,50000,20000,50000,0,4595712,0,220594176,0,0,1757184,0,0,2973696,0,0,0,0,3919872,635.3741496598637,3.1017952815114205,0,2.1886191802626342,232.84986279890236,657.3182581044077,0,0,205.29381463723897,5.118461359494358,0,0,61.799717779868296,0,7.99294129859345,0,0,0,0,0,0,0,0,0,0,0,0,0,0,0,224342016,76369920,10711040,439984128,111415296,349663232,39596032,10878976,310304768,93900800,4952064,3993600,305532928,16019456,134160384,206266368,68935680,9596928,199372800,103944192,331702272,35684352,9596928,291151872,83128320,4055040,2568192,295206912,14868480,36630528,0,0,0,0,0,0,0,0,0,0,0,0,0,0,0,207978496,76140544,10358784,424943616,107962368,334626816,39518208,10498048,295522304,92913664,4796416,2912256,297467904,15679488,42164224,190136320,71544832,10358784,211648512,107962368,334626816,37761024,10498048,295522304,89939968,4796416,2912256,297467904,15679488,38514688,1073741824,1073741824,314572800,0,1073741824,1073741824,1073741824,314572800,1073741824,0,0,0,1073741824,314572800,2147483648,9.775354826581447,0,4.584789959309989,0,0,14.134703551841662,35227.37099351443,0,19062.945345483025,0,0,45795.747478417325,9.775354826581447,0,4.584789959309989,0,0,14.134703551841662,35227.37099351443,0,19062.945345483025,0,0,45795.747478417325,100.57528268200754,49.997787708508476,474.23786053304127,20.90723422551865,33.915525666457015,38.78641613514911,16.51272308345292,58.645734650606755,47.66742055429908,91.61557108227578,0,0,0,0,0,0,0,0,0,0,119371.17855804625,120796.1594619707,1580384.424059876,99284.15564871546,331744.2546809231,549701.7263033467,3003.3348828748713,8756.43975278567,592107.7739870434,122876.33680307999,0,0,0,0,0,0,0,0,0,0,118.6933809429346,40.44068846511216,462.28094194961665,27.947973771901534,46.78504039866466,52.33087891250277,14.794753117610204,72.08914151666892,63.1157281404531,122.59375445601026,0,0,0,0,0,0,0,0,0,0,23779.298640040557,6637.870005751958,141105.51296093466,5701.22541115769,11924.161788185205,6442.756175043712,2778.6446227540073,10176.997338385889,13493.310844481926,23258.805076286895,0,0,0,0,0,0,0,0,0,0,42,10,38,12,12,2,10,76,0,0,0,0,0.00856829268292683,0.0030530805687203786,0.029908326967150498,0.015820135746606335,0.0015209580838323354,0.003,0.003010327022375215,0.0031734132933533233,0.021195809248554912,0.004695545023696682,0.06768240343347642,0.023734162895927606,0.0043137724550898204,0.0046,0.004618588640275387,0.004912143928035983,0.023390534682080924,0.004900853080568719,0.08400214592274678,0.02472341628959276,0.0046628742514970055,0.0048,0.004819621342512908,0.006905147058823532,0.03625000000000018,0.008301923076923064,0.09705793991416309,0.0460694444444444,0.004942155688622754,0.00496,0.0049804475043029265,0.009463382352941184,0.4584517045454546,0.3739583333333334,0.3860952040085898,0.45762108262108264,0.8696120689655172,0.375,0.45738636363636365,0.48914296694850123,2.181603773584906,2.162266112266112,0.4949713672154617,2.123060344827586,2.1214285714285714,0.475,2.1224137931034486,2.19199716713881,2.3408018867924527,2.331133056133056,0.6933467741935482,2.311530172413793,2.310714285714286,0.4875,2.3112068965517243,2.345998583569405,2.4681603773584913,2.466226611226611,0.9386693548387097,2.4623060344827583,2.4621428571428567,0.4975,2.462241379310345,2.4691997167138813,397.4621848739448,396.82352941177146,396.9579831932601,392.5882352941147,396.60504201680936,149349315.76470587,38625073.4789916,0,38694808.7394958,54079728.94117647,3395817781.7815123,2668583652.033613,1464642035.092437,4708342018.15126,4464987643.697479,0,0,0,0,0,15.563025210084033,2.991596638655462,5.243697478991597,0.9915966386554621,16.016806722689076,0,0,0,0,0,64193.61344537815,23896.201680672268,1059960.4705882352,43111.26050420168,69167.32773109243,1545.8319327731092,263.4621848739496,2811.6974789915967,1706.3025210084036,432.1512605042017,1748.8067226890753,374.84033613445376,1873.2268907563025,2092.2016806722686,535.8487394957983,0,0,0,0,0,0,0,0,0,0,0,0,0,0,0,0,0,0,0,0
1693106277,0.43290043290043273,0.4464705329448261,0.11585069162862888,0.066321793341292,1.5026786880961702,0.4858228071725107,0.11461974898274983,0.1548706829797121,0.09906090264294454,0.05816433363061732,0,0.1305619385836642,0.07840370065467098,0.27500000000000074,0.2595110811231638,4.400279476396639,6.021502556631267,0.9187987163743367,0.42266006433213965,9.543710867198044,3.411268938256357,0.31972778764781146,0.6422917984911171,1.6171870606648937,0.9323127069680874,0.00003814375301495393,0.2822343717359517,1.3621046905013823,1.4997681299999985,1.0012465562879533,3.380746237889096,5.40464329354262,1.2511874695891936,0.23212627669452277,7.469837536478069,2.760356858934723,0.4202724129367494,0.5309851987875833,1.4264769980584182,0.6204195587265894,0,0.15667432630039677,1.0388490336743919,0.7499999999999994,0.7785332433694921,50000,100000,50000,50000,50000,50000,10000,50000,50000,20000,50000,0,4595712,0,220594176,0,0,1757184,0,0,2973696,0,0,0,0,3919872,635.3741496598637,3.1017952815114205,0,2.1886191802626342,232.84986279890236,657.3182581044077,0,0,205.29381463723897,5.118461359494358,0,0,102.19922380336352,0,7.99294129859345,0,0,0,0,0,0,0,0,0,0,0,0,0,0,0,224342016,76369920,10711040,439984128,111415296,349663232,39596032,10878976,310304768,93900800,4952064,3993600,305532928,16019456,134160384,206266368,68935680,9596928,199372800,103944192,331702272,35684352,9596928,291151872,83128320,4055040,2568192,295342080,14868480,36630528,0,0,0,0,0,0,0,0,0,0,0,0,0,0,0,207978496,76140544,10358784,424943616,107962368,334626816,39518208,10498048,295522304,92913664,4796416,2912256,297467904,15679488,42164224,190136320,71544832,10358784,211648512,107962368,334626816,37761024,10498048,295522304,89939968,4796416,2912256,297467904,15679488,38514688,1073741824,1073741824,314572800,0,1073741824,1073741824,1073741824,314572800,1073741824,0,0,0,1073741824,314572800,2147483648,9.775354826581447,0,4.584789959309989,0,0,14.134703551841662,35227.37099351443,0,19062.945345483025,0,0,45795.747478417325,9.775354826581447,0,4.584789959309989,0,0,14.134703551841662,35227.37099351443,0,19062.945345483025,0,0,45795.747478417325,100.57528268200754,49.997787708508476,474.23786053304127,20.90723422551865,33.915525666457015,38.78641613514911,16.51272308345292,58.645734650606755,47.66742055429908,89.92602365358339,0,0,0,0,0,0,0,0,0,0,119371.17855804625,120796.1594619707,1580384.424059876,99284.15564871546,331744.2546809231,549701.7263033467,3003.3348828748713,8756.43975278567,592107.7739870434,122674.9988220327,0,0,0,0,0,0,0,0,0,0,118.6933809429346,40.44068846511216,462.28094194961665,27.947973771901534,46.78504039866466,52.33087891250277,14.794753117610204,72.08914151666892,63.1157281404531,120.76520755783821,0,0,0,0,0,0,0,0,0,0,23779.298640040557,6637.870005751958,141105.51296093466,5701.22541115769,11924.161788185205,6442.756175043712,2778.6446227540073,10176.997338385889,13493.310844481926,22762.356876973095,0,0,0,0,0,0,0,0,0,0,38,20,58,14,14,2,14,90,0,0,0,0,0.0086554820415879,0.0030573543015726175,0.03001297257227576,0.015786199095022626,0.0015838509316770187,0.003,0.003010928961748634,0.0031719950433705085,0.021300675675675677,0.004703237742830712,0.06754736842105263,0.02367307692307693,0.004326708074534161,0.0046,0.004619672131147541,0.004909591078066915,0.02343412162162162,0.004908973172987973,0.0839315789473684,0.024658936651583717,0.004669565217391303,0.0048,0.004820765027322403,0.006880882352941183,0.035859375000000165,0.008427586206896544,0.09703894736842104,0.04560937500000015,0.004943850931677018,0.00496,0.004981639344262294,0.009458529411764715,0.45892857142857146,0.375,0.3861052815669815,0.4569088319088319,0.8608695652173912,0.375,0.4529411764705882,0.4861532625189682,2.1826633165829143,2.163709677419355,0.49498950682056664,2.121086956521739,2.109433962264151,0.475,2.109433962264151,2.189660056657224,2.3413316582914576,2.331854838709677,0.6936023622047239,2.31054347826087,2.3047169811320756,0.4875,2.3047169811320756,2.344830028328612,2.4682663316582922,2.4663709677419354,0.938720472440945,2.462108695652174,2.4609433962264147,0.4975,2.4609433962264147,2.468966005665722,397.52941176471904,396.80672268907364,397.008403361348,392.50420168066734,396.5378151260486,149349315.76470587,38625073.4789916,0,38694808.7394958,54079728.94117647,3395865143.932773,2668583720.8739495,1406335647.1932774,4708403010.689075,4543297174.588235,0,0,0,0,0,15.512605042016807,2.991596638655462,5.243697478991597,0.9243697478991596,16.100840336134453,0,0,0,0,0,61440,23896.201680672268,1059960.4705882352,42422.85714285714,69528.73949579832,1540.8235294117646,261.98319327731093,2813.008403361345,1712.2857142857144,432.1008403361344,1744,373.3781512605042,1874.1680672268908,2098.991596638655,535.8151260504202,0,0,0,0,0,0,0,0,0,0,0,0,0,0,0,0,0,0,0,0
1693106278,0.43290043290043273,0.4464705329448261,0.11585069162862888,0.04384811014645273,1.5026786880961702,0.4858228071725107,0.14845605700712602,0.12680240562278106,0.09906090264294454,0.05816433363061732,0,0.13367452163617627,0.07840370065467098,0.27500000000000074,0.2488959152721007,4.400279476396639,6.021502556631267,0.9187987163743367,0.4305423112338848,9.543710867198044,3.411268938256357,0.3278717785035624,0.6407103724367802,1.6171870606648937,0.9323127069680874,0.00003814375301495393,0.290213312072719,1.3621046905013823,1.4997681299999985,0.8035740231350943,3.380746237889096,5.40464329354262,1.2511874695891936,0.2850127159519432,7.469837536478069,2.760356858934723,0.4206254948535232,0.47098036374175745,1.4264769980584182,0.6204195587265894,0,0.15277088186991553,1.0388490336743919,0.7499999999999994,0.6844637669982777,50000,100000,50000,50000,50000,50000,10000,50000,50000,20000,50000,0,4595712,0,220594176,0,0,1757184,0,0,2973696,0,0,0,0,3919872,635.3741496598637,3.1017952815114205,0,2.8939752696658774,232.84986279890236,657.3182581044077,0,0,205.29381463723897,5.118461359494358,0,0,102.19922380336352,0,8.21356520397933,0,0,0,0,0,0,0,0,0,0,0,0,0,0,0,224342016,76369920,10711040,439984128,111415296,349663232,39596032,10878976,310304768,93900800,4952064,3993600,305532928,16019456,134160384,206266368,68935680,9596928,199372800,103944192,331702272,35684352,9596928,291151872,83128320,4055040,2568192,295342080,14868480,36630528,0,0,0,0,0,0,0,0,0,0,0,0,0,0,0,207978496,76140544,10358784,424943616,107962368,334626816,39518208,10510336,295522304,92913664,4796416,2912256,297467904,15679488,42164224,190136320,71544832,10358784,211648512,107962368,334626816,37761024,10510336,295522304,89939968,4796416,2912256,297467904,15679488,38514688,1073741824,1073741824,314572800,0,1073741824,1073741824,1073741824,314572800,1073741824,0,0,0,1073741824,314572800,2147483648,9.775354826581447,0,4.651623119556612,0,0,11.511436081334669,35227.37099351443,0,19927.157561361837,0,0,38729.531861220355,9.775354826581447,0,4.651623119556612,0,0,11.511436081334669,35227.37099351443,0,19927.157561361837,0,0,38729.531861220355,100.57528268200754,49.997787708508476,474.23786053304127,20.90723422551865,33.915525666457015,38.78641613514911,16.51272308345292,58.645734650606755,47.66742055429908,89.92602365358339,0,0,0,0,0,0,0,0,0,0,119371.17855804625,120796.1594619707,1580384.424059876,99284.15564871546,331744.2546809231,549701.7263033467,3003.3348828748713,8756.43975278567,592107.7739870434,122674.9988220327,0,0,0,0,0,0,0,0,0,0,118.6933809429346,40.44068846511216,462.28094194961665,27.947973771901534,46.78504039866466,52.33087891250277,14.794753117610204,72.08914151666892,63.1157281404531,120.76520755783821,0,0,0,0,0,0,0,0,0,0,23779.298640040557,6637.870005751958,141105.51296093466,5701.22541115769,11924.161788185205,6442.756175043712,2778.6446227540073,10176.997338385889,13493.310844481926,22762.356876973095,0,0,0,0,0,0,0,0,0,0,22,6,30,10,8,2,8,104,0,0,0,0,0.0086554820415879,0.0030573543015726175,0.03001297257227576,0.015786199095022626,0.0015075528700906346,0.003,0.003010362694300518,0.0031719950433705085,0.021300675675675677,0.004703237742830712,0.06754736842105263,0.02367307692307693,0.004320845921450152,0.0046,0.004618652849740933,0.004909591078066915,0.02343412162162162,0.004908973172987973,0.0839315789473684,0.024658936651583717,0.004672507552870092,0.0048,0.004819689119170984,0.006880882352941183,0.035859375000000165,0.008427586206896544,0.09703894736842104,0.04560937500000015,0.004953836858006043,0.00496,0.004980518134715026,0.009458529411764715,0.45892857142857146,0.375,0.3861052815669815,0.4569088319088319,0.8717391304347826,0.375,0.4578571428571429,0.4861532625189682,2.1826633165829143,2.163709677419355,0.49498950682056664,2.121086956521739,2.1237068965517243,0.475,2.123706896551724,2.189660056657224,2.3413316582914576,2.331854838709677,0.6936023622047239,2.31054347826087,2.3118534482758624,0.4875,2.3118534482758624,2.344830028328612,2.4682663316582922,2.4663709677419354,0.938720472440945,2.462108695652174,2.462370689655172,0.4975,2.462370689655172,2.468966005665722,397.4621848739368,396.84033613444944,396.9411764705767,392.62184873949957,396.5882352941226,149349315.76470587,38625073.4789916,0,38694808.7394958,54079728.94117647,3537351585.3445377,2668586681.0084033,1465347235.4957983,4708459872.806723,4464926375.798319,0,0,0,0,0,15.3781512605042,2.991596638655462,5.243697478991597,0.9243697478991596,15.966386554621849,0,0,0,0,0,61061.3781512605,23896.201680672268,1059960.4705882352,42422.85714285714,68866.1512605042,1534.9411764705883,260.2521008403361,2812.0504201680674,1705.714285714286,431.7142857142857,1738.638655462185,371.8319327731092,1873.6638655462184,2091.4789915966385,535.5294117647059,0,0,0,0,0,0,0,0,0,0,0,0,0,0,0,0,0,0,0,0
1693106279,0.43290043290043273,0.4464705329448261,0.11585069162862888,0.04384811014645273,1.5026786880961702,0.4858228071725107,0.14845605700712602,0.12680240562278106,0.09906090264294454,0.05816433363061732,0,0.13367452163617627,0.07840370065467098,0.47813119009130023,0.2540371712809437,4.400279476396639,6.021502556631267,0.9187987163743367,0.4305423112338848,9.543710867198044,3.411268938256357,0.3278717785035624,0.6407103724367802,1.6171870606648937,0.9323127069680874,0.00003814375301495393,0.290213312072719,1.3621046905013823,2.5326093053436867,0.8201728482724089,3.380746237889096,5.40464329354262,1.2511874695891936,0.2850127159519432,7.469837536478069,2.760356858934723,0.4206254948535232,0.47098036374175745,1.4264769980584182,0.6204195587265894,0,0.15277088186991553,1.0388490336743919,1.183943899273697,0.698602221022596,50000,100000,50000,50000,50000,50000,10000,50000,50000,20000,50000,0,4595712,0,220594176,0,0,1757184,0,0,2973696,0,0,0,0,3919872,635.3741496598637,3.1017952815114205,0,2.8939752696658774,232.84986279890236,657.3182581044077,0,0,205.29381463723897,5.118461359494358,0,0,102.19922380336352,0,8.38322665227115,0,0,0,0,0,0,0,0,0,0,0,0,0,0,0,224342016,76369920,10711040,439984128,111415296,349663232,39596032,10878976,310304768,93900800,4952064,3993600,305532928,16072704,134160384,206266368,68935680,9596928,199372800,103944192,331702272,35684352,9596928,291151872,83128320,4055040,2568192,295342080,14868480,36630528,0,0,0,0,0,0,0,0,0,0,0,0,0,0,0,207978496,76140544,10358784,424943616,107962368,334626816,39518208,10510336,295522304,92913664,4796416,2912256,297467904,15691776,42164224,190136320,71544832,10358784,211648512,107962368,334626816,37761024,10510336,295522304,89939968,4796416,2912256,297467904,15691776,38514688,1073741824,1073741824,314572800,0,1073741824,1073741824,1073741824,314572800,1073741824,0,0,0,1073741824,314572800,2147483648,9.775354826581447,0,4.651623119556612,0,0,11.749219171743658,35227.37099351443,0,19927.157561361837,0,0,39529.53871622837,9.775354826581447,0,4.651623119556612,0,0,11.749219171743658,35227.37099351443,0,19927.157561361837,0,0,39529.53871622837,100.57528268200754,49.997787708508476,474.23786053304127,20.90723422551865,33.915525666457015,38.78641613514911,16.51272308345292,58.645734650606755,39.25954263154465,89.92602365358339,0,0,0,0,0,0,0,0,0,0,119371.17855804625,120796.1594619707,1580384.424059876,99284.15564871546,331744.2546809231,549701.7263033467,3003.3348828748713,8756.43975278567,491535.4419434435,122674.9988220327,0,0,0,0,0,0,0,0,0,0,118.6933809429346,40.44068846511216,462.28094194961665,27.947973771901534,46.78504039866466,52.33087891250277,14.794753117610204,72.08914151666892,51.89533366853823,120.76520755783821,0,0,0,0,0,0,0,0,0,0,23779.298640040557,6637.870005751958,141105.51296093466,5701.22541115769,11924.161788185205,6442.756175043712,2778.6446227540073,10176.997338385889,11051.37474463905,22762.356876973095,0,0,0,0,0,0,0,0,0,0,38,10,32,12,14,2,14,80,0,0,0,0,0.0086554820415879,0.0030573543015726175,0.03001297257227576,0.015786199095022626,0.0015075528700906346,0.003,0.003010362694300518,0.0031719950433705085,0.021300675675675677,0.004703237742830712,0.06754736842105263,0.02367307692307693,0.004320845921450152,0.0046,0.004618652849740933,0.004909591078066915,0.02343412162162162,0.004908973172987973,0.0839315789473684,0.024658936651583717,0.004672507552870092,0.0048,0.004819689119170984,0.006880882352941183,0.035859375000000165,0.008427586206896544,0.09703894736842104,0.04560937500000015,0.004953836858006043,0.00496,0.004980518134715026,0.009458529411764715,0.45892857142857146,0.375,0.3861052815669815,0.4569088319088319,0.8717391304347826,0.375,0.4578571428571429,0.4861532625189682,2.1826633165829143,2.163709677419355,0.49498950682056664,2.121086956521739,2.1237068965517243,0.475,2.123706896551724,2.189660056657224,2.3413316582914576,2.331854838709677,0.6936023622047239,2.31054347826087,2.3118534482758624,0.4875,2.3118534482758624,2.344830028328612,2.4682663316582922,2.4663709677419354,0.938720472440945,2.462108695652174,2.462370689655172,0.4975,2.462370689655172,2.468966005665722,397.3613445378158,396.8235294117589,396.97478991598,392.58823529412916,396.5714285714274,149349315.76470587,48280963.22689076,0,38694808.7394958,54079728.94117647,3466693864.3361344,2555024358.184874,1524352283.9663866,4708545234.823529,4464887962.890756,0,0,0,0,0,15.394957983193276,2.991596638655462,5.243697478991597,0.9915966386554621,16.03361344537815,0,0,0,0,0,63591.26050420168,23896.201680672268,1059960.4705882352,43111.26050420168,69132.9075630252,1536.7563025210084,262.92436974789916,2811.747899159664,1703.4621848739498,432.1512605042017,1740.3361344537814,374.30252100840335,1873.9663865546217,2088.235294117647,535.9159663865546,0,0,0,0,0,0,0,0,0,0,0,0,0,0,0,0,0,0,0,0
1693106280,0.43290043290043273,0.4464705329448261,0.11585069162862888,0.04384811014645273,1.5104129646741054,0.4858228071725107,0.14845605700712602,0.12680240562278106,0.09906090264294454,0.05816433363061732,0,0.13367452163617627,0.07840370065467098,0.47813119009130023,0.2591784272897866,4.400279476396639,6.021502556631267,0.9187987163743367,0.4305423112338848,9.675363357381467,3.411268938256357,0.3278717785035624,0.6407103724367802,1.6171870606648937,0.9323127069680874,0.00003814375301495393,0.290213312072719,1.3621046905013823,2.5326093053436867,0.8367716734097231,3.380746237889096,5.40464329354262,1.2511874695891936,0.2850127159519432,7.392138744757984,2.760356858934723,0.4206254948535232,0.47098036374175745,1.4264769980584182,0.6204195587265894,0,0.15277088186991553,1.0388490336743919,1.183943899273697,0.712740675046914,50000,100000,50000,50000,50000,50000,10000,50000,50000,20000,50000,0,4595712,0,220594176,0,0,1757184,0,0,2973696,0,0,0,0,3919872,635.3741496598637,3.1017952815114205,0,2.8939752696658774,243.94057857701327,657.3182581044077,0,0,205.29381463723897,5.118461359494358,0,0,102.19922380336352,0,8.552888100562967,0,0,0,0,0,0,0,0,0,0,0,0,0,0,0,224342016,76369920,10711040,439984128,111415296,349663232,39596032,10878976,310304768,93900800,4952064,3993600,305532928,16072704,134160384,206266368,68935680,9596928,199372800,103809024,331702272,35684352,9596928,291151872,83128320,4055040,2568192,295342080,14868480,36630528,0,0,0,0,0,0,0,0,0,0,0,0,0,0,0,207978496,76140544,10358784,424943616,107520000,334626816,39518208,10510336,295522304,92913664,4796416,2912256,297467904,15691776,42164224,190136320,71544832,10358784,211648512,107520000,334626816,37761024,10510336,295522304,89939968,4796416,2912256,297467904,15691776,38514688,1073741824,1073741824,314572800,0,1073741824,1073741824,1073741824,314572800,1073741824,0,0,0,1073741824,314572800,2147483648,9.775354826581447,0,4.651623119556612,0,0,11.987002262152643,35227.37099351443,0,19927.157561361837,0,0,40329.545571236384,9.775354826581447,0,4.651623119556612,0,0,11.987002262152643,35227.37099351443,0,19927.157561361837,0,0,40329.545571236384,100.57528268200754,49.997787708508476,474.23786053304127,20.90723422551865,33.896731054977714,38.78641613514911,16.51272308345292,58.645734650606755,40.04354963360243,89.92602365358339,0,0,0,0,0,0,0,0,0,0,119371.17855804625,120796.1594619707,1580384.424059876,99284.15564871546,332370.74665676075,549701.7263033467,3003.3348828748713,8756.43975278567,501351.3287931693,122674.9988220327,0,0,0,0,0,0,0,0,0,0,118.6933809429346,40.44068846511216,462.28094194961665,27.947973771901534,46.56389301634473,52.33087891250277,14.794753117610204,72.08914151666892,52.93167546579514,120.76520755783821,0,0,0,0,0,0,0,0,0,0,23779.298640040557,6637.870005751958,141105.51296093466,5701.22541115769,11946.60104011887,6442.756175043712,2778.6446227540073,10176.997338385889,11272.068991219494,22762.356876973095,0,0,0,0,0,0,0,0,0,0,64,22,66,10,10,2,10,116,0,0,0,0,0.0086554820415879,0.0030573543015726175,0.03001297257227576,0.015786199095022626,0.0015075528700906346,0.003,0.003010362694300518,0.0031775117126496616,0.021300675675675677,0.004703237742830712,0.06754736842105263,0.02367307692307693,0.004320845921450152,0.0046,0.004618652849740933,0.004919521082769391,0.02343412162162162,0.004908973172987973,0.0839315789473684,0.024658936651583717,0.004672507552870092,0.0048,0.004819689119170984,0.006962053571428577,0.035859375000000165,0.008427586206896544,0.09703894736842104,0.04560937500000015,0.004953836858006043,0.00496,0.004980518134715026,0.009451934523809527,0.45892857142857146,0.375,0.3861052815669815,0.4569088319088319,0.8717391304347826,0.375,0.4578571428571429,0.46894113149847094,2.1826633165829143,2.163709677419355,0.49498950682056664,2.121086956521739,2.1237068965517243,0.475,2.123706896551724,2.174727838258165,2.3413316582914576,2.331854838709677,0.6936023622047239,2.31054347826087,2.3118534482758624,0.4875,2.3118534482758624,2.3373639191290825,2.4682663316582922,2.4663709677419354,0.938720472440945,2.462108695652174,2.462370689655172,0.4975,2.462370689655172,2.467472783825816,397.3781512604987,396.9579831932824,396.9915966386492,392.45378151259877,396.40336134453224,149349315.76470587,48280963.22689076,0,38694808.7394958,54079728.94117647,3537500142.789916,2555064836.3025208,1583317818.0840335,4800861640.067226,4386545595.159663,0,0,0,0,0,15.46218487394958,2.033613445378151,5.243697478991597,0.9915966386554621,16.050420168067227,0,0,0,0,0,63746.1512605042,19008.53781512605,1059960.4705882352,43111.26050420168,69322.21848739496,1542.1512605042014,263.44537815126046,2811.9495798319326,1705.1932773109245,432.55462184873943,1745.5462184873948,374.77310924369743,1874.1680672268908,2089.5630252100837,536.2857142857143,0,0,0,0,0,0,0,0,0,0,0,0,0,0,0,0,0,0,0,0
1693106281,0.43290043290043273,0.4464705329448261,0.11585069162862888,0.04384811014645273,1.5104129646741054,0.4858228071725107,0.14845605700712602,0.12680240562278106,0.09906090264294454,0.05816433363061732,0,0.13367452163617627,0.07840370065467098,0.47813119009130023,0.26431968329862965,4.400279476396639,6.021502556631267,0.9187987163743367,0.4305423112338848,9.675363357381467,3.411268938256357,0.3278717785035624,0.6407103724367802,1.6171870606648937,0.9323127069680874,0.00005860484420859112,0.290213312072719,1.3621046905013823,2.5326093053436867,0.8533704985470377,3.380746237889096,5.40464329354262,1.2511874695891936,0.2850127159519432,7.392138744757984,2.760356858934723,0.4206254948535232,0.47098036374175745,1.4264769980584182,0.6204195587265894,0,0.15277088186991553,1.0388490336743919,1.183943899273697,0.7268791290712323,50000,100000,50000,50000,50000,50000,10000,50000,50000,20000,50000,0,4595712,0,220594176,0,0,1757184,0,0,2973696,0,0,0,0,3919872,635.3741496598637,3.1017952815114205,0,2.8939752696658774,243.94057857701327,657.3182581044077,0,0,205.29381463723897,5.118461359494358,0,0,102.19922380336352,0,8.722549548854786,0,0,0,0,0,0,0,0,0,0,0,0,0,0,0,224342016,76369920,10711040,439984128,111415296,349663232,39596032,10878976,310304768,93900800,4952064,3993600,305532928,16072704,134160384,206266368,68935680,9596928,199372800,103809024,331702272,35684352,9596928,291151872,83128320,4055040,2568192,295342080,14868480,36630528,0,0,0,0,0,0,0,0,0,0,0,0,0,0,0,207978496,76140544,10358784,424943616,107520000,334626816,39518208,10510336,295522304,92913664,4796416,2912256,297467904,15691776,42164224,190136320,71544832,10358784,211648512,107520000,334626816,37761024,10510336,295522304,89939968,4796416,2912256,297467904,15691776,38514688,1073741824,1073741824,314572800,0,1073741824,1073741824,1073741824,314572800,1073741824,0,0,0,1073741824,314572800,2147483648,9.775354826581447,0,4.651623119556612,0,0,12.224785352561632,35227.37099351443,0,19927.157561361837,0,0,41129.5524262444,9.775354826581447,0,4.651623119556612,0,0,12.224785352561632,35227.37099351443,0,19927.157561361837,0,0,41129.5524262444,100.57528268200754,49.997787708508476,474.23786053304127,20.8589916524935,33.896731054977714,38.704861435103105,16.51272308345292,58.645734650606755,40.827556635660216,89.92602365358339,0,0,0,0,0,0,0,0,0,0,119371.17855804625,120796.1594619707,1580384.424059876,99540.45706019197,332370.74665676075,550265.8206587664,3003.3348828748713,8756.43975278567,511167.2156428951,122674.9988220327,0,0,0,0,0,0,0,0,0,0,118.6933809429346,40.44068846511216,462.28094194961665,27.74030848630579,46.56389301634473,51.954838107679386,14.794753117610204,72.08914151666892,53.96801726305204,120.76520755783821,0,0,0,0,0,0,0,0,0,0,23779.298640040557,6637.870005751958,141105.51296093466,5653.8619435810215,11946.60104011887,6416.646449566109,2778.6446227540073,10176.997338385889,11492.76323779994,22762.356876973095,0,0,0,0,0,0,0,0,0,0,24,24,50,14,16,2,14,72,0,0,0,0,0.0086554820415879,0.0030573543015726175,0.03001297257227576,0.015786199095022626,0.0015075528700906346,0.003,0.003010362694300518,0.00317165277096616,0.021300675675675677,0.004703237742830712,0.06754736842105263,0.02367307692307693,0.004320845921450152,0.0046,0.004618652849740933,0.0049089749877390875,0.02343412162162162,0.004908973172987973,0.0839315789473684,0.024658936651583717,0.004672507552870092,0.0048,0.004819689119170984,0.0068637681159420165,0.035859375000000165,0.008427586206896544,0.09703894736842104,0.04560937500000015,0.004953836858006043,0.00496,0.004980518134715026,0.009430724637681147,0.45892857142857146,0.375,0.3861052815669815,0.4569088319088319,0.8717391304347826,0.375,0.4578571428571429,0.4905159332321699,2.1826633165829143,2.163709677419355,0.49498950682056664,2.121086956521739,2.1237068965517243,0.475,2.123706896551724,2.193068391866913,2.3413316582914576,2.331854838709677,0.6936023622047239,2.31054347826087,2.3118534482758624,0.4875,2.3118534482758624,2.3465341959334562,2.4682663316582922,2.4663709677419354,0.938720472440945,2.462108695652174,2.462370689655172,0.4975,2.462370689655172,2.469306839186691,397.34453781511104,396.8907563025128,396.90756302520805,392.4705882353088,396.48739495798367,132755283.89915965,48280963.22689076,0,38694808.7394958,54079728.94117647,3466842972.5042014,2611851780.3025208,1583320571.697479,4616422615.12605,4308189459.361344,0,0,0,0,0,15.310924369747898,2.033613445378151,5.294117647058823,0.9915966386554621,16.067226890756302,0,0,0,0,0,63307.294117647056,19008.53781512605,1060166.9915966387,43111.26050420168,69399.66386554622,1546.5714285714284,263.7310924369748,2812.6050420168067,1710.689075630252,433.6134453781512,1749.613445378151,374.7731092436975,1874.235294117647,2096.0336134453783,537.3613445378151,0,0,0,0,0,0,0,0,0,0,0,0,0,0,0,0,0,0,0,0
1693106282,0.43290043290043273,0.37799435515033825,0.11585069162862888,0.04384811014645273,1.5104129646741054,0.3563359299278461,0.14845605700712602,0.12680240562278108,0.09906090264294454,0.04670138888888893,0,0.13367452163617627,0.07840370065467098,0.47813119009130023,0.3084753605305773,4.400279476396639,5.097971328403937,0.9187987163743367,0.4305423112338848,9.675363357381467,2.700511372167143,0.3278717785035624,0.6407103724367803,1.6171870606648937,0.77401265842882,0.00005860484420859112,0.290213312072719,1.3621046905013823,2.5326093053436867,0.9959295082388621,3.380746237889096,4.575721141293558,1.2511874695891936,0.2850127159519432,7.392138744757984,2.1083209187397776,0.4206254948535232,0.47098036374175756,1.4264769980584182,0.5137152777777793,0,0.15277088186991553,1.0388490336743919,1.183943899273697,0.8483072414590885,50000,100000,50000,50000,50000,50000,10000,50000,50000,20000,50000,0,4595712,0,220594176,0,0,1757184,0,0,2973696,0,0,0,0,3919872,635.3741496598637,2.6260660463076104,0,2.8939752696658774,243.94057857701327,513.4800750260257,0,0,205.29381463723897,4.6234375,0,0,102.19922380336352,0,10.179686897509061,0,0,0,0,0,0,0,0,0,0,0,0,0,0,0,224342016,76369920,10711040,439984128,111415296,349663232,39596032,10878976,310304768,93900800,4952064,3993600,305532928,16072704,134160384,206266368,68935680,9596928,199372800,103809024,331702272,35684352,9596928,291151872,83128320,4055040,2568192,295342080,14868480,36630528,0,0,0,0,0,0,0,0,0,0,0,0,0,0,0,207978496,76140544,10358784,424943616,107520000,334626816,39518208,10510336,295522304,92913664,4796416,2912256,297467904,15691776,42164224,190136320,71544832,10358784,211648512,107520000,334626816,37761024,10510336,295522304,89939968,4796416,2912256,297467904,15691776,38514688,1073741824,1073741824,314572800,0,1073741824,1073741824,1073741824,314572800,1073741824,0,0,0,1073741824,314572800,2147483648,8.276086933817924,0,4.651623119556612,0,0,14.266985424539214,29824.47082119247,0,19927.157561361837,0,0,48000.41130048071,8.276086933817924,0,4.651623119556612,0,0,14.266985424539214,29824.47082119247,0,19927.157561361837,0,0,48000.41130048071,100.57528268200754,49.997787708508476,484.1659698996655,20.8589916524935,33.896731054977714,38.704861435103105,16.51272308345292,60.27754460538301,47.04042012346714,89.92602365358339,0,0,0,0,0,0,0,0,0,0,119371.17855804625,120796.1594619707,1581801.4214046823,99540.45706019197,332370.74665676075,550265.8206587664,3003.3348828748713,9011.108928220607,588953.2109835471,122674.9988220327,0,0,0,0,0,0,0,0,0,0,118.6933809429346,40.44068846511216,471.62416387959865,27.74030848630579,46.56389301634473,51.954838107679386,14.794753117610204,73.67255451769034,62.1805078354144,120.76520755783821,0,0,0,0,0,0,0,0,0,0,23779.298640040557,6637.870005751958,143622.96195652173,5653.8619435810215,11946.60104011887,6416.646449566109,2778.6446227540073,10415.959707810183,13241.654794826673,22762.356876973095,0,0,0,0,0,0,0,0,0,0,32,20,44,18,20,2,18,100,0,0,0,0,0.008705400192864029,0.0030639698965192847,0.030099778270509976,0.015844370860927152,0.0016402439024390243,0.003,0.003021857923497268,0.0031742738589211617,0.021207509881422924,0.004715145813734713,0.06699784017278616,0.023698675496688745,0.0043475609756097565,0.0046,0.004639344262295081,0.004913692946058092,0.02327173913043478,0.004921542803386641,0.0836609071274298,0.024680463576158943,0.004685975609756097,0.0048,0.004841530054644808,0.006891549295774649,0.02492312252964427,0.009112499999999973,0.09699136069114471,0.045691176470588166,0.004956707317073171,0.00496,0.00537533258637515,0.009400845070422548,0.4573943661971831,0.3739583333333334,0.3858274647887324,0.4570530726256983,0.8563829787234042,0.375,0.45108695652173914,0.48809523809523814,2.1815548780487806,2.1628073770491802,0.49448943661971834,2.1214893617021278,2.1035714285714286,0.475,2.1035714285714286,2.191266173752311,2.3407774390243903,2.3314036885245897,0.686382113821138,2.310744680851064,2.3017857142857143,0.4875,2.3017857142857143,2.345633086876155,2.468155487804878,2.4662807377049174,0.9372764227642276,2.4621489361702125,2.460357142857143,0.4975,2.460357142857143,2.469126617375231,397.22689075630024,396.9243697479146,396.99159663866294,392.504201680681,396.504201680674,149350004.16806722,48280963.22689076,0,38694808.7394958,54079728.94117647,3467028841.4117646,2555076814.5210085,1524835543.1260505,4801056458.218487,4386527903.193277,0,0,0,0,0,15.361344537815125,2.033613445378151,5.294117647058823,0.9915966386554621,16.15126050420168,0,0,0,0,0,63522.42016806723,19008.53781512605,1060166.9915966387,43111.26050420168,69666.42016806723,1551.6638655462184,263.93277310924367,2813.378151260504,1714.218487394958,434.38655462184863,1755.0588235294117,375.3109243697479,1875.2605042016808,2099.1092436974786,538.1008403361345,0,0,0,0,0,0,0,0,0,0,0,0,0,0,0,0,0,0,0,0
1693106283,0.4329004329004329,0.38899976321753543,0.11585069162862888,0.04384811014645273,1.5104129646741054,0.30000000000000027,0.14845605700712602,0.08767819264020149,0.10023304182223625,0.04761034758580575,0,0.13367452163617627,0.07840370065467098,0.47813119009130023,0.3084753605305773,4.400279476396641,6.475580480668408,0.9187987163743367,0.4305423112338848,9.675363357381467,2.2735664400000037,0.3278717785035624,0.5101235679125624,1.546966073621162,0.7890774253263624,0.00005860484420859112,0.290213312072719,1.3621046905013823,2.5326093053436867,0.9959295082388621,3.3807462378890962,5.7335182491628,1.2511874695891936,0.2850127159519432,7.392138744757984,1.77500000000002,0.4206254948535232,0.32879322240075515,1.428320845966874,0.5237138234438643,0,0.15277088186991553,1.0388490336743919,1.183943899273697,0.8483072414590885,50000,100000,50000,50000,50000,50000,10000,50000,50000,20000,50000,0,4730880,0,220594176,0,0,1757184,0,0,2973696,0,0,0,0,3919872,635.374149659864,4.465040760409972,0,2.8939752696658774,243.94057857701327,432.3,0,0,180.26912571729272,4.713424410994765,0,0,102.19922380336352,0,10.179686897509061,0,0,0,0,0,0,0,0,0,0,0,0,0,0,0,224342016,76873728,10711040,439984128,111415296,349663232,39596032,10878976,310304768,93900800,4952064,3993600,305532928,16072704,134160384,206266368,69070848,9596928,199372800,103809024,331702272,35684352,9596928,291151872,83128320,4055040,2568192,295342080,14868480,36630528,0,0,0,0,0,0,0,0,0,0,0,0,0,0,0,207978496,76578816,10358784,424943616,107520000,334626816,39518208,10510336,295522304,92913664,4796416,2912256,297467904,15691776,42164224,190136320,71847936,10358784,211648512,107520000,334626816,37761024,10510336,295522304,89939968,4796416,2912256,297467904,15691776,38514688,1073741824,1073741824,314572800,0,1073741824,1073741824,1073741824,314572800,1073741824,0,0,0,1073741824,314572800,2147483648,10.672123938707168,0,4.651623119556612,0,0,14.266985424539214,41175.79406690796,0,19927.157561361837,0,0,48000.41130048071,10.672123938707168,0,4.651623119556612,0,0,14.266985424539214,41175.79406690796,0,19927.157561361837,0,0,48000.41130048071,100.57528268200754,49.997787708508476,484.1659698996655,20.8589916524935,33.896731054977714,38.704861435103105,16.51272308345292,60.27754460538301,47.04042012346714,89.92602365358339,0,0,0,0,0,0,0,0,0,0,119371.17855804625,120796.1594619707,1581801.4214046823,99540.45706019197,332370.74665676075,550265.8206587664,3003.3348828748713,9011.108928220607,588953.2109835471,122674.9988220327,0,0,0,0,0,0,0,0,0,0,118.6933809429346,40.44068846511216,471.62416387959865,27.74030848630579,46.56389301634473,51.954838107679386,14.794753117610204,73.67255451769034,62.1805078354144,120.76520755783821,0,0,0,0,0,0,0,0,0,0,23779.298640040557,6637.870005751958,143622.96195652173,5653.8619435810215,11946.60104011887,6416.646449566109,2778.6446227540073,10415.959707810183,13241.654794826673,22762.356876973095,0,0,0,0,0,0,0,0,0,0,42,22,58,6,8,2,6,66,0,0,0,0,0.008705400192864029,0.0030639698965192847,0.030099778270509976,0.015844370860927152,0.0015147928994082842,0.003,0.003027350427350428,0.0031742738589211617,0.021207509881422924,0.004715145813734713,0.06699784017278616,0.023698675496688745,0.0043218934911242604,0.0046,0.004649230769230769,0.004913692946058092,0.02327173913043478,0.004921542803386641,0.0836609071274298,0.024680463576158943,0.004672781065088757,0.0048,0.004851965811965813,0.006891549295774649,0.02492312252964427,0.009112499999999973,0.09699136069114471,0.045691176470588166,0.004953491124260355,0.00496,0.006479695292376837,0.009400845070422548,0.4573943661971831,0.3739583333333334,0.3858274647887324,0.4570530726256983,0.8755319148936171,0.375,0.4588028169014085,0.48809523809523814,2.1815548780487806,2.1628073770491802,0.49448943661971834,2.1214893617021278,2.1262605042016807,0.475,2.1262605042016807,2.191266173752311,2.3407774390243903,2.3314036885245897,0.686382113821138,2.310744680851064,2.3131302521008403,0.4875,2.3131302521008403,2.345633086876155,2.468155487804878,2.4662807377049174,0.9372764227642276,2.4621489361702125,2.462626050420168,0.4975,2.462626050420168,2.469126617375231,397.1764705882441,396.92436974791764,397.12605042015446,392.6050420167928,396.4705882353066,149350004.16806722,48280963.22689076,0,38694808.7394958,54079728.94117647,3608741698.6890755,2611892877.9831934,1466423554.1512604,4801140718.789916,4308161028.302521,0,0,0,0,0,15.34453781512605,2.033613445378151,5.294117647058823,0.9915966386554621,16.285714285714285,0,0,0,0,0,63350.31932773109,19008.53781512605,1060166.9915966387,43111.26050420168,70174.11764705883,1555.579831932773,264.2016806722689,2814.1008403361343,1723.1932773109245,436.40336134453776,1759.0420168067226,375.56302521008405,1875.6638655462184,2108.3697478991594,540.2016806722689,0,0,0,0,0,0,0,0,0,0,0,0,0,0,0,0,0,0,0,0
1693106284,0.4329004329004329,0.35580066267873406,0.11585069162862888,0.04384811014645273,1.198731770335796,0.4261905295978116,0.14845605700712602,0.08949378311561386,0.10023304182223625,0.05453752181500877,0,0.13367452163617627,0.07840370065467098,0.47813119009130023,0.3084753605305773,4.400279476396641,6.599676941893307,0.9187987163743367,0.4305423112338848,7.613891131656842,3.0096862856373745,0.3278717785035624,0.5206869185393951,1.546966073621162,0.9038860138525312,0.00005860484420859112,0.290213312072719,1.3621046905013823,2.5326093053436867,0.9959295082388621,3.3807462378890962,5.870710934199108,1.2511874695891936,0.2850127159519432,5.736787758035623,2.28797021152508,0.4206254948535232,0.33560168668355145,1.428320845966874,0.5999127399650978,0,0.15277088186991553,1.0388490336743919,1.183943899273697,0.8483072414590885,50000,100000,50000,50000,50000,50000,10000,50000,50000,20000,50000,0,4730880,0,220594176,0,0,1757184,0,0,2973696,0,0,0,0,3919872,635.374149659864,4.403033200649336,0,2.8939752696658774,172.36050383471164,503.3534465355196,0,0,180.26912571729272,5.399214659685864,0,0,102.19922380336352,0,10.179686897509061,0,0,0,0,0,0,0,0,0,0,0,0,0,0,0,224342016,76873728,10711040,439984128,111415296,349663232,39596032,10878976,310304768,93900800,4952064,3993600,305532928,16072704,134160384,206266368,69070848,9596928,199372800,103809024,331702272,35684352,9596928,291151872,83128320,4055040,2568192,295342080,14868480,36630528,0,0,0,0,0,0,0,0,0,0,0,0,0,0,0,207978496,76578816,10358784,424943616,107520000,334417920,39518208,10510336,295522304,92913664,4796416,2912256,297467904,15691776,42164224,190136320,71847936,10358784,211648512,107520000,334417920,37761024,10510336,295522304,89939968,4796416,2912256,297467904,15691776,38514688,1073741824,1073741824,314572800,0,1073741824,1073741824,1073741824,314572800,1073741824,0,0,0,1073741824,314572800,2147483648,10.718494963196868,0,4.651623119556612,0,0,14.266985424539214,42160.955324779294,0,19927.157561361837,0,0,48000.41130048071,10.718494963196868,0,4.651623119556612,0,0,14.266985424539214,42160.955324779294,0,19927.157561361837,0,0,48000.41130048071,100.57528268200754,49.997787708508476,399.8140361900323,20.8589916524935,33.896731054977714,38.704861435103105,15.031353744005905,60.27754460538301,41.283064703855786,89.92602365358339,0,0,0,0,0,0,0,0,0,0,119371.17855804625,120796.1594619707,1305050.6384568333,99540.45706019197,332370.74665676075,550265.8206587664,2776.7121603344403,9011.108928220607,516870.24590258574,122674.9988220327,0,0,0,0,0,0,0,0,0,0,118.6933809429346,40.44068846511216,389.6000353689186,27.74030848630579,46.56389301634473,51.954838107679386,13.740317226115828,73.67255451769034,54.5701318472583,120.76520755783821,0,0,0,0,0,0,0,0,0,0,23779.298640040557,6637.870005751958,117631.21522167296,5653.8619435810215,11946.60104011887,6416.646449566109,2574.5419894257966,10415.959707810183,11620.986595063176,22762.356876973095,0,0,0,0,0,0,0,0,0,0,28,20,56,8,10,2,6,68,0,0,0,0,0.008705400192864029,0.0030639698965192847,0.030099778270509976,0.015844370860927152,0.0015147928994082842,0.003,0.003027350427350428,0.0031742738589211617,0.021207509881422924,0.004715145813734713,0.06699784017278616,0.023698675496688745,0.0043218934911242604,0.0046,0.004649230769230769,0.004913692946058092,0.02327173913043478,0.004921542803386641,0.0836609071274298,0.024680463576158943,0.004672781065088757,0.0048,0.004851965811965813,0.006891549295774649,0.02492312252964427,0.009112499999999973,0.09699136069114471,0.045691176470588166,0.004953491124260355,0.00496,0.006479695292376837,0.009400845070422548,0.4573943661971831,0.3739583333333334,0.3858274647887324,0.4570530726256983,0.8755319148936171,0.375,0.4588028169014085,0.48809523809523814,2.1815548780487806,2.1628073770491802,0.49448943661971834,2.1214893617021278,2.1262605042016807,0.475,2.1262605042016807,2.191266173752311,2.3407774390243903,2.3314036885245897,0.686382113821138,2.310744680851064,2.3131302521008403,0.4875,2.3131302521008403,2.345633086876155,2.468155487804878,2.4662807377049174,0.9372764227642276,2.4621489361702125,2.462626050420168,0.4975,2.462626050420168,2.469126617375231,397.1428571428556,396.87394957982565,397.00840336135053,392.67226890756126,396.403361344522,149350004.16806722,48280963.22689076,0,38694808.7394958,54079728.94117647,3750406849.6134453,2555116673.07563,1466329518.2521007,4708816809.949579,4229932522.487395,0,0,0,0,0,15.3781512605042,2.033613445378151,5.294117647058823,0.9915966386554621,16.386554621848738,0,0,0,0,0,63427.76470588235,19008.53781512605,1060166.9915966387,43111.26050420168,70552.73949579832,1558.268907563025,264.08403361344534,2812.924369747899,1731.6302521008402,438.18487394957975,1761.4957983193276,375.42857142857144,1875.3949579831933,2117.075630252101,541.8823529411765,0,0,0,0,0,0,0,0,0,0,0,0,0,0,0,0,0,0,0,0
1693106285,0.3564637994021941,0.35580066267873406,0.11585069162862888,0.04384811014645273,1.2242055369051164,0.4261905295978116,0.12700168250197952,0.09130937359102623,0.10023304182223625,0.05453752181500877,0,0.17115332893224786,0.07840370065467098,0.47813119009130023,0.3084753605305773,3.127801002046693,6.599676941893307,0.9187987163743367,0.4305423112338848,7.775690868822156,3.0096862856373745,0.2804888419801559,0.5312502691662276,1.546966073621162,0.9038860138525312,0.00005860484420859112,0.28824899630797807,1.3621046905013823,2.5326093053436867,0.9959295082388621,2.2758842577217218,5.870710934199108,1.2511874695891936,0.2850127159519432,5.8586979266173715,2.28797021152508,0.3598381004222748,0.3424101509663478,1.428320845966874,0.5999127399650978,0,0.1467028533704979,1.0388490336743919,1.183943899273697,0.8483072414590885,50000,100000,50000,50000,50000,50000,10000,50000,50000,20000,50000,0,4730880,0,220594176,0,0,1757184,0,0,2973696,0,0,0,0,3919872,249.74402191962804,4.403033200649336,0,2.8939752696658774,176.02326755642895,503.3534465355196,0,0,180.26912571729272,5.399214659685864,0,0,102.19922380336352,0,10.179686897509061,0,0,0,0,0,0,0,0,0,0,0,0,0,0,0,224342016,76873728,10711040,439984128,111415296,349663232,39596032,10878976,310304768,93900800,4952064,3993600,305532928,16072704,134160384,206266368,69070848,9596928,199372800,103809024,331702272,35684352,9596928,291151872,83128320,4055040,2568192,295342080,14868480,36630528,0,0,0,0,0,0,0,0,0,0,0,0,0,0,0,207978496,76578816,10358784,424943616,107520000,334417920,39518208,10510336,295522304,92913664,4796416,2912256,297467904,15691776,42164224,190136320,71847936,10358784,211648512,107520000,334417920,37761024,10510336,295522304,89939968,4796416,2912256,297467904,15691776,38514688,1073741824,1073741824,314572800,0,1073741824,1073741824,1073741824,314572800,1073741824,0,0,0,1073741824,314572800,2147483648,10.718494963196868,0,3.979386051728688,0,0,14.266985424539214,42160.955324779294,0,17047.35117445236,0,0,48000.41130048071,10.718494963196868,0,3.979386051728688,0,0,14.266985424539214,42160.955324779294,0,17047.35117445236,0,0,48000.41130048071,100.57528268200754,49.997787708508476,407.8602571251033,20.8589916524935,33.896731054977714,38.704861435103105,15.031353744005905,60.27754460538301,48.42836257309941,89.92602365358339,0,0,0,0,0,0,0,0,0,0,119371.17855804625,120796.1594619707,1331314.663273331,99540.45706019197,332370.74665676075,550265.8206587664,2776.7121603344403,9011.108928220607,591673.2050032489,122674.9988220327,0,0,0,0,0,0,0,0,0,0,118.6933809429346,40.44068846511216,397.44070047103077,27.74030848630579,46.56389301634473,51.954838107679386,13.740317226115828,73.67255451769034,63.94168291098115,120.76520755783821,0,0,0,0,0,0,0,0,0,0,23779.298640040557,6637.870005751958,119998.53267644235,5653.8619435810215,11946.60104011887,6416.646449566109,2574.5419894257966,10415.959707810183,13958.881578947368,22762.356876973095,0,0,0,0,0,0,0,0,0,0,26,14,42,12,14,2,14,70,0,0,0,0,0.008705400192864029,0.0030639698965192847,0.030099778270509976,0.015844370860927152,0.0015147928994082842,0.003,0.003027350427350428,0.0031802860061287026,0.021207509881422924,0.004715145813734713,0.06699784017278616,0.023698675496688745,0.0043218934911242604,0.0046,0.004649230769230769,0.004924514811031665,0.02327173913043478,0.004921542803386641,0.0836609071274298,0.024680463576158943,0.004672781065088757,0.0048,0.004851965811965813,0.006987891737891739,0.02492312252964427,0.009112499999999973,0.09699136069114471,0.045691176470588166,0.004953491124260355,0.00496,0.006479695292376837,0.009420370370370372,0.4573943661971831,0.3739583333333334,0.3858274647887324,0.4570530726256983,0.8755319148936171,0.375,0.4588028169014085,0.47229626808834724,2.1815548780487806,2.1628073770491802,0.49448943661971834,2.1214893617021278,2.1262605042016807,0.475,2.1262605042016807,2.1780542986425337,2.3407774390243903,2.3314036885245897,0.686382113821138,2.310744680851064,2.3131302521008403,0.4875,2.3131302521008403,2.3390271493212667,2.468155487804878,2.4662807377049174,0.9372764227642276,2.4621489361702125,2.462626050420168,0.4975,2.462626050420168,2.4678054298642538,397.02521008404545,396.9579831932629,397.07563025208947,392.7058823529401,396.31932773109617,165944793.2773109,48280963.22689076,0,38694808.7394958,54079728.94117647,3750408777.142857,2555181864.8739495,1349198718.9243696,4708799049.142857,4308233930.218487,0,0,0,0,0,14.789915966386554,2.033613445378151,5.243697478991597,0.9915966386554621,15.798319327731091,0,0,0,0,0,57567.731092436974,19008.53781512605,1059771.1596638656,43111.26050420168,65381.10924369748,1552.3193277310925,264.7731092436975,2814.319327731092,1720.9243697478992,434.47058823529403,1755.9495798319326,376.1344537815126,1875.9327731092437,2107.378151260504,538.2521008403362,0,0,0,0,0,0,0,0,0,0,0,0,0,0,0,0,0,0,0,0
1693106286,0.36365963688697217,0.35580066267873406,0.16182975509763725,0.04384811014645273,1.249679303474437,0.4261905295978116,0.12452741488519407,0.09312496406643858,0.10023304182223625,0.05453752181500877,0,0.17115332893224786,0.0814863102998703,0.47813119009130023,0.3084753605305773,3.1909410676948724,6.599676941893307,6.039988040781099,0.4305423112338848,7.937490605987472,3.0096862856373745,0.27502431233842983,0.5418136197930602,1.546966073621162,0.9038860138525312,0.00004259335071427005,0.28824899630797807,1.2331949750108686,2.5326093053436867,0.9959295082388621,2.321826912432228,5.870710934199108,6.239436113208906,0.2850127159519432,5.98060809519912,2.28797021152508,0.3528276755080494,0.34921861524914416,1.428320845966874,0.5999127399650978,0,0.1467028533704979,0.8691873098652767,1.183943899273697,0.8483072414590885,50000,100000,50000,50000,50000,50000,10000,50000,50000,20000,50000,0,4730880,2162688,220594176,0,0,1757184,0,0,2973696,0,0,0,0,3919872,254.7855363666556,4.403033200649336,91.37986837846586,2.8939752696658774,179.68603127814623,503.3534465355196,0,0,180.26912571729272,5.399214659685864,0,0,118.31812255541068,0,10.179686897509061,0,0,2162688,0,0,0,0,0,0,0,0,0,0,0,0,224342016,76873728,16412672,439984128,111415296,349663232,39596032,10878976,310304768,93900800,4952064,3993600,305532928,16072704,134160384,206266368,69070848,12840960,199372800,103809024,331702272,35684352,9596928,291151872,83128320,4055040,2568192,295342080,14868480,36630528,0,0,0,0,0,0,0,0,0,0,0,0,0,0,0,207978496,76578816,16154624,424943616,107520000,334417920,39518208,10510336,295522304,92913664,4796416,2912256,297467904,15691776,42164224,190136320,71847936,16154624,211648512,107520000,334417920,37761024,10510336,295522304,89939968,4796416,2912256,297467904,15691776,38514688,1073741824,1073741824,314572800,0,1073741824,1073741824,1073741824,314572800,1073741824,0,0,0,1073741824,314572800,2147483648,10.718494963196868,0,3.9018589997360773,0,0,14.266985424539214,42160.955324779294,0,16715.231881762997,0,0,48000.41130048071,10.718494963196868,0,3.9018589997360773,0,0,14.266985424539214,42160.955324779294,0,16715.231881762997,0,0,48000.41130048071,84.62130782758497,49.997787708508476,415.9064780601743,20.8589916524935,33.72805019988867,38.704861435103105,15.031353744005905,60.22573563651684,48.42836257309941,89.92602365358339,0,0,0,0,0,0,0,0,0,0,99492.87695734487,120796.1594619707,1357578.6880898287,99540.45706019197,334023.42998836096,550265.8206587664,2776.7121603344403,8997.64951105395,591673.2050032489,122674.9988220327,0,0,0,0,0,0,0,0,0,0,99.43003669741233,40.44068846511216,405.2813655731429,27.74030848630579,46.328627093770564,51.954838107679386,13.740317226115828,73.79648313635053,63.94168291098115,120.76520755783821,0,0,0,0,0,0,0,0,0,0,19993.810118257188,6637.870005751958,122365.85013121174,5653.8619435810215,11653.686554324175,6416.646449566109,2574.5419894257966,10423.5093243453,13958.881578947368,22762.356876973095,0,0,0,0,0,0,0,0,0,0,34,20,50,6,10,2,10,50,0,0,0,0,0.008705400192864029,0.0030639698965192847,0.030099778270509976,0.015844370860927152,0.0015147928994082842,0.003,0.003027350427350428,0.003173723687394144,0.021207509881422924,0.004715145813734713,0.06699784017278616,0.023698675496688745,0.0043218934911242604,0.0046,0.004649230769230769,0.00491270263730946,0.02327173913043478,0.004921542803386641,0.0836609071274298,0.024680463576158943,0.004672781065088757,0.0048,0.004851965811965813,0.006887640449438186,0.02492312252964427,0.009112499999999973,0.09699136069114471,0.045691176470588166,0.004953491124260355,0.00496,0.006479695292376837,0.009411235955056172,0.4573943661971831,0.3739583333333334,0.3858274647887324,0.4570530726256983,0.8755319148936171,0.375,0.4588028169014085,0.4916855631141345,2.1815548780487806,2.1628073770491802,0.49448943661971834,2.1214893617021278,2.1262605042016807,0.475,2.1262605042016807,2.1940054495912804,2.3407774390243903,2.3314036885245897,0.686382113821138,2.310744680851064,2.3131302521008403,0.4875,2.3131302521008403,2.34700272479564,2.468155487804878,2.4662807377049174,0.9372764227642276,2.4621489361702125,2.462626050420168,0.4975,2.462626050420168,2.469400544959128,397.0756302521021,396.89075630252154,397.2100840336066,392.68907563025033,396.3697478991795,165944793.2773109,48280963.22689076,0,38694877.57983193,54079728.94117647,3750536131.7647057,2498394576.672269,1290648705.0756302,4801106573.983193,4229962743.394958,0,0,0,0,0,14.80672268907563,2,5.310924369747899,0.9915966386554621,15.731092436974789,0,0,0,0,0,57593.54621848739,18664.33613445378,1060683.294117647,43111.26050420168,65088.537815126045,1554.9747899159665,264.62184873949576,2814.252100840336,1713.3277310924373,433.4117647058823,1758.3865546218487,375.9831932773109,1875.9495798319326,2099.361344537815,537.0588235294117,0,0,0,0,0,0,0,0,0,0,0,0,0,0,0,0,0,0,0,0
1693106287,0.4317502490866848,0.35580066267873406,0.16182975509763725,0.04384811014645273,1.2751530700437572,0.4261905295978116,0.15774805882249854,0.09494055454185095,0.10023304182223625,0.047735783885980265,0,0.17115332893224786,0.0814863102998703,0.47813119009130023,0.3084753605305773,3.788403938890771,6.599676941893307,6.039988040781099,0.4305423112338848,8.099290343152788,3.0096862856373745,0.33238154873538645,0.5523769704198928,1.546966073621162,0.7911563631582231,0.00004259335071427005,0.28824899630797807,1.2331949750108686,2.5326093053436867,0.9959295082388621,2.756559282630397,5.870710934199108,6.239436113208906,0.2850127159519432,6.102518263780868,2.28797021152508,0.4206614901933286,0.3560270795319405,1.428320845966874,0.525093622745784,0,0.1467028533704979,0.8691873098652767,1.183943899273697,0.8483072414590885,50000,100000,50000,50000,50000,50000,10000,50000,50000,20000,50000,0,4730880,2162688,220594176,0,0,1757184,0,0,2973696,0,0,0,0,3919872,302.4908668216539,4.403033200649336,91.37986837846586,2.8939752696658774,183.34879499986354,503.3534465355196,0,0,180.26912571729272,4.725842604712042,0,0,118.31812255541068,0,10.179686897509061,0,0,2162688,0,0,0,0,0,0,0,0,0,0,0,0,224342016,76873728,16412672,439984128,111415296,349663232,39677952,10878976,310304768,93900800,4952064,3993600,305532928,16072704,134160384,206266368,69070848,12840960,199372800,103809024,331702272,35684352,9596928,291151872,83128320,4055040,2568192,295342080,14868480,36630528,0,0,0,0,0,0,0,0,0,0,0,0,0,0,0,207978496,76578816,16154624,424943616,107520000,334417920,39436288,10510336,295522304,92913664,4796416,2912256,297467904,15691776,42164224,190136320,71847936,16154624,211648512,107520000,334417920,37679104,10510336,295522304,89939968,4796416,2912256,297467904,15691776,38514688,1073741824,1073741824,314572800,0,1073741824,1073741824,1073741824,314572800,1073741824,0,0,0,1073741824,314572800,2147483648,10.718494963196868,0,4.767496888857729,0,0,14.266985424539214,42160.955324779294,0,19680.227157204707,0,0,48000.41130048071,10.718494963196868,0,4.767496888857729,0,0,14.266985424539214,42160.955324779294,0,19680.227157204707,0,0,48000.41130048071,71,49.997787708508476,482.77325610425925,20.8589916524935,33.72805019988867,38.704861435103105,15.031353744005905,60.22573563651684,48.42836257309941,89.92602365358339,0,0,0,0,0,0,0,0,0,0,83477.725,120796.1594619707,1575841.4889898635,99540.45706019197,334023.42998836096,550265.8206587664,2776.7121603344403,8997.64951105395,591673.2050032489,122674.9988220327,0,0,0,0,0,0,0,0,0,0,83.42500000000001,40.44068846511216,470.4399061267289,27.74030848630579,46.328627093770564,51.954838107679386,13.740317226115828,73.79648313635053,63.94168291098115,120.76520755783821,0,0,0,0,0,0,0,0,0,0,16775.45,6637.870005751958,142039.04728616367,5653.8619435810215,11653.686554324175,6416.646449566109,2574.5419894257966,10423.5093243453,13958.881578947368,22762.356876973095,0,0,0,0,0,0,0,0,0,0,30,22,52,2,2,2,2,56,0,0,0,0,0.008743984600577476,0.003102955195424213,0.03029346210995542,0.015927947598253275,0.0016268656716417911,0.003,0.003032085561497327,0.003179666747162521,0.02124609375,0.004785319351763583,0.0682365145228216,0.02381441048034934,0.004344477611940299,0.0046,0.004657754010695189,0.004923400144892538,0.023289062499999996,0.0049956148713060046,0.08427385892116179,0.02480021834061135,0.004684179104477612,0.0048,0.004860962566844921,0.006988451086956513,0.024923437499999996,0.03621249999999992,0.09710373443983401,0.04865789473684205,0.004955940298507463,0.00496,0.007358934524079084,0.00944116847826087,0.45844875346260394,0.3739583333333334,0.3854239663629993,0.45844875346260394,0.8620331950207469,0.375,0.45299145299145305,0.4897940074906367,2.1817444219066937,2.1630346232179227,0.4937631394533988,2.125311203319502,2.10848623853211,0.475,2.1095890410958904,2.192574931880109,2.3408722109533464,2.3315173116089607,0.6752100840336128,2.312655601659751,2.3042431192660553,0.4875,2.3047945205479454,2.346287465940054,2.4681744421906693,2.466303462321792,0.9350420168067224,2.4625311203319495,2.4608486238532112,0.4975,2.460958904109589,2.4692574931880107,396.9747899159662,396.78991596639753,397.1596638655428,392.6218487394895,396.30252100839954,165944793.2773109,48280963.22689076,0,38694877.57983193,54079728.94117647,3750519678.92437,2498483518.3865547,1349834184.067227,4708845378.689075,4308205912.20168,0,0,0,0,0,15.22689075630252,2.6554621848739495,5.3277310924369745,0.9243697478991596,16.285714285714285,0,0,0,0,0,61896.06722689075,24446.9243697479,1060700.5042016807,29274.35294117647,71077.64705882352,1553.2100840336134,264.8235294117647,2814.3697478991594,1722.9747899159665,433.71428571428567,1756.6218487394958,376.16806722689074,1875.6974789915967,2109.764705882353,537.2605042016806,0,0,0,0,0,0,0,0,0,0,0,0,0,0,0,0,0,0,0,0
1693106288,0.4317502490866848,0.35580066267873406,0.16182975509763725,0.04384811014645273,1.3006268366130778,0.4261905295978115,0.15774805882249854,0.10893542852474206,0.08633935010009343,0.04682682518906346,0,0.17115332893224786,0.0814863102998703,0.47813119009130023,0.3084753605305773,3.788403938890771,6.599676941893307,6.039988040781099,0.4305423112338848,8.261090080318104,3.0096862856373736,0.33238154873538645,0.6338010376099563,1.3325350901773572,0.7760915962606809,0.00004259335071427005,0.28824899630797807,1.2331949750108686,2.5326093053436867,0.9959295082388621,2.756559282630397,5.870710934199108,6.239436113208906,0.2850127159519432,6.2244284323626164,2.28797021152508,0.4206614901933286,0.40850785696778213,1.2303357389263379,0.5150950770796991,0,0.1467028533704979,0.8691873098652767,1.183943899273697,0.8483072414590885,50000,100000,50000,50000,50000,50000,10000,50000,50000,20000,50000,0,4730880,2162688,220594176,0,0,1757184,0,0,2973696,0,0,0,0,3919872,302.4908668216539,4.403033200649336,91.37986837846586,2.8939752696658774,187.01155872158083,503.35344653551954,0,0,155.28132115501876,4.635855693717279,0,0,118.31812255541068,0,10.179686897509061,0,0,2162688,0,0,0,0,0,0,0,0,0,0,0,0,224342016,76873728,16412672,439984128,111415296,349663232,39677952,10878976,310304768,93900800,4952064,3993600,305532928,16072704,134160384,206266368,69070848,12840960,199372800,103809024,331702272,35684352,9596928,291151872,83128320,4055040,2568192,295342080,14868480,36630528,0,0,0,0,0,0,0,0,0,0,0,0,0,0,0,207978496,76578816,16154624,424943616,107520000,334417920,39436288,10510336,295522304,92913664,4796416,2912256,297467904,15691776,42164224,190136320,71847936,16154624,211648512,107520000,334417920,37679104,10510336,295522304,89939968,4796416,2912256,297467904,15691776,38514688,1073741824,1073741824,314572800,0,1073741824,1073741824,1073741824,314572800,1073741824,0,0,0,1073741824,314572800,2147483648,10.718494963196868,0,4.767496888857729,0,0,14.266985424539214,42160.955324779294,0,19680.227157204707,0,0,48000.41130048071,10.718494963196868,0,4.767496888857729,0,0,14.266985424539214,42160.955324779294,0,19680.227157204707,0,0,48000.41130048071,84.90840301953607,49.997787708508476,482.77325610425925,20.8589916524935,33.72805019988867,38.40062376647742,15.031353744005905,60.22573563651684,48.42836257309941,89.92602365358339,0,0,0,0,0,0,0,0,0,0,99830.42700639438,120796.1594619707,1575841.4889898635,99540.45706019197,334023.42998836096,550552.1551619113,2776.7121603344403,8997.64951105395,591673.2050032489,122674.9988220327,0,0,0,0,0,0,0,0,0,0,99.76737354795488,40.44068846511216,470.4399061267289,27.74030848630579,46.328627093770564,51.33890499744158,13.740317226115828,73.79648313635053,63.94168291098115,120.76520755783821,0,0,0,0,0,0,0,0,0,0,20061.643231465863,6637.870005751958,142039.04728616367,5653.8619435810215,11653.686554324175,6311.493384664116,2574.5419894257966,10423.5093243453,13958.881578947368,22762.356876973095,0,0,0,0,0,0,0,0,0,0,40,8,36,12,14,2,14,78,0,0,0,0,0.008743984600577476,0.003102955195424213,0.03029346210995542,0.015927947598253275,0.0015391304347826087,0.003,0.0030337837837837844,0.003179666747162521,0.02124609375,0.004785319351763583,0.0682365145228216,0.02381441048034934,0.004326376811594203,0.0046,0.004660810810810811,0.004923400144892538,0.023289062499999996,0.0049956148713060046,0.08427385892116179,0.02480021834061135,0.004674782608695653,0.0048,0.00486418918918919,0.006988451086956513,0.024923437499999996,0.03621249999999992,0.09710373443983401,0.04865789473684205,0.0049535072463768115,0.00496,0.007845018001768013,0.00944116847826087,0.45844875346260394,0.3739583333333334,0.3854239663629993,0.45844875346260394,0.8744813278008299,0.375,0.45844875346260394,0.4897940074906367,2.1817444219066937,2.1630346232179227,0.4937631394533988,2.125311203319502,2.124375,0.475,2.125311203319502,2.192574931880109,2.3408722109533464,2.3315173116089607,0.6752100840336128,2.312655601659751,2.3121875,0.4875,2.312655601659751,2.346287465940054,2.4681744421906693,2.466303462321792,0.9350420168067224,2.4625311203319495,2.4624375,0.4975,2.4625311203319495,2.4692574931880107,396.9411764705816,396.8403361344483,397.0924369747888,392.65546218486566,396.23529411765634,165944793.2773109,48280963.22689076,0,38694877.57983193,54079728.94117647,3750546388.9747896,2555285951.462185,1349828332.6386554,4801113802.218487,4229936584.067227,0,0,0,0,0,15.126050420168067,2.6554621848739495,5.3277310924369745,0.9243697478991596,16.201680672268907,0,0,0,0,0,61569.0756302521,24446.9243697479,1060700.5042016807,29274.35294117647,70776.47058823529,1545.4285714285713,261.89915966386553,2814.3865546218485,1710.201680672269,431.4957983193277,1749.6974789915967,373.327731092437,1875.747899159664,2096.890756302521,534.9915966386554,0,0,0,0,0,0,0,0,0,0,0,0,0,0,0,0,0,0,0,0
1693106289,0.4317502490866848,0.35580066267873406,0.16182975509763725,0.04384811014645273,1.3261006031823983,0.4261905295978115,0.15774805882249854,0.10893542852474206,0.14514051416027113,0.07661661048115238,0,0.17115332893224786,0.0814863102998703,0.47813119009130023,0.30847536053057734,3.788403938890771,6.599676941893307,6.039988040781099,0.4305423112338848,8.42288981748342,3.0096862856373736,0.33238154873538645,0.6338010376099563,2.1163835537654805,0.9125278214066822,0.00004259335071427005,0.28824899630797807,1.2331949750108686,2.5326093053436867,0.9959295082388621,2.756559282630397,5.870710934199108,6.239436113208906,0.2850127159519432,6.346338600944365,2.28797021152508,0.4206614901933286,0.40850785696778213,1.904969248353557,0.6129328838492191,0,0.1467028533704979,0.8691873098652767,1.183943899273697,0.8483072414590888,50000,100000,50000,50000,50000,50000,10000,50000,50000,20000,50000,0,4730880,2162688,220594176,0,0,1757184,0,0,2973696,0,0,0,0,3919872,302.4908668216539,4.403033200649336,91.37986837846586,2.8939752696658774,190.67432244329814,503.35344653551954,0,0,455.01551189245083,8.849218510573092,0,0,118.31812255541068,0,10.179686897509063,0,0,2162688,0,0,0,0,0,0,0,0,0,0,0,0,224342016,76873728,16412672,439984128,111415296,349663232,39677952,10878976,310304768,93900800,4952064,3993600,305532928,16072704,134160384,206266368,69070848,12840960,199372800,103809024,331702272,35684352,9596928,291422208,83668992,4055040,2568192,295342080,14868480,36630528,0,0,0,0,0,0,0,0,0,0,0,0,0,0,0,207978496,76578816,16154624,424943616,107520000,334417920,39436288,10510336,296058880,93409280,4796416,2912256,297467904,15691776,42164224,190136320,71847936,16154624,211648512,107520000,334417920,37679104,10510336,296058880,90435584,4796416,2912256,297467904,15691776,38514688,1073741824,1073741824,314572800,0,1073741824,1073741824,1073741824,314572800,1073741824,0,0,0,1073741824,314572800,2147483648,10.718494963196868,0,4.767496888857729,0,0,14.266985424539216,42160.955324779294,0,19680.227157204707,0,0,48000.41130048071,10.718494963196868,0,4.767496888857729,0,0,14.266985424539216,42160.955324779294,0,19680.227157204707,0,0,48000.41130048071,105.01256447559845,50.07123956849174,482.77325610425925,20.8589916524935,33.72805019988867,38.40062376647742,16.327639913866996,60.22573563651684,48.42836257309941,75.75118438067716,0,0,0,0,0,0,0,0,0,0,120447.7802759776,121103.3652215211,1575841.4889898635,99540.45706019197,334023.42998836096,550552.1551619113,2989.4842472769847,8997.64951105395,591673.2050032489,103338.0113688242,0,0,0,0,0,0,0,0,0,0,123.08777498567208,40.2673179998643,470.4399061267289,27.74030848630579,46.328627093770564,51.33890499744158,14.61334225325612,73.79648313635053,63.94168291098115,101.72925625762409,0,0,0,0,0,0,0,0,0,0,24935.039456861967,6654.691634439241,142039.04728616367,5653.8619435810215,11653.686554324175,6311.493384664116,2756.026174398428,10423.5093243453,13958.881578947368,19174.37714547111,0,0,0,0,0,0,0,0,0,0,30,20,48,12,12,2,10,88,0,0,0,0,0.008743984600577476,0.003102955195424213,0.03029346210995542,0.015927947598253275,0.0015391304347826087,0.003,0.0030337837837837844,0.003179666747162521,0.02124609375,0.004785319351763583,0.0682365145228216,0.02381441048034934,0.004326376811594203,0.0046,0.004660810810810811,0.004923400144892538,0.023289062499999996,0.0049956148713060046,0.08427385892116179,0.02480021834061135,0.004674782608695653,0.0048,0.00486418918918919,0.006988451086956513,0.024923437499999996,0.03621249999999992,0.09710373443983401,0.04865789473684205,0.0049535072463768115,0.00496,0.007845018001768013,0.00944116847826087,0.45844875346260394,0.3739583333333334,0.3854239663629993,0.45844875346260394,0.8744813278008299,0.375,0.45844875346260394,0.4897940074906367,2.1817444219066937,2.1630346232179227,0.4937631394533988,2.125311203319502,2.124375,0.475,2.125311203319502,2.192574931880109,2.3408722109533464,2.3315173116089607,0.6752100840336128,2.312655601659751,2.3121875,0.4875,2.312655601659751,2.346287465940054,2.4681744421906693,2.466303462321792,0.9350420168067224,2.4625311203319495,2.4624375,0.4975,2.4625311203319495,2.4692574931880107,396.8235294117677,396.82352941175736,397.17647058822996,392.7058823529523,396.285714285725,165944793.2773109,48280963.22689076,0,38694877.57983193,54079728.94117647,3750630993.747899,2498556626.8235292,1349824821.7815125,4616539987.899159,4308302426.352941,0,0,0,0,0,15.193277310924369,2.6554621848739495,5.3277310924369745,0.9243697478991596,16.252100840336134,0,0,0,0,0,61766.991596638654,24446.9243697479,1060700.5042016807,29274.35294117647,71008.80672268907,1553.0084033613446,264.0840336134454,2817.6638655462184,1712.5546218487393,432.40336134453776,1757.3781512605044,375.3109243697479,1878.504201680672,2099.9327731092435,535.8319327731092,0,0,0,0,0,0,0,0,0,0,0,0,0,0,0,0,0,0,0,0
1693106290,0.3643072622606022,0.35580066267873406,0.18351149240721193,0.04384811014645273,1.5284259941592258,0.4261905295978115,0.15513840562044295,0.10893542852474206,0.14514051416027113,0.07661661048115238,0,0.16932252177675777,0.0814863102998703,0.5429864253393669,0.2970388935301215,3.1966236736032085,6.599676941893307,7.450781054732303,0.4305423112338848,9.707984229918939,3.0096862856373736,0.3313393896411873,0.6338010376099563,2.1163835537654805,0.9125278214066822,0.00004259335071427005,0.2927498654826633,1.2331949750108686,2.644504937556563,1.0403791757170708,2.3259617513561737,5.870710934199108,7.638665871450202,0.2850127159519432,7.314610114904902,2.28797021152508,0.44325258748697893,0.40850785696778213,1.904969248353557,0.6129328838492191,0,0.1505089082460067,0.8691873098652767,1.3031674208144792,0.8168569572078344,50000,100000,50000,50000,50000,50000,10000,50000,50000,20000,50000,0,4730880,2162688,220594176,0,0,1757184,0,0,2973696,0,0,0,0,3919872,255.23927266688807,4.403033200649336,116.57567555168143,2.8939752696658774,219.76582330303773,503.35344653551954,0,0,455.01551189245083,8.849218510573092,0,0,118.31812255541068,0,8.576998050682262,0,0,2162688,0,0,0,0,0,0,0,0,0,0,0,0,224342016,76873728,16412672,439984128,111415296,349663232,39677952,10878976,310304768,93900800,4952064,3993600,305532928,16084992,134160384,206266368,69070848,12840960,199372800,103809024,331702272,35684352,9596928,291422208,83668992,4055040,2568192,295342080,14868480,36630528,0,0,0,0,0,0,0,0,0,0,0,0,0,0,0,207978496,76578816,16154624,424943616,107520000,334417920,39436288,10510336,296058880,93409280,4796416,2912256,297467904,15699968,42266624,190136320,71847936,16154624,211648512,107520000,334417920,37679104,10510336,296058880,90435584,4796416,2912256,297467904,15699968,38481920,1073741824,1073741824,314572800,0,1073741824,1073741824,1073741824,314572800,1073741824,0,0,0,1073741824,314572800,2147483648,10.718494963196868,0,4.809290574233728,0,0,13.849438410841922,42160.955324779294,0,20356.995633962015,0,0,45092.88034902071,10.718494963196868,0,4.809290574233728,0,0,13.849438410841922,42160.955324779294,0,20356.995633962015,0,0,45092.88034902071,105.01256447559845,42.627732546305715,482.77325610425925,20.60989472643701,33.72805019988867,38.40062376647742,16.327639913866996,60.22573563651684,48.42836257309941,74.25241731978409,0,0,0,0,0,0,0,0,0,0,120447.7802759776,103100.34078663183,1575841.4889898635,99880.34399248753,334023.42998836096,550552.1551619113,2989.4842472769847,8997.64951105395,591673.2050032489,101293.42805512363,0,0,0,0,0,0,0,0,0,0,123.08777498567208,34.28124561820114,470.4399061267289,27.257450699352543,46.328627093770564,51.33890499744158,14.61334225325612,73.79648313635053,63.94168291098115,99.71650279832676,0,0,0,0,0,0,0,0,0,0,24935.039456861967,5665.416267216229,142039.04728616367,5446.275885928928,11653.686554324175,6311.493384664116,2756.026174398428,10423.5093243453,13958.881578947368,18795.004530854887,0,0,0,0,0,0,0,0,0,0,30,30,74,20,16,2,18,96,0,0,0,0,0.008743984600577476,0.003102955195424213,0.03029346210995542,0.015927947598253275,0.0015391304347826087,0.003,0.0030337837837837844,0.003186389029964449,0.02124609375,0.004785319351763583,0.0682365145228216,0.02381441048034934,0.004326376811594203,0.0046,0.004660810810810811,0.004935500253936007,0.023289062499999996,0.0049956148713060046,0.08427385892116179,0.02480021834061135,0.004674782608695653,0.0048,0.00486418918918919,0.007084478021978014,0.024923437499999996,0.03621249999999992,0.09710373443983401,0.04865789473684205,0.0049535072463768115,0.00496,0.007845018001768013,0.009449862637362635,0.45844875346260394,0.3739583333333334,0.3854239663629993,0.45844875346260394,0.8744813278008299,0.375,0.45844875346260394,0.4719811320754717,2.1817444219066937,2.1630346232179227,0.4937631394533988,2.125311203319502,2.124375,0.475,2.125311203319502,2.1777694610778444,2.3408722109533464,2.3315173116089607,0.6752100840336128,2.312655601659751,2.3121875,0.4875,2.312655601659751,2.3388847305389215,2.4681744421906693,2.466303462321792,0.9350420168067224,2.4625311203319495,2.4624375,0.4975,2.4625311203319495,2.4677769461077848,396.7563025210187,396.9243697479035,397.1092436974745,392.75630252100194,396.33613445376466,165944793.2773109,48280963.22689076,0,25796676.840336133,54079728.94117647,3609174910.92437,2555369248.2689075,1349820553.6806722,4616599603.630252,4229968525.983193,0,0,0,0,0,15.008403361344538,2.6554621848739495,5.3277310924369745,0.9243697478991596,16.30252100840336,0,0,0,0,0,61199.05882352941,24446.9243697479,1060700.5042016807,29274.35294117647,71189.51260504201,1555.613445378151,265.2268907563025,2814.6050420168067,1711.4117647058824,431.5462184873949,1759.9159663865546,376.4201680672269,1877.798319327731,2098.3193277310925,534.8403361344538,0,0,0,0,0,0,0,0,0,0,0,0,0,0,0,0,0,0,0,0
1693106291,0.46345060037918817,0.35580066267873406,0.18351149240721193,0.04384811014645273,1.5284259941592258,0.4261905295978115,0.15513840562044295,0.10893542852474206,0.14514051416027113,0.07661661048115238,0,0.16932252177675777,0.0814863102998703,0.5429864253393669,0.2970388935301215,3.7090472614282963,6.599676941893307,7.450781054732303,0.4305423112338848,9.707984229918939,3.0096862856373736,0.3313393896411872,0.6338010376099563,2.1163835537654805,0.9125278214066822,0.00004259335071427005,0.2927498654826633,1.2331949750108686,2.644504937556563,1.0403791757170708,2.780703602275137,5.870710934199108,7.638665871450202,0.2850127159519432,7.314610114904902,2.28797021152508,0.4432525874869788,0.40850785696778213,1.904969248353557,0.6129328838492191,0,0.1505089082460067,0.8691873098652767,1.3031674208144792,0.8168569572078344,50000,100000,50000,50000,50000,50000,10000,50000,50000,20000,50000,0,4730880,2162688,220594176,0,0,1757184,0,0,2973696,0,0,0,0,3919872,244.70191700021064,4.403033200649336,116.57567555168143,2.8939752696658774,219.76582330303773,503.35344653551954,0,0,455.01551189245083,8.849218510573092,0,0,118.31812255541068,0,8.576998050682262,0,0,2162688,0,0,0,0,0,0,0,0,0,0,0,0,224342016,76873728,16412672,439984128,111415296,349663232,39677952,10878976,310304768,93900800,4952064,3993600,305532928,16084992,134160384,206401536,69070848,12840960,199372800,103809024,331702272,35684352,9596928,291422208,83668992,4055040,2568192,295342080,14868480,36630528,0,0,0,0,0,0,0,0,0,0,0,0,0,0,0,208367616,76578816,16154624,424943616,107520000,334417920,39436288,10510336,296058880,93409280,4796416,2912256,297467904,15699968,42266624,190525440,71847936,16154624,211648512,107520000,334417920,37679104,10510336,296058880,90435584,4796416,2912256,297467904,15699968,38481920,1073741824,1073741824,314572800,0,1073741824,1073741824,1073741824,314572800,1073741824,0,0,0,1073741824,314572800,2147483648,10.718494963196868,0,4.809290574233727,0,0,13.849438410841922,42160.955324779294,0,20356.99563396201,0,0,45092.88034902071,10.718494963196868,0,4.809290574233727,0,0,13.849438410841922,42160.955324779294,0,20356.99563396201,0,0,45092.88034902071,105.01256447559845,41.79321188683085,482.77325610425925,20.60989472643701,33.72805019988867,38.40062376647742,16.327639913866996,60.22573563651684,48.42836257309941,58.150000000000006,0,0,0,0,0,0,0,0,0,0,120447.7802759776,101081.95136627315,1575841.4889898635,99880.34399248753,334023.42998836096,550552.1551619113,2989.4842472769847,8997.64951105395,591673.2050032489,80595.32500000001,0,0,0,0,0,0,0,0,0,0,123.08777498567208,33.61012365153674,470.4399061267289,27.257450699352543,46.328627093770564,51.33890499744158,14.61334225325612,73.79648313635053,63.94168291098115,79.17500000000001,0,0,0,0,0,0,0,0,0,0,24935.039456861967,5554.504739975574,142039.04728616367,5446.275885928928,11653.686554324175,6311.493384664116,2756.026174398428,10423.5093243453,13958.881578947368,14938.1,0,0,0,0,0,0,0,0,0,0,46,12,48,22,22,2,22,144,0,0,0,0,0.008743984600577476,0.003102955195424213,0.03029346210995542,0.015927947598253275,0.0015391304347826087,0.003,0.0030337837837837844,0.003180629539951574,0.02124609375,0.004785319351763583,0.0682365145228216,0.02381441048034934,0.004326376811594203,0.0046,0.004660810810810811,0.004925133171912833,0.023289062499999996,0.0049956148713060046,0.08427385892116179,0.02480021834061135,0.004674782608695653,0.0048,0.00486418918918919,0.006997972972972967,0.024923437499999996,0.03621249999999992,0.09710373443983401,0.04865789473684205,0.0049535072463768115,0.00496,0.007845018001768013,0.009432027027027029,0.45844875346260394,0.3739583333333334,0.3854239663629993,0.45844875346260394,0.8744813278008299,0.375,0.45844875346260394,0.48885767790262175,2.1817444219066937,2.1630346232179227,0.4937631394533988,2.125311203319502,2.124375,0.475,2.125311203319502,2.191856751824818,2.3408722109533464,2.3315173116089607,0.6752100840336128,2.312655601659751,2.3121875,0.4875,2.312655601659751,2.345928375912408,2.4681744421906693,2.466303462321792,0.9350420168067224,2.4625311203319495,2.4624375,0.4975,2.4625311203319495,2.4691856751824814,396.6890756302525,396.9411764705861,397.00840336132643,392.5882352941155,396.3529411764545,149350692.57142857,48280963.22689076,0,25796676.840336133,54079728.94117647,3609280374.3193274,2555408762.6218486,1291115717.9159663,4524335723.563025,4386666203.428572,0,0,0,0,0,14.991596638655462,2.6554621848739495,5.3277310924369745,0.9243697478991596,16.30252100840336,0,0,0,0,0,61113.00840336134,24446.9243697479,1060700.5042016807,29274.35294117647,71266.95798319328,1555.5126050420165,265.2268907563025,2816.7731092436975,1717.2436974789916,433.1428571428571,1759.4789915966385,376.672268907563,1880.016806722689,2103.6806722689075,536.5042016806722,0,0,0,0,0,0,0,0,0,0,0,0,0,0,0,0,0,0,0,0
1693106292,0.46345060037918817,0.35580066267873406,0.18351149240721193,0.04384811014645273,1.5284259941592258,0.4261905295978115,0.15513840562044295,0.09380581049471821,0.14514051416027113,0.07661661048115238,0,0.16932252177675777,0.1364203305269728,0.5429864253393669,0.2970388935301215,3.7090472614282963,6.599676941893307,7.450781054732303,0.4305423112338848,9.707984229918939,3.0096862856373736,0.3313393896411872,0.5457748762781224,2.1163835537654805,0.9125278214066822,0.00004259335071427005,0.2927498654826633,2.2429712328500226,2.644504937556563,1.0403791757170708,2.780703602275137,5.870710934199108,7.638665871450202,0.2850127159519432,7.314610114904902,2.28797021152508,0.4432525874869788,0.35177178935519277,1.904969248353557,0.6129328838492191,0,0.1505089082460067,1.8124415341440592,1.3031674208144792,0.8168569572078344,50000,100000,50000,50000,50000,50000,10000,50000,50000,20000,50000,0,4730880,2162688,220594176,0,0,1757184,0,0,2973696,0,0,0,0,3919872,244.70191700021064,4.403033200649336,116.57567555168143,2.8939752696658774,219.76582330303773,503.35344653551954,0,0,455.01551189245083,8.849218510573092,0,0,443.755846585594,0,8.576998050682262,0,0,2162688,0,0,0,0,0,0,0,0,0,0,0,0,224342016,76873728,16412672,439984128,111415296,349663232,39677952,10878976,310304768,93900800,4952064,3993600,305532928,16084992,134160384,206401536,69070848,12840960,199372800,103809024,331702272,35684352,9596928,291422208,83668992,4055040,2568192,295477248,14868480,36630528,0,0,0,0,0,0,0,0,0,0,0,0,0,0,0,208367616,76578816,16154624,424943616,107520000,334417920,39436288,10510336,296058880,93409280,4796416,2912256,297979904,15699968,42266624,190525440,71847936,16154624,211648512,107520000,334417920,37679104,10510336,296058880,90435584,4796416,2912256,297979904,15699968,38481920,1073741824,1073741824,314572800,0,1073741824,1073741824,1073741824,314572800,1073741824,0,0,0,1073741824,314572800,2147483648,10.718494963196868,0,4.809290574233727,0,0,13.849438410841922,42160.955324779294,0,20356.99563396201,0,0,45092.88034902071,10.718494963196868,0,4.809290574233727,0,0,13.849438410841922,42160.955324779294,0,20356.99563396201,0,0,45092.88034902071,105.01256447559845,40.95869122735599,482.77325610425925,21.056318841707856,33.72805019988867,38.40062376647742,16.327639913866996,60.22573563651684,48.42836257309941,97.59957206855819,0,0,0,0,0,0,0,0,0,0,120447.7802759776,99063.56194591447,1575841.4889898635,100081.03374459968,334023.42998836096,550552.1551619113,2989.4842472769847,8997.64951105395,591673.2050032489,125561.0805268906,0,0,0,0,0,0,0,0,0,0,123.08777498567208,32.93900168487233,470.4399061267289,28.1204997470128,46.328627093770564,51.33890499744158,14.61334225325612,73.79648313635053,63.94168291098115,130.76425880936992,0,0,0,0,0,0,0,0,0,0,24935.039456861967,5443.593212734921,142039.04728616367,5812.147277468571,11653.686554324175,6311.493384664116,2756.026174398428,10423.5093243453,13958.881578947368,24710.745091046872,0,0,0,0,0,0,0,0,0,0,18,12,48,10,10,2,10,62,0,0,0,0,0.008675464320625612,0.003165984910824716,0.03018759571209801,0.01600635593220339,0.001631578947368421,0.003,0.0030388007054673724,0.0031791338859513568,0.021026702269692926,0.004898772839484489,0.06877593360995853,0.02386228813559322,0.004335672514619884,0.0046,0.00466984126984127,0.004922440994712442,0.023083444592790377,0.009192206884609214,0.08454356846473025,0.024844279661016946,0.004673684210526316,0.0048,0.004873721340388007,0.006969382711515166,0.024728838451268352,0.043780505959071764,0.09715767634854773,0.04859523809523802,0.004944093567251461,0.00496,0.008262499999999983,0.009415504307398521,0.45991847826086957,0.37560705532212907,0.38561741613133477,0.45878378378378376,0.8608870967741936,0.375,0.4518156424581006,0.48711324327185157,2.181714876033058,2.1622892967713407,0.4941113490364025,2.1262096774193546,2.105909090909091,0.475,2.105909090909091,2.1905392765135248,2.340857438016528,2.3311446483856697,0.6806722689075624,2.3131048387096773,2.3029545454545457,0.4875,2.3029545454545457,2.3452696382567626,2.4681714876033056,2.4662289296771336,0.9361344537815127,2.4626209677419353,2.460590909090909,0.4975,2.460590909090909,2.4690539276513523,396.8067226890706,396.991596638654,397.0159206468423,392.6890756302365,396.36974789914774,165945344,48280963.22689076,0,25796676.840336133,54079728.94117647,3538702645.7815123,2612216771.7647057,1280684373.7601066,4616762961.747899,4386665790.386555,0,0,0,0,0,14.924369747899158,2.6554621848739495,5.284654496957573,0.8907563025210083,16.235294117647058,0,0,0,0,0,60923.69747899159,24446.9243697479,1052124.3644244394,28930.1512605042,71043.2268907563,1552.5042016806722,264.2352941176471,2818.154538634659,1712.1680672268908,432.30252100840335,1756.4201680672268,375.7310924369748,1881.9538217887805,2098.621848739496,535.7815126050419,0,0,0,0,0,0,0,0,0,0,0,0,0,0,0,0,0,0,0,0
1693106293,0.46345060037918817,0.35580066267873406,0.18351149240721193,0.05879586077140174,1.6356697158781095,0.4261905295978115,0.15513840562044295,0.09199022001930585,0.14514051416027113,0.07661661048115238,0,0.16932252177675777,0.1364203305269728,0.5429864253393669,0.2970388935301215,3.7090472614282963,6.599676941893307,7.450781054732303,0.43614377351834177,9.729839567052368,3.0096862856373736,0.3313393896411872,0.5352115256512899,2.1163835537654805,0.9125278214066822,0.00004259335071427005,0.2927498654826633,2.2429712328500226,2.644504937556563,1.0403791757170708,2.780703602275137,5.870710934199108,7.638665871450202,0.35277516462841046,7.491771167787404,2.28797021152508,0.4432525874869788,0.34496332507239647,1.904969248353557,0.6129328838492191,0,0.1505089082460067,1.8124415341440592,1.3031674208144792,0.8168569572078344,50000,100000,50000,50000,50000,50000,10000,50000,50000,20000,50000,0,4730880,2162688,220594176,0,0,1757184,0,0,2973696,0,0,0,0,3919872,244.70191700021064,4.403033200649336,116.57567555168143,3.8805268109125115,234.56715332889078,503.35344653551954,0,0,455.01551189245083,8.849218510573092,0,0,443.755846585594,0,8.576998050682262,0,0,2162688,0,0,0,0,0,0,0,0,0,0,0,0,224342016,76873728,16412672,439984128,111415296,349663232,39677952,10878976,310304768,93900800,4952064,3993600,305532928,16084992,134160384,206401536,69070848,12840960,199372800,104079360,331702272,35684352,9596928,291422208,83668992,4055040,2568192,295477248,14868480,36630528,0,0,0,0,0,0,0,0,0,0,0,0,0,0,0,208367616,76578816,16154624,424943616,107880448,334417920,39436288,10510336,296058880,93409280,4796416,2912256,297979904,15699968,42266624,190525440,71847936,16154624,211648512,107880448,334417920,37679104,10510336,296058880,90435584,4796416,2912256,297979904,15699968,38481920,1073741824,1073741824,314572800,0,1073741824,1073741824,1073741824,314572800,1073741824,0,0,0,1073741824,314572800,2147483648,10.718494963196868,0,4.809290574233727,0,0,13.849438410841922,42160.955324779294,0,20356.99563396201,0,0,45092.88034902071,10.718494963196868,0,4.809290574233727,0,0,13.849438410841922,42160.955324779294,0,20356.99563396201,0,0,45092.88034902071,105.01256447559845,40.12417056788113,482.77325610425925,21.056318841707856,33.72805019988867,38.40062376647742,16.327639913866996,60.22573563651684,48.42836257309941,97.59957206855819,0,0,0,0,0,0,0,0,0,0,120447.7802759776,97045.17252555578,1575841.4889898635,100081.03374459968,334023.42998836096,550552.1551619113,2989.4842472769847,8997.64951105395,591673.2050032489,125561.0805268906,0,0,0,0,0,0,0,0,0,0,123.08777498567208,32.26787971820793,470.4399061267289,28.1204997470128,46.328627093770564,51.33890499744158,14.61334225325612,73.79648313635053,63.94168291098115,130.76425880936992,0,0,0,0,0,0,0,0,0,0,24935.039456861967,5332.681685494266,142039.04728616367,5812.147277468571,11653.686554324175,6311.493384664116,2756.026174398428,10423.5093243453,13958.881578947368,24710.745091046872,0,0,0,0,0,0,0,0,0,0,34,16,56,12,12,2,10,94,0,0,0,0,0.008675464320625612,0.0031659919028340085,0.03018759571209801,0.01600635593220339,0.0015056818181818177,0.003,0.0030363036303630367,0.0031791907514450864,0.021026702269692926,0.004898785425101215,0.06877593360995853,0.02386228813559322,0.004310227272727273,0.0046,0.004665346534653466,0.0049225433526011554,0.023083444592790377,0.00919117647058824,0.08454356846473025,0.024844279661016946,0.004660795454545454,0.0048,0.004868976897689769,0.006970270270270256,0.024728838451268352,0.0437790697674419,0.09715767634854773,0.04859523809523802,0.00494125,0.00496,0.00801875000000004,0.009415675675675665,0.45991847826086957,0.375,0.38561741613133477,0.45878378378378376,0.8800403225806451,0.375,0.4595788043478261,0.4869597615499255,2.181714876033058,2.1621052631578945,0.4941113490364025,2.1262096774193546,2.1283132530120485,0.475,2.1283132530120485,2.190419708029197,2.340857438016528,2.3310526315789475,0.6806722689075624,2.3131048387096773,2.3141566265060236,0.4875,2.314156626506024,2.345209854014598,2.4681714876033056,2.4662105263157894,0.9361344537815127,2.4626209677419353,2.4628313253012046,0.4975,2.4628313253012046,2.469041970802919,396.739495798312,397.02521008402954,397.0756302521113,392.7899159663768,396.4201680672173,165945344,48280963.22689076,0,25796676.840336133,54079728.94117647,3538695968.2689075,2498696648.067227,1232930626.6890755,4616791737.008403,4308349995.025209,0,0,0,0,0,14.890756302521007,3.310924369747899,5.3277310924369745,0.8907563025210083,16.134453781512605,0,0,0,0,0,60837.647058823524,28439.663865546216,1060700.5042016807,28930.1512605042,70750.65546218488,1556.9579831932772,265.4453781512605,2817.9663865546217,1706.453781512605,431.1932773109244,1760.8235294117646,376.9243697478991,1882.8235294117644,2093.378151260504,534.6386554621847,0,0,0,0,0,0,0,0,0,0,0,0,0,0,0,0,0,0,0,0
1693106294,0.46345060037918817,0.35580066267873406,0.18351149240721193,0.05879586077140174,1.6356697158781095,0.4261905295978115,0.15513840562044295,0.0901746295438935,0.16191335322554493,0.07661661048115238,0,0.16932252177675777,0.1364203305269728,0.5429864253393669,0.2970388935301215,3.7090472614282963,6.599676941893307,7.450781054732303,0.43614377351834177,9.729839567052368,3.0096862856373736,0.3313393896411872,0.5246481750244573,2.373479943561623,0.9125278214066822,0.00004259335071427004,0.2927498654826633,2.2429712328500226,2.644504937556563,1.0403791757170708,2.780703602275137,5.870710934199108,7.638665871450202,0.35277516462841046,7.491771167787404,2.28797021152508,0.4432525874869788,0.3381548607896001,2.1280040709643138,0.6129328838492191,0,0.1505089082460067,1.8124415341440592,1.3031674208144792,0.8168569572078344,50000,100000,50000,50000,50000,50000,10000,50000,50000,20000,50000,0,4730880,2162688,220594176,0,0,1757184,0,0,2973696,0,0,0,0,3919872,244.70191700021064,4.403033200649336,116.57567555168143,3.8805268109125115,234.56715332889078,503.35344653551954,0,0,580.1124141280967,8.849218510573092,0,0,443.755846585594,0,8.576998050682262,0,0,2162688,0,0,0,0,0,0,0,0,0,0,0,0,224342016,76873728,16412672,439984128,111415296,349663232,39677952,10878976,310304768,93900800,4952064,3993600,305532928,16084992,134160384,206401536,69070848,12840960,199372800,104079360,331702272,35684352,9596928,291422208,83668992,4055040,2568192,295477248,14868480,36630528,0,0,0,0,0,0,0,0,0,0,0,0,0,0,0,208367616,76578816,16154624,424943616,107880448,334417920,39436288,10510336,296058880,93409280,4796416,2912256,297979904,15699968,42266624,190525440,71847936,16154624,211648512,107880448,334417920,37679104,10510336,296058880,90435584,4796416,2912256,297979904,15699968,38481920,1073741824,1073741824,314572800,0,1073741824,1073741824,1073741824,314572800,1073741824,0,0,0,1073741824,314572800,2147483648,10.718494963196868,0,4.809290574233727,0,0,13.849438410841922,42160.955324779294,0,20356.99563396201,0,0,45092.88034902071,10.718494963196868,0,4.809290574233727,0,0,13.849438410841922,42160.955324779294,0,20356.99563396201,0,0,45092.88034902071,105.01256447559845,49.247157635972556,482.77325610425925,21.056318841707856,34.23491583128428,38.40062376647742,16.327639913866996,60.22573563651684,48.42836257309941,97.59957206855819,0,0,0,0,0,0,0,0,0,0,120447.7802759776,120718.85690873709,1575841.4889898635,100081.03374459968,335499.7541138642,550552.1551619113,2989.4842472769847,8997.64951105395,591673.2050032489,125561.0805268906,0,0,0,0,0,0,0,0,0,0,123.08777498567208,40.04916521560996,470.4399061267289,28.1204997470128,46.98316625685644,51.33890499744158,14.61334225325612,73.79648313635053,63.94168291098115,130.76425880936992,0,0,0,0,0,0,0,0,0,0,24935.039456861967,6508.122503328896,142039.04728616367,5812.147277468571,12371.477208246642,6311.493384664116,2756.026174398428,10423.5093243453,13958.881578947368,24710.745091046872,0,0,0,0,0,0,0,0,0,0,24,28,54,14,8,2,14,80,0,0,0,0,0.008675464320625612,0.0031659919028340085,0.03018759571209801,0.01600635593220339,0.0015056818181818177,0.003,0.0030363036303630367,0.0031791907514450864,0.021026702269692926,0.004898785425101215,0.06877593360995853,0.02386228813559322,0.004310227272727273,0.0046,0.004665346534653466,0.0049225433526011554,0.023083444592790377,0.00919117647058824,0.08454356846473025,0.024844279661016946,0.004660795454545454,0.0048,0.004868976897689769,0.006970270270270256,0.024728838451268352,0.0437790697674419,0.09715767634854773,0.04859523809523802,0.00494125,0.00496,0.00801875000000004,0.009415675675675665,0.45991847826086957,0.375,0.38561741613133477,0.45878378378378376,0.8800403225806451,0.375,0.4595788043478261,0.4869597615499255,2.181714876033058,2.1621052631578945,0.4941113490364025,2.1262096774193546,2.1283132530120485,0.475,2.1283132530120485,2.190419708029197,2.340857438016528,2.3310526315789475,0.6806722689075624,2.3131048387096773,2.3141566265060236,0.4875,2.314156626506024,2.345209854014598,2.4681714876033056,2.4662105263157894,0.9361344537815127,2.4626209677419353,2.4628313253012046,0.4975,2.4628313253012046,2.469041970802919,396.70588235294497,397.00840336133314,397.0924369747931,392.87394957982997,396.5546218487415,165945344,48280963.22689076,0,25796814.521008402,54079728.94117647,3538715174.722689,2555489994.2184873,1292251721.142857,4432398284.369748,4308374777.546218,0,0,0,0,0,14.890756302521007,3.310924369747899,5.3277310924369745,0.907563025210084,16.201680672268907,0,0,0,0,0,60837.647058823524,28439.663865546216,1060700.5042016807,29205.512605042015,70991.59663865546,1550.3529411764703,265.3781512605042,2819.7478991596636,1708.7899159663864,430.8739495798319,1754,376.85714285714283,1884.218487394958,2096.4705882352937,534.4873949579832,0,0,0,0,0,0,0,0,0,0,0,0,0,0,0,0,0,0,0,0
1693106295,0.46345060037918817,0.35580066267873406,0.18351149240721193,0.05879586077140174,1.6356697158781095,0.4261905295978115,0.15513840562044295,0.08835903906848112,0.16191335322554493,0.07661661048115238,0,0.16932252177675777,0.1364203305269728,0.5846638183044754,0.2970388935301215,3.7090472614282963,6.599676941893307,7.450781054732303,0.43614377351834177,9.729839567052368,3.0096862856373736,0.3313393896411872,0.5140848243976246,2.373479943561623,0.9125278214066822,0.00004259335071427004,0.2927498654826633,2.2429712328500226,2.68448647177873,1.0403791757170708,2.780703602275137,5.870710934199108,7.638665871450202,0.35277516462841046,7.491771167787404,2.28797021152508,0.4432525874869788,0.3313463965068037,2.1280040709643138,0.6129328838492191,0,0.1505089082460067,1.8124415341440592,1.2592759163480989,0.8168569572078344,50000,100000,50000,50000,50000,50000,10000,50000,50000,20000,50000,0,4730880,2162688,220594176,0,0,1757184,0,0,2973696,0,0,0,0,3919872,244.70191700021064,4.403033200649336,116.57567555168143,3.8805268109125115,234.56715332889078,503.35344653551954,0,0,580.1124141280967,8.849218510573092,0,0,443.755846585594,0,8.576998050682262,0,0,2162688,0,0,0,0,0,0,0,0,0,0,0,0,224342016,76873728,16412672,439984128,111415296,349663232,39677952,10878976,310304768,93900800,4952064,3993600,305532928,16084992,134160384,206401536,69070848,12840960,199372800,104079360,331702272,35684352,9596928,291422208,83668992,4055040,2568192,295477248,14868480,36630528,0,0,0,0,0,0,0,0,0,0,0,0,0,0,0,208367616,76578816,16154624,424943616,107880448,334417920,39436288,10510336,296058880,93409280,4796416,2912256,297979904,15699968,42266624,190525440,71847936,16154624,211648512,107880448,334417920,37679104,10510336,296058880,90435584,4796416,2912256,297979904,15699968,38481920,1073741824,1073741824,314572800,0,1073741824,1073741824,1073741824,314572800,1073741824,0,0,0,1073741824,314572800,2147483648,10.718494963196868,0,4.809290574233727,0,0,13.849438410841922,42160.955324779294,0,20356.99563396201,0,0,45092.88034902071,10.718494963196868,0,4.809290574233727,0,0,13.849438410841922,42160.955324779294,0,20356.99563396201,0,0,45092.88034902071,105.01256447559845,49.247157635972556,482.77325610425925,21.056318841707856,34.23491583128428,38.40062376647742,16.327639913866996,60.22573563651684,48.678791599519094,97.59957206855819,0,0,0,0,0,0,0,0,0,0,120447.7802759776,120718.85690873709,1575841.4889898635,100081.03374459968,335499.7541138642,550552.1551619113,2989.4842472769847,8997.64951105395,593289.2333665874,125561.0805268906,0,0,0,0,0,0,0,0,0,0,123.08777498567208,40.04916521560996,470.4399061267289,28.1204997470128,46.98316625685644,51.33890499744158,14.61334225325612,73.79648313635053,63.668687488808736,130.76425880936992,0,0,0,0,0,0,0,0,0,0,24935.039456861967,6508.122503328896,142039.04728616367,5812.147277468571,12371.477208246642,6311.493384664116,2756.026174398428,10423.5093243453,14047.323050162433,24710.745091046872,0,0,0,0,0,0,0,0,0,0,28,22,44,10,14,2,10,74,0,0,0,0,0.008675464320625612,0.0031659919028340085,0.03018759571209801,0.01600635593220339,0.0015056818181818177,0.003,0.0030363036303630367,0.003185259969712266,0.021026702269692926,0.004898785425101215,0.06877593360995853,0.02386228813559322,0.004310227272727273,0.0046,0.004665346534653466,0.0049334679454820785,0.023083444592790377,0.00919117647058824,0.08454356846473025,0.024844279661016946,0.004660795454545454,0.0048,0.004868976897689769,0.007062328767123275,0.024728838451268352,0.0437790697674419,0.09715767634854773,0.04859523809523802,0.00494125,0.00496,0.00801875000000004,0.00943438356164383,0.45991847826086957,0.375,0.38561741613133477,0.45878378378378376,0.8800403225806451,0.375,0.4595788043478261,0.47043918918918914,2.181714876033058,2.1621052631578945,0.4941113490364025,2.1262096774193546,2.1283132530120485,0.475,2.1283132530120485,2.1764573991031395,2.340857438016528,2.3310526315789475,0.6806722689075624,2.3131048387096773,2.3141566265060236,0.4875,2.314156626506024,2.338228699551569,2.4681714876033056,2.4662105263157894,0.9361344537815127,2.4626209677419353,2.4628313253012046,0.4975,2.4628313253012046,2.4676457399103136,396.6890756302579,397.1596638655534,397.0756302521101,392.85714285712595,396.57142857141383,165945344,48280963.22689076,0,25796814.521008402,54079728.94117647,3468196098.1512604,2555544378.0840335,1175934614.5882351,4432751779.495798,4308370715.966387,0,0,0,0,0,14.907563025210083,3.310924369747899,5.3277310924369745,0.907563025210084,16.168067226890756,0,0,0,0,0,60854.85714285714,28439.663865546216,1060700.5042016807,29205.512605042015,70793.6806722689,1552.4705882352941,265.47899159663865,2819.042016806723,1703.4285714285713,430.20168067226894,1756.2184873949577,376.82352941176464,1884.4033613445379,2089.8487394957983,533.6974789915965,0,0,0,0,0,0,0,0,0,0,0,0,0,0,0,0,0,0,0,0
1693106296,0.46345060037918817,0.35580066267873406,0.18351149240721193,0.05879586077140174,1.6356697158781095,0.4261905295978115,0.15513840562044295,0.08654344859306876,0.16191335322554493,0.07661661048115238,0,0.16932252177675777,0.1364203305269728,0.5846638183044754,0.2970388935301215,3.7090472614282963,6.599676941893307,7.450781054732303,0.43614377351834177,9.729839567052368,3.0096862856373736,0.3313393896411872,0.503521473770792,2.373479943561623,0.9125278214066822,0.00004259335071427004,0.2927498654826633,2.2429712328500226,2.68448647177873,1.0403791757170708,2.780703602275137,5.870710934199108,7.638665871450202,0.35277516462841046,7.491771167787404,2.28797021152508,0.4432525874869788,0.32453793222400734,2.1280040709643138,0.6129328838492191,0,0.1505089082460067,1.8124415341440592,1.2592759163480989,0.8168569572078344,50000,100000,50000,50000,50000,50000,10000,50000,50000,20000,50000,0,4730880,2162688,220594176,0,0,1757184,0,0,2973696,0,0,0,0,3919872,244.70191700021064,4.403033200649336,116.57567555168143,3.8805268109125115,234.56715332889078,503.35344653551954,0,0,580.1124141280967,8.849218510573092,0,0,443.755846585594,0,8.576998050682262,0,0,2162688,0,0,0,0,0,0,0,0,0,0,0,0,224342016,76873728,16412672,439984128,111415296,349663232,39677952,10878976,310304768,93900800,4952064,3993600,305532928,16084992,134160384,206401536,69070848,12840960,199372800,104079360,331702272,35684352,9596928,291422208,83668992,4055040,2568192,295477248,14868480,36630528,0,0,0,0,0,0,0,0,0,0,0,0,0,0,0,208367616,76578816,16154624,424943616,107880448,334417920,39436288,10510336,296058880,93409280,4796416,2912256,297979904,15699968,42266624,190525440,71847936,16154624,211648512,107880448,334417920,37679104,10510336,296058880,90435584,4796416,2912256,297979904,15699968,38481920,1073741824,1073741824,314572800,0,1073741824,1073741824,1073741824,314572800,1073741824,0,0,0,1073741824,314572800,2147483648,10.718494963196868,0,4.809290574233727,0,0,13.849438410841922,42160.955324779294,0,20356.99563396201,0,0,45092.88034902071,10.718494963196868,0,4.809290574233727,0,0,13.849438410841922,42160.955324779294,0,20356.99563396201,0,0,45092.88034902071,105.01256447559845,49.247157635972556,416.1156798044861,21.056318841707856,34.23491583128428,33.107844459063976,16.327639913866996,60.22573563651684,48.678791599519094,97.59957206855819,0,0,0,0,0,0,0,0,0,0,120447.7802759776,120718.85690873709,1358261.5527350574,100081.03374459968,335499.7541138642,474669.24575363664,2989.4842472769847,8997.64951105395,593289.2333665874,125561.0805268906,0,0,0,0,0,0,0,0,0,0,123.08777498567208,40.04916521560996,405.48522286579777,28.1204997470128,46.98316625685644,44.262835200030324,14.61334225325612,73.79648313635053,63.668687488808736,130.76425880936992,0,0,0,0,0,0,0,0,0,0,24935.039456861967,6508.122503328896,122427.40038503574,5812.147277468571,12371.477208246642,5441.576745070648,2756.026174398428,10423.5093243453,14047.323050162433,24710.745091046872,0,0,0,0,0,0,0,0,0,0,44,32,74,10,10,2,10,66,0,0,0,0,0.008675464320625612,0.0031659919028340085,0.03018759571209801,0.01600635593220339,0.0015056818181818177,0.003,0.0030363036303630367,0.003180033516878142,0.021026702269692926,0.004898785425101215,0.06877593360995853,0.02386228813559322,0.004310227272727273,0.0046,0.004665346534653466,0.004924060330380655,0.023083444592790377,0.00919117647058824,0.08454356846473025,0.024844279661016946,0.004660795454545454,0.0048,0.004868976897689769,0.006983288770053467,0.024728838451268352,0.0437790697674419,0.09715767634854773,0.04859523809523802,0.00494125,0.00496,0.00801875000000004,0.009418048128342247,0.45991847826086957,0.375,0.38561741613133477,0.45878378378378376,0.8800403225806451,0.375,0.4595788043478261,0.48966095380029806,2.181714876033058,2.1621052631578945,0.4941113490364025,2.1262096774193546,2.1283132530120485,0.475,2.1283132530120485,2.1925033768572715,2.340857438016528,2.3310526315789475,0.6806722689075624,2.3131048387096773,2.3141566265060236,0.4875,2.314156626506024,2.3462516884286355,2.4681714876033056,2.4662105263157894,0.9361344537815127,2.4626209677419353,2.4628313253012046,0.4975,2.4628313253012046,2.4692503376857275,396.6386554621915,397.19327731091585,397.15966386554953,392.82352941176396,396.50420168067205,165945344,48280963.22689076,0,25796814.521008402,54079728.94117647,3468363104.8067226,2669157229.7142854,1175920984.2016807,4525171376.403361,4308380560.134454,0,0,0,0,0,14.823529411764705,3.310924369747899,5.3277310924369745,0.907563025210084,16.100840336134453,0,0,0,0,0,60588.100840336134,28439.663865546216,1060700.5042016807,29205.512605042015,70561.34453781512,1557.6470588235293,265.89915966386553,2820.268907563025,1706.18487394958,429.68067226890753,1761.3781512605042,377.2268907563025,1885.8655462184872,2093.8487394957983,533.1764705882352,0,0,0,0,0,0,0,0,0,0,0,0,0,0,0,0,0,0,0,0
1693106297,0.46345060037918817,0.35580066267873406,0.18351149240721193,0.03822118600340173,1.6356697158781095,0.4261905295978115,0.12609658998793088,0.12568453182511907,0.16191335322554493,0.04790763408149093,0,0.15987345101349298,0.1364203305269728,0.5846638183044754,0.2473535948725903,3.7090472614282963,6.599676941893307,7.450781054732303,0.4413064154260701,9.729839567052368,3.0096862856373736,0.32686081458397115,0.6475714696112758,2.373479943561623,0.9263827652286378,0.00004259335071427004,0.2508742963504472,2.2429712328500226,2.68448647177873,0.9225185284573827,2.780703602275137,5.870710934199108,7.638665871450202,0.32488008102891425,7.491771167787404,2.28797021152508,0.4503449642426099,0.41296346171110515,2.1280040709643138,0.646753060100126,0,0.137034386582994,1.8124415341440592,1.2592759163480989,0.7195740941748071,50000,100000,50000,50000,50000,50000,10000,50000,50000,20000,50000,0,4730880,2162688,220594176,0,0,1892352,0,0,2973696,0,0,0,0,3919872,244.70191700021064,4.403033200649336,116.57567555168143,3.7838974143367676,234.56715332889078,503.35344653551954,0,0,580.1124141280967,9.485711548135196,0,0,443.755846585594,0,7.420607846177702,0,0,2162688,0,0,0,0,0,0,0,0,0,0,0,0,224342016,76873728,16412672,439984128,111415296,349663232,39714816,10911744,310304768,93900800,4952064,3993600,305532928,16084992,134160384,206401536,69070848,12840960,199372800,104079360,331702272,35684352,9596928,291422208,83668992,4055040,2568192,295477248,14868480,36630528,0,0,0,0,0,0,0,0,0,0,0,0,0,0,0,208367616,76578816,16154624,424943616,107880448,334417920,39473152,10518528,296058880,93409280,4796416,2912256,297979904,15699968,42266624,190525440,71847936,16154624,211648512,107880448,334417920,37715968,10518528,296058880,90435584,4796416,2912256,297979904,15699968,38481920,1073741824,1073741824,314572800,0,1073741824,1073741824,1073741824,314572800,1073741824,0,0,0,1073741824,314572800,2147483648,10.718494963196868,0,4.863725613820187,0,0,13.177200599576162,42160.955324779294,0,20106.28141156126,0,0,43830.69722437587,10.718494963196868,0,4.863725613820187,0,0,13.177200599576162,42160.955324779294,0,20106.28141156126,0,0,43830.69722437587,105.01256447559845,49.24715763597255,408.0694588694152,21.056318841707856,34.23491583128428,38.72835430972092,16.327639913866996,62.96635685299123,49.678618446526755,97.59957206855819,0,0,0,0,0,0,0,0,0,0,120447.7802759776,120718.85690873706,1331997.52791856,100081.03374459968,335499.7541138642,549670.2264743781,2989.4842472769847,9410.786752192695,593860.973437621,125561.0805268906,0,0,0,0,0,0,0,0,0,0,123.08777498567208,40.04916521560995,397.64455776368567,28.1204997470128,46.98316625685644,52.44391096361935,14.61334225325612,76.80979185757298,65.10880508015178,130.76425880936992,0,0,0,0,0,0,0,0,0,0,24935.039456861967,6508.122503328895,120060.08293026636,5812.147277468571,12371.477208246642,6476.355227621754,2756.026174398428,10909.346773137846,14681.115929683265,24710.745091046872,0,0,0,0,0,0,0,0,0,0,22,26,62,6,6,2,6,50,0,0,0,0,0.008771228771228773,0.003249221183800623,0.030421455938697314,0.016140724946695096,0.0015780346820809252,0.003,0.003037735849056604,0.003183600286875448,0.021542168674698794,0.0064625,0.07024340770791077,0.02412366737739872,0.0043248554913294796,0.0046,0.004667924528301887,0.004930480516375807,0.023602409638554214,0.031194852941176413,0.08573022312373223,0.028958333333333332,0.004668208092485549,0.0048,0.0048716981132075465,0.007037303664921455,0.048999999999999516,0.04712132352941176,0.09811967545638943,0.07163636363636401,0.004942890173410404,0.00496,0.008162500000000012,0.009428403141361258,0.45967741935483875,0.3739583333333334,0.3855646306818182,0.45967741935483875,0.871031746031746,0.375,0.45511049723756913,0.4884430473372781,2.1813664596273292,2.162266112266112,0.49401633522727273,2.1285714285714286,2.1159482758620687,0.475,2.1159482758620687,2.191557856821252,2.3406832298136644,2.331133056133056,0.6792016806722687,2.314285714285714,2.3079741379310343,0.4875,2.3079741379310343,2.345778928410626,2.4681366459627325,2.466226611226611,0.9358403361344533,2.462857142857143,2.4615948275862074,0.4975,2.4615948275862074,2.4691557856821253,396.53781512605985,397.02521008405046,397.14285714287297,392.75630252099546,396.40336134452355,165945344,48280963.22689076,0,25796814.521008402,54079728.94117647,3468527082.487395,2669148968.8739495,1175926491.4285715,4525369567.731092,4230047210.487395,0,0,0,0,0,14.789915966386554,3.310924369747899,5.3277310924369745,0.907563025210084,16.285714285714285,0,0,0,0,0,60502.05042016807,28439.663865546216,1060700.5042016807,29205.512605042015,71189.51260504201,1565.1428571428573,265.6470588235294,2821.142857142857,1720.453781512605,431.4957983193277,1769.0252100840335,376.9411764705882,1887.2100840336134,2108.90756302521,534.9411764705881,0,0,0,0,0,0,0,0,0,0,0,0,0,0,0,0,0,0,0,0
1693106298,0.46345060037918817,0.3407086740420073,0.18351149240721193,0.03822118600340173,1.6356697158781095,0.4261905295978115,0.12609658998793088,0.12568453182511907,0.16191335322554493,0.04790763408149093,0,0.16308457802732834,0.1364203305269728,0.5846638183044756,0.2842818007959893,3.7090472614282963,6.55066688912939,7.450781054732303,0.4413064154260701,9.729839567052368,3.0096862856373736,0.32686081458397115,0.6475714696112758,2.373479943561623,0.9263827652286378,0.00004259335071427004,0.25591321447588306,2.2429712328500226,2.6844864717787305,1.060244257507623,2.780703602275137,5.812089145422483,7.638665871450202,0.32488008102891425,7.491771167787404,2.28797021152508,0.4503449642426099,0.41296346171110515,2.1280040709643138,0.646753060100126,0,0.13978678116628143,1.8124415341440592,1.259275916348099,0.8270016023156042,50000,100000,50000,50000,50000,50000,10000,50000,50000,20000,50000,0,5001216,2162688,220594176,0,0,1892352,0,0,2973696,0,0,0,0,3919872,244.70191700021064,5.291005291005291,116.57567555168143,3.7838974143367676,234.56715332889078,503.35344653551954,0,0,580.1124141280967,9.485711548135196,0,0,443.755846585594,0,8.528454023879672,0,0,2162688,0,0,0,0,0,0,0,0,0,0,0,0,224342016,77062144,16412672,439984128,111415296,349663232,39714816,10911744,310304768,93900800,4952064,3993600,305532928,16084992,134160384,206401536,69206016,12840960,199372800,104079360,331702272,35684352,9596928,291422208,83668992,4055040,2568192,295477248,14868480,36630528,0,0,0,0,0,0,0,0,0,0,0,0,0,0,0,208367616,76812288,16154624,424943616,107880448,334417920,39473152,10518528,296058880,93409280,4796416,2912256,297979904,15699968,42266624,190525440,71811072,16154624,211648512,107880448,334417920,37715968,10518528,296058880,90435584,4796416,2912256,297979904,15699968,38481920,1073741824,1073741824,314572800,0,1073741824,1073741824,1073741824,314572800,1073741824,0,0,0,1073741824,314572800,2147483648,10.582010582010582,0,4.863725613820187,0,0,15.144466842404507,41507.13484046818,0,20106.28141156126,0,0,50374.3216002481,10.582010582010582,0,4.863725613820187,0,0,15.144466842404507,41507.13484046818,0,20106.28141156126,0,0,50374.3216002481,105.01256447559845,49.24715763597255,400.02323793434414,21.056318841707856,34.23491583128428,38.72835430972092,16.327639913866996,62.96635685299123,49.678618446526755,97.59957206855819,0,0,0,0,0,0,0,0,0,0,120447.7802759776,120718.85690873706,1305733.503102062,100081.03374459968,335499.7541138642,549670.2264743781,2989.4842472769847,9410.786752192695,593860.973437621,125561.0805268906,0,0,0,0,0,0,0,0,0,0,123.08777498567208,40.04916521560995,389.80389266157346,28.1204997470128,46.98316625685644,52.44391096361935,14.61334225325612,76.80979185757298,65.10880508015178,130.76425880936992,0,0,0,0,0,0,0,0,0,0,24935.039456861967,6508.122503328895,117692.76547549696,5812.147277468571,12371.477208246642,6476.355227621754,2756.026174398428,10909.346773137846,14681.115929683265,24710.745091046872,0,0,0,0,0,0,0,0,0,0,42,20,54,18,22,2,22,110,0,0,0,0,0.008771228771228773,0.003249221183800623,0.030421455938697314,0.016140724946695096,0.0015,0.003,0.003035830618892508,0.003183600286875448,0.021542168674698794,0.0064625,0.07024340770791077,0.02412366737739872,0.004308988764044944,0.0046,0.004664495114006515,0.004930480516375807,0.023602409638554214,0.031194852941176413,0.08573022312373223,0.028958333333333332,0.004660112359550561,0.0048,0.0048680781758957655,0.007037303664921455,0.048999999999999516,0.04712132352941176,0.09811967545638943,0.07163636363636401,0.004941011235955056,0.00496,0.00796875,0.009428403141361258,0.45967741935483875,0.3739583333333334,0.3855646306818182,0.45967741935483875,0.8819444444444443,0.375,0.46001344086021506,0.4884430473372781,2.1813664596273292,2.162266112266112,0.49401633522727273,2.1285714285714286,2.129446640316206,0.475,2.1294466403162056,2.191557856821252,2.3406832298136644,2.331133056133056,0.6792016806722687,2.314285714285714,2.314723320158103,0.4875,2.314723320158103,2.345778928410626,2.4681366459627325,2.466226611226611,0.9358403361344533,2.462857142857143,2.462944664031621,0.4975,2.4629446640316206,2.4691557856821253,396.7731092437142,396.99159663862423,397.1260504201663,392.80672268906693,396.2689075630279,165945344,48280963.22689076,0,25796814.521008402,54079728.94117647,3397962158.2521005,2669175678.92437,1117726461.8487394,4525328194.689075,4151744770.1512604,0,0,0,0,0,14.890756302521007,3.310924369747899,5.3277310924369745,0.38655462184873945,16.201680672268907,0,0,0,0,0,60794.621848739494,28439.663865546216,1060700.5042016807,18672.941176470587,70828.10084033613,1563.966386554622,262.62184873949576,2822.789915966386,1716.7563025210084,431.44537815126046,1768.1680672268908,374.21848739495795,1888.1176470588234,2104.521008403361,535.0756302521008,0,0,0,0,0,0,0,0,0,0,0,0,0,0,0,0,0,0,0,0
1693106299,0.46345060037918817,0.3407086740420073,0.18351149240721193,0.03822118600340173,1.6356697158781095,0.4261905295978115,0.12609658998793088,0.12568453182511907,0.167847817978366,0.04790763408149093,0,0.16629570504116373,0.1364203305269728,0.5846638183044756,0.2842818007959893,3.7090472614282963,6.55066688912939,7.450781054732303,0.4413064154260701,9.729839567052368,3.0096862856373736,0.32686081458397115,0.6475714696112758,2.3153241850055877,0.9263827652286378,0.00005783213374470442,0.26095213260131883,2.2429712328500226,2.6844864717787305,1.060244257507623,2.780703602275137,5.812089145422483,7.638665871450202,0.32488008102891425,7.491771167787404,2.28797021152508,0.4503449642426099,0.41296346171110515,2.07012308839985,0.646753060100126,0,0.1425391757495689,1.8124415341440592,1.259275916348099,0.8270016023156042,50000,100000,50000,50000,50000,50000,10000,50000,50000,20000,50000,0,5001216,2162688,220594176,0,0,1892352,0,0,2973696,0,0,0,0,3919872,244.70191700021064,5.291005291005291,116.57567555168143,3.7838974143367676,234.56715332889078,503.35344653551954,0,0,521.8948153674002,9.485711548135196,0,0,443.755846585594,0,8.528454023879672,0,0,2162688,0,0,0,0,0,0,0,0,0,0,0,0,224342016,77062144,16412672,439984128,111415296,349663232,39714816,10911744,310304768,93900800,4952064,3993600,305532928,16084992,134160384,206401536,69206016,12840960,199372800,104079360,331702272,35684352,9596928,291962880,83668992,4055040,2568192,295477248,14868480,36630528,0,0,0,0,0,0,0,0,0,0,0,0,0,0,0,208367616,76812288,16154624,424943616,107880448,334417920,39473152,10518528,296325120,93409280,4796416,2912256,297979904,15699968,42266624,190525440,71811072,16154624,211648512,107880448,334417920,37715968,10518528,296325120,90435584,4796416,2912256,297979904,15699968,38481920,1073741824,1073741824,314572800,0,1073741824,1073741824,1073741824,314572800,1073741824,0,0,0,1073741824,314572800,2147483648,10.582010582010582,0,4.863725613820187,0,0,15.144466842404507,41507.13484046818,0,20106.28141156126,0,0,50374.3216002481,10.582010582010582,0,4.863725613820187,0,0,15.144466842404507,41507.13484046818,0,20106.28141156126,0,0,50374.3216002481,105.01256447559845,49.24715763597255,478.98665929356474,21.056318841707856,34.23491583128428,38.72835430972092,16.327639913866996,52.97989265610682,49.678618446526755,97.59957206855819,0,0,0,0,0,0,0,0,0,0,120447.7802759776,120718.85690873706,1580466.6309532041,100081.03374459968,335499.7541138642,549670.2264743781,2989.4842472769847,7918.235973294934,593860.973437621,125561.0805268906,0,0,0,0,0,0,0,0,0,0,123.08777498567208,40.04916521560995,466.1816548005807,28.1204997470128,46.98316625685644,52.44391096361935,14.61334225325612,64.6277588689619,65.10880508015178,130.76425880936992,0,0,0,0,0,0,0,0,0,0,24935.039456861967,6508.122503328895,142121.62162162163,5812.147277468571,12371.477208246642,6476.355227621754,2756.026174398428,9179.124374918183,14681.115929683265,24710.745091046872,0,0,0,0,0,0,0,0,0,0,4,16,38,2,2,2,2,8,0,0,0,0,0.008771228771228773,0.003249221183800623,0.030421455938697314,0.016140724946695096,0.0015,0.003,0.003035830618892508,0.003183600286875448,0.021542168674698794,0.0064625,0.07024340770791077,0.02412366737739872,0.004308988764044944,0.0046,0.004664495114006515,0.004930480516375807,0.023602409638554214,0.031194852941176413,0.08573022312373223,0.028958333333333332,0.004660112359550561,0.0048,0.0048680781758957655,0.007037303664921455,0.048999999999999516,0.04712132352941176,0.09811967545638943,0.07163636363636401,0.004941011235955056,0.00496,0.00796875,0.009428403141361258,0.45967741935483875,0.3739583333333334,0.3855646306818182,0.45967741935483875,0.8819444444444443,0.375,0.46001344086021506,0.4884430473372781,2.1813664596273292,2.162266112266112,0.49401633522727273,2.1285714285714286,2.129446640316206,0.475,2.1294466403162056,2.191557856821252,2.3406832298136644,2.331133056133056,0.6792016806722687,2.314285714285714,2.314723320158103,0.4875,2.314723320158103,2.345778928410626,2.4681366459627325,2.466226611226611,0.9358403361344533,2.462857142857143,2.462944664031621,0.4975,2.4629446640316206,2.4691557856821253,396.7226890756208,397.0924369747823,397.21008403361384,392.8235294117755,396.18487394959254,165945344,48281032.06722689,0,25796814.521008402,54079728.94117647,3539812971.563025,2669196606.3865547,1117733139.3613446,4433076361.680672,4151773132.3697476,0,0,0,0,0,14.84033613445378,3.310924369747899,5.3277310924369745,0.38655462184873945,16.03361344537815,0,0,0,0,0,60622.52100840336,28439.663865546216,1060700.5042016807,18672.941176470587,70311.79831932773,1547.6470588235295,263.781512605042,2822.067226890756,1705.7647058823532,428.4201680672268,1751.6470588235293,374.9411764705882,1887.9327731092435,2095.09243697479,531.9831932773109,0,0,0,0,0,0,0,0,0,0,0,0,0,0,0,0,0,0,0,0
1693106300,0.46345060037918817,0.3407086740420073,0.19179133103183732,0.03822118600340173,1.6356697158781095,0.38794389734407875,0.12609658998793088,0.12568453182511907,0.167847817978366,0.04790763408149093,0,0.19266762083012237,0.1364203305269728,0.5846638183044756,0.2842818007959893,3.7090472614282963,6.55066688912939,17.65277742441678,0.4413064154260701,9.729839567052368,3.089657624589663,0.32686081458397115,0.6475714696112758,2.3153241850055877,0.9263827652286378,0.00005904225152427786,0.30233508752614796,2.2429712328500226,2.6844864717787305,1.060244257507623,2.780703602275137,5.812089145422483,17.575060152735645,0.32488008102891425,7.491771167787404,2.417188898836133,0.4503449642426099,0.41296346171110515,2.07012308839985,0.646753060100126,0,0.16514367499724775,1.8124415341440592,1.259275916348099,0.8270016023156042,50000,100000,50000,50000,50000,50000,10000,50000,50000,20000,50000,0,5001216,2162688,220594176,0,0,1892352,0,0,2973696,0,0,0,0,3919872,244.70191700021064,5.291005291005291,90.9090909090909,3.7838974143367676,234.56715332889078,545.5684870188004,0,0,521.8948153674002,9.485711548135196,0,0,443.755846585594,0,8.528454023879672,0,0,2162688,0,0,0,0,0,0,0,0,0,0,0,0,224342016,77062144,16789504,439984128,111415296,349663232,39714816,10911744,310304768,93900800,4952064,3993600,305532928,16084992,134160384,206401536,69206016,13111296,199372800,104079360,331702272,35684352,9596928,291962880,83668992,4055040,2568192,295477248,14868480,36630528,0,0,0,0,0,0,0,0,0,0,0,0,0,0,0,208367616,76812288,16531456,424943616,107880448,334417920,39473152,10518528,296325120,93409280,4796416,2912256,297979904,15699968,42266624,190525440,71811072,16531456,211648512,107880448,334417920,37715968,10518528,296325120,90435584,4796416,2912256,297979904,15699968,38481920,1073741824,1073741824,314572800,0,1073741824,1073741824,1073741824,314572800,1073741824,0,0,0,1073741824,314572800,2147483648,10.582010582010582,0,4.863725613820187,0,0,15.144466842404507,41507.13484046818,0,20106.28141156126,0,0,50374.3216002481,10.582010582010582,0,4.863725613820187,0,0,15.144466842404507,41507.13484046818,0,20106.28141156126,0,0,50374.3216002481,105.01256447559845,49.24715763597255,478.98665929356474,21.056318841707856,34.23491583128428,38.77345362061519,16.327639913866996,51.930453375223635,49.678618446526755,97.59957206855819,0,0,0,0,0,0,0,0,0,0,120447.7802759776,120718.85690873706,1580466.6309532041,100081.03374459968,335499.7541138642,548795.7435577523,2989.4842472769847,7761.389527425055,593860.973437621,125561.0805268906,0,0,0,0,0,0,0,0,0,0,123.08777498567208,40.04916521560995,466.1816548005807,28.1204997470128,46.98316625685644,52.78564230529296,14.61334225325612,63.34759567133569,65.10880508015178,130.76425880936992,0,0,0,0,0,0,0,0,0,0,24935.039456861967,6508.122503328895,142121.62162162163,5812.147277468571,12371.477208246642,6511.036997936561,2756.026174398428,8997.301928699218,14681.115929683265,24710.745091046872,0,0,0,0,0,0,0,0,0,0,36,18,68,10,12,2,10,76,0,0,0,0,0.008771228771228773,0.003249221183800623,0.030421455938697314,0.016140724946695096,0.0015,0.003,0.003035830618892508,0.003190980095742,0.021542168674698794,0.0064625,0.07024340770791077,0.02412366737739872,0.004308988764044944,0.0046,0.004664495114006515,0.0049437641723356004,0.023602409638554214,0.031194852941176413,0.08573022312373223,0.028958333333333332,0.004660112359550561,0.0048,0.0048680781758957655,0.00714323607427055,0.048999999999999516,0.04712132352941176,0.09811967545638943,0.07163636363636401,0.004941011235955056,0.00496,0.00796875,0.0094498673740053,0.45967741935483875,0.3739583333333334,0.3855646306818182,0.45967741935483875,0.8819444444444443,0.375,0.46001344086021506,0.46982116244411326,2.1813664596273292,2.162266112266112,0.49401633522727273,2.1285714285714286,2.129446640316206,0.475,2.1294466403162056,2.1758449304174947,2.3406832298136644,2.331133056133056,0.6792016806722687,2.314285714285714,2.314723320158103,0.4875,2.314723320158103,2.337922465208747,2.4681366459627325,2.466226611226611,0.9358403361344533,2.462857142857143,2.462944664031621,0.4975,2.4629446640316206,2.467584493041749,396.6554621848847,396.9579831932762,397.3109243697407,392.75630252101996,396.184873949596,165945344,48281032.06722689,0,25797021.042016804,54079728.94117647,3610889792.537815,2726011568.4033613,1117673385.9495797,4433181687.394958,4151771755.563025,0,0,0,0,0,14.957983193277311,3.310924369747899,5.3277310924369745,0.48739495798319327,15.966386554621849,0,0,0,0,0,60966.72268907563,28439.663865546216,1060700.5042016807,36571.42857142857,70105.27731092437,1550.890756302521,265.31092436974785,2820.6050420168067,1697.1764705882354,426.4201680672269,1754.873949579832,376.672268907563,1887.1932773109243,2085.8823529411766,530,0,0,0,0,0,0,0,0,0,0,0,0,0,0,0,0,0,0,0,0
1693106301,0.46345060037918817,0.3407086740420073,0.19179133103183732,0.03822118600340173,1.6356697158781095,0.38794389734407875,0.12609658998793088,0.11659360134315838,0.167847817978366,0.04790763408149093,0,0.19266762083012237,0.17844396859386166,0.5846638183044756,0.2842818007959893,3.7090472614282963,6.55066688912939,17.65277742441678,0.4413064154260701,9.729839567052368,3.089657624589663,0.32686081458397115,0.6549860787240003,2.3153241850055877,0.9263827652286378,0.00004941999999999968,0.30233508752614796,2.766121187247212,2.6844864717787305,1.060244257507623,2.780703602275137,5.812089145422483,17.575060152735645,0.32488008102891425,7.491771167787404,2.417188898836133,0.4503449642426099,0.41973696483536915,2.07012308839985,0.646753060100126,0,0.16514367499724775,2.3495122531525072,1.259275916348099,0.8270016023156042,50000,100000,50000,50000,50000,50000,10000,50000,50000,20000,50000,0,5001216,2162688,220594176,0,0,1892352,0,0,2973696,0,0,0,0,3919872,244.70191700021064,5.291005291005291,90.9090909090909,3.7838974143367676,234.56715332889078,545.5684870188004,0,0,521.8948153674002,9.485711548135196,0,0,632.0485367594574,0,8.528454023879672,0,0,2162688,0,0,0,0,0,0,0,0,0,0,0,0,224342016,77062144,16789504,439984128,111415296,349663232,39714816,10911744,310304768,93900800,4952064,3993600,305532928,16084992,134160384,206401536,69206016,13111296,199372800,104079360,331702272,35684352,9596928,291962880,83668992,4055040,2568192,295477248,14868480,36630528,0,0,0,0,0,0,0,0,0,0,0,0,0,0,0,208367616,76812288,16531456,424943616,107880448,334417920,39473152,10518528,296325120,93409280,4796416,2912256,297979904,15699968,42266624,190525440,71811072,16531456,211648512,107880448,334417920,37715968,10518528,296325120,90435584,4796416,2912256,297979904,15699968,38481920,1073741824,1073741824,314572800,0,1073741824,1073741824,1073741824,314572800,1073741824,0,0,0,1073741824,314572800,2147483648,10.582010582010582,0,4.863725613820187,0,0,15.144466842404507,41507.13484046818,0,20106.28141156126,0,0,50374.3216002481,10.582010582010582,0,4.863725613820187,0,0,15.144466842404507,41507.13484046818,0,20106.28141156126,0,0,50374.3216002481,105.01256447559845,49.24715763597255,484.7997970487506,21.140634471610426,34.27960689241678,38.77345362061519,13.875663493059916,50.88101409434045,49.678618446526755,97.59957206855819,0,0,0,0,0,0,0,0,0,0,120447.7802759776,120718.85690873706,1582878.0389835525,99650.78803798747,335918.38064701133,548795.7435577523,2520.1212715933134,7604.543081555177,593860.973437621,125561.0805268906,0,0,0,0,0,0,0,0,0,0,123.08777498567208,40.04916521560995,470.9314616718109,28.187512628813902,46.68804254320795,52.78564230529296,12.371757224895957,62.067432473709474,65.10880508015178,130.76425880936992,0,0,0,0,0,0,0,0,0,0,24935.039456861967,6508.122503328895,144281.6159993235,5917.912709638311,12406.663017126772,6511.036997936561,2327.7915228081188,8815.479482480256,14681.115929683265,24710.745091046872,0,0,0,0,0,0,0,0,0,0,18,16,48,10,10,2,10,56,0,0,0,0,0.008771228771228773,0.003249221183800623,0.030421455938697314,0.016140724946695096,0.0015,0.003,0.003035830618892508,0.0031861252115059223,0.021542168674698794,0.0064625,0.07024340770791077,0.02412366737739872,0.004308988764044944,0.0046,0.004664495114006515,0.004935025380710661,0.023602409638554214,0.031194852941176413,0.08573022312373223,0.028958333333333332,0.004660112359550561,0.0048,0.0048680781758957655,0.0070744125326370816,0.048999999999999516,0.04712132352941176,0.09811967545638943,0.07163636363636401,0.004941011235955056,0.00496,0.00796875,0.009435770234986951,0.45967741935483875,0.3739583333333334,0.3855646306818182,0.45967741935483875,0.8819444444444443,0.375,0.46001344086021506,0.4842825443786983,2.1813664596273292,2.162266112266112,0.49401633522727273,2.1285714285714286,2.129446640316206,0.475,2.1294466403162056,2.18828125,2.3406832298136644,2.331133056133056,0.6792016806722687,2.314285714285714,2.314723320158103,0.4875,2.314723320158103,2.344140625,2.4681366459627325,2.466226611226611,0.9358403361344533,2.462857142857143,2.462944664031621,0.4975,2.4629446640316206,2.468828125,396.60504201681334,397.05882352940944,397.2268907562908,392.7394957983205,396.1008403361537,165945275.15966386,48281032.06722689,0,25797021.042016804,72106259.36134453,3540296024.2016807,2669218291.092437,1177085349.6470587,4248641742.521008,4073447974.7226887,0,0,0,0,0,15.008403361344538,3.310924369747899,5.3277310924369745,0.48739495798319327,16.100840336134453,0,0,0,0,0,61095.798319327725,28439.663865546216,1060700.5042016807,36571.42857142857,70656,1548.0504201680671,265.327731092437,2823.579831932773,1699.2605042016808,427.89915966386553,1751.5126050420165,376.5882352941176,1889.3277310924368,2087.09243697479,531.4285714285713,0,0,0,0,0,0,0,0,0,0,0,0,0,0,0,0,0,0,0,0
1693106302,0.46345060037918817,0.3407086740420073,0.2338688930985289,0.03822118600340173,1.6356697158781095,0.38794389734407875,0.12262114969589966,0.11659360134315838,0.167847817978366,0.04790763408149093,0,0.19266762083012237,0.17844396859386166,0.5846638183044756,0.2842818007959893,3.7090472614282963,6.55066688912939,23.366221151102692,0.4413064154260701,9.729839567052368,3.089657624589663,0.3213637948793401,0.6549860787240003,2.3153241850055877,0.9263827652286378,0.00004941999999999968,0.30233508752614796,2.766121187247212,2.6844864717787305,1.060244257507623,2.780703602275137,5.812089145422483,23.08285974882481,0.32488008102891425,7.491771167787404,2.417188898836133,0.4659603688444181,0.41973696483536915,2.07012308839985,0.646753060100126,0,0.16514367499724775,2.3495122531525072,1.259275916348099,0.8270016023156042,50000,100000,50000,50000,50000,50000,10000,50000,50000,20000,50000,0,5001216,2162688,220594176,0,0,1892352,0,0,2973696,0,0,0,0,3919872,244.70191700021064,5.291005291005291,121.939240861573,3.7838974143367676,234.56715332889078,545.5684870188004,0,0,521.8948153674002,9.485711548135196,0,0,632.0485367594574,0,8.528454023879672,0,0,2162688,0,0,0,0,0,0,0,0,0,0,0,0,224342016,77062144,16789504,439984128,111415296,349663232,39714816,10911744,310304768,93900800,4952064,3993600,305532928,16084992,134160384,206401536,69206016,13111296,199372800,104079360,331702272,35684352,9596928,291962880,83668992,4055040,2568192,295477248,14868480,36630528,0,0,0,0,0,0,0,0,0,0,0,0,0,0,0,208367616,76812288,16531456,424943616,107880448,334417920,39473152,10518528,296325120,93409280,4796416,2912256,297979904,15699968,42266624,190525440,71811072,16531456,211648512,107880448,334417920,37715968,10518528,296325120,90435584,4796416,2912256,297979904,15699968,38481920,1073741824,1073741824,314572800,0,1073741824,1073741824,1073741824,314572800,1073741824,0,0,0,1073741824,314572800,2147483648,10.582010582010582,0,5.051991367471061,0,0,15.144466842404507,41507.13484046818,0,21396.115361977634,0,0,50374.3216002481,10.582010582010582,0,5.051991367471061,0,0,15.144466842404507,41507.13484046818,0,21396.115361977634,0,0,50374.3216002481,105.01256447559845,49.24715763597255,484.7997970487506,21.140634471610426,34.27960689241678,38.77345362061519,14.159893108739624,60.05820443310477,49.678618446526755,97.59957206855819,0,0,0,0,0,0,0,0,0,0,120447.7802759776,120718.85690873706,1582878.0389835525,99650.78803798747,335918.38064701133,548795.7435577523,2571.7435310153214,8966.014192313825,593860.973437621,125561.0805268906,0,0,0,0,0,0,0,0,0,0,123.08777498567208,40.04916521560995,470.9314616718109,28.187512628813902,46.68804254320795,52.78564230529296,12.625180767710585,73.79205868282571,65.10880508015178,130.76425880936992,0,0,0,0,0,0,0,0,0,0,24935.039456861967,6508.122503328895,144281.6159993235,5917.912709638311,12406.663017126772,6511.036997936561,2375.4740923833438,10418.0553340775,14681.115929683265,24710.745091046872,0,0,0,0,0,0,0,0,0,0,52,28,72,2,2,2,2,66,0,0,0,0,0.008851214574898786,0.0033107822410147992,0.030403596021423104,0.016085526315789474,0.0015865102639296188,0.003,0.0030313043478260872,0.0031878048780487806,0.02165748031496063,0.008846938775510207,0.07027272727272726,0.024111842105263154,0.004326686217008797,0.0046,0.0046563478260869574,0.004938048780487804,0.02367322834645669,0.03405864197530859,0.08574242424242423,0.02880434782608684,0.004669208211143695,0.0048,0.004859478260869565,0.007098563968668407,0.049199999999999716,0.04755246913580245,0.0981181818181818,0.07227272727272728,0.004943225806451613,0.00496,0.007633333333333392,0.00944060052219321,0.45821917808219176,0.3739583333333334,0.3855789660056657,0.45890410958904115,0.8714285714285714,0.375,0.4556338028169014,0.48753748125937035,2.180996884735203,2.1626543209876545,0.49404213881019826,2.126530612244898,2.1174672489082966,0.475,2.1174672489082966,2.1908318014705883,2.3404984423676014,2.3313271604938266,0.6796025104602511,2.313265306122449,2.3087336244541485,0.4875,2.3087336244541485,2.345415900735294,2.46809968847352,2.466265432098765,0.9359205020920499,2.4626530612244895,2.46174672489083,0.4975,2.46174672489083,2.4690831801470585,396.6554621848703,396.9747899159631,397.1092436974761,392.82352941175327,396.1176470588221,165945757.0420168,48281032.06722689,0,25797021.042016804,72106259.36134453,3540302977.07563,2726077035.563025,1177089961.9495797,4248702046.655462,4073446322.5546217,0,0,0,0,0,15.07563025210084,3.310924369747899,5.34453781512605,0.48739495798319327,16.218487394957982,0,0,0,0,0,61345.34453781512,28439.663865546216,1060975.8655462184,36571.42857142857,70991.59663865546,1554.4705882352941,265.6302521008403,2823.1932773109243,1710.18487394958,429.84873949579827,1758.2016806722686,376.89075630252097,1888.9243697478992,2098.285714285714,533.3613445378151,0,0,0,0,0,0,0,0,0,0,0,0,0,0,0,0,0,0,0,0
1693106303,0.3879958847736641,0.3407086740420073,0.2338688930985289,0.03822118600340173,1.6356697158781095,0.38421639067122637,0.12262114969589966,0.11659360134315838,0.167847817978366,0.04790763408149093,0,0.16908296328917286,0.17844396859386166,0.5846638183044756,0.2842818007959893,3.2369847771263403,6.55066688912939,23.366221151102692,0.4413064154260701,9.729839567052368,3.170084104967897,0.3213637948793401,0.6549860787240003,2.3153241850055877,0.9263827652286378,0.00004941999999999968,0.26532591353419716,2.766121187247212,2.6844864717787305,1.060244257507623,2.4111172839506296,5.812089145422483,23.08285974882481,0.32488008102891425,7.491771167787404,2.324509163560905,0.4659603688444181,0.41973696483536915,2.07012308839985,0.646753060100126,0,0.14492825424786243,2.3495122531525072,1.259275916348099,0.8270016023156042,50000,100000,50000,50000,50000,50000,10000,50000,50000,20000,50000,0,5001216,2162688,220594176,0,0,1892352,0,0,2973696,0,0,0,0,3919872,182.91234567901233,5.291005291005291,121.939240861573,3.7838974143367676,234.56715332889078,547.7388865408998,0,0,521.8948153674002,9.485711548135196,0,0,632.0485367594574,0,8.528454023879672,0,0,2162688,0,0,0,0,0,0,0,0,0,0,0,0,224342016,77062144,16789504,439984128,111415296,349663232,39714816,10911744,310304768,93900800,4952064,3993600,305532928,16084992,134160384,206401536,69206016,13111296,199372800,104079360,331972608,35684352,9596928,291962880,83668992,4055040,2568192,295477248,14868480,36630528,0,0,0,0,0,0,0,0,0,0,0,0,0,0,0,208367616,76812288,16531456,424943616,107880448,334577664,39473152,10518528,296325120,93409280,4796416,2912256,297979904,15699968,42266624,190525440,71811072,16531456,211648512,107880448,334577664,37715968,10518528,296325120,90435584,4796416,2912256,297979904,15699968,38481920,1073741824,1073741824,314572800,0,1073741824,1073741824,1073741824,314572800,1073741824,0,0,0,1073741824,314572800,2147483648,10.582010582010582,0,5.051991367471061,0,0,15.144466842404507,41507.13484046818,0,21396.115361977634,0,0,50374.3216002481,10.582010582010582,0,5.051991367471061,0,0,15.144466842404507,41507.13484046818,0,21396.115361977634,0,0,50374.3216002481,105.01256447559845,49.24715763597255,484.7997970487506,21.140634471610426,34.27960689241678,38.77345362061519,14.444122724419335,60.05820443310477,49.678618446526755,97.59957206855819,0,0,0,0,0,0,0,0,0,0,120447.7802759776,120718.85690873706,1582878.0389835525,99650.78803798747,335918.38064701133,548795.7435577523,2623.3657904373304,8966.014192313825,593860.973437621,125561.0805268906,0,0,0,0,0,0,0,0,0,0,123.08777498567208,40.04916521560995,470.9314616718109,28.187512628813902,46.68804254320795,52.78564230529296,12.878604310525215,73.79205868282571,65.10880508015178,130.76425880936992,0,0,0,0,0,0,0,0,0,0,24935.039456861967,6508.122503328895,144281.6159993235,5917.912709638311,12406.663017126772,6511.036997936561,2423.1566619585687,10418.0553340775,14681.115929683265,24710.745091046872,0,0,0,0,0,0,0,0,0,0,26,24,54,4,10,2,6,28,0,0,0,0,0.008851214574898786,0.0033107822410147992,0.030403596021423104,0.016085526315789474,0.0015356125356125357,0.003,0.0030299500831946755,0.0031878048780487806,0.02165748031496063,0.008846938775510207,0.07027272727272726,0.024111842105263154,0.004316239316239316,0.0046,0.004653910149750416,0.004938048780487804,0.02367322834645669,0.03405864197530859,0.08574242424242423,0.02880434782608684,0.004663817663817664,0.0048,0.0048569051580698835,0.007098563968668407,0.049199999999999716,0.04755246913580245,0.0981181818181818,0.07227272727272728,0.004941880341880342,0.00496,0.007416666666666666,0.00944060052219321,0.45821917808219176,0.3739583333333334,0.3855789660056657,0.45890410958904115,0.8775510204081632,0.375,0.45890410958904115,0.48753748125937035,2.180996884735203,2.1626543209876545,0.49404213881019826,2.126530612244898,2.126530612244898,0.475,2.126530612244898,2.1908318014705883,2.3404984423676014,2.3313271604938266,0.6796025104602511,2.313265306122449,2.313265306122449,0.4875,2.313265306122449,2.345415900735294,2.46809968847352,2.466265432098765,0.9359205020920499,2.4626530612244895,2.4626530612244895,0.4975,2.4626530612244895,2.4690831801470585,396.5210084033497,396.97478991596114,397.1564458934891,392.7058823529459,396.15126050419906,165945757.0420168,48281032.06722689,0,25797021.042016804,72106259.36134453,3682163014.9915967,2726088325.378151,1177031923.7685497,4248792847.058823,3995113936.672269,0,0,0,0,0,14.504201680672269,3.9327731092436973,5.344268356217334,0.48739495798319327,16.134453781512605,0,0,0,0,0,57843.09243697479,32707.764705882353,1060922.3736618322,36571.42857142857,70475.29411764705,1556.1008403361343,265.42857142857144,2823.26941498748,1707.0420168067226,428.94117647058823,1759.5630252100837,376.70588235294116,1888.778717039477,2095.378151260504,532.4201680672268,0,0,0,0,0,0,0,0,0,0,0,0,0,0,0,0,0,0,0,0
1693106304,0.4609053497942405,0.3407086740420073,0.2338688930985289,0,1.721726030345418,0.38421639067122637,0.12262114969589966,0.11659360134315838,0.167847817978366,0.04790763408149093,0,0.1779289075165078,0.17844396859386166,0.5846638183044756,0.2842818007959893,3.845256250205764,6.55066688912939,23.366221151102692,0.4486194568661712,9.94824698159905,3.170084104967897,0.3213637948793401,0.6549860787240003,2.3153241850055877,0.9263827652286378,0.00005814434413183439,0.2952884840457079,2.766121187247212,2.6844864717787305,1.060244257507623,2.864197530864212,5.812089145422483,23.08285974882481,0.3257618384813572,7.586355321209513,2.324509163560905,0.4659603688444181,0.41973696483536915,2.07012308839985,0.646753060100126,0,0.13838915029061735,2.3495122531525072,1.259275916348099,0.8270016023156042,50000,100000,50000,50000,50000,50000,10000,50000,50000,20000,50000,0,5001216,2162688,220594176,0,0,1892352,0,0,2973696,0,0,0,0,3919872,217.28395061728392,5.291005291005291,121.939240861573,3.909142061776291,229.04336597438933,547.7388865408998,0,0,521.8948153674002,9.485711548135196,0,0,632.0485367594574,0,8.528454023879672,0,0,2162688,0,0,0,0,0,0,0,0,0,0,0,0,224342016,77062144,16789504,439984128,111415296,349663232,39714816,10911744,310304768,93900800,4952064,3993600,305532928,16084992,134160384,206401536,69206016,13111296,199372800,104079360,331972608,35684352,9596928,291962880,83668992,4055040,2568192,295477248,14868480,36630528,0,0,0,0,0,0,0,0,0,0,0,0,0,0,0,208367616,76812288,16531456,424943616,107880448,334577664,39473152,10518528,296325120,93409280,4796416,2912256,297979904,15699968,42266624,190525440,71811072,16531456,211648512,107880448,334577664,37715968,10518528,296325120,90435584,4796416,2912256,297979904,15699968,38481920,1073741824,1073741824,314572800,0,1073741824,1073741824,1073741824,314572800,1073741824,0,0,0,1073741824,314572800,2147483648,10.582010582010582,0,5.051991367471061,0,0,15.144466842404507,41507.13484046818,0,21396.115361977634,0,0,50374.3216002481,10.582010582010582,0,5.051991367471061,0,0,15.144466842404507,41507.13484046818,0,21396.115361977634,0,0,50374.3216002481,113.67824721861989,50.303511946027285,484.7997970487506,21.140634471610426,34.27960689241678,38.77345362061519,14.550424600683547,60.05820443310477,49.678618446526755,97.59957206855819,0,0,0,0,0,0,0,0,0,0,121132.00464132141,121721.15791075565,1582878.0389835525,99650.78803798747,335918.38064701133,548795.7435577523,2642.6725154611613,8966.014192313825,593860.973437621,125561.0805268906,0,0,0,0,0,0,0,0,0,0,132.27766022797078,40.90225055376135,470.9314616718109,28.187512628813902,46.68804254320795,52.78564230529296,12.973384715537886,73.79205868282571,65.10880508015178,130.76425880936992,0,0,0,0,0,0,0,0,0,0,27229.301754146476,6645.998545848058,144281.6159993235,5917.912709638311,12406.663017126772,6511.036997936561,2440.989942979703,10418.0553340775,14681.115929683265,24710.745091046872,0,0,0,0,0,0,0,0,0,0,37.209,16,42,6,3.848,1.949,5.945,56,0,0,0,0,0.008851363453757,0.0033107822410147992,0.030403596021423104,0.016085526315789474,0.0015362281786762636,0.003,0.0030299510309686993,0.0031878048780487806,0.02165758709535041,0.008846938775510207,0.07027272727272726,0.024111842105263154,0.0043163582944242595,0.0046,0.004653911855743658,0.004938048780487804,0.023673278554028513,0.03405864197530859,0.08574242424242423,0.02880434782608684,0.004663874558892758,0.0048,0.004856906958840528,0.007098563968668407,0.04920044124170451,0.04755246913580245,0.0981181818181818,0.07227272727272728,0.004941887570467557,0.00496,0.0074167777668855545,0.00944060052219321,0.458087060454698,0.3739583333333334,0.3855789660056657,0.45890410958904115,0.8774631886311235,0.375,0.45889748432436445,0.48753748125937035,2.180931202387497,2.1626543209876545,0.49404213881019826,2.126530612244898,2.1264272509003606,0.475,2.126512965186074,2.1908318014705883,2.3404656011937486,2.3313271604938266,0.6796025104602511,2.313265306122449,2.3132136254501803,0.4875,2.313256482593037,2.345415900735294,2.4680931202387493,2.466265432098765,0.9359205020920499,2.4626530612244895,2.4626427250900362,0.4975,2.462651296518607,2.4690831801470585,396.5465163109226,396.98838714016387,397.11864406780137,392.5492766043278,396.0336134453855,165689496.03973684,48278597.852209136,0,25792115.071163315,72106259.36134453,3535153522.888978,2782704744.029713,1128239798.2372882,4155673264.0352206,3995181124.840336,0,0,0,0,0,14.616055846422336,3.781321950153774,5.389830508474576,0.4032867873166306,16.134453781512605,0,0,0,0,0,58088.87098939454,31828.44562459036,1069967.1864406778,35996.840920166025,70535.5294117647,1553.9166331051144,265.2975480227888,2821.6949152542375,1712.826200198283,429.8823529411764,1757.618472278158,376.3675781053057,1888.0677966101694,2101.0737510712306,533.4453781512605,0,0,0,0,0,0,0,0,0,0,0,0,0,0,0,0,0,0,0,0
1693106305,0.4609053497942405,0.3407086740420073,0.2338688930985289,0,1.721726030345418,0.38421639067122637,0.12262114969589966,0.11659360134315838,0.167847817978366,0.040640711375135447,0,0.1779289075165078,0.17844396859386166,0.5846638183044756,0.2434684102617118,3.845256250205764,6.55066688912939,23.366221151102692,0.4486194568661712,9.94824698159905,3.170084104967897,0.3213637948793401,0.6549860787240003,2.3153241850055877,0.7858633661707483,0.00005693422635226094,0.2952884840457079,2.766121187247212,2.6844864717787305,0.9080285236047786,2.864197530864212,5.812089145422483,23.08285974882481,0.3257618384813572,7.586355321209513,2.324509163560905,0.4659603688444181,0.41973696483536915,2.07012308839985,0.5486496035643271,0,0.13838915029061735,2.3495122531525072,1.259275916348099,0.7082717389431605,50000,100000,50000,50000,50000,50000,10000,50000,50000,20000,50000,0,5001216,2162688,220594176,0,0,1892352,0,0,2973696,0,0,0,0,3919872,217.28395061728392,5.291005291005291,121.939240861573,3.909142061776291,229.04336597438933,547.7388865408998,0,0,521.8948153674002,8.04686085227681,0,0,632.0485367594574,0,7.304052307851347,0,0,2162688,0,0,0,0,0,0,0,0,0,0,0,0,224342016,77062144,16789504,439984128,111415296,349663232,39714816,10911744,310304768,93900800,4952064,3993600,305532928,16084992,134160384,206401536,69206016,13111296,199372800,104079360,331972608,35684352,9596928,291962880,83668992,4055040,2568192,295477248,14868480,36630528,0,0,0,0,0,0,0,0,0,0,0,0,0,0,0,208367616,76812288,16531456,424943616,107880448,334577664,39473152,10518528,296325120,93409280,4796416,2912256,297979904,15699968,42266624,190525440,71811072,16531456,211648512,107880448,334577664,37715968,10518528,296325120,90435584,4796416,2912256,297979904,15699968,38481920,1073741824,1073741824,314572800,0,1073741824,1073741824,1073741824,314572800,1073741824,0,0,0,1073741824,314572800,2147483648,10.582010582010582,0,5.051991367471061,0,0,12.970226219396633,41507.13484046818,0,21396.115361977634,0,0,43142.24816250581,10.582010582010582,0,5.051991367471061,0,0,12.970226219396633,41507.13484046818,0,21396.115361977634,0,0,43142.24816250581,105.15965086730748,51.572559244986955,484.7997970487506,21.140634471610426,34.261199241743995,38.77345362061519,14.266194985003837,60.05820443310477,49.678618446526755,97.59957206855819,0,0,0,0,0,0,0,0,0,0,119671.59429897249,121782.67992708308,1582878.0389835525,99650.78803798747,336990.5417539659,548795.7435577523,2591.050256039153,8966.014192313825,593860.973437621,125561.0805268906,0,0,0,0,0,0,0,0,0,0,123.54435973925533,41.719546807577814,470.9314616718109,28.187512628813902,47.13159732614986,52.78564230529296,12.719961172723258,73.79205868282571,65.10880508015178,130.76425880936992,0,0,0,0,0,0,0,0,0,0,25002.541155673403,6797.65558298913,144281.6159993235,5917.912709638311,12113.937942731718,6511.036997936561,2393.307373404478,10418.0553340775,14681.115929683265,24710.745091046872,0,0,0,0,0,0,0,0,0,0,18,32.433,66,14,10,2.016,10,77.862,0,0,0,0,0.008851214574898786,0.0033107822410147992,0.030403596021423104,0.016085526315789474,0.0015356125356125357,0.003,0.0030299500831946755,0.003193207547169811,0.02165748031496063,0.008846938775510207,0.07027272727272726,0.024111842105263154,0.004316239316239316,0.0046,0.004653910149750416,0.004947773584905661,0.02367322834645669,0.03405864197530859,0.08574242424242423,0.02880434782608684,0.004663817663817664,0.0048,0.0048569051580698835,0.007173429319371728,0.049199999999999716,0.04755246913580245,0.0981181818181818,0.07227272727272728,0.004941880341880342,0.00496,0.007416666666666666,0.009455628272251314,0.45821917808219176,0.3739583333333334,0.3855789660056657,0.45890410958904115,0.8775510204081632,0.375,0.45890410958904115,0.47743580060422963,2.180996884735203,2.1626543209876545,0.49404213881019826,2.126530612244898,2.126530612244898,0.475,2.126530612244898,2.182597087378641,2.3404984423676014,2.3313271604938266,0.6796025104602511,2.313265306122449,2.313265306122449,0.4875,2.313265306122449,2.34129854368932,2.46809968847352,2.466265432098765,0.9359205020920499,2.4626530612244895,2.4626530612244895,0.4975,2.4626530612244895,2.4682597087378637,396.5882352941074,397.04201680673,397.22689075628534,392.40336134452764,396.0000000000058,149351449.81512603,48281032.06722689,0,12898682.62184874,72106259.36134453,3682402166.3193274,2726124879.5966387,1237398777.5462184,4156402920.3361344,3916872213.5126047,0,0,0,0,0,14.605042016806722,3.7815126050420167,3.34453781512605,0.42016806722689076,16.15126050420168,0,0,0,0,0,58324.97478991596,31830.050420168067,602361.5462184873,36072.33613445378,70767.86554621848,1549.0756302521008,265.3781512605042,2824.4033613445376,1705.4285714285716,428.1344537815126,1753.0252100840332,376.672268907563,1889.5966386554621,2093.831932773109,531.7310924369747,0,0,0,0,0,0,0,0,0,0,0,0,0,0,0,0,0,0,0,0
1693106306,0.4609053497942405,0.3407086740420073,0.2338688930985289,0,1.721726030345418,0.38421639067122637,0.12262114969589966,0.11659360134315838,0.15892131717814886,0.039842250807110596,0,0.1779289075165078,0.17844396859386166,0.6145287534769388,0.23873038024844528,3.845256250205764,6.55066688912939,23.366221151102692,0.4486194568661712,9.94824698159905,3.170084104967897,0.3213637948793401,0.6549860787240003,2.2553951302288446,0.7704236534169376,0.0000557241085726875,0.2952884840457079,2.766121187247212,2.785373329452104,0.8903577859796514,2.864197530864212,5.812089145422483,23.08285974882481,0.3257618384813572,7.586355321209513,2.324509163560905,0.4659603688444181,0.41973696483536915,1.9978679873824374,0.5378703858959918,0,0.13838915029061735,2.3495122531525072,1.3584319813700754,0.6944883789045672,50000,100000,50000,50000,50000,50000,10000,50000,50000,20000,50000,0,5001216,2162688,220594176,0,0,1892352,0,0,2973696,0,0,0,0,3919872,217.28395061728392,5.291005291005291,121.939240861573,3.909142061776291,229.04336597438933,547.7388865408998,0,0,552.9099655080923,7.888765659807891,0,0,632.0485367594574,0,7.161911407453352,0,0,2162688,0,0,0,0,0,0,0,0,0,0,0,0,224342016,77062144,16789504,439984128,111415296,349663232,39714816,10911744,310304768,93900800,4952064,3993600,305532928,16084992,134160384,206401536,69206016,13111296,199372800,104079360,331972608,35684352,9596928,291962880,83668992,4055040,2568192,295477248,14868480,36630528,0,0,0,0,0,0,0,0,0,0,0,0,0,0,0,208367616,76812288,16531456,424943616,107880448,334577664,39473152,10518528,296325120,93409280,4796416,2912256,297979904,15699968,42266624,190525440,71811072,16531456,211648512,107880448,334577664,37715968,10518528,296325120,90435584,4796416,2912256,297979904,15699968,38481920,1073741824,1073741824,314572800,0,1073741824,1073741824,1073741824,314572800,1073741824,0,0,0,1073741824,314572800,2147483648,10.582010582010582,0,5.051991367471061,0,0,12.717818438689893,41507.13484046818,0,21396.115361977634,0,0,42302.67613583501,10.582010582010582,0,5.051991367471061,0,0,12.717818438689893,41507.13484046818,0,21396.115361977634,0,0,42302.67613583501,105.15965086730748,51.572559244986955,484.7997970487506,21.140634471610426,34.26119924174399,38.77345362061519,17.26911938217312,60.05820443310477,43.43673211730067,97.59957206855819,0,0,0,0,0,0,0,0,0,0,119671.59429897249,121782.67992708308,1582878.0389835525,99650.78803798747,336990.54175396584,548795.7435577523,3135.0638206585863,8966.014192313825,515182.42706401955,125561.0805268906,0,0,0,0,0,0,0,0,0,0,123.54435973925533,41.719546807577814,470.9314616718109,28.187512628813902,47.13159732614985,52.78564230529296,15.338410382923952,73.79205868282571,56.794593030145585,130.76425880936992,0,0,0,0,0,0,0,0,0,0,25002.541155673403,6797.65558298913,144281.6159993235,5917.912709638311,12113.937942731716,6511.036997936561,2897.479352139869,10418.0553340775,12934.696194884278,24710.745091046872,0,0,0,0,0,0,0,0,0,0,44,14,60,18,14,2,14,142,0,0,0,0,0.008851214574898786,0.0033107822410147992,0.030403596021423104,0.016085526315789474,0.0015356125356125357,0.003,0.0030299500831946755,0.0031888997078870496,0.02165748031496063,0.008846938775510207,0.07027272727272726,0.024111842105263154,0.004316239316239316,0.0046,0.004653910149750416,0.004940019474196688,0.02367322834645669,0.03405864197530859,0.08574242424242423,0.02880434782608684,0.004663817663817664,0.0048,0.0048569051580698835,0.00711398963730569,0.049199999999999716,0.04755246913580245,0.0981181818181818,0.07227272727272728,0.004941880341880342,0.00496,0.007416666666666666,0.009443523316062163,0.45821917808219176,0.3739583333333334,0.3855789660056657,0.45890410958904115,0.8775510204081632,0.375,0.45890410958904115,0.4885682158920539,2.180996884735203,2.1626543209876545,0.49404213881019826,2.126530612244898,2.126530612244898,0.475,2.126530612244898,2.1916323731138547,2.3404984423676014,2.3313271604938266,0.6796025104602511,2.313265306122449,2.313265306122449,0.4875,2.313265306122449,2.3458161865569274,2.46809968847352,2.466265432098765,0.9359205020920499,2.4626530612244895,2.4626530612244895,0.4975,2.4626530612244895,2.469163237311385,396.62184873952873,397.12605042016236,397.1932773109259,392.420168067235,396.0000000000153,149351449.81512603,48280274.82352941,0,12898682.62184874,72106259.36134453,3682509626.0840335,2839684311.1260505,1179033600,4341185458.554622,3838582026.7563024,0,0,0,0,0,14.756302521008402,3.8319327731092434,3.34453781512605,0.453781512605042,16.18487394957983,0,0,0,0,0,58763.83193277311,27794.285714285714,602361.5462184873,36201.41176470588,70914.1512605042,1556.890756302521,265.327731092437,2823.9159663865544,1711.3445378151262,429.0084033613445,1760.9075630252098,376.8739495798319,1889.7310924369747,2100.268907563025,532.6386554621848,0,0,0,0,0,0,0,0,0,0,0,0,0,0,0,0,0,0,0,0
1693106307,0.4609053497942405,0.3407086740420073,0.2338688930985289,0,1.4854286978251223,0.38421639067122637,0.12262114969589966,0.11659360134315838,0.16201674478936315,0.039043790239085746,0,0.1779289075165078,0.17844396859386166,0.5171310671237896,0.23318385650224235,3.845256250205764,6.55066688912939,23.366221151102692,0.4486194568661712,8.582905351413366,3.170084104967897,0.3213637948793401,0.6549860787240003,2.299325123286242,0.754983940663127,0.000054513990793114055,0.2952884840457079,2.766121187247212,2.343914868178358,1.0369291443946187,2.864197530864212,5.812089145422483,23.08285974882481,0.3257618384813572,6.545170199791958,2.324509163560905,0.4659603688444181,0.41973696483536915,2.036781934494845,0.5270911682276563,0,0.13838915029061735,2.3495122531525072,1.14313183258943,0.8251121076233183,50000,100000,50000,50000,50000,50000,10000,50000,50000,20000,50000,0,5001216,2162688,220594176,0,0,1892352,0,0,2973696,0,0,0,0,3919872,217.28395061728392,5.291005291005291,121.939240861573,3.909142061776291,197.60843645754866,547.7388865408998,0,0,563.6794003714513,7.730670467338971,0,0,632.0485367594574,0,9.47085201793722,0,0,2162688,0,0,0,0,0,0,0,0,0,0,0,0,224342016,77062144,16789504,439984128,111415296,349663232,39714816,10911744,310304768,93900800,4952064,3993600,305532928,16084992,134160384,206401536,69206016,13111296,199372800,104079360,331972608,35684352,9596928,291962880,83668992,4055040,2568192,295477248,14868480,36630528,0,0,0,0,0,0,0,0,0,0,0,0,0,0,0,208367616,76812288,16531456,424943616,107880448,334577664,39473152,10518528,296325120,93409280,4796416,2912256,297979904,15699968,42356736,190525440,71811072,16531456,211648512,107880448,334577664,37715968,10518528,296325120,90435584,4796416,2912256,297979904,15699968,38301696,1073741824,1073741824,314572800,0,1073741824,1073741824,1073741824,314572800,1073741824,0,0,0,1073741824,314572800,2147483648,10.582010582010582,0,5.051991367471061,0,0,14.331838565022421,41507.13484046818,0,21396.115361977634,0,0,46231.53363228699,10.582010582010582,0,5.051991367471061,0,0,14.331838565022421,41507.13484046818,0,21396.115361977634,0,0,46231.53363228699,105.15965086730748,51.572559244986955,484.7997970487506,20.97059736088044,34.26119924174399,38.77345362061519,17.26911938217312,60.05820443310477,50.15451089780403,102.2295623451693,0,0,0,0,0,0,0,0,0,0,119671.59429897249,121782.67992708308,1582878.0389835525,99332.75537953315,336990.54175396584,548795.7435577523,3135.0638206585863,8966.014192313825,594858.8071211749,127343.71593724197,0,0,0,0,0,0,0,0,0,0,123.54435973925533,41.719546807577814,470.9314616718109,27.85128944534687,47.13159732614985,52.78564230529296,15.338410382923952,73.79205868282571,65.5782536166489,136.18497109826592,0,0,0,0,0,0,0,0,0,0,25002.541155673403,6797.65558298913,144281.6159993235,5787.227829388039,12113.937942731716,6511.036997936561,2897.479352139869,10418.0553340775,14935.132769983866,25948.241123038813,0,0,0,0,0,0,0,0,0,0,18,8,36,6,6,2,6,48,0,0,0,0,0.008890881147540984,0.003367965367965368,0.030492714723926374,0.016108078602620087,0.0016081871345029236,0.003,0.0030348432055749127,0.003192354516678841,0.021701948051948052,0.017166666666666584,0.07053212851405621,0.0241386462882096,0.0043309941520467835,0.0046,0.0046627177700348426,0.004946238130021915,0.02369188311688311,0.03692105263157892,0.08586847389558233,0.02953124999999989,0.0046713450292397655,0.0048,0.004866202090592335,0.007161577608142494,0.049283333333332874,0.04843684210526314,0.09813755020080323,0.07213636363636335,0.004943625730994152,0.00496,0.008466666666666685,0.009452671755725202,0.4579918032786885,0.375,0.3858985765124555,0.45878746594005454,0.8678861788617888,0.375,0.45505617977528096,0.4880418535127055,2.18078125,2.163039014373717,0.49461743772241995,2.1262195121951217,2.113716814159292,0.475,2.115789473684211,2.1912208504801103,2.340390625,2.3315195071868584,0.688265306122449,2.313109756097561,2.306858407079646,0.4875,2.307894736842105,2.3456104252400545,2.4680781249999995,2.4663039014373718,0.9376530612244898,2.462621951219512,2.4613716814159288,0.4975,2.4615789473684213,2.4691220850480113,396.5882352941063,397.09243697478,397.10924369747784,392.4369747899106,396.0672268907526,149351449.81512603,48280274.82352941,0,12898682.62184874,72106259.36134453,3682611991.6638656,2839670061.1764703,1179045302.8571427,4156477612.10084,3838685975.6638656,0,0,0,0,0,14.705882352941176,3.8319327731092434,5.277310924369748,0.453781512605042,16.15126050420168,0,0,0,0,0,58591.731092436974,27794.285714285714,1062490.3529411764,36201.41176470588,70879.73109243697,1552.4705882352941,264.31932773109247,2822.974789915966,1701.109243697479,426.26890756302515,1756.5042016806722,375.8655462184874,1889.6302521008404,2089.529411764706,529.781512605042,0,0,0,0,0,0,0,0,0,0,0,0,0,0,0,0,0,0,0,0
1693106308,0.3845006858710578,0.25365732387976214,0.2338688930985289,0,1.456733263986032,0.38421639067122637,0.12262114969589966,0.11659360134315838,0.1857256566728571,0.05218193404663222,0,0.1779289075165078,0.17844396859386166,0.5068889212325073,0.23318385650224235,3.2078249172289466,5.460517571961418,23.366221151102692,0.4486194568661712,8.417101235053382,3.170084104967897,0.3213637948793401,0.6549860787240003,2.635799583443872,0.7450170486910789,0.00005330387301354063,0.2952884840457079,2.766121187247212,2.2974919793541564,1.0369291443946187,2.3893971193415764,4.741440746367872,23.08285974882481,0.3257618384813572,6.418730944438465,2.324509163560905,0.4659603688444181,0.41973696483536915,2.3348368267444823,0.52181934046632,0,0.13838915029061735,2.3495122531525072,1.1204912995665954,0.8251121076233183,50000,100000,50000,50000,50000,50000,10000,50000,50000,20000,50000,0,5001216,2162688,220594176,0,0,1892352,0,0,2973696,0,0,0,0,3919872,181.26460905349794,3.8633961637071494,121.939240861573,3.909142061776291,193.79104702464218,547.7388865408998,0,0,646.1660918015389,8.610019117694309,0,0,632.0485367594574,0,9.47085201793722,0,0,2162688,0,0,0,0,0,0,0,0,0,0,0,0,224342016,77135872,16789504,439984128,111415296,349663232,39714816,10911744,310304768,93900800,4952064,3993600,305532928,16084992,134160384,206401536,69206016,13111296,199372800,104079360,331972608,35684352,9596928,291962880,83668992,4055040,2568192,295477248,14868480,36630528,0,0,0,0,0,0,0,0,0,0,0,0,0,0,0,208367616,76881920,16531456,424943616,107880448,334577664,39473152,10518528,296325120,93409280,4796416,2912256,297979904,15699968,42356736,190525440,71880704,16531456,211648512,107880448,334577664,37715968,10518528,296325120,90435584,4796416,2912256,297979904,15699968,38301696,1073741824,1073741824,314572800,0,1073741824,1073741824,1073741824,314572800,1073741824,0,0,0,1073741824,314572800,2147483648,8.878006335791682,0,5.051991367471061,0,0,14.331838565022421,35385.2747296342,0,21396.115361977634,0,0,46231.53363228699,8.878006335791682,0,5.051991367471061,0,0,14.331838565022421,35385.2747296342,0,21396.115361977634,0,0,46231.53363228699,105.15965086730748,51.572559244986955,484.7997970487506,20.97059736088044,34.26119924174399,38.77345362061519,17.26911938217312,60.05820443310477,50.15451089780403,86.1722797963116,0,0,0,0,0,0,0,0,0,0,119671.59429897249,121782.67992708308,1582878.0389835525,99332.75537953315,336990.54175396584,548795.7435577523,3135.0638206585863,8966.014192313825,594858.8071211749,107341.73235521608,0,0,0,0,0,0,0,0,0,0,123.54435973925533,41.719546807577814,470.9314616718109,27.85128944534687,47.13159732614985,52.78564230529296,15.338410382923952,73.79205868282571,65.5782536166489,114.79428420038536,0,0,0,0,0,0,0,0,0,0,25002.541155673403,6797.65558298913,144281.6159993235,5787.227829388039,12113.937942731716,6511.036997936561,2897.479352139869,10418.0553340775,14935.132769983866,21872.529266308837,0,0,0,0,0,0,0,0,0,0,36,24,54,10,10,2,10,68,0,0,0,0,0.008890881147540984,0.003367965367965368,0.030492714723926374,0.016108078602620087,0.0015454545454545454,0.003,0.00304,0.003192354516678841,0.021701948051948052,0.017166666666666584,0.07053212851405621,0.0241386462882096,0.004318181818181818,0.0046,0.004672,0.004946238130021915,0.02369188311688311,0.03692105263157892,0.08586847389558233,0.02953124999999989,0.004664772727272727,0.0048,0.004875999999999999,0.007161577608142494,0.049283333333332874,0.04843684210526314,0.09813755020080323,0.07213636363636335,0.004942045454545455,0.00496,0.009899999999999964,0.009452671755725202,0.4579918032786885,0.375,0.3858985765124555,0.45878746594005454,0.8760162601626016,0.375,0.45901639344262296,0.4880418535127055,2.18078125,2.163039014373717,0.49461743772241995,2.1262195121951217,2.125,0.475,2.126829268292683,2.1912208504801103,2.340390625,2.3315195071868584,0.688265306122449,2.313109756097561,2.3125,0.4875,2.3134146341463415,2.3456104252400545,2.4680781249999995,2.4663039014373718,0.9376530612244898,2.462621951219512,2.4625,0.4975,2.462682926829268,2.4691220850480113,396.6554621848897,397.15966386556187,397.15966386554317,392.4033613445306,396.1512605042025,149351449.81512603,48280274.82352941,0,12898682.62184874,54079935.46218487,3753580182.588235,2839656430.789916,1179046817.3445377,4156686886.7226887,3838722323.3613443,0,0,0,0,0,14.907563025210083,3.9327731092436973,5.277310924369748,0.453781512605042,16.18487394957983,0,0,0,0,0,56483.49579831932,28964.571428571428,1062490.3529411764,36201.41176470588,70776.47058823529,1545.4453781512605,261.68067226890753,2822.6050420168062,1707.1932773109243,428.8067226890756,1749.579831932773,373.3781512605042,1888.5882352941178,2095.8655462184875,532.3865546218487,0,0,0,0,0,0,0,0,0,0,0,0,0,0,0,0,0,0,0,0
1693106309,0.37681893004115385,0.25880086833581256,0.2338688930985289,0,1.4280378301469416,0.38421639067122637,0.12262114969589966,0.11659360134315838,0.1857256566728571,0.059687238868330446,0,0.1779289075165078,0.17844396859386166,0.49664677534122503,0.23318385650224235,3.143737313058851,5.57124339077413,23.366221151102692,0.4486194568661712,8.251297118693397,3.170084104967897,0.3213637948793401,0.6549860787240003,2.635799583443872,0.9329177271099424,0.000052093755233967186,0.2952884840457079,2.766121187247212,2.2510690905299544,1.0369291443946187,2.341660493827173,4.83758546196943,23.08285974882481,0.3257618384813572,6.292291689084974,2.324509163560905,0.4659603688444181,0.41973696483536915,2.3348368267444823,0.6366638812621866,0,0.13838915029061735,2.3495122531525072,1.0978507665437607,0.8251121076233183,50000,100000,50000,50000,50000,50000,10000,50000,50000,20000,50000,0,5001216,2162688,220594176,0,0,1892352,0,0,2973696,0,0,0,0,3919872,177.6432098765432,3.9417363023454564,121.939240861573,3.909142061776291,189.97365759173567,547.7388865408998,0,0,646.1660918015389,7.878715530619553,0,0,632.0485367594574,0,9.47085201793722,0,0,2162688,0,0,0,0,0,0,0,0,0,0,0,0,224342016,77135872,16789504,439984128,111415296,349663232,39714816,10911744,310304768,93900800,4952064,3993600,305532928,16084992,134160384,206401536,69206016,13111296,199372800,104079360,331972608,35684352,9596928,291962880,83533824,4055040,2568192,295477248,14868480,36630528,0,0,0,0,0,0,0,0,0,0,0,0,0,0,0,208367616,76881920,16531456,424943616,107880448,334577664,39473152,10518528,296325120,93446144,4796416,2912256,297979904,15699968,42356736,190525440,71880704,16531456,211648512,107880448,334577664,37715968,10518528,296325120,90472448,4796416,2912256,297979904,15699968,38301696,1073741824,1073741824,314572800,0,1073741824,1073741824,1073741824,314572800,1073741824,0,0,0,1073741824,314572800,2147483648,9.058030391753448,0,5.051991367471061,0,0,14.331838565022421,36102.8007638823,0,21396.115361977634,0,0,46231.53363228699,9.058030391753448,0,5.051991367471061,0,0,14.331838565022421,36102.8007638823,0,21396.115361977634,0,0,46231.53363228699,105.15965086730748,51.572559244986955,484.7997970487506,20.97059736088044,34.26119924174399,38.77345362061519,17.26911938217312,60.05820443310477,50.15451089780403,95.88216989938803,0,0,0,0,0,0,0,0,0,0,119671.59429897249,121782.67992708308,1582878.0389835525,99332.75537953315,336990.54175396584,548795.7435577523,3135.0638206585863,8966.014192313825,594858.8071211749,125140.64931023754,0,0,0,0,0,0,0,0,0,0,123.54435973925533,41.719546807577814,470.9314616718109,27.85128944534687,47.13159732614985,52.78564230529296,15.338410382923952,73.79205868282571,65.5782536166489,128.32693703972618,0,0,0,0,0,0,0,0,0,0,25002.541155673403,6797.65558298913,144281.6159993235,5787.227829388039,12113.937942731716,6511.036997936561,2897.479352139869,10418.0553340775,14935.132769983866,24268.31241572451,0,0,0,0,0,0,0,0,0,0,30,16,52,12,10,2,10,92,0,0,0,0,0.008890881147540984,0.003367965367965368,0.030492714723926374,0.016108078602620087,0.0015454545454545454,0.003,0.00304,0.003192354516678841,0.021701948051948052,0.017166666666666584,0.07053212851405621,0.0241386462882096,0.004318181818181818,0.0046,0.004672,0.004946238130021915,0.02369188311688311,0.03692105263157892,0.08586847389558233,0.02953124999999989,0.004664772727272727,0.0048,0.004875999999999999,0.007161577608142494,0.049283333333332874,0.04843684210526314,0.09813755020080323,0.07213636363636335,0.004942045454545455,0.00496,0.009899999999999964,0.009452671755725202,0.4579918032786885,0.375,0.3858985765124555,0.45878746594005454,0.8760162601626016,0.375,0.45901639344262296,0.4880418535127055,2.18078125,2.163039014373717,0.49461743772241995,2.1262195121951217,2.125,0.475,2.126829268292683,2.1912208504801103,2.340390625,2.3315195071868584,0.688265306122449,2.313109756097561,2.3125,0.4875,2.3134146341463415,2.3456104252400545,2.4680781249999995,2.4663039014373718,0.9376530612244898,2.462621951219512,2.4625,0.4975,2.462682926829268,2.4691220850480113,396.5714285714204,397.07563025209936,397.09243697479,392.4705882352972,396.2352941176528,149351449.81512603,48280274.82352941,0,12898682.62184874,54079866.62184874,3682811146.7563024,2839646517.7815123,1178935020.6386554,4249012585.4117646,3995412979.092437,0,0,0,0,0,15.042016806722689,3.9327731092436973,5.277310924369748,0.453781512605042,16.218487394957982,0,0,0,0,0,56853.512605042015,28964.571428571428,1062490.3529411764,36201.41176470588,70931.36134453781,1545.4117647058822,263.88235294117646,2822.4201680672263,1702.1680672268908,428.8571428571428,1749.1764705882351,375.344537815126,1888.2521008403362,2090.218487394958,532.3865546218486,0,0,0,0,0,0,0,0,0,0,0,0,0,0,0,0,0,0,0,0
1693106310,0.5234548016911631,0.2639444127918629,0.2338688930985289,0,1.3993423963078515,0.38421639067122637,0.12262114969589966,0.11659360134315838,0.1857256566728571,0.059687238868330446,0,0.1779289075165078,0.17570575143493003,0.530576953309228,0.23318385650224235,5.070493074290307,5.681969209586841,23.366221151102692,0.4486194568661712,8.085493002333415,3.170084104967897,0.3213637948793401,0.6549860787240003,2.635799583443872,0.9329177271099424,0.000050883637454393735,0.2952884840457079,2.952692999101959,2.6726547123093853,1.0369291443946187,3.9661767666599532,4.933730177570986,23.08285974882481,0.3257618384813572,6.165852433731483,2.324509163560905,0.4659603688444181,0.41973696483536915,2.3348368267444823,0.6366638812621866,0,0.13838915029061735,2.5184491039006662,1.2380128910548653,0.8251121076233183,50000,100000,50000,50000,50000,50000,10000,50000,50000,20000,50000,0,5001216,2162688,220594176,0,0,1892352,0,0,2973696,0,0,0,0,3919872,688.3027984699014,4.020076440983762,121.939240861573,3.909142061776291,186.15626815882922,547.7388865408998,0,0,646.1660918015389,7.878715530619553,0,0,704.8143375893171,0,9.47085201793722,0,0,2162688,0,0,0,0,0,0,0,0,0,0,0,0,225292288,77135872,16789504,439984128,111415296,349663232,39714816,10911744,310304768,93900800,4952064,3993600,305532928,16084992,134160384,206671872,69206016,13111296,199372800,104079360,331972608,35684352,9596928,291962880,83533824,4055040,2568192,296017920,14868480,36630528,0,0,0,0,0,0,0,0,0,0,0,0,0,0,0,208457728,76881920,16531456,424943616,107880448,334577664,39473152,10518528,296325120,93446144,4796416,2912256,298287104,15704064,42356736,190345216,71880704,16531456,211648512,107880448,334577664,37715968,10518528,296325120,90472448,4796416,2912256,298287104,15704064,38301696,1073741824,1073741824,314572800,0,1073741824,1073741824,1073741824,314572800,1073741824,0,0,0,1073741824,314572800,2147483648,9.238054447715209,0,5.051991367471061,0,0,14.331838565022421,36820.32679813038,0,21396.115361977634,0,0,46231.53363228699,9.238054447715209,0,5.051991367471061,0,0,14.331838565022421,36820.32679813038,0,21396.115361977634,0,0,46231.53363228699,105.15965086730748,51.572559244986955,484.7997970487506,20.97059736088044,34.26119924174399,38.77345362061519,17.26911938217312,60.05820443310477,50.15451089780403,95.88216989938803,0,0,0,0,0,0,0,0,0,0,119671.59429897249,121782.67992708308,1582878.0389835525,99332.75537953315,336990.54175396584,548795.7435577523,3135.0638206585863,8966.014192313825,594858.8071211749,125140.64931023754,0,0,0,0,0,0,0,0,0,0,123.54435973925533,41.719546807577814,470.9314616718109,27.85128944534687,47.13159732614985,52.78564230529296,15.338410382923952,73.79205868282571,65.5782536166489,128.32693703972618,0,0,0,0,0,0,0,0,0,0,25002.541155673403,6797.65558298913,144281.6159993235,5787.227829388039,12113.937942731716,6511.036997936561,2897.479352139869,10418.0553340775,14935.132769983866,24268.31241572451,0,0,0,0,0,0,0,0,0,0,44,14,48,20,18,2,18,110,0,0,0,0,0.008890881147540984,0.003367965367965368,0.030492714723926374,0.016108078602620087,0.0015454545454545454,0.003,0.00304,0.0032013871050603645,0.021701948051948052,0.017166666666666584,0.07053212851405621,0.0241386462882096,0.004318181818181818,0.0046,0.004672,0.004962496789108655,0.02369188311688311,0.03692105263157892,0.08586847389558233,0.02953124999999989,0.004664772727272727,0.0048,0.004875999999999999,0.007278846153846145,0.049283333333332874,0.04843684210526314,0.09813755020080323,0.07213636363636335,0.004942045454545455,0.00496,0.009899999999999964,0.009476282051282038,0.4579918032786885,0.375,0.3858985765124555,0.45878746594005454,0.8760162601626016,0.375,0.45901639344262296,0.46940888554216864,2.18078125,2.163039014373717,0.49461743772241995,2.1262195121951217,2.125,0.475,2.126829268292683,2.175378787878788,2.340390625,2.3315195071868584,0.688265306122449,2.313109756097561,2.3125,0.4875,2.3134146341463415,2.337689393939394,2.4680781249999995,2.4663039014373718,0.9376530612244898,2.462621951219512,2.4625,0.4975,2.462682926829268,2.467537878787879,396.6554621848695,397.09243697480366,397.2773109243712,392.3697478991624,396.25210084034063,149351449.81512603,38623972.03361344,0,12898682.62184874,54079866.62184874,3541321125.6470585,2839647756.9075627,1178929513.4117646,4249047556.3025208,3917082796.10084,0,0,0,0,0,15.210084033613445,3.9327731092436973,4.168067226890756,0.453781512605042,16.621848739495796,0,0,0,0,0,60028.773109243695,28964.571428571428,918820.5714285714,36201.41176470588,72850.28571428571,1549.3277310924368,263.94957983193274,2822.302521008403,1705.4789915966385,429.6134453781512,1752.6554621848736,375.63025210084027,1887.6134453781513,2093.8991596638657,533.1932773109244,0,0,0,0,0,0,0,0,0,0,0,0,0,0,0,0,0,0,0,0
1693106311,0.5234548016911631,0.30861266736302323,0.2338688930985289,0,1.3706469624687614,0.3969604173755237,0.12726578550260867,0.11659360134315838,0.18307939543115168,0.059687238868330446,0,0.1779289075165078,0.17570575143493003,0.530576953309228,0.23318385650224235,5.070493074290307,6.643549128762702,23.366221151102692,0.4486194568661712,7.9196888859734305,2.969073882839939,0.3123528516626363,0.6549860787240003,2.3937575072723103,0.9329177271099424,0.00003779298742018099,0.2952884840457079,2.952692999101959,2.6726547123093853,1.0369291443946187,3.9661767666599532,5.768682936093446,23.08285974882481,0.3257618384813572,6.039413178377991,2.013156402404428,0.4363398360089446,0.41973696483536915,2.074899814886381,0.6366638812621866,0,0.13838915029061735,2.5184491039006662,1.2380128910548653,0.8251121076233183,50000,100000,50000,50000,50000,50000,10000,50000,50000,20000,50000,0,5001216,2162688,220594176,0,0,1892352,0,0,2973696,0,0,0,0,3919872,688.3027984699014,4.700408318298357,121.939240861573,3.909142061776291,182.33887872592274,436.0326641714869,0,0,589.3936003580219,7.878715530619553,0,0,704.8143375893171,0,9.47085201793722,0,0,2162688,0,0,0,0,0,0,0,0,0,0,0,0,225292288,77135872,16789504,439984128,111415296,349663232,39714816,10911744,310304768,93900800,4952064,3993600,305532928,16084992,134160384,206671872,69206016,13111296,199372800,104079360,331972608,35684352,9596928,292233216,83533824,4055040,2568192,296017920,14868480,36630528,0,0,0,0,0,0,0,0,0,0,0,0,0,0,0,208457728,76881920,16531456,424943616,107880448,334577664,39501824,10518528,296394752,93446144,4796416,2912256,298287104,15704064,42356736,190345216,71880704,16531456,211648512,107880448,334577664,37744640,10518528,296394752,90472448,4796416,2912256,298287104,15704064,38301696,1073741824,1073741824,314572800,0,1073741824,1073741824,1073741824,314572800,1073741824,0,0,0,1073741824,314572800,2147483648,10.801443357705821,0,4.6542915840954135,0,0,14.331838565022421,43051.56205488558,0,19250.14999181863,0,0,46231.53363228699,10.801443357705821,0,4.6542915840954135,0,0,14.331838565022421,43051.56205488558,0,19250.14999181863,0,0,46231.53363228699,105.15965086730748,51.572559244986955,484.7997970487506,20.97059736088044,34.26119924174399,38.77345362061519,17.26911938217312,60.05820443310477,43.29379176124192,95.88216989938803,0,0,0,0,0,0,0,0,0,0,119671.59429897249,121782.67992708308,1582878.0389835525,99332.75537953315,336990.54175396584,548795.7435577523,3135.0638206585863,8966.014192313825,513487.0794637241,125140.64931023754,0,0,0,0,0,0,0,0,0,0,123.54435973925533,41.719546807577814,470.9314616718109,27.85128944534687,47.13159732614985,52.78564230529296,15.338410382923952,73.79205868282571,56.60769500733813,128.32693703972618,0,0,0,0,0,0,0,0,0,0,25002.541155673403,6797.65558298913,144281.6159993235,5787.227829388039,12113.937942731716,6511.036997936561,2897.479352139869,10418.0553340775,12892.131066489823,24268.31241572451,0,0,0,0,0,0,0,0,0,0,64,20,72,10,10,2,10,88,0,0,0,0,0.008890881147540984,0.003367965367965368,0.030492714723926374,0.016108078602620087,0.0015454545454545454,0.003,0.00304,0.003193437806072478,0.021701948051948052,0.017166666666666584,0.07053212851405621,0.0241386462882096,0.004318181818181818,0.0046,0.004672,0.0049481880509304604,0.02369188311688311,0.03692105263157892,0.08586847389558233,0.02953124999999989,0.004664772727272727,0.0048,0.004875999999999999,0.007187340153452677,0.049283333333332874,0.04843684210526314,0.09813755020080323,0.07213636363636335,0.004942045454545455,0.00496,0.009899999999999964,0.009478388746803063,0.4579918032786885,0.375,0.3858985765124555,0.45878746594005454,0.8760162601626016,0.375,0.45901639344262296,0.48589312406576984,2.18078125,2.163039014373717,0.49461743772241995,2.1262195121951217,2.125,0.475,2.126829268292683,2.189533271719039,2.340390625,2.3315195071868584,0.688265306122449,2.313109756097561,2.3125,0.4875,2.3134146341463415,2.3447666358595187,2.4680781249999995,2.4663039014373718,0.9376530612244898,2.462621951219512,2.4625,0.4975,2.462682926829268,2.4689533271719037,396.6050420168087,397.1596638655469,397.2605042016848,392.2689075630403,396.10084033613833,149351312.13445377,38623972.03361344,0,12898682.62184874,54079866.62184874,3470776371.630252,2896439450.890756,1178922285.1764705,4341509971.899159,3995475830.3193274,0,0,0,0,0,15.327731092436974,3.9327731092436973,4.168067226890756,0.453781512605042,16.655462184873947,0,0,0,0,0,60304.13445378151,28964.571428571428,918820.5714285714,36201.41176470588,73005.17647058824,1552.9411764705883,264.57142857142856,2822.3025210084033,1709.0420168067228,430.8235294117647,1756.3697478991594,376.21848739495795,1887.310924369748,2097.142857142857,534.4201680672269,0,0,0,0,0,0,0,0,0,0,0,0,0,0,0,0,0,0,0,0
1693106312,0.5234548016911631,0.30861266736302323,0.2338688930985289,0,1.3419515286296713,0.3969604173755237,0.12726578550260867,0.11659360134315838,0.18307939543115168,0.059687238868330446,0,0.1779289075165078,0.17570575143493003,0.530576953309228,0.23642897673538887,5.070493074290307,6.643549128762702,23.366221151102692,0.44856393335777495,7.753884769613448,2.969073882839939,0.3123528516626363,0.6549860787240003,2.3937575072723103,0.9329177271099424,0.00003779298742018099,0.2952884840457079,2.952692999101959,2.6726547123093853,1.0584007660298858,3.9661767666599532,5.768682936093446,23.08285974882481,0.34624628294431525,5.9129739230245,2.013156402404428,0.4363398360089446,0.41973696483536915,2.074899814886381,0.6366638812621866,0,0.13838915029061735,2.5184491039006662,1.2380128910548653,0.8747872139209384,50000,100000,50000,50000,50000,50000,10000,50000,50000,20000,50000,0,5001216,2162688,220594176,0,0,1892352,0,0,2973696,0,0,0,0,3919872,688.3027984699014,4.700408318298357,121.939240861573,2.6885005499205668,178.5214892930163,436.0326641714869,0,0,589.3936003580219,7.878715530619553,0,0,704.8143375893171,0,7.802156232267826,0,0,2162688,0,0,0,0,0,0,0,0,0,0,0,0,225292288,77135872,16789504,439984128,111415296,349663232,39714816,10911744,310304768,93900800,4952064,3993600,305532928,16084992,134160384,206671872,69206016,13111296,199372800,104079360,331972608,35684352,9596928,292233216,83533824,4055040,2568192,296017920,14868480,36630528,0,0,0,0,0,0,0,0,0,0,0,0,0,0,0,208457728,76881920,16531456,424972288,107880448,334577664,39501824,10518528,296394752,93446144,4796416,2912256,298287104,15704064,42356736,190345216,71880704,16531456,211677184,107880448,334577664,37744640,10518528,296394752,90472448,4796416,2912256,298287104,15704064,38301696,1073741824,1073741824,314572800,0,1073741824,1073741824,1073741824,314572800,1073741824,0,0,0,1073741824,314572800,2147483648,10.801443357705821,0,4.6542915840954135,0,0,14.445810478532248,43051.56205488558,0,19250.14999181863,0,0,47924.34272744467,10.801443357705821,0,4.6542915840954135,0,0,14.445810478532248,43051.56205488558,0,19250.14999181863,0,0,47924.34272744467,105.15965086730748,51.572559244986955,490.2541563156889,21.193210184722915,34.26119924174399,33.24586699084516,17.26911938217312,49.30811240099353,42.45788324627852,95.88216989938803,0,0,0,0,0,0,0,0,0,0,119671.59429897249,121782.67992708308,1588922.1287980126,99735.4967548677,336990.54175396584,470558.81258311076,3135.0638206585863,7369.340764548488,503572.7660117046,125140.64931023754,0,0,0,0,0,0,0,0,0,0,123.54435973925533,41.719546807577814,476.14497738709474,28.2326510234648,47.13159732614985,45.26046248753672,15.338410382923952,60.41830940121739,55.51472411372732,128.32693703972618,0,0,0,0,0,0,0,0,0,0,25002.541155673403,6797.65558298913,146390.2477864832,5944.033949076385,12113.937942731716,5582.816329025172,2897.479352139869,8499.829762171266,12643.212186990093,24268.31241572451,0,0,0,0,0,0,0,0,0,0,64,26,74,8,12,2,10,80,0,0,0,0,0.008976814516129032,0.003472316384180791,0.030689655172413795,0.016075514874141876,0.0016250000000000001,0.003,0.0030467625899280575,0.003192468619246862,0.02176608910891089,0.028362068965517233,0.07160919540229888,0.02423112128146453,0.004334523809523809,0.0046,0.004684172661870503,0.004946443514644352,0.023707920792079208,0.04015086206896551,0.08637931034482756,0.032019230769230814,0.004673214285714286,0.0048,0.00488884892086331,0.007185714285714292,0.04846666666666624,0.04958189655172412,0.09819540229885058,0.07300000000000009,0.004944166666666668,0.00496,0.0165500000000004,0.009499480519480533,0.4586834733893558,0.375,0.3863154172560114,0.4579831932773109,0.8681434599156118,0.375,0.454971181556196,0.4881845461365342,2.182066869300912,2.163039014373717,0.4953677510608204,2.124050632911392,2.1155405405405405,0.475,2.1155405405405405,2.191266173752311,2.341033434650456,2.3315195071868584,0.6988281249999998,2.312025316455696,2.3077702702702703,0.4875,2.3077702702702703,2.345633086876155,2.4682066869300905,2.4663039014373718,0.9397656250000003,2.4624050632911394,2.461554054054054,0.4975,2.461554054054054,2.469126617375231,396.537815126046,397.14285714286024,397.26050420167957,392.2016806722646,396.1008403361334,149351794.01680672,38623972.03361344,0,12898682.62184874,54079866.62184874,3541742772.705882,2839666068.4369745,1120432781.9831932,4341521124.033613,4073826390.05042,0,0,0,0,0,15.310924369747898,3.9327731092436973,4.722689075630252,0.453781512605042,16.823529411764707,0,0,0,0,0,60304.13445378151,28964.571428571428,1059874.420168067,36201.41176470588,73547.29411764705,1561.81512605042,264.60504201680675,2822.235294117647,1721.2605042016808,433.6302521008403,1765.6470588235293,376.26890756302515,1887.344537815126,2109.46218487395,537.344537815126,0,0,0,0,0,0,0,0,0,0,0,0,0,0,0,0,0,0,0,0
1693106313,0.5234548016911631,0.30861266736302323,0.2338688930985289,0,1.7281817059622249,0.3969604173755237,0.12726578550260867,0.09846394407652696,0.18307939543115168,0.059687238868330446,0,0.1779289075165078,0.17570575143493003,0.530576953309228,0.23642897673538887,5.070493074290307,6.643549128762702,23.366221151102692,0.44856393335777495,9.905584211825703,2.969073882839939,0.3123528516626363,0.5531393822939668,2.3937575072723103,0.9329177271099424,0.00003779298742018099,0.2952884840457079,2.952692999101959,2.6726547123093853,1.0584007660298858,3.9661767666599532,5.768682936093446,23.08285974882481,0.34624628294431525,7.5475690831819735,2.013156402404428,0.4363398360089446,0.3544701986754962,2.074899814886381,0.6366638812621866,0,0.13838915029061735,2.5184491039006662,1.2380128910548653,0.8747872139209384,50000,100000,50000,50000,50000,50000,10000,50000,50000,20000,50000,0,5001216,2162688,220594176,0,0,1892352,0,0,2973696,0,0,0,0,3919872,688.3027984699014,4.700408318298357,121.939240861573,2.6885005499205668,240.92263741689743,436.0326641714869,0,0,589.3936003580219,7.878715530619553,0,0,704.8143375893171,0,7.802156232267826,0,0,2162688,0,0,0,0,0,0,0,0,0,0,0,0,225292288,77135872,16789504,439984128,111415296,349663232,39714816,10911744,310304768,93900800,4952064,3993600,305532928,16084992,134160384,206671872,69206016,13111296,199372800,103944192,331972608,35684352,9596928,292233216,83533824,4055040,2568192,296017920,14868480,36630528,0,0,0,0,0,0,0,0,0,0,0,0,0,0,0,208457728,76881920,16531456,424972288,107696128,334577664,39501824,10518528,296394752,93446144,4796416,2912256,298287104,15704064,42356736,190345216,71880704,16531456,211677184,107696128,334577664,37744640,10518528,296394752,90472448,4796416,2912256,298287104,15704064,38301696,1073741824,1073741824,314572800,0,1073741824,1073741824,1073741824,314572800,1073741824,0,0,0,1073741824,314572800,2147483648,10.801443357705821,0,4.6542915840954135,0,0,14.445810478532248,43051.56205488558,0,19250.14999181863,0,0,47924.34272744467,10.801443357705821,0,4.6542915840954135,0,0,14.445810478532248,43051.56205488558,0,19250.14999181863,0,0,47924.34272744467,105.15965086730748,51.572559244986955,490.2541563156889,21.193210184722915,34.26119924174399,32.59964276383491,17.26911938217312,59.61175605232018,41.62197473131513,95.88216989938803,0,0,0,0,0,0,0,0,0,0,119671.59429897249,121782.67992708308,1588922.1287980126,99735.4967548677,336990.54175396584,461412.2168571482,3135.0638206585863,8909.271163132815,493658.45255968504,125140.64931023754,0,0,0,0,0,0,0,0,0,0,123.54435973925533,41.719546807577814,476.14497738709474,28.2326510234648,47.13159732614985,44.38070178244851,15.338410382923952,73.04358949758546,54.42175322011651,128.32693703972618,0,0,0,0,0,0,0,0,0,0,25002.541155673403,6797.65558298913,146390.2477864832,5944.033949076385,12113.937942731716,5474.299045726229,2897.479352139869,10275.992196744379,12394.293307490361,24268.31241572451,0,0,0,0,0,0,0,0,0,0,34,20,54,10,10,2,10,90,0,0,0,0,0.008976814516129032,0.003472316384180791,0.030689655172413795,0.016075514874141876,0.0015606936416184972,0.003,0.0030480274442538594,0.003192468619246862,0.02176608910891089,0.028362068965517233,0.07160919540229888,0.02423112128146453,0.004321387283236994,0.0046,0.004686449399656947,0.004946443514644352,0.023707920792079208,0.04015086206896551,0.08637931034482756,0.032019230769230814,0.004666473988439306,0.0048,0.0048912521440823324,0.007185714285714292,0.04846666666666624,0.04958189655172412,0.09819540229885058,0.07300000000000009,0.004942543352601156,0.00496,0.01761249999999984,0.009499480519480533,0.4586834733893558,0.375,0.3863154172560114,0.4579831932773109,0.8765822784810128,0.375,0.4590336134453782,0.4881845461365342,2.182066869300912,2.163039014373717,0.4953677510608204,2.124050632911392,2.126875,0.475,2.126875,2.191266173752311,2.341033434650456,2.3315195071868584,0.6988281249999998,2.312025316455696,2.3134375,0.4875,2.3134375,2.345633086876155,2.4682066869300905,2.4663039014373718,0.9397656250000003,2.4624050632911394,2.4626875,0.4975,2.4626875,2.469126617375231,396.5714285714206,397.1596638655344,397.04201680671486,392.13445378150294,396.0504201680778,149351794.01680672,38623972.03361344,0,12898682.62184874,54079866.62184874,3541989909.5126047,2839651405.445378,1120443039.1932774,4433836634.352941,3995530283.02521,0,0,0,0,0,15.327731092436974,4.5210084033613445,4.722689075630252,0.453781512605042,16.840336134453782,0,0,0,0,0,60338.554621848736,32475.42857142857,1059874.420168067,36201.41176470588,73573.10924369747,1560.974789915966,263.5966386554622,2821.882352941176,1722.6050420168067,433.7310924369748,1764.6050420168065,375.21008403361344,1886.218487394958,2111.1932773109243,537.4621848739495,0,0,0,0,0,0,0,0,0,0,0,0,0,0,0,0,0,0,0,0
1693106314,0.5234548016911631,0.30861266736302323,0.2338688930985289,0,1.7281817059622249,0.3969604173755237,0.12726578550260867,0.08586358303716234,0.18307939543115168,0.059687238868330446,0,0.1478779513974465,0.17570575143493003,0.530576953309228,0.23642897673538887,5.070493074290307,6.643549128762702,23.366221151102692,0.44856393335777495,9.905584211825703,2.969073882839939,0.3123528516626363,0.5476030462372338,2.3937575072723103,0.9329177271099424,0.00003779298742018099,0.2985198501503423,2.952692999101959,2.6726547123093853,1.0584007660298858,3.9661767666599532,5.768682936093446,23.08285974882481,0.34624628294431525,7.5475690831819735,2.013156402404428,0.4363398360089446,0.2862119434572078,2.074899814886381,0.6366638812621866,0,0.12323162616453898,2.5184491039006662,1.2380128910548653,0.8747872139209384,50000,100000,50000,50000,50000,50000,10000,50000,50000,20000,50000,0,5001216,2162688,220594176,0,0,1892352,0,0,2973696,0,0,0,0,3919872,688.3027984699014,4.700408318298357,121.939240861573,2.6885005499205668,240.92263741689743,436.0326641714869,0,0,589.3936003580219,7.878715530619553,0,0,704.8143375893171,0,7.802156232267826,0,0,2162688,0,0,0,0,0,0,0,0,0,0,0,0,225292288,77135872,16789504,439984128,111415296,349663232,39714816,10911744,310304768,93900800,4952064,3993600,305532928,16084992,134160384,206671872,69206016,13111296,199372800,103944192,331972608,35684352,9596928,292233216,83533824,4055040,2568192,296017920,14868480,36630528,0,0,0,0,0,0,0,0,0,0,0,0,0,0,0,208457728,76881920,16531456,424972288,107696128,334577664,39501824,10518528,296394752,93446144,4796416,2912256,298287104,15704064,42356736,190345216,71880704,16531456,211677184,107696128,334577664,37744640,10518528,296394752,90472448,4796416,2912256,298287104,15704064,38301696,1073741824,1073741824,314572800,0,1073741824,1073741824,1073741824,314572800,1073741824,0,0,0,1073741824,314572800,2147483648,10.801443357705821,0,4.6542915840954135,0,0,14.445810478532248,43051.56205488558,0,19250.14999181863,0,0,47924.34272744467,10.801443357705821,0,4.6542915840954135,0,0,14.445810478532248,43051.56205488558,0,19250.14999181863,0,0,47924.34272744467,105.15965086730748,51.572559244986955,485.2771801725449,21.193210184722915,34.26119924174399,31.95341853682465,17.26911938217312,59.61175605232018,40.78606621635172,95.88216989938803,0,0,0,0,0,0,0,0,0,0,119671.59429897249,121782.67992708308,1582230.762544277,99735.4967548677,336990.54175396584,452265.6211311856,3135.0638206585863,8909.271163132815,483744.1391076654,125140.64931023754,0,0,0,0,0,0,0,0,0,0,123.54435973925533,41.719546807577814,470.45657039789637,28.2326510234648,47.13159732614985,43.50094107736029,15.338410382923952,73.04358949758546,53.32878232650569,128.32693703972618,0,0,0,0,0,0,0,0,0,0,25002.541155673403,6797.65558298913,143619.2928700263,5944.033949076385,12113.937942731716,5365.781762427287,2897.479352139869,10275.992196744379,12145.37442799063,24268.31241572451,0,0,0,0,0,0,0,0,0,0,26,14,38,6,6,2,6,54,0,0,0,0,0.008976814516129032,0.003472316384180791,0.030689655172413795,0.016075514874141876,0.0015606936416184972,0.003,0.0030480274442538594,0.003192468619246862,0.02176608910891089,0.028362068965517233,0.07160919540229888,0.02423112128146453,0.004321387283236994,0.0046,0.004686449399656947,0.004946443514644352,0.023707920792079208,0.04015086206896551,0.08637931034482756,0.032019230769230814,0.004666473988439306,0.0048,0.0048912521440823324,0.007185714285714292,0.04846666666666624,0.04958189655172412,0.09819540229885058,0.07300000000000009,0.004942543352601156,0.00496,0.01761249999999984,0.009499480519480533,0.4586834733893558,0.375,0.3863154172560114,0.4579831932773109,0.8765822784810128,0.375,0.4590336134453782,0.4881845461365342,2.182066869300912,2.163039014373717,0.4953677510608204,2.124050632911392,2.126875,0.475,2.126875,2.191266173752311,2.341033434650456,2.3315195071868584,0.6988281249999998,2.312025316455696,2.3134375,0.4875,2.3134375,2.345633086876155,2.4682066869300905,2.4663039014373718,0.9397656250000003,2.4624050632911394,2.4626875,0.4975,2.4626875,2.469126617375231,396.58823529412007,397.2605042016867,397.10924369749677,392.2857142857103,396.05042016804845,149351794.01680672,38623972.03361344,0,12898682.62184874,54079866.62184874,3612953970.0168066,2782928689.4789915,1120437256.605042,4249212497.747899,4073868382.655462,0,0,0,0,0,15.46218487394958,4.5210084033613445,4.722689075630252,0.453781512605042,16.672268907563023,0,0,0,0,0,60768.80672268907,32475.42857142857,1059874.420168067,36201.41176470588,73030.99159663865,1547.7310924369747,264.9075630252101,2821.243697478991,1713.781512605042,431.5966386554622,1751.2100840336134,376.6050420168067,1884.90756302521,2101.210084033613,535.3949579831932,0,0,0,0,0,0,0,0,0,0,0,0,0,0,0,0,0,0,0,0
1693106315,0.5234548016911631,0.30861266736302323,0.2005016487756963,0,1.7281817059622249,0.3969604173755237,0.12726578550260867,0.08413831475794493,0.18307939543115168,0.059687238868330446,0,0.1478779513974465,0.17570575143493003,0.530576953309228,0.23642897673538887,5.070493074290307,6.643549128762702,20.032445548369118,0.44856393335777495,9.905584211825703,2.969073882839939,0.3123528516626363,0.536599986128887,2.3937575072723103,0.9329177271099424,0.00003779298742018099,0.2985198501503423,2.952692999101959,2.6726547123093853,1.0584007660298858,3.9661767666599532,5.768682936093446,19.789512734161228,0.34624628294431525,7.5475690831819735,2.013156402404428,0.4363398360089446,0.28046104919314974,2.074899814886381,0.6366638812621866,0,0.12323162616453898,2.5184491039006662,1.2380128910548653,0.8747872139209384,50000,100000,50000,50000,50000,50000,10000,50000,50000,20000,50000,0,5001216,2162688,220594176,0,0,1892352,0,0,2973696,0,0,0,0,3919872,688.3027984699014,4.700408318298357,104.54155967164807,2.6885005499205668,240.92263741689743,436.0326641714869,0,0,589.3936003580219,7.878715530619553,0,0,704.8143375893171,0,7.802156232267826,0,0,2162688,0,0,0,0,0,0,0,0,0,0,0,0,225292288,77135872,16789504,439984128,111415296,349663232,39714816,10911744,310304768,93900800,4952064,3993600,305532928,16084992,134160384,206671872,69206016,13111296,199372800,103944192,331972608,35684352,9596928,292233216,83533824,4055040,2568192,296017920,14868480,36630528,0,0,0,0,0,0,0,0,0,0,0,0,0,0,0,208457728,76881920,16531456,424972288,107696128,334577664,39501824,10518528,296394752,93446144,4796416,2912256,298287104,15704064,42356736,190345216,71880704,16531456,211677184,107696128,334577664,37744640,10518528,296394752,90472448,4796416,2912256,298287104,15704064,38301696,1073741824,1073741824,314572800,0,1073741824,1073741824,1073741824,314572800,1073741824,0,0,0,1073741824,314572800,2147483648,10.801443357705821,0,4.6542915840954135,0,0,14.445810478532248,43051.56205488558,0,19250.14999181863,0,0,47924.34272744467,10.801443357705821,0,4.6542915840954135,0,0,14.445810478532248,43051.56205488558,0,19250.14999181863,0,0,47924.34272744467,105.15965086730748,51.572559244986955,485.2771801725449,21.193210184722915,34.62397617274758,31.67920048038804,17.26911938217312,59.611756052320196,39.95015770138832,95.88216989938803,0,0,0,0,0,0,0,0,0,0,119671.59429897249,121782.67992708308,1582230.762544277,99735.4967548677,338259.52026380174,445505.78751632385,3135.0638206585863,8909.271163132817,473829.8256556458,125140.64931023754,0,0,0,0,0,0,0,0,0,0,123.54435973925533,41.719546807577814,470.45657039789637,28.2326510234648,47.787469418147005,43.19375320647358,15.338410382923952,73.04358949758547,52.23581143289487,128.32693703972618,0,0,0,0,0,0,0,0,0,0,25002.541155673403,6797.65558298913,143619.2928700263,5944.033949076385,12630.172322093395,5390.76758255212,2897.479352139869,10275.99219674438,11896.455548490898,24268.31241572451,0,0,0,0,0,0,0,0,0,0,26,12,34,12,10,2,10,78,0,0,0,0,0.008976814516129032,0.003472316384180791,0.030689655172413795,0.016075514874141876,0.0015606936416184972,0.003,0.0030480274442538594,0.003200413223140496,0.02176608910891089,0.028362068965517233,0.07160919540229888,0.02423112128146453,0.004321387283236994,0.0046,0.004686449399656947,0.004960743801652893,0.023707920792079208,0.04015086206896551,0.08637931034482756,0.032019230769230814,0.004666473988439306,0.0048,0.0048912521440823324,0.007290575916230361,0.04846666666666624,0.04958189655172412,0.09819540229885058,0.07300000000000009,0.004942543352601156,0.00496,0.01761249999999984,0.00952094240837696,0.4586834733893558,0.375,0.3863154172560114,0.4579831932773109,0.8765822784810128,0.375,0.4590336134453782,0.47165532879818595,2.182066869300912,2.163039014373717,0.4953677510608204,2.124050632911392,2.126875,0.475,2.126875,2.177272727272727,2.341033434650456,2.3315195071868584,0.6988281249999998,2.312025316455696,2.3134375,0.4875,2.3134375,2.338636363636363,2.4682066869300905,2.4663039014373718,0.9397656250000003,2.4624050632911394,2.4626875,0.4975,2.4626875,2.4677272727272723,396.3697478991393,397.1932773109278,397.24369747900045,392.28571428574617,396.0504201680637,165946583.1260504,38623972.03361344,0,12898682.62184874,54079866.62184874,3613362055.529412,2783016667.428571,1061907068.7731092,4341662797.445378,3917210150.7226887,0,0,0,0,0,15.411764705882351,4.5210084033613445,4.6386554621848735,0.5210084033613445,16.77310924369748,0,0,0,0,0,60648.33613445378,32475.42857142857,1058945.075630252,36820.97478991596,73340.77310924369,1548.470588235294,265.0084033613445,2820.5210084033615,1712.4705882352941,432.2689075630252,1752.0504201680671,376.6554621848739,1883.4285714285713,2098.7394957983197,536.0336134453781,0,0,0,0,0,0,0,0,0,0,0,0,0,0,0,0,0,0,0,0
1693106316,0.5234548016911631,0.30861266736302323,0.1966038338907208,0,1.7533606078316772,0.3969604173755237,0.12119449292224119,0.10422094841063062,0.18307939543115168,0.059687238868330446,0,0.1478779513974465,0.17570575143493003,0.530576953309228,0.23642897673538887,5.070493074290307,6.643549128762702,19.643008529184076,0.44856393335777495,9.9198810239626,2.969073882839939,0.314697796684119,0.6467868139656074,2.3937575072723103,0.9329177271099424,0.00003779298742018099,0.2985198501503423,2.952692999101959,2.6726547123093853,1.0584007660298858,3.9661767666599532,5.768682936093446,19.40479840501415,0.34624628294431525,7.527761542957332,2.013156402404428,0.41206127593562136,0.39603960396039684,2.074899814886381,0.6366638812621866,0,0.12323162616453898,2.5184491039006662,1.2380128910548653,0.8747872139209384,50000,100000,50000,50000,50000,50000,10000,50000,50000,20000,50000,0,5001216,2162688,220594176,0,0,1892352,0,0,2973696,0,0,0,0,3919872,688.3027984699014,4.700408318298357,102.50923899062187,2.6885005499205668,274.64640561075396,436.0326641714869,0,0,589.3936003580219,7.878715530619553,0,0,704.8143375893171,0,7.802156232267826,0,0,2162688,0,0,0,0,0,0,0,0,0,0,0,0,225292288,77135872,16789504,439984128,111415296,349663232,39714816,10911744,310304768,93900800,4952064,3993600,305532928,16084992,134160384,206671872,69206016,13111296,199372800,103944192,331972608,35684352,9596928,292233216,83533824,4055040,2568192,296017920,14868480,36630528,0,0,0,0,0,0,0,0,0,0,0,0,0,0,0,208457728,76881920,16531456,424972288,107696128,334577664,39501824,10653696,296394752,93446144,4796416,2912256,298287104,15704064,42356736,190345216,71880704,16531456,211677184,107696128,334577664,37744640,10653696,296394752,90472448,4796416,2912256,298287104,15704064,38301696,1073741824,1073741824,314572800,0,1073741824,1073741824,1073741824,314572800,1073741824,0,0,0,1073741824,314572800,2147483648,10.801443357705821,0,4.532674035291837,0,0,14.445810478532248,43051.56205488558,0,17002.133023075432,0,0,47924.34272744467,10.801443357705821,0,4.532674035291837,0,0,14.445810478532248,43051.56205488558,0,17002.133023075432,0,0,47924.34272744467,105.15965086730748,51.572559244986955,485.2771801725449,21.193210184722915,34.62397617274758,31.027994846322464,17.26911938217312,59.611756052320196,49.01002642342636,95.88216989938803,0,0,0,0,0,0,0,0,0,0,119671.59429897249,121782.67992708308,1582230.762544277,99735.4967548677,338259.52026380174,436347.8581986614,3135.0638206585863,8909.271163132817,597587.01632461,125140.64931023754,0,0,0,0,0,0,0,0,0,0,123.54435973925533,41.719546807577814,470.45657039789637,28.2326510234648,47.787469418147005,42.30585152278345,15.338410382923952,73.04358949758547,64.14015274912224,128.32693703972618,0,0,0,0,0,0,0,0,0,0,25002.541155673403,6797.65558298913,143619.2928700263,5944.033949076385,12630.172322093395,5279.9536046592975,2897.479352139869,10275.99219674438,14225.449741195207,24268.31241572451,0,0,0,0,0,0,0,0,0,0,48,20,58,8,10,2,10,68,0,0,0,0,0.008976814516129032,0.003472316384180791,0.030689655172413795,0.016075514874141876,0.0015606936416184972,0.003,0.0030480274442538594,0.0031939931068439187,0.02176608910891089,0.028362068965517233,0.07160919540229888,0.02423112128146453,0.004321387283236994,0.0046,0.004686449399656947,0.004949187592319055,0.023707920792079208,0.04015086206896551,0.08637931034482756,0.032019230769230814,0.004666473988439306,0.0048,0.0048912521440823324,0.007206185567010299,0.04846666666666624,0.04958189655172412,0.09819540229885058,0.07300000000000009,0.004942543352601156,0.00496,0.01761249999999984,0.009503092783505142,0.4586834733893558,0.375,0.3863154172560114,0.4579831932773109,0.8765822784810128,0.375,0.4590336134453782,0.48837209302325574,2.182066869300912,2.163039014373717,0.4953677510608204,2.124050632911392,2.126875,0.475,2.126875,2.191412742382271,2.341033434650456,2.3315195071868584,0.6988281249999998,2.312025316455696,2.3134375,0.4875,2.3134375,2.345706371191136,2.4682066869300905,2.4663039014373718,0.9397656250000003,2.4624050632911394,2.4626875,0.4975,2.4626875,2.4691412742382273,396.4033613445608,397.27731092436926,397.26050420167576,392.3025210084229,396.1008403361215,165946583.1260504,38623972.03361344,0,12898682.62184874,54079866.62184874,3542817370.352941,2726414972.773109,1062747265.0756302,4434037854.655462,3995561330.0168066,0,0,0,0,0,15.092436974789916,4.487394957983193,4.6386554621848735,0.5210084033613445,16.470588235294116,0,0,0,0,0,56758.85714285714,32337.74789915966,1058945.075630252,36820.97478991596,70492.50420168067,1551.0756302521008,265.22689075630245,2820.4369747899154,1710.1008403361345,432.1512605042017,1754.268907563025,376.80672268907557,1883.0756302521008,2096.0504201680674,535.8991596638655,0,0,0,0,0,0,0,0,0,0,0,0,0,0,0,0,0,0,0,0
1693106317,0.5234548016911631,0.30861266736302323,0.17500000000000016,0,1.7533606078316772,0.3969604173755237,0.12119449292224119,0.10422094841063062,0.18307939543115168,0.059687238868330446,0,0.1478779513974465,0.17570575143493003,0.530576953309228,0.2364289767353889,5.070493074290307,6.643549128762702,29.2793650475,0.44856393335777495,9.9198810239626,2.969073882839939,0.314697796684119,0.6467868139656074,2.3937575072723103,0.9329177271099424,0.00003779298742018099,0.2985198501503423,2.952692999101959,2.6726547123093853,1.058400766029886,3.9661767666599532,5.768682936093446,24.2,0.34624628294431525,7.527761542957332,2.013156402404428,0.41206127593562136,0.39603960396039684,2.074899814886381,0.6366638812621866,0,0.12323162616453898,2.5184491039006662,1.2380128910548653,0.8747872139209384,50000,100000,50000,50000,50000,50000,10000,50000,50000,20000,50000,0,5001216,2162688,220594176,0,0,1892352,0,0,2973696,0,0,0,0,3919872,688.3027984699014,4.700408318298357,130.35,2.6885005499205668,274.64640561075396,436.0326641714869,0,0,589.3936003580219,7.878715530619553,0,0,704.8143375893171,0,7.802156232267827,0,0,2162688,0,0,0,0,0,0,0,0,0,0,0,0,225292288,77135872,16789504,439984128,111415296,349663232,39714816,10911744,310304768,93900800,4952064,3993600,305532928,16084992,134160384,206671872,69206016,13111296,199372800,103944192,331972608,35684352,9596928,292233216,83533824,4055040,2568192,296017920,14868480,36630528,0,0,0,0,0,0,0,0,0,0,0,0,0,0,0,208457728,76881920,16531456,424972288,107696128,334577664,39501824,10653696,296394752,93446144,4796416,2912256,298287104,15704064,42356736,190345216,71880704,16531456,211677184,107696128,334577664,37744640,10653696,296394752,90472448,4796416,2912256,298287104,15704064,38301696,1073741824,1073741824,314572800,0,1073741824,1073741824,1073741824,314572800,1073741824,0,0,0,1073741824,314572800,2147483648,10.801443357705821,0,4.532674035291837,0,0,14.44581047853225,43051.56205488558,0,17002.133023075432,0,0,47924.34272744468,10.801443357705821,0,4.532674035291837,0,0,14.44581047853225,43051.56205488558,0,17002.133023075432,0,0,47924.34272744468,105.15965086730748,51.572559244986955,485.2771801725449,21.193210184722915,34.62397617274758,39.00342932694295,17.26911938217312,59.611756052320196,49.01002642342636,95.88216989938803,0,0,0,0,0,0,0,0,0,0,119671.59429897249,121782.67992708308,1582230.762544277,99735.4967548677,338259.52026380174,552214.5601784904,3135.0638206585863,8909.271163132817,597587.01632461,125140.64931023754,0,0,0,0,0,0,0,0,0,0,123.54435973925533,41.719546807577814,470.45657039789637,28.2326510234648,47.787469418147005,53.87761847704831,15.338410382923952,73.04358949758547,64.14015274912224,128.32693703972618,0,0,0,0,0,0,0,0,0,0,25002.541155673403,6797.65558298913,143619.2928700263,5944.033949076385,12630.172322093395,6592.674461843574,2897.479352139869,10275.99219674438,14225.449741195207,24268.31241572451,0,0,0,0,0,0,0,0,0,0,36,10,40,2,2,2,2,24,0,0,0,0,0.009006085192697768,0.0035255813953488377,0.030825526932084308,0.015973154362416107,0.0016627218934911244,0.003,0.00305072463768116,0.003195181907571288,0.02179436964504284,0.030891472868217036,0.07235902255639097,0.023973154362416108,0.0043420118343195264,0.0046,0.0046913043478260886,0.004951327433628318,0.023718482252141983,0.04141472868217053,0.08669642857142855,0.02497315436241611,0.004676923076923076,0.0048,0.004896376811594203,0.007227564102564094,0.04840000000000014,0.04983333333333331,0.09816635338345864,0.06274999999999986,0.004944852071005917,0.00496,0.018775000000000715,0.009517307692307691,0.4581005586592179,0.375,0.38644901610017895,0.4581005586592179,0.8634453781512605,0.375,0.4533045977011495,0.4875747384155456,2.181781376518219,2.1627329192546587,0.495608228980322,2.1243697478991597,2.1105504587155965,0.475,2.1105504587155965,2.190789473684211,2.340890688259109,2.331366459627329,0.70205078125,2.31218487394958,2.305275229357798,0.4875,2.305275229357798,2.345394736842105,2.468178137651822,2.4662732919254657,0.9404101562500001,2.4624369747899157,2.46105504587156,0.4975,2.46105504587156,2.469078947368421,396.2016806722722,397.2436974789942,397.21008403360474,392.3697478991583,396.10084033614976,165946583.1260504,38623972.03361344,0,12898682.62184874,54079866.62184874,3542815718.1848736,2783250105.0084033,1122085018.8907564,4434096919.663865,3995577645.1764703,0,0,0,0,0,15.176470588235293,4.487394957983193,4.773109243697479,0.5210084033613445,16.504201680672267,0,0,0,0,0,56965.3781512605,32337.74789915966,1059667.8991596638,36820.97478991596,70630.18487394958,1547.2436974789914,265.3613445378151,2820.319327731092,1710.9243697478994,432.4201680672269,1750.7563025210084,376.9411764705882,1882.5042016806724,2095.8319327731097,536.1848739495798,0,0,0,0,0,0,0,0,0,0,0,0,0,0,0,0,0,0,0,0
1693106318,0.5234548016911631,0.30861266736302323,0.17500000000000016,0,1.7533606078316772,0.3969604173755237,0.12119449292224119,0.10422094841063062,0.18307939543115168,0.08651766402307211,0,0.1478779513974465,0.17848793128518267,0.530576953309228,0.2364289767353889,5.070493074290307,6.643549128762702,29.2793650475,0.44856393335777495,9.9198810239626,2.969073882839939,0.314697796684119,0.6467868139656074,2.3937575072723103,0.9467817851478019,0.00003779298742018099,0.2985198501503423,3.261862244904485,2.6726547123093853,1.058400766029886,3.9661767666599532,5.768682936093446,24.2,0.34624628294431525,7.527761542957332,2.013156402404428,0.41206127593562136,0.39603960396039684,2.074899814886381,0.6344628695025253,0,0.12323162616453898,2.8303086246650446,1.2380128910548653,0.8747872139209384,50000,100000,50000,50000,50000,50000,10000,50000,50000,20000,50000,0,5001216,2162688,220594176,0,0,1892352,0,0,2973696,0,0,0,0,3919872,688.3027984699014,4.700408318298357,130.35,2.6885005499205668,274.64640561075396,436.0326641714869,0,0,589.3936003580219,9.516943042537852,0,0,848.17464946719,0,7.802156232267827,0,0,2162688,0,0,0,0,0,0,0,0,0,0,0,0,225292288,77135872,16789504,439984128,111415296,349663232,39714816,10911744,310304768,93900800,4952064,3993600,305532928,16084992,134160384,206671872,69206016,13111296,199372800,103944192,331972608,35684352,9596928,292233216,83533824,4055040,2568192,296017920,14868480,36630528,0,0,0,0,0,0,0,0,0,0,0,0,0,0,0,208457728,76881920,16531456,424972288,107696128,334577664,39501824,10653696,296394752,93446144,4796416,2912256,298287104,15704064,42356736,190345216,71880704,16531456,211677184,107696128,334577664,37744640,10653696,296394752,90472448,4796416,2912256,298287104,15704064,38301696,1073741824,1073741824,314572800,0,1073741824,1073741824,1073741824,314572800,1073741824,0,0,0,1073741824,314572800,2147483648,10.801443357705821,0,4.532674035291837,0,0,14.44581047853225,43051.56205488558,0,17002.133023075432,0,0,47924.34272744468,10.801443357705821,0,4.532674035291837,0,0,14.44581047853225,43051.56205488558,0,17002.133023075432,0,0,47924.34272744468,105.15965086730748,51.572559244986955,485.2771801725449,21.193210184722915,34.62397617274758,39.00342932694295,17.26911938217312,59.611756052320196,49.01002642342636,95.88216989938803,0,0,0,0,0,0,0,0,0,0,119671.59429897249,121782.67992708308,1582230.762544277,99735.4967548677,338259.52026380174,552214.5601784904,3135.0638206585863,8909.271163132817,597587.01632461,125140.64931023754,0,0,0,0,0,0,0,0,0,0,123.54435973925533,41.719546807577814,470.45657039789637,28.2326510234648,47.787469418147005,53.87761847704831,15.338410382923952,73.04358949758547,64.14015274912224,128.32693703972618,0,0,0,0,0,0,0,0,0,0,25002.541155673403,6797.65558298913,143619.2928700263,5944.033949076385,12630.172322093395,6592.674461843574,2897.479352139869,10275.99219674438,14225.449741195207,24268.31241572451,0,0,0,0,0,0,0,0,0,0,78,42,108,4,4,2,2,134,0,0,0,0,0.009006085192697768,0.0035255813953488377,0.030825526932084308,0.015973154362416107,0.0015936599423631125,0.003,0.0030481927710843374,0.003195181907571288,0.02179436964504284,0.030891472868217036,0.07235902255639097,0.023973154362416108,0.004337175792507205,0.0046,0.0046867469879518075,0.004951327433628318,0.023718482252141983,0.04141472868217053,0.08669642857142855,0.02497315436241611,0.004680115273775216,0.0048,0.004891566265060241,0.007227564102564094,0.04840000000000014,0.04983333333333331,0.09816635338345864,0.06274999999999986,0.0049544668587896265,0.00496,0.0176875,0.009517307692307691,0.4581005586592179,0.375,0.38644901610017895,0.4581005586592179,0.8728991596638654,0.375,0.4577513966480447,0.4875747384155456,2.181781376518219,2.1627329192546587,0.495608228980322,2.1243697478991597,2.1234177215189876,0.475,2.1234177215189876,2.190789473684211,2.340890688259109,2.331366459627329,0.70205078125,2.31218487394958,2.3117088607594938,0.4875,2.3117088607594938,2.345394736842105,2.468178137651822,2.4662732919254657,0.9404101562500001,2.4624369747899157,2.462341772151899,0.4975,2.462341772151899,2.469078947368421,396.0840336134456,397.27731092437455,397.1260504201533,392.5210084033778,396.11764705882774,165946583.1260504,38623972.03361344,0,12898682.62184874,54079866.62184874,3613725601.3445377,2726533102.789916,1063504715.2941176,4341761101.445378,3917269559.932773,0,0,0,0,0,15.529411764705882,4.487394957983193,4.773109243697479,0.5210084033613445,17.04201680672269,0,0,0,0,0,60243.899159663866,32337.74789915966,1059667.8991596638,36820.97478991596,74932.70588235294,1562.4033613445379,262.43697478991595,2819.781512605042,1733.6302521008404,437.37815126050424,1766.1176470588236,374.2016806722689,1882.033613445378,2118.8067226890757,541.3277310924369,0,0,0,0,0,0,0,0,0,0,0,0,0,0,0,0,0,0,0,0
1693106319,0.5234548016911631,0.30861266736302323,0.2085747663551404,0,1.7533606078316772,0.3969604173755237,0.12119449292224119,0.10422094841063062,0.18307939543115168,0.08651766402307211,0,0.1272054353362579,0.1821230863505116,0.4380740332491996,0.2364289767353889,5.070493074290307,6.643549128762702,29.2793650475,0.44856393335777495,9.9198810239626,2.969073882839939,0.314697796684119,0.6467868139656074,2.3937575072723103,0.9467817851478019,0,0.25678843354293646,3.3282946080149327,2.184238286811331,1.058400766029886,3.9661767666599532,5.768682936093446,28.84291054739653,0.34624628294431525,7.527761542957332,2.013156402404428,0.41206127593562136,0.39603960396039684,2.074899814886381,0.6344628695025253,0,0.10600452944688177,2.887951797843832,1.0565314919539477,0.8747872139209384,50000,100000,50000,50000,50000,50000,10000,50000,50000,20000,50000,0,5001216,2162688,220594176,0,0,1892352,0,0,2973696,0,0,0,0,3919872,688.3027984699014,4.700408318298357,155.35840453938587,2.6885005499205668,274.64640561075396,436.0326641714869,0,0,589.3936003580219,9.516943042537852,0,0,865.4489063376332,0,7.802156232267827,0,0,2162688,0,0,0,0,0,0,0,0,0,0,0,0,225292288,77135872,16789504,439984128,111415296,349663232,39714816,10911744,310304768,93900800,4952064,3993600,305532928,16084992,134160384,206671872,69206016,13111296,199372800,103944192,331972608,35684352,9596928,292233216,83533824,4055040,2568192,296017920,14868480,36630528,0,0,0,0,0,0,0,0,0,0,0,0,0,0,0,208457728,76881920,16531456,424972288,107696128,334577664,39501824,10653696,296394752,93446144,4796416,2912256,298287104,15704064,42356736,190345216,71880704,16531456,211677184,107696128,334577664,37744640,10653696,296394752,90472448,4796416,2912256,298287104,15704064,38301696,1073741824,1073741824,314572800,0,1073741824,1073741824,1073741824,314572800,1073741824,0,0,0,1073741824,314572800,2147483648,10.801443357705821,0,4.532674035291837,0,0,14.44581047853225,43051.56205488558,0,17002.133023075432,0,0,47924.34272744468,10.801443357705821,0,4.532674035291837,0,0,14.44581047853225,43051.56205488558,0,17002.133023075432,0,0,47924.34272744468,105.15965086730748,51.572559244986955,485.2771801725449,21.193210184722915,30.108047902705387,39.00342932694295,17.26911938217312,49.94893877855598,49.01002642342636,95.88216989938803,0,0,0,0,0,0,0,0,0,0,119671.59429897249,121782.67992708308,1582230.762544277,99735.4967548677,294141.08272361686,552214.5601784904,3135.0638206585863,7465.115429552167,597587.01632461,125140.64931023754,0,0,0,0,0,0,0,0,0,0,123.54435973925533,41.719546807577814,470.45657039789637,28.2326510234648,41.55465597631458,53.87761847704831,15.338410382923952,61.203527988316445,64.14015274912224,128.32693703972618,0,0,0,0,0,0,0,0,0,0,25002.541155673403,6797.65558298913,143619.2928700263,5944.033949076385,10982.847013172357,6592.674461843574,2897.479352139869,8610.29667828627,14225.449741195207,24268.31241572451,0,0,0,0,0,0,0,0,0,0,26,14,46,6,6,2,6,56,0,0,0,0,0.009006085192697768,0.0035255813953488377,0.030825526932084308,0.015973154362416107,0.0015936599423631125,0.003,0.0030481927710843374,0.003195181907571288,0.02179436964504284,0.030891472868217036,0.07235902255639097,0.023973154362416108,0.004337175792507205,0.0046,0.0046867469879518075,0.004951327433628318,0.023718482252141983,0.04141472868217053,0.08669642857142855,0.02497315436241611,0.004680115273775216,0.0048,0.004891566265060241,0.007227564102564094,0.04840000000000014,0.04983333333333331,0.09816635338345864,0.06274999999999986,0.0049544668587896265,0.00496,0.0176875,0.009517307692307691,0.4581005586592179,0.375,0.38644901610017895,0.4581005586592179,0.8728991596638654,0.375,0.4577513966480447,0.4875747384155456,2.181781376518219,2.1627329192546587,0.495608228980322,2.1243697478991597,2.1234177215189876,0.475,2.1234177215189876,2.190789473684211,2.340890688259109,2.331366459627329,0.70205078125,2.31218487394958,2.3117088607594938,0.4875,2.3117088607594938,2.345394736842105,2.468178137651822,2.4662732919254657,0.9404101562500001,2.4624369747899157,2.462341772151899,0.4975,2.462341772151899,2.469078947368421,396.1512605042186,397.3445378151361,396.9747899159758,392.420168067266,396.08403361344745,165946583.1260504,38623972.03361344,0,12898682.62184874,54079866.62184874,3542987887.865546,2783341111.932773,1063496454.4537815,4249465279.462185,3917293172.168067,0,0,0,0,0,15.529411764705882,4.487394957983193,4.773109243697479,0.5210084033613445,17.025210084033613,0,0,0,0,0,60243.899159663866,32337.74789915966,1059667.8991596638,36820.97478991596,74924.10084033613,1561.8655462184872,263.12605042016804,2820.4369747899154,1736.857142857143,438.78991596638656,1766.1344537815125,374.6890756302521,1882.5546218487395,2122.2352941176473,542.7731092436975,0,0,0,0,0,0,0,0,0,0,0,0,0,0,0,0,0,0,0,0
1693106320,0.5234548016911631,0.30861266736302323,0.2608695652173915,0,1.7533606078316772,0.3969604173755237,0.12119449292224119,0.10422094841063062,0.18307939543115168,0.08651766402307211,0,0.12474080281296714,0.21810930391973526,0.4471265056391588,0.2364289767353889,5.070493074290307,6.643549128762702,42.30278173414805,0.44856393335777495,9.9198810239626,2.969073882839939,0.314697796684119,0.6467868139656074,2.3937575072723103,0.9467817851478019,0,0.2518131027070974,3.9859417866267988,2.229373938056844,1.058400766029886,3.9661767666599532,5.768682936093446,42.260869565217384,0.34624628294431525,7.527761542957332,2.013156402404428,0.41206127593562136,0.39603960396039684,2.074899814886381,0.6344628695025253,0,0.10395066901080613,3.4585903907272364,1.0783639253650257,0.8747872139209384,50000,100000,50000,50000,50000,50000,10000,50000,50000,20000,50000,0,5001216,2162688,220594176,0,0,1892352,0,0,2973696,0,0,0,0,3919872,688.3027984699014,4.700408318298357,114.78260869565217,2.6885005499205668,274.64640561075396,436.0326641714869,0,0,589.3936003580219,9.516943042537852,0,0,1036.4554122265843,0,7.802156232267827,0,0,2162688,0,0,0,0,0,0,0,0,0,0,0,0,225292288,77135872,16801792,439984128,111415296,349663232,39714816,10911744,310304768,93900800,4952064,3993600,305532928,16084992,134160384,206671872,69206016,13111296,199372800,103944192,331972608,35684352,9596928,292233216,83533824,4055040,2568192,296017920,14868480,36630528,0,0,0,0,0,0,0,0,0,0,0,0,0,0,0,208457728,76881920,16535552,424972288,107696128,334577664,39501824,10653696,296394752,93446144,4796416,2912256,298287104,15704064,42356736,190345216,71880704,16535552,211677184,107696128,334577664,37744640,10653696,296394752,90472448,4796416,2912256,298287104,15704064,38301696,1073741824,1073741824,314572800,0,1073741824,1073741824,1073741824,314572800,1073741824,0,0,0,1073741824,314572800,2147483648,10.801443357705821,0,4.532674035291837,0,0,14.44581047853225,43051.56205488558,0,17002.133023075432,0,0,47924.34272744468,10.801443357705821,0,4.532674035291837,0,0,14.44581047853225,43051.56205488558,0,17002.133023075432,0,0,47924.34272744468,100.19129603060736,51.02713669794572,485.27718017254494,21.193210184722915,29.530981633159595,39.00342932694295,18.290114914866738,48.9554095110173,49.01002642342636,95.88216989938803,0,0,0,0,0,0,0,0,0,0,119304.54925872787,120726.02925014793,1582230.7625442774,99735.4967548677,288503.42405255354,552214.5601784904,3308.8261837434575,7316.627576833286,597587.01632461,125140.64931023754,0,0,0,0,0,0,0,0,0,0,118.42419894787183,41.7110491165779,470.4565703978965,28.2326510234648,40.758198152678794,53.87761847704831,15.973768124661575,59.986134830023346,64.14015274912224,128.32693703972618,0,0,0,0,0,0,0,0,0,0,23726.745576279292,6840.087919519823,143619.29287002631,5944.033949076385,10772.344141137468,6592.674461843574,3041.4836652427653,8439.030141673862,14225.449741195207,24268.31241572451,0,0,0,0,0,0,0,0,0,0,38,14,54,12,8,2,10,96,0,0,0,0,0.009006085192697768,0.0035255813953488377,0.030825526932084308,0.015973154362416107,0.0015936599423631125,0.003,0.0030481927710843374,0.0032013729977116703,0.02179436964504284,0.030891472868217036,0.07235902255639097,0.023973154362416108,0.004337175792507205,0.0046,0.0046867469879518075,0.004962471395881007,0.023718482252141983,0.04141472868217053,0.08669642857142855,0.02497315436241611,0.004680115273775216,0.0048,0.004891566265060241,0.007307840616966569,0.04840000000000014,0.04983333333333331,0.09816635338345864,0.06274999999999986,0.0049544668587896265,0.00496,0.0176875,0.009533547557840609,0.4581005586592179,0.375,0.38644901610017895,0.4581005586592179,0.8728991596638654,0.375,0.4577513966480447,0.4765625,2.181781376518219,2.1627329192546587,0.495608228980322,2.1243697478991597,2.1234177215189876,0.475,2.1234177215189876,2.181691176470588,2.340890688259109,2.331366459627329,0.70205078125,2.31218487394958,2.3117088607594938,0.4875,2.3117088607594938,2.3408455882352937,2.468178137651822,2.4662732919254657,0.9404101562500001,2.4624369747899157,2.462341772151899,0.4975,2.462341772151899,2.4681691176470584,396.08403361344375,397.327731092431,397.15966386554595,392.4201680672468,396.01680672270646,165946583.1260504,38623972.03361344,0,12898682.62184874,54079866.62184874,3684809788.235294,2783428676.840336,1004878219.8319328,4341942564.571428,3838974072.470588,0,0,0,0,0,15.546218487394958,4.487394957983193,4.773109243697479,0.5210084033613445,17.008403361344538,0,0,0,0,0,60312.73949579832,32337.74789915966,1059667.8991596638,36820.97478991596,74846.65546218488,1565.5462184873948,265.7647058823529,2819.394957983193,1733.4621848739496,437.2941176470588,1769.2268907563023,377.34453781512605,1882.0504201680671,2117.932773109244,541.3613445378151,0,0,0,0,0,0,0,0,0,0,0,0,0,0,0,0,0,0,0,0
1693106321,0.6109507657951841,0.30861266736302323,0.2608695652173915,0,1.7533606078316772,0.4855366113279423,0.12119449292224119,0.10422094841063062,0.21581957483543776,0.08651766402307211,0,0.12227617028967636,0.21810930391973526,0.45617897802911805,0.2364289767353889,5.0032212737269885,6.643549128762702,42.88264650652174,0.44856393335777495,9.9198810239626,3.353849993463926,0.314697796684119,0.6467868139656074,2.5570474101650955,0.9467817851478019,0,0.24683777187125833,3.9859417866267988,2.2745095893023577,1.058400766029886,3.918511808203593,5.768682936093446,42.260869565217384,0.34624628294431525,7.527761542957332,2.446357541690766,0.41206127593562136,0.39603960396039684,2.185173195208792,0.6344628695025253,0,0.10189680857473048,3.4585903907272364,1.1001963587761039,0.8747872139209384,50000,100000,50000,50000,50000,50000,10000,50000,50000,20000,50000,0,5001216,2162688,220594176,0,0,1892352,0,0,2973696,0,0,0,0,3919872,675.7536815050456,4.700408318298357,114.78260869565217,2.6885005499205668,274.64640561075396,590.3751704046762,0,0,685.4969245710586,9.516943042537852,0,0,1036.4554122265843,0,7.802156232267827,0,0,2162688,0,0,0,0,0,0,0,0,0,0,0,0,225292288,77135872,16801792,439984128,111415296,349663232,39714816,10911744,310304768,93900800,4952064,3993600,305532928,16084992,134160384,206807040,69206016,13111296,199372800,103944192,332242944,35684352,9596928,292233216,83533824,4055040,2568192,296017920,14868480,36630528,0,0,0,0,0,0,0,0,0,0,0,0,0,0,0,208531456,76881920,16535552,424972288,107696128,334884864,39501824,10653696,296394752,93446144,4796416,2912256,298287104,15704064,42356736,190418944,71880704,16535552,211677184,107696128,334884864,37744640,10653696,296394752,90472448,4796416,2912256,298287104,15704064,38301696,1073741824,1073741824,314572800,0,1073741824,1073741824,1073741824,314572800,1073741824,0,0,0,1073741824,314572800,2147483648,10.801443357705821,0,4.532674035291837,0,0,14.44581047853225,43051.56205488558,0,17002.133023075432,0,0,47924.34272744468,10.801443357705821,0,4.532674035291837,0,0,14.44581047853225,43051.56205488558,0,17002.133023075432,0,0,47924.34272744468,100.19129603060736,50.18583272855226,485.27718017254494,21.193210184722915,34.332497028918525,39.00342932694295,17.75771891344694,59.845097412967114,50.07271506879964,98.1655652746168,0,0,0,0,0,0,0,0,0,0,119304.54925872787,120768.64375096215,1582230.7625442774,99735.4967548677,334719.0583086529,552214.5601784904,3220.45301164164,8937.959118492496,599671.2831412909,125772.84817242042,0,0,0,0,0,0,0,0,0,0,118.42419894787183,41.58694552571969,470.4565703978965,28.2326510234648,47.178887400728144,53.87761847704831,15.564366458579384,73.07968700095817,65.84629153149122,130.60407469357537,0,0,0,0,0,0,0,0,0,0,23726.745576279292,6748.27912295749,143619.29287002631,5944.033949076385,12500.235800116956,6592.674461843574,2957.3561666947867,10322.760300223572,14821.478912630047,24553.56604239217,0,0,0,0,0,0,0,0,0,0,56,22.06,66,18,18,2,18,118,0,0,0,0,0.009006085192697768,0.0035255813953488377,0.030825526932084308,0.015973154362416107,0.0015936599423631125,0.003,0.0030481927710843374,0.003195926285160039,0.02179436964504284,0.030891472868217036,0.07235902255639097,0.023973154362416108,0.004337175792507205,0.0046,0.0046867469879518075,0.00495266731328807,0.023718482252141983,0.04141472868217053,0.08669642857142855,0.02497315436241611,0.004680115273775216,0.0048,0.004891566265060241,0.007242424242424244,0.04840000000000014,0.04983333333333331,0.09816635338345864,0.06274999999999986,0.0049544668587896265,0.00496,0.0176875,0.009529292929292929,0.4581005586592179,0.375,0.38644901610017895,0.4581005586592179,0.8728991596638654,0.375,0.4577513966480447,0.4934603886397608,2.181781376518219,2.1627329192546587,0.495608228980322,2.1243697478991597,2.1234177215189876,0.475,2.1234177215189876,2.1952893674293406,2.340890688259109,2.331366459627329,0.70205078125,2.31218487394958,2.3117088607594938,0.4875,2.3117088607594938,2.3476446837146705,2.468178137651822,2.4662732919254657,0.9404101562500001,2.4624369747899157,2.462341772151899,0.4975,2.462341772151899,2.4695289367429343,396.18487394958305,397.327731092436,397.2773109243656,392.3025210084055,395.98319327731116,149352275.89915967,38623972.03361344,0,12898682.62184874,54079866.62184874,3685000269.445378,2726729435.428571,1064298444.3697479,4342019734.588235,3839000713.680672,0,0,0,0,0,15.428571428571427,3.6134453781512605,4.773109243697479,0.5210084033613445,16.991596638655462,0,0,0,0,0,59934.11764705882,27725.44537815126,1059667.8991596638,36820.97478991596,74803.63025210083,1569.8655462184872,266.5042016806722,2820.3361344537816,1738.873949579832,437.8655462184874,1773.764705882353,378.10084033613447,1883.2941176470588,2124.3361344537816,542.0672268907563,0,0,0,0,0,0,0,0,0,0,0,0,0,0,0,0,0,0,0,0
1693106322,0.6109507657951841,0.30861266736302323,0.2608695652173915,0,1.7533606078316772,0.4855366113279423,0.12119449292224119,0.10422094841063062,0.21581957483543776,0.08651766402307211,0,0.11981153776638559,0.21810930391973526,0.5431483433975538,0.24508945765204324,5.0032212737269885,6.643549128762702,42.88264650652174,0.44856393335777495,9.9198810239626,3.353849993463926,0.314697796684119,0.6467868139656074,2.5570474101650955,0.9467817851478019,0,0.24186244103541937,3.9859417866267988,2.708139074730819,1.0537875512061912,3.918511808203593,5.768682936093446,42.260869565217384,0.34624628294431525,7.527761542957332,2.446357541690766,0.41206127593562136,0.39603960396039684,2.185173195208792,0.6344628695025253,0,0.09984294813865485,3.4585903907272364,1.3099460046646834,0.8228003221175734,50000,100000,50000,50000,50000,50000,10000,50000,50000,20000,50000,0,5001216,2162688,220594176,0,0,1892352,0,0,2973696,0,0,0,0,4055040,675.7536815050456,4.700408318298357,114.78260869565217,2.6885005499205668,274.64640561075396,590.3751704046762,0,0,685.4969245710586,9.516943042537852,0,0,1036.4554122265843,0,6.93253037358636,0,0,2162688,0,0,0,0,0,0,0,0,0,0,0,0,225292288,77135872,16801792,439984128,111415296,349663232,39714816,10911744,310304768,93900800,4952064,3993600,305532928,16084992,134160384,206807040,69206016,13111296,199372800,103944192,332242944,35684352,9596928,292233216,83533824,4055040,2568192,296017920,14868480,36630528,0,0,0,0,0,0,0,0,0,0,0,0,0,0,0,208531456,76881920,16535552,424972288,107696128,334884864,39501824,10653696,296394752,93446144,4796416,2912256,298287104,15704064,42659840,190418944,71880704,16535552,211677184,107696128,334884864,37744640,10653696,296394752,90472448,4796416,2912256,298287104,15704064,38604800,1073741824,1073741824,314572800,0,1073741824,1073741824,1073741824,314572800,1073741824,0,0,0,1073741824,314572800,2147483648,10.801443357705821,0,4.532674035291837,0,0,14.530303560799693,43051.56205488558,0,17002.133023075432,0,0,46779.314449774174,10.801443357705821,0,4.532674035291837,0,0,14.530303560799693,43051.56205488558,0,17002.133023075432,0,0,46779.314449774174,100.19129603060736,50.18583272855226,485.27718017254494,18.153279663837576,34.332497028918525,39.00342932694295,17.75771891344694,59.845097412967114,50.07271506879964,98.1655652746168,0,0,0,0,0,0,0,0,0,0,119304.54925872787,120768.64375096215,1582230.7625442774,85429.5479175681,334719.0583086529,552214.5601784904,3220.45301164164,8937.959118492496,599671.2831412909,125772.84817242042,0,0,0,0,0,0,0,0,0,0,118.42419894787183,41.58694552571969,470.4565703978965,24.182990930271263,47.178887400728144,53.87761847704831,15.564366458579384,73.07968700095817,65.84629153149122,130.60407469357537,0,0,0,0,0,0,0,0,0,0,23726.745576279292,6748.27912295749,143619.29287002631,5091.428323903035,12500.235800116956,6592.674461843574,2957.3561666947867,10322.760300223572,14821.478912630047,24553.56604239217,0,0,0,0,0,0,0,0,0,0,36,24,56,10,8,2,10,62,0,0,0,0,0.008973788328387734,0.0036270783847981,0.031053940321346594,0.016052060737527116,0.0016355685131195336,0.003,0.0030492957746478875,0.0032028846153846153,0.021753048780487803,0.03345394736842103,0.07243970315398886,0.024017353579175702,0.004345772594752186,0.0046,0.004688732394366197,0.0049651923076923085,0.023696646341463415,0.04254934210526314,0.08673005565862707,0.025434782608695538,0.004684548104956268,0.0048,0.004893661971830986,0.007329710144927534,0.04791666666666684,0.04982565789473682,0.09816233766233765,0.061749999999999736,0.004955568513119534,0.00496,0.01817499999999984,0.009543236714975848,0.45867486338797814,0.375,0.3859424638192729,0.45901639344262296,0.866869918699187,0.375,0.4543539325842697,0.4886029411764706,2.18188622754491,2.1634888438133877,0.4946964348746911,2.126829268292683,2.112666666666667,0.475,2.113716814159292,2.191655450874832,2.3409431137724552,2.3317444219066936,0.6894153225806446,2.3134146341463415,2.306333333333333,0.4875,2.306858407079646,2.345827725437416,2.468188622754491,2.4663488843813384,0.9378830645161288,2.462682926829268,2.4612666666666665,0.4975,2.4613716814159288,2.4691655450874834,396.13445378152244,397.2941176470716,397.26050420170515,392.35294117647254,395.949579831952,132758037.51260504,38623972.03361344,0,12898682.62184874,54079866.62184874,3685425014.3193274,2783527944.605042,1064287567.5966386,4249697959.7983193,3839022398.3865542,0,0,0,0,0,15.46218487394958,3.6134453781512605,4.773109243697479,0.5210084033613445,16.907563025210084,0,0,0,0,0,60089.00840336134,27725.44537815126,1059667.8991596638,36820.97478991596,74571.29411764705,1563.5966386554621,265.4957983193277,2821.5126050420167,1731.4789915966387,436.7226890756302,1767.781512605042,377.22689075630245,1885.1092436974789,2116.470588235294,541.0084033613444,0,0,0,0,0,0,0,0,0,0,0,0,0,0,0,0,0,0,0,0
1693106323,0.6109507657951841,0.30861266736302323,0.2608695652173915,0,1.7533606078316772,0.4855366113279423,0.12119449292224119,0.10422094841063062,0.21581957483543776,0.08651766402307211,0,0.15199108318978619,0.1991018295245888,0.5431483433975538,0.24508945765204324,5.0032212737269885,6.643549128762702,42.88264650652174,0.4497780453005197,9.9198810239626,3.353849993463926,0.314697796684119,0.6467868139656074,2.5570474101650955,0.9467817851478019,0,0.3002997905900631,3.4973376457314758,2.708139074730819,1.0537875512061912,3.918511808203593,5.768682936093446,42.260869565217384,0.3269722370845962,7.527761542957332,2.446357541690766,0.41206127593562136,0.39603960396039684,2.185173195208792,0.6344628695025253,0,0.11821528692538938,2.9201601663606405,1.3099460046646834,0.8228003221175734,50000,100000,50000,50000,50000,50000,10000,50000,50000,20000,50000,0,5001216,2162688,220594176,0,0,1892352,0,0,2973696,0,0,0,0,4055040,675.7536815050456,4.700408318298357,114.78260869565217,1.9618334225075795,274.64640561075396,590.3751704046762,0,0,685.4969245710586,9.516943042537852,0,0,851.2266884941265,0,6.93253037358636,0,0,2162688,0,0,0,0,0,0,0,0,0,0,0,0,225292288,77135872,16801792,439984128,111415296,349663232,39714816,10911744,310304768,93900800,4952064,3993600,305532928,16084992,134160384,206807040,69206016,13111296,199372800,103944192,332242944,35684352,9596928,292233216,83533824,4055040,2568192,295612416,14868480,36630528,0,0,0,0,0,0,0,0,0,0,0,0,0,0,0,208531456,76881920,16535552,424972288,107696128,334884864,39501824,10653696,296394752,93446144,4796416,3043328,297861120,15704064,42659840,190418944,71880704,16535552,211677184,107696128,334884864,37744640,10653696,296394752,90472448,4796416,3043328,297861120,15704064,38604800,1073741824,1073741824,314572800,0,1073741824,1073741824,1073741824,314572800,1073741824,0,0,0,1073741824,314572800,2147483648,10.801443357705821,0,4.532674035291837,0,0,14.530303560799693,43051.56205488558,0,17002.133023075432,0,0,46779.314449774174,10.801443357705821,0,4.532674035291837,0,0,14.530303560799693,43051.56205488558,0,17002.133023075432,0,0,46779.314449774174,83.21889048302248,50.18583272855226,485.27718017254494,17.800059494092192,34.332497028918525,39.00342932694295,17.75771891344694,59.845097412967114,50.07271506879964,98.1655652746168,0,0,0,0,0,0,0,0,0,0,99094.35861429937,120768.64375096215,1582230.7625442774,83767.28963832029,334719.0583086529,552214.5601784904,3220.45301164164,8937.959118492496,599671.2831412909,125772.84817242042,0,0,0,0,0,0,0,0,0,0,98.36313964610234,41.58694552571969,470.4565703978965,23.712446746546846,47.178887400728144,53.87761847704831,15.564366458579384,73.07968700095817,65.84629153149122,130.60407469357537,0,0,0,0,0,0,0,0,0,0,19707.43487565758,6748.27912295749,143619.29287002631,4992.361091418427,12500.235800116956,6592.674461843574,2957.3561666947867,10322.760300223572,14821.478912630047,24553.56604239217,0,0,0,0,0,0,0,0,0,0,46,18,64,18,16,2,18,100,0,0,0,0,0.008973788328387734,0.0036270783847981,0.031053940321346594,0.016052060737527116,0.0015439093484419261,0.003,0.0030467445742904838,0.0032028846153846153,0.021753048780487803,0.03345394736842103,0.07243970315398886,0.024017353579175702,0.004326912181303116,0.0046,0.004684140233722872,0.0049651923076923085,0.023696646341463415,0.04254934210526314,0.08673005565862707,0.025434782608695538,0.004674787535410765,0.0048,0.0048888146911519196,0.007329710144927534,0.04791666666666684,0.04982565789473682,0.09816233766233765,0.061749999999999736,0.004953087818696885,0.00496,0.01701249999999976,0.009543236714975848,0.45867486338797814,0.375,0.3859424638192729,0.45901639344262296,0.8800813008130081,0.375,0.45935792349726773,0.4886029411764706,2.18188622754491,2.1634888438133877,0.4946964348746911,2.126829268292683,2.1286290322580643,0.475,2.1277327935222674,2.191655450874832,2.3409431137724552,2.3317444219066936,0.6894153225806446,2.3134146341463415,2.3143145161290324,0.4875,2.3138663967611337,2.345827725437416,2.468188622754491,2.4663488843813384,0.9378830645161288,2.462682926829268,2.462862903225807,0.4975,2.4627732793522266,2.4691655450874834,396.1512605041901,397.24369747899834,397.3613445378166,392.2016806722733,395.93277310925527,132758037.51260504,38623972.03361344,0,12898682.62184874,54079866.62184874,3614762749.848739,2670030951.2605042,1064316480.5378151,4342091810.420168,3917428925.310924,0,0,0,0,0,15.3781512605042,3.6134453781512605,4.773109243697479,0.5210084033613445,17.025210084033613,0,0,0,0,0,59848.06722689075,27725.44537815126,1059667.8991596638,36820.97478991596,75010.1512605042,1563.4789915966385,266.2016806722689,2821.344537815126,1737.7478991596638,438.1344537815126,1767.4789915966385,377.9831932773109,1885.9159663865546,2122.7563025210084,542.4705882352941,0,0,0,0,0,0,0,0,0,0,0,0,0,0,0,0,0,0,0,0
1693106324,0.6109507657951841,0.3273830036529046,0.2608695652173915,0,1.7533606078316772,0.4855366113279423,0.12119449292224119,0.10422094841063062,0.1880435955541169,0.08651766402307211,0,0.15505936558568126,0.1991018295245888,0.5431483433975538,0.24508945765204324,5.0032212737269885,6.882322977117653,42.88264650652174,0.4497780453005197,9.9198810239626,3.353849993463926,0.314697796684119,0.6467868139656074,2.227955408476847,0.9467817851478019,0,0.29667484051036686,3.4973376457314758,2.708139074730819,1.0537875512061912,3.918511808203593,6.030739540974568,42.260869565217384,0.3269722370845962,7.527761542957332,2.446357541690766,0.41206127593562136,0.39603960396039684,1.9039414049854204,0.6344628695025253,0,0.11075668970405822,2.9201601663606405,1.3099460046646834,0.8228003221175734,50000,100000,50000,50000,50000,50000,10000,50000,50000,20000,50000,0,5136384,2162688,220594176,0,0,1892352,0,0,2973696,0,0,0,0,4055040,675.7536815050456,4.548900682335103,114.78260869565217,1.9618334225075795,274.64640561075396,590.3751704046762,0,0,597.2734703787632,9.516943042537852,0,0,851.2266884941265,0,6.93253037358636,0,0,2162688,0,0,0,0,0,0,0,0,0,0,0,0,225292288,77422592,16801792,439984128,111415296,349663232,39714816,10911744,310304768,93900800,4952064,3993600,305532928,16084992,134160384,206807040,69341184,13111296,199372800,103944192,332242944,35684352,9596928,292233216,83533824,4055040,2568192,295612416,14868480,36630528,0,0,0,0,0,0,0,0,0,0,0,0,0,0,0,208531456,77176832,16535552,424972288,107696128,334884864,39501824,10653696,296394752,93446144,4796416,3043328,297861120,15704064,42659840,190418944,72175616,16535552,211677184,107696128,334884864,37744640,10653696,296394752,90472448,4796416,3043328,297861120,15704064,38604800,1073741824,1073741824,314572800,0,1073741824,1073741824,1073741824,314572800,1073741824,0,0,0,1073741824,314572800,2147483648,10.838100489351437,0,4.532674035291837,0,0,14.530303560799693,42046.17823419946,0,17002.133023075432,0,0,46779.314449774174,10.838100489351437,0,4.532674035291837,0,0,14.530303560799693,42046.17823419946,0,17002.133023075432,0,0,46779.314449774174,81.54903554917901,50.18583272855226,485.27718017254494,17.44683932434681,34.332497028918525,39.00342932694295,17.75771891344694,59.845097412967114,50.07271506879964,98.1655652746168,0,0,0,0,0,0,0,0,0,0,97105.94945998723,120768.64375096215,1582230.7625442774,82105.0313590725,334719.0583086529,552214.5601784904,3220.45301164164,8937.959118492496,599671.2831412909,125772.84817242042,0,0,0,0,0,0,0,0,0,0,96.38940299697113,41.58694552571969,470.4565703978965,23.241902562822432,47.178887400728144,53.87761847704831,15.564366458579384,73.07968700095817,65.84629153149122,130.60407469357537,0,0,0,0,0,0,0,0,0,0,19311.989116052922,6748.27912295749,143619.29287002631,4893.293858933821,12500.235800116956,6592.674461843574,2957.3561666947867,10322.760300223572,14821.478912630047,24553.56604239217,0,0,0,0,0,0,0,0,0,0,58,24,68,14,12,2,14,106,0,0,0,0,0.008973788328387734,0.0036270783847981,0.031053940321346594,0.016052060737527116,0.0015439093484419261,0.003,0.0030467445742904838,0.0032028846153846153,0.021753048780487803,0.03345394736842103,0.07243970315398886,0.024017353579175702,0.004326912181303116,0.0046,0.004684140233722872,0.0049651923076923085,0.023696646341463415,0.04254934210526314,0.08673005565862707,0.025434782608695538,0.004674787535410765,0.0048,0.0048888146911519196,0.007329710144927534,0.04791666666666684,0.04982565789473682,0.09816233766233765,0.061749999999999736,0.004953087818696885,0.00496,0.01701249999999976,0.009543236714975848,0.45867486338797814,0.375,0.3859424638192729,0.45901639344262296,0.8800813008130081,0.375,0.45935792349726773,0.4886029411764706,2.18188622754491,2.1634888438133877,0.4946964348746911,2.126829268292683,2.1286290322580643,0.475,2.1277327935222674,2.191655450874832,2.3409431137724552,2.3317444219066936,0.6894153225806446,2.3134146341463415,2.3143145161290324,0.4875,2.3138663967611337,2.345827725437416,2.468188622754491,2.4663488843813384,0.9378830645161288,2.462682926829268,2.462862903225807,0.4975,2.4627732793522266,2.4691655450874834,396.0336134453772,397.24369747899794,397.36134453782233,392.2184873949486,396.06722689074417,116163936.80672269,38623972.03361344,0,12898613.781512605,54079866.62184874,3544116525.1764703,2670036940.3697476,946971931.9663866,4342081346.689075,3839170267.428571,0,0,0,0,0,15.3781512605042,3.6134453781512605,4.773109243697479,0.5210084033613445,17.025210084033613,0,0,0,0,0,59848.06722689075,27725.44537815126,1059667.8991596638,36820.97478991596,74941.31092436974,1564.067226890756,266.8739495798319,2823.27731092437,1734.8739495798322,436.48739495798316,1767.9495798319326,378.5714285714285,1889.1764705882354,2120.1176470588234,540.9915966386554,0,0,0,0,0,0,0,0,0,0,0,0,0,0,0,0,0,0,0,0
1693106325,0.6109507657951841,0.3273830036529046,0.2608695652173915,0,1.7533606078316772,0.4855366113279423,0.12119449292224119,0.10422094841063062,0.21284829721362292,0.08651766402307211,0,0.15505936558568126,0.1991018295245888,0.5431483433975538,0.2134653972591045,5.0032212737269885,6.882322977117653,42.88264650652174,0.4497780453005197,9.9198810239626,3.353849993463926,0.314697796684119,0.6467868139656074,2.2039250290247745,0.9467817851478019,0,0.29667484051036686,3.4973376457314758,2.708139074730819,1.0568546450070457,3.918511808203593,6.030739540974568,42.260869565217384,0.3269722370845962,7.527761542957332,2.446357541690766,0.41206127593562136,0.39603960396039684,1.8962848297213564,0.6344628695025253,0,0.11075668970405822,2.9201601663606405,1.3099460046646834,0.7471288904068653,50000,100000,50000,50000,50000,50000,10000,50000,50000,20000,50000,0,5136384,2162688,220594176,0,0,1892352,0,0,2973696,0,0,0,0,4055040,675.7536815050456,4.548900682335103,114.78260869565217,1.9618334225075795,274.64640561075396,590.3751704046762,0,0,535.1006191950465,9.516943042537852,0,0,851.2266884941265,0,7.044358109550442,0,0,2162688,0,0,0,0,0,0,0,0,0,0,0,0,225292288,77422592,16801792,439984128,111415296,349663232,39714816,10911744,310304768,93900800,4952064,3993600,305532928,16084992,134160384,206807040,69341184,13111296,199372800,103944192,332242944,35684352,9596928,292638720,83533824,4055040,2568192,295612416,14868480,36630528,0,0,0,0,0,0,0,0,0,0,0,0,0,0,0,208531456,77176832,16535552,424972288,107696128,334884864,39501824,10653696,296898560,93446144,4796416,3043328,297861120,15704064,42659840,190418944,72175616,16535552,211677184,107696128,334884864,37744640,10653696,296898560,90472448,4796416,3043328,297861120,15704064,38604800,1073741824,1073741824,314572800,0,1073741824,1073741824,1073741824,314572800,1073741824,0,0,0,1073741824,314572800,2147483648,10.838100489351437,0,4.532674035291837,0,0,13.298894249242197,42046.17823419946,0,17002.133023075432,0,0,39171.071169363444,10.838100489351437,0,4.532674035291837,0,0,13.298894249242197,42046.17823419946,0,17002.133023075432,0,0,39171.071169363444,103.7831162999551,50.18583272855226,485.27718017254494,17.09361915460143,34.332497028918525,39.00342932694295,17.75771891344694,59.845097412967114,50.07271506879964,97.77021992089728,0,0,0,0,0,0,0,0,0,0,120058.03771890435,120768.64375096215,1582230.7625442774,80442.7730798247,334719.0583086529,552214.5601784904,3220.45301164164,8937.959118492496,599671.2831412909,124763.09303169843,0,0,0,0,0,0,0,0,0,0,122.23095345008232,41.58694552571969,470.4565703978965,22.771358379098018,47.178887400728144,53.87761847704831,15.564366458579384,73.07968700095817,65.84629153149122,130.4430899745878,0,0,0,0,0,0,0,0,0,0,24646.179464152072,6748.27912295749,143619.29287002631,4794.226626449215,12500.235800116956,6592.674461843574,2957.3561666947867,10322.760300223572,14821.478912630047,24700.25030093433,0,0,0,0,0,0,0,0,0,0,34,10,40,6,8,2,6,54,0,0,0,0,0.008973788328387734,0.0036270783847981,0.031053940321346594,0.016052060737527116,0.0015439093484419261,0.003,0.0030467445742904838,0.003212075088787418,0.021753048780487803,0.03345394736842103,0.07243970315398886,0.024017353579175702,0.004326912181303116,0.0046,0.004684140233722872,0.004981735159817352,0.023696646341463415,0.04254934210526314,0.08673005565862707,0.025434782608695538,0.004674787535410765,0.0048,0.0048888146911519196,0.007439024390243903,0.04791666666666684,0.04982565789473682,0.09816233766233765,0.061749999999999736,0.004953087818696885,0.00496,0.01701249999999976,0.009565853658536587,0.45867486338797814,0.375,0.3859424638192729,0.45901639344262296,0.8800813008130081,0.375,0.45935792349726773,0.4698148148148148,2.18188622754491,2.1634888438133877,0.4946964348746911,2.126829268292683,2.1286290322580643,0.475,2.1277327935222674,2.1757560733763013,2.3409431137724552,2.3317444219066936,0.6894153225806446,2.3134146341463415,2.3143145161290324,0.4875,2.3138663967611337,2.3378780366881506,2.468188622754491,2.4663488843813384,0.9378830645161288,2.462682926829268,2.462862903225807,0.4975,2.4627732793522266,2.4675756073376305,395.96638655463056,397.2773109243678,397.3613445378251,392.21848739496045,396.05042016808676,116163799.12605041,38623972.03361344,0,413.0420168067227,54079866.62184874,3544351890.285714,2670103302.4537816,946937236.4369748,4249774234.890756,3839216046.2521005,0,0,0,0,0,15.260504201680671,3.6134453781512605,4.773109243697479,0.5210084033613445,17.008403361344538,0,0,0,0,0,59512.470588235294,27725.44537815126,1059667.8991596638,36820.97478991596,74863.86554621848,1564.436974789916,266.5042016806723,2825.9327731092435,1730.420168067227,435.7983193277311,1768.016806722689,378.20168067226894,1892.4705882352941,2115.8991596638652,540.2857142857142,0,0,0,0,0,0,0,0,0,0,0,0,0,0,0,0,0,0,0,0
1693106326,0.6109507657951841,0.3052862586215211,0.2608695652173915,0,1.7533606078316772,0.4855366113279423,0.10447975244004876,0.10280133641737314,0.21284829721362292,0.08651766402307211,0,0.15505936558568126,0.1991018295245888,0.5431483433975538,0.2134653972591045,5.0032212737269885,5.55210660722584,42.88264650652174,0.4497780453005197,9.9198810239626,3.353849993463926,0.27129572555810094,0.6407493652017477,2.2039250290247745,0.9467817851478019,0,0.29667484051036686,3.4973376457314758,2.708139074730819,1.0568546450070457,3.918511808203593,4.904932555185775,42.260869565217384,0.3269722370845962,7.527761542957332,2.446357541690766,0.3552311582961669,0.3769382335303696,1.8962848297213564,0.6344628695025253,0,0.11075668970405822,2.9201601663606405,1.3099460046646834,0.7471288904068653,50000,100000,50000,50000,50000,50000,10000,50000,50000,20000,50000,0,5136384,2162688,220594176,0,0,1892352,0,0,2973696,0,0,0,0,4055040,675.7536815050456,2.6865190758693873,114.78260869565217,1.9618334225075795,274.64640561075396,590.3751704046762,0,0,535.1006191950465,9.516943042537852,0,0,851.2266884941265,0,7.044358109550442,0,0,2162688,0,0,0,0,0,0,0,0,0,0,0,0,225292288,77422592,16801792,439984128,111415296,349663232,39714816,10911744,310304768,93900800,4952064,3993600,305532928,16084992,134160384,206807040,69341184,13111296,199372800,103944192,332242944,35684352,9596928,292638720,83533824,4055040,2568192,295612416,14868480,36630528,0,0,0,0,0,0,0,0,0,0,0,0,0,0,0,208531456,77176832,16535552,424972288,107696128,334884864,39501824,10526720,296898560,93446144,4796416,3043328,297861120,15704064,42659840,190418944,72175616,16535552,211677184,107696128,334884864,37744640,10526720,296898560,90472448,4796416,3043328,297861120,15704064,38604800,1073741824,1073741824,314572800,0,1073741824,1073741824,1073741824,314572800,1073741824,0,0,0,1073741824,314572800,2147483648,8.425900737953988,0,3.9075427412578376,0,0,13.298894249242197,30625.666187559287,0,14657.255510309613,0,0,39171.071169363444,8.425900737953988,0,3.9075427412578376,0,0,13.298894249242197,30625.666187559287,0,14657.255510309613,0,0,39171.071169363444,103.7831162999551,50.18583272855226,485.27718017254494,21.097046413502113,34.332497028918525,39.00342932694295,17.75771891344694,59.845097412967114,50.07271506879964,97.77021992089728,0,0,0,0,0,0,0,0,0,0,120058.03771890435,120768.64375096215,1582230.7625442774,100278.44725738397,334719.0583086529,552214.5601784904,3220.45301164164,8937.959118492496,599671.2831412909,124763.09303169843,0,0,0,0,0,0,0,0,0,0,122.23095345008232,41.58694552571969,470.4565703978965,28.101265822784814,47.178887400728144,53.87761847704831,15.564366458579384,73.07968700095817,65.84629153149122,130.4430899745878,0,0,0,0,0,0,0,0,0,0,24646.179464152072,6748.27912295749,143619.29287002631,5825.569620253165,12500.235800116956,6592.674461843574,2957.3561666947867,10322.760300223572,14821.478912630047,24700.25030093433,0,0,0,0,0,0,0,0,0,0,38,10,38,6,6,2,6,36,0,0,0,0,0.008973788328387734,0.0036270783847981,0.031053940321346594,0.016052060737527116,0.0015439093484419261,0.003,0.0030467445742904838,0.0032052148720424912,0.021753048780487803,0.03345394736842103,0.07243970315398886,0.024017353579175702,0.004326912181303116,0.0046,0.004684140233722872,0.004969386769676485,0.023696646341463415,0.04254934210526314,0.08673005565862707,0.025434782608695538,0.004674787535410765,0.0048,0.0048888146911519196,0.007357913669064739,0.04791666666666684,0.04982565789473682,0.09816233766233765,0.061749999999999736,0.004953087818696885,0.00496,0.01701249999999976,0.00954832134292566,0.45867486338797814,0.375,0.3859424638192729,0.45901639344262296,0.8800813008130081,0.375,0.45935792349726773,0.4872242647058823,2.18188622754491,2.1634888438133877,0.4946964348746911,2.126829268292683,2.1286290322580643,0.475,2.1277327935222674,2.1905826558265584,2.3409431137724552,2.3317444219066936,0.6894153225806446,2.3134146341463415,2.3143145161290324,0.4875,2.3138663967611337,2.3452913279132788,2.468188622754491,2.4663488843813384,0.9378830645161288,2.462682926829268,2.462862903225807,0.4975,2.4627732793522266,2.469058265582656,395.7815126050464,397.2100840336165,397.34453781513287,392.1848739495972,396.00000000000045,116163799.12605041,38623972.03361344,0,413.0420168067227,54079797.7815126,3544313202.0168066,2670154795.02521,1006401243.4285713,4434472237.176471,3917655065.815126,0,0,0,0,0,15.294117647058822,3.6134453781512605,4.773109243697479,0.5210084033613445,16.705882352941178,0,0,0,0,0,59598.52100840336,27725.44537815126,1059667.8991596638,36820.97478991596,72170.48739495798,1564.9411764705883,267.12605042016804,2827.2100840336134,1729.5462184873952,435.4957983193277,1768.4705882352941,378.75630252100837,1894.890756302521,2115.579831932773,539.9159663865546,0,0,0,0,0,0,0,0,0,0,0,0,0,0,0,0,0,0,0,0
1693106327,0.6109507657951841,0.31131529445811007,0.2608695652173915,0,1.7533606078316772,0.4855366113279423,0.10245984422467808,0.10280133641737313,0.21284829721362292,0.07588692847656998,0,0.15505936558568126,0.1991018295245888,0.4576545310286814,0.2134653972591045,5.0032212737269885,5.661754024226113,42.88264650652174,0.4497780453005197,9.9198810239626,3.353849993463926,0.26605076228003227,0.6407493652017476,2.2039250290247745,0.9183870328210978,0,0.29667484051036686,3.4973376457314758,2.2818667004553768,1.0568546450070457,3.918511808203593,5.001799064293639,42.260869565217384,0.3269722370845962,7.527761542957332,2.446357541690766,0.3483634703639065,0.37693823353036954,1.8962848297213564,0.664010624169986,0,0.11075668970405822,2.9201601663606405,1.1037550454221094,0.7471288904068653,50000,100000,50000,50000,50000,50000,10000,50000,50000,20000,50000,0,5136384,2162688,220594176,0,0,1892352,0,0,2973696,0,0,0,0,4055040,675.7536815050456,2.7395745912313707,114.78260869565217,1.9618334225075795,274.64640561075396,590.3751704046762,0,0,535.1006191950465,6.260671599317018,0,0,851.2266884941265,0,7.044358109550442,0,0,2162688,0,0,0,0,0,0,0,0,0,0,0,0,225292288,77422592,16801792,439984128,111415296,349663232,39714816,10911744,310304768,93900800,4952064,3993600,305532928,16084992,134160384,206807040,69341184,13111296,199372800,103944192,332242944,35684352,9596928,292638720,83668992,4055040,2568192,295612416,14868480,36630528,0,0,0,0,0,0,0,0,0,0,0,0,0,0,0,208531456,77176832,16535552,424972288,107696128,334884864,39501824,10526720,296898560,93470720,4796416,3043328,297861120,15704064,42659840,190418944,72175616,16535552,211677184,107696128,334884864,37744640,10526720,296898560,90497024,4796416,3043328,297861120,15704064,38604800,1073741824,1073741824,314572800,0,1073741824,1073741824,1073741824,314572800,1073741824,0,0,0,1073741824,314572800,2147483648,8.592302127043844,0,3.8319981740029734,0,0,13.298894249242197,31230.48620074278,0,14373.886626591688,0,0,39171.071169363444,8.592302127043844,0,3.8319981740029734,0,0,13.298894249242197,31230.48620074278,0,14373.886626591688,0,0,39171.071169363444,103.7831162999551,50.18583272855226,485.27718017254494,21.20991414509259,34.332497028918525,39.00342932694295,17.75771891344694,59.845097412967114,50.07271506879964,97.77021992089728,0,0,0,0,0,0,0,0,0,0,120058.03771890435,120768.64375096215,1582230.7625442774,100295.0186497164,334719.0583086529,552214.5601784904,3220.45301164164,8937.959118492496,599671.2831412909,124763.09303169843,0,0,0,0,0,0,0,0,0,0,122.23095345008232,41.58694552571969,470.4565703978965,28.38288198812598,47.178887400728144,53.87761847704831,15.564366458579384,73.07968700095817,65.84629153149122,130.4430899745878,0,0,0,0,0,0,0,0,0,0,24646.179464152072,6748.27912295749,143619.29287002631,5917.301198437397,12500.235800116956,6592.674461843574,2957.3561666947867,10322.760300223572,14821.478912630047,24700.25030093433,0,0,0,0,0,0,0,0,0,0,26,16,50,10,10,2,10,38,0,0,0,0,0.009057128412537916,0.0037213930348258704,0.031082118188795086,0.01600656455142232,0.0016158357771260997,0.003,0.003053191489361703,0.0032078174314153917,0.021833133971291864,0.03493939393939393,0.07240740740740742,0.02396280087527352,0.0043419354838709675,0.0046,0.004695744680851065,0.004974071376547705,0.023730562200956932,0.04322727272727272,0.08662037037037035,0.024957330415754916,0.004682697947214076,0.0048,0.004901063829787235,0.00739439140811455,0.04808333333333316,0.049857575757575746,0.09799074074074074,0.062124999999999875,0.004955307917888563,0.00496,0.019630000000000064,0.009564797136038179,0.4583333333333333,0.375,0.38593694651080407,0.4586776859504132,0.8713991769547326,0.375,0.45502832861189807,0.4889814814814815,2.1817953861584756,2.163039014373717,0.4946865037194474,2.125925925925926,2.1177631578947365,0.475,2.11570796460177,2.191937669376694,2.3408976930792376,2.3315195071868584,0.6892712550607285,2.312962962962963,2.3088815789473682,0.4875,2.3078539823008852,2.345968834688347,2.468179538615847,2.4663039014373718,0.9378542510121456,2.4625925925925927,2.4617763157894736,0.4975,2.461570796460177,2.4691937669376696,395.7815126050387,397.3109243697175,397.31092436973717,392.2352941176323,395.9495798319353,116163799.12605041,38623972.03361344,0,413.0420168067227,54079728.94117647,3544519654.1848736,2613401789.310924,947664741.1092436,4526850185.680672,3995975404.638655,0,0,0,0,0,15.159663865546218,3.6134453781512605,4.773109243697479,0.5210084033613445,16.95798319327731,0,0,0,0,0,59228.50420168067,27725.44537815126,1059667.8991596638,36820.97478991596,75104.80672268907,1569.0252100840337,266.8739495798319,2827.831932773109,1731.5630252100839,434.84033613445376,1772.5882352941176,378.436974789916,1896.4537815126048,2117.310924369747,539.1932773109244,0,0,0,0,0,0,0,0,0,0,0,0,0,0,0,0,0,0,0,0
1693106328,0.6109507657951841,0.3617421501953405,0.2608695652173915,0.020049723313818286,1.7680885760878913,0.5159538357094351,0.10043993600930738,0.12406947890818822,0.21284829721362292,0.07588692847656998,0,0.15505936558568126,0.1991018295245888,0.4486020586387222,0.2134653972591045,5.0032212737269885,6.578845020016397,42.88264650652174,0.44439871882268106,9.919886239807733,3.703004659877803,0.2608057990019636,0.6422354900744414,2.2039250290247745,0.9183870328210978,0,0.29667484051036686,3.4973376457314758,2.2367310492098635,1.0568546450070457,3.918511808203593,5.811990546471808,42.260869565217384,0.3408452963349104,7.69032701055704,2.7155465037338766,0.3414957824316462,0.4135649296939623,1.8962848297213564,0.664010624169986,0,0.11075668970405822,2.9201601663606405,1.0819226120110315,0.7471288904068653,50000,100000,50000,50000,50000,50000,10000,50000,50000,20000,50000,0,5136384,2162688,220594176,0,0,1892352,0,0,2973696,0,0,0,0,4055040,675.7536815050456,3.1833309217189982,114.78260869565217,5.293126954848023,257.1796412325122,718.6965376782077,0,0,535.1006191950465,6.260671599317018,0,0,851.2266884941265,0,7.044358109550442,0,0,2162688,0,0,0,0,0,0,0,0,0,0,0,0,225292288,77422592,16801792,439984128,111808512,349663232,39714816,10911744,310304768,93900800,4952064,3993600,305532928,16084992,134160384,206807040,69341184,13111296,199372800,104890368,332242944,35684352,9596928,292638720,83668992,4055040,2568192,295612416,14868480,36630528,0,0,0,0,0,0,0,0,0,0,0,0,0,0,0,208531456,77176832,16535552,425000960,108871680,334884864,39501824,10526720,296898560,93470720,4796416,3043328,297861120,15704064,42659840,190418944,72175616,16535552,211705856,108871680,334884864,37744640,10526720,296898560,90497024,4796416,3043328,297861120,15704064,38604800,1073741824,1073741824,314572800,0,1073741824,1073741824,1073741824,314572800,1073741824,0,0,0,1073741824,314572800,2147483648,9.984083345391404,0,3.75645360674811,0,0,13.298894249242197,36289.2007910095,0,14090.517742873766,0,0,39171.071169363444,9.984083345391404,0,3.75645360674811,0,0,13.298894249242197,36289.2007910095,0,14090.517742873766,0,0,39171.071169363444,103.7831162999551,50.18583272855226,472.32756760090035,21.20991414509259,34.486163568589696,39.20627752060518,17.75771891344694,59.845097412967114,50.07271506879964,97.77021992089728,0,0,0,0,0,0,0,0,0,0,120058.03771890435,120768.64375096215,1580495.914654827,100295.0186497164,334804.4878915796,552281.8674494751,3220.45301164164,8937.959118492496,599671.2831412909,124763.09303169843,0,0,0,0,0,0,0,0,0,0,122.23095345008232,41.58694552571969,457.34282983381127,28.38288198812598,47.59436174677232,55.01298408038841,15.564366458579384,73.07968700095817,65.84629153149122,130.4430899745878,0,0,0,0,0,0,0,0,0,0,24646.179464152072,6748.27912295749,140216.1378842537,5917.301198437397,12648.201634204743,6687.083662639721,2957.3561666947867,10322.760300223572,14821.478912630047,24700.25030093433,0,0,0,0,0,0,0,0,0,0,40,18,54,10,14,2,14,72,0,0,0,0,0.009057128412537916,0.0037213930348258704,0.031082118188795086,0.01600656455142232,0.0015641025641025639,0.003,0.0030506756756756752,0.0032078174314153917,0.021833133971291864,0.03493939393939393,0.07240740740740742,0.02396280087527352,0.004331054131054131,0.0046,0.004691216216216216,0.004974071376547705,0.023730562200956932,0.04322727272727272,0.08662037037037035,0.024957330415754916,0.004676923076923076,0.0048,0.004896283783783783,0.00739439140811455,0.04808333333333316,0.049857575757575746,0.09799074074074074,0.062124999999999875,0.004953618233618233,0.00496,0.018789999999999873,0.009564797136038179,0.4583333333333333,0.375,0.38593694651080407,0.4586776859504132,0.8775720164609054,0.375,0.4590220385674931,0.4889814814814815,2.1817953861584756,2.163039014373717,0.4946865037194474,2.125925925925926,2.126844262295082,0.475,2.126844262295082,2.191937669376694,2.3408976930792376,2.3315195071868584,0.6892712550607285,2.312962962962963,2.3134221311475414,0.4875,2.3134221311475414,2.345968834688347,2.468179538615847,2.4663039014373718,0.9378542510121456,2.4625925925925927,2.462684426229508,0.4975,2.462684426229508,2.4691937669376696,395.5966386554628,397.2773109243527,397.27731092438046,392.16806722688375,396.08403361344006,116163799.12605041,38624453.915966384,0,413.0420168067227,36053267.36134454,3544735055.5966387,2613476825.277311,888868003.4957982,4434538530.420168,3839507929.277311,0,0,0,0,0,15.109243697478991,4.285714285714286,4.80672268907563,0.4369747899159664,16.941176470588236,0,0,0,0,0,59125.24369747899,33301.512605042015,1059788.369747899,20643.495798319327,75010.1512605042,1576.7058823529412,265.94957983193274,2829.2605042016803,1741.8151260504203,436.7394957983193,1780.252100840336,377.781512605042,1898.672268907563,2128.5546218487393,541.1092436974789,0,0,0,0,0,0,0,0,0,0,0,0,0,0,0,0,0,0,0,0
1693106329,0.6109507657951841,0.3617421501953405,0.2608695652173915,0.020049723313818286,1.7680885760878913,0.5159538357094351,0.1364535716722383,0.12406947890818822,0.21284829721362292,0.07588692847656998,0,0.15505936558568126,0.1991018295245888,0.43954958624876295,0.2134653972591045,5.0032212737269885,6.578845020016397,42.88264650652174,0.44439871882268106,9.919886239807733,3.703004659877803,0.3195162601487344,0.6422354900744414,2.2039250290247745,0.9183870328210978,0,0.29667484051036686,3.4973376457314758,2.1915953979643494,1.0568546450070457,3.918511808203593,5.811990546471808,42.260869565217384,0.3408452963349104,7.69032701055704,2.7155465037338766,0.4093607150167152,0.4135649296939623,1.8962848297213564,0.664010624169986,0,0.11075668970405822,2.9201601663606405,1.0600901785999535,0.7471288904068653,50000,100000,50000,50000,50000,50000,10000,50000,50000,20000,50000,0,5136384,2162688,220594176,0,0,2027520,0,0,2973696,0,0,0,0,4055040,675.7536815050456,3.1833309217189982,114.78260869565217,5.293126954848023,257.1796412325122,718.6965376782077,0,0,535.1006191950465,6.260671599317018,0,0,851.2266884941265,0,7.044358109550442,0,0,2162688,0,0,0,0,0,0,0,0,0,0,0,0,225292288,77422592,16801792,439984128,111808512,349663232,39788544,10911744,310304768,93900800,4952064,3993600,305532928,16084992,134160384,206807040,69341184,13111296,199372800,104890368,332242944,35684352,9596928,292638720,83668992,4055040,2568192,295612416,14868480,36630528,0,0,0,0,0,0,0,0,0,0,0,0,0,0,0,208531456,77176832,16535552,425000960,108871680,334884864,39604224,10526720,296898560,93470720,4796416,3043328,297861120,15704064,42659840,190418944,72175616,16535552,211705856,108871680,334884864,37576704,10526720,296898560,90497024,4796416,3043328,297861120,15704064,38604800,1073741824,1073741824,314572800,0,1073741824,1073741824,1073741824,314572800,1073741824,0,0,0,1073741824,314572800,2147483648,9.984083345391404,0,4.912328580200588,0,0,13.298894249242197,36289.2007910095,0,20173.296036023745,0,0,39171.071169363444,9.984083345391404,0,4.912328580200588,0,0,13.298894249242197,36289.2007910095,0,20173.296036023745,0,0,39171.071169363444,103.7831162999551,50.18583272855226,472.32756760090035,21.20991414509259,34.486163568589696,39.20627752060518,17.75771891344694,59.845097412967114,50.07271506879964,97.77021992089728,0,0,0,0,0,0,0,0,0,0,120058.03771890435,120768.64375096215,1580495.914654827,100295.0186497164,334804.4878915796,552281.8674494751,3220.45301164164,8937.959118492496,599671.2831412909,124763.09303169843,0,0,0,0,0,0,0,0,0,0,122.23095345008232,41.58694552571969,457.34282983381127,28.38288198812598,47.59436174677232,55.01298408038841,15.564366458579384,73.07968700095817,65.84629153149122,130.4430899745878,0,0,0,0,0,0,0,0,0,0,24646.179464152072,6748.27912295749,140216.1378842537,5917.301198437397,12648.201634204743,6687.083662639721,2957.3561666947867,10322.760300223572,14821.478912630047,24700.25030093433,0,0,0,0,0,0,0,0,0,0,38,14,40,10,14,2,14,62,0,0,0,0,0.009057128412537916,0.0037213930348258704,0.031082118188795086,0.01600656455142232,0.0015641025641025639,0.003,0.0030506756756756752,0.0032078174314153917,0.021833133971291864,0.03493939393939393,0.07240740740740742,0.02396280087527352,0.004331054131054131,0.0046,0.004691216216216216,0.004974071376547705,0.023730562200956932,0.04322727272727272,0.08662037037037035,0.024957330415754916,0.004676923076923076,0.0048,0.004896283783783783,0.00739439140811455,0.04808333333333316,0.049857575757575746,0.09799074074074074,0.062124999999999875,0.004953618233618233,0.00496,0.018789999999999873,0.009564797136038179,0.4583333333333333,0.375,0.38593694651080407,0.4586776859504132,0.8775720164609054,0.375,0.4590220385674931,0.4889814814814815,2.1817953861584756,2.163039014373717,0.4946865037194474,2.125925925925926,2.126844262295082,0.475,2.126844262295082,2.191937669376694,2.3408976930792376,2.3315195071868584,0.6892712550607285,2.312962962962963,2.3134221311475414,0.4875,2.3134221311475414,2.345968834688347,2.468179538615847,2.4663039014373718,0.9378542510121456,2.4625925925925927,2.462684426229508,0.4975,2.462684426229508,2.4691937669376696,395.6470588235299,397.2268907562966,397.24369747899516,392.15126050421867,396.18487394957555,116163799.12605041,38624453.915966384,0,413.0420168067227,36053198.5210084,3474064943.327731,2670303972.033613,830129367.1260504,4434546034.016807,3917805137.747899,0,0,0,0,0,14.218487394957982,4.285714285714286,4.80672268907563,0.4369747899159664,16.907563025210084,0,0,0,0,0,52654.252100840335,33301.512605042015,1059788.369747899,20643.495798319327,73865.6806722689,1569.4621848739496,263.26050420168065,2828.168067226891,1738.5378151260504,435.57983193277306,1773.394957983193,375.05882352941177,1898.0840336134454,2125.848739495798,540,0,0,0,0,0,0,0,0,0,0,0,0,0,0,0,0,0,0,0,0
1693106330,0.6109507657951841,0.3617421501953405,0.2608695652173915,0.020049723313818286,1.816397686702718,0.5159538357094351,0.10075274066665044,0.12406947890818822,0.21284829721362292,0.07588692847656998,0,0.15505936558568126,0.1991018295245888,0.5308899288214245,0.2134653972591045,5.0032212737269885,6.578845020016397,42.88264650652174,0.44439871882268106,9.846552815416409,3.703004659877803,0.2623702240603537,0.6422354900744414,2.2039250290247745,0.9183870328210978,0,0.29667484051036686,3.4973376457314758,2.6970995556254675,1.0568546450070457,3.918511808203593,5.811990546471808,42.260869565217384,0.3408452963349104,7.829300373718604,2.7155465037338766,0.34255931826661257,0.4135649296939623,1.8962848297213564,0.664010624169986,0,0.11075668970405822,2.9201601663606405,1.160092807424594,0.7471288904068653,50000,100000,50000,50000,50000,50000,10000,50000,50000,20000,50000,0,5136384,2162688,220594176,0,0,2027520,0,0,2973696,0,0,0,0,4055040,675.7536815050456,3.1833309217189982,114.78260869565217,5.293126954848023,249.41019270517987,718.6965376782077,0,0,535.1006191950465,6.260671599317018,0,0,851.2266884941265,1.2977309371190375,7.044358109550442,0,0,2162688,0,0,0,0,0,0,0,0,0,0,0,0,225292288,77422592,16801792,439984128,111808512,349663232,39788544,10911744,310304768,93900800,4952064,3993600,305532928,16084992,134160384,206807040,69341184,13111296,199372800,104890368,332242944,35684352,9596928,292638720,83668992,4055040,2568192,295612416,14868480,36630528,0,0,0,0,0,0,0,0,0,0,0,0,0,0,0,208531456,77176832,16535552,425000960,108871680,334884864,39604224,10526720,296898560,93470720,4796416,3043328,297861120,15728640,42659840,190418944,72175616,16535552,211705856,108871680,334884864,37576704,10526720,296898560,90497024,4796416,3043328,297861120,15728640,38604800,1073741824,1073741824,314572800,0,1073741824,1073741824,1073741824,314572800,1073741824,0,0,0,1073741824,314572800,2147483648,9.984083345391404,0,4.110711819199353,0,0,13.298894249242197,36289.2007910095,0,17435.86628880792,0,0,39171.071169363444,9.984083345391404,0,4.110711819199353,0,0,13.298894249242197,36289.2007910095,0,17435.86628880792,0,0,39171.071169363444,103.7831162999551,50.496184573496215,472.32756760090035,21.20991414509259,34.486163568589696,39.20627752060518,17.75771891344694,59.845097412967114,49.428419627401574,97.77021992089728,0,0,0,0,0,0,0,0,0,0,120058.03771890435,121122.8459857414,1580495.914654827,100295.0186497164,334804.4878915796,552281.8674494751,3220.45301164164,8937.959118492496,596829.605635251,124763.09303169843,0,0,0,0,0,0,0,0,0,0,122.23095345008232,41.80847633719055,457.34282983381127,28.38288198812598,47.59436174677232,55.01298408038841,15.564366458579384,73.07968700095817,65.45323667026581,130.4430899745878,0,0,0,0,0,0,0,0,0,0,24646.179464152072,6781.033926844122,140216.1378842537,5917.301198437397,12648.201634204743,6687.083662639721,2957.3561666947867,10322.760300223572,14592.798258693676,24700.25030093433,0,0,0,0,0,0,0,0,0,0,14,18,34,6,10,2,10,20,0,0,0,0,0.009057128412537916,0.0037213930348258704,0.031082118188795086,0.01600656455142232,0.0015641025641025639,0.003,0.0030506756756756752,0.003213002782696686,0.021833133971291864,0.03493939393939393,0.07240740740740742,0.02396280087527352,0.004331054131054131,0.0046,0.004691216216216216,0.004983405008854035,0.023730562200956932,0.04322727272727272,0.08662037037037035,0.024957330415754916,0.004676923076923076,0.0048,0.004896283783783783,0.007455097087378633,0.04808333333333316,0.049857575757575746,0.09799074074074074,0.062124999999999875,0.004953618233618233,0.00496,0.018789999999999873,0.009578398058252426,0.4583333333333333,0.375,0.38593694651080407,0.4586776859504132,0.8775720164609054,0.375,0.4590220385674931,0.4746268656716418,2.1817953861584756,2.163039014373717,0.4946865037194474,2.125925925925926,2.126844262295082,0.475,2.126844262295082,2.1801072647489033,2.3408976930792376,2.3315195071868584,0.6892712550607285,2.312962962962963,2.3134221311475414,0.4875,2.3134221311475414,2.340053632374451,2.468179538615847,2.4663039014373718,0.9378542510121456,2.4625925925925927,2.462684426229508,0.4975,2.462684426229508,2.4680107264748905,395.68067226891577,397.21008403361486,397.3781512605245,392.06722689076577,396.26890756302157,116163523.76470588,38624453.915966384,0,413.0420168067227,36053060.84033614,3544944261.378151,2613547730.8235292,830877799.2605041,4526909594.890756,3839518874.890756,0,0,0,0,0,14.974789915966387,4.285714285714286,4.773109243697479,0.5210084033613445,16.840336134453782,0,0,0,0,0,58806.85714285714,33301.512605042015,1059642.0840336133,37096.33613445378,73564.50420168067,1577.109243697479,267.9159663865546,2829.596638655462,1734.9075630252103,434.3193277310924,1780.7226890756301,379.6806722689076,1900.1176470588236,2122.6218487394954,538.7731092436975,0,0,0,0,0,0,0,0,0,0,0,0,0,0,0,0,0,0,0,0
1693106331,0.6109507657951841,0.3617421501953405,0.2787019456879586,0.020049723313818286,1.816397686702718,0.5159538357094351,0.11907313471934419,0.12406947890818822,0.21284829721362292,0.07588692847656998,0,0.15505936558568126,0.1991018295245888,0.5308899288214245,0.2134653972591045,5.0032212737269885,6.578845020016397,44.305348678778586,0.44439871882268106,9.846552815416409,3.703004659877803,0.3100783644114209,0.6422354900744414,2.2039250290247745,0.9183870328210978,0,0.29667484051036686,3.4973376457314758,2.6970995556254675,1.0568546450070457,3.918511808203593,5.811990546471808,43.651692243376466,0.3408452963349104,7.829300373718604,2.7155465037338766,0.4048486580457715,0.4135649296939623,1.8962848297213564,0.664010624169986,0,0.11075668970405822,2.9201601663606405,1.160092807424594,0.7471288904068653,50000,100000,50000,50000,50000,50000,10000,50000,50000,20000,50000,0,5136384,2162688,220594176,0,0,2027520,0,0,2973696,0,0,0,0,4055040,675.7536815050456,3.1833309217189982,91.97164207702625,5.293126954848023,249.41019270517987,718.6965376782077,0,0,535.1006191950465,6.260671599317018,0,0,851.2266884941265,1.2977309371190375,7.044358109550442,0,0,2162688,0,0,0,0,0,0,0,0,0,0,0,0,225292288,77422592,16805888,439984128,111808512,349663232,39788544,10911744,310304768,93900800,4952064,3993600,305532928,16084992,134160384,206807040,69341184,13111296,199372800,104890368,332242944,35684352,9596928,292638720,83668992,4055040,2568192,295612416,14868480,36630528,0,0,0,0,0,0,0,0,0,0,0,0,0,0,0,208531456,77176832,16543744,425000960,108871680,334884864,39604224,10526720,296898560,93470720,4796416,3043328,297861120,15728640,42659840,190418944,72175616,16543744,211705856,108871680,334884864,37576704,10526720,296898560,90497024,4796416,3043328,297861120,15728640,38604800,1073741824,1073741824,314572800,0,1073741824,1073741824,1073741824,314572800,1073741824,0,0,0,1073741824,314572800,2147483648,9.984083345391404,0,4.858183896549261,0,0,13.298894249242197,36289.2007910095,0,20606.320401990903,0,0,39171.071169363444,9.984083345391404,0,4.858183896549261,0,0,13.298894249242197,36289.2007910095,0,20606.320401990903,0,0,39171.071169363444,103.7831162999551,50.496184573496215,479.13943902684224,21.20991414509259,34.486163568589696,39.20627752060518,17.75771891344694,57.83188948723952,48.62131943516415,97.77021992089728,0,0,0,0,0,0,0,0,0,0,120058.03771890435,121122.8459857414,1587409.2088066754,100295.0186497164,334804.4878915796,552281.8674494751,3220.45301164164,8622.05052160566,596205.4211768899,124763.09303169843,0,0,0,0,0,0,0,0,0,0,122.23095345008232,41.80847633719055,464.8436714587313,28.38288198812598,47.59436174677232,55.01298408038841,15.564366458579384,71.07364915840682,64.50175954385496,130.4430899745878,0,0,0,0,0,0,0,0,0,0,24646.179464152072,6781.033926844122,142851.73419121344,5917.301198437397,12648.201634204743,6687.083662639721,2957.3561666947867,10018.887067821743,14210.811171989844,24700.25030093433,0,0,0,0,0,0,0,0,0,0,26,24,52,20,18,2,18,102,0,0,0,0,0.009057128412537916,0.0037213930348258704,0.031082118188795086,0.01600656455142232,0.0015641025641025639,0.003,0.0030506756756756752,0.003204446592556791,0.021833133971291864,0.03493939393939393,0.07240740740740742,0.02396280087527352,0.004331054131054131,0.0046,0.004691216216216216,0.004968003866602224,0.023730562200956932,0.04322727272727272,0.08662037037037035,0.024957330415754916,0.004676923076923076,0.0048,0.004896283783783783,0.007360169491525423,0.04808333333333316,0.049857575757575746,0.09799074074074074,0.062124999999999875,0.004953618233618233,0.00496,0.018789999999999873,0.009568886198547216,0.4583333333333333,0.375,0.38593694651080407,0.4586776859504132,0.8775720164609054,0.375,0.4590220385674931,0.4902777777777778,2.1817953861584756,2.163039014373717,0.4946865037194474,2.125925925925926,2.126844262295082,0.475,2.126844262295082,2.1929308797127467,2.3408976930792376,2.3315195071868584,0.6892712550607285,2.312962962962963,2.3134221311475414,0.4875,2.3134221311475414,2.3464654398563733,2.468179538615847,2.4663039014373718,0.9378542510121456,2.4625925925925927,2.462684426229508,0.4975,2.462684426229508,2.4692930879712747,395.4789915966325,397.1932773109231,397.24369747898373,392.01680672267787,396.084033613465,116163523.76470588,28968357.647058822,0,413.0420168067227,18026530.42016807,3615884021.243697,2670307207.529412,830875802.8907562,4526955236.033613,3917846510.7899156,0,0,0,0,0,14.957983193277311,4.285714285714286,4.773109243697479,0.5210084033613445,16.840336134453782,0,0,0,0,0,58720.80672268907,33301.512605042015,1059642.0840336133,37096.33613445378,73607.5294117647,1578.9075630252098,267.91596638655466,2829.159663865546,1742.0504201680671,435.7647058823529,1782.6554621848738,379.61344537815125,1900.890756302521,2129.7647058823527,540.2521008403361,0,0,0,0,0,0,0,0,0,0,0,0,0,0,0,0,0,0,0,0
1693106332,0.6109507657951841,0.3617421501953405,0.2787019456879586,0.020049723313818286,1.816397686702718,0.5159538357094351,0.11907313471934419,0.12406947890818822,0.21284829721362292,0.07588692847656998,0,0.15505936558568126,0.1991018295245888,0.5308899288214245,0.2134653972591045,5.0032212737269885,6.578845020016397,44.305348678778586,0.44439871882268106,9.846552815416409,3.703004659877803,0.3100783644114209,0.6422354900744414,2.2039250290247745,0.9183870328210978,0,0.29667484051036686,3.4973376457314758,2.6970995556254675,1.0568546450070457,3.918511808203593,5.811990546471808,43.651692243376466,0.3408452963349104,7.829300373718604,2.7155465037338766,0.4048486580457715,0.4135649296939623,1.8962848297213564,0.664010624169986,0,0.11075668970405822,2.9201601663606405,1.160092807424594,0.7471288904068653,50000,100000,50000,50000,50000,50000,10000,50000,50000,20000,50000,0,5136384,2162688,220594176,0,0,2027520,0,0,2973696,0,0,0,0,4055040,675.7536815050456,3.1833309217189982,91.97164207702625,5.293126954848023,249.41019270517987,718.6965376782077,0,0,535.1006191950465,6.260671599317018,0,0,851.2266884941265,1.2977309371190375,7.044358109550442,0,0,2162688,0,0,0,0,0,0,0,0,0,0,0,0,225292288,77422592,16805888,439984128,111808512,349663232,39788544,10911744,310304768,93900800,4952064,3993600,305532928,16084992,134160384,206807040,69341184,13111296,199372800,104890368,332242944,35684352,9596928,292638720,83668992,4055040,2568192,295612416,14868480,36630528,0,0,0,0,0,0,0,0,0,0,0,0,0,0,0,208531456,77176832,16543744,425000960,108871680,334884864,39604224,10526720,296898560,93470720,4796416,3043328,297861120,15728640,42659840,190418944,72175616,16543744,211705856,108871680,334884864,37576704,10526720,296898560,90497024,4796416,3043328,297861120,15728640,38604800,1073741824,1073741824,314572800,0,1073741824,1073741824,1073741824,314572800,1073741824,0,0,0,1073741824,314572800,2147483648,9.984083345391404,0,4.858183896549261,0,0,13.298894249242197,36289.2007910095,0,20606.320401990903,0,0,39171.071169363444,9.984083345391404,0,4.858183896549261,0,0,13.298894249242197,36289.2007910095,0,20606.320401990903,0,0,39171.071169363444,100.79287800806789,50.496184573496215,479.13943902684224,21.20991414509259,34.486163568589696,39.20627752060518,17.75771891344694,57.83188948723952,48.62131943516415,97.77021992089728,0,0,0,0,0,0,0,0,0,0,119397.32925302545,121122.8459857414,1587409.2088066754,100295.0186497164,334804.4878915796,552281.8674494751,3220.45301164164,8622.05052160566,596205.4211768899,124763.09303169843,0,0,0,0,0,0,0,0,0,0,119.23772430101543,41.80847633719055,464.8436714587313,28.38288198812598,47.59436174677232,55.01298408038841,15.564366458579384,71.07364915840682,64.50175954385496,130.4430899745878,0,0,0,0,0,0,0,0,0,0,23844.874113228543,6781.033926844122,142851.73419121344,5917.301198437397,12648.201634204743,6687.083662639721,2957.3561666947867,10018.887067821743,14210.811171989844,24700.25030093433,0,0,0,0,0,0,0,0,0,0,48,18,44,26,26,2,26,130,0,0,0,0,0.00902920081967213,0.0038235294117647057,0.031221330275229355,0.01617368421052632,0.0016342857142857144,0.003,0.003051903114186851,0.003211888782358581,0.021834344660194172,0.036577540106951856,0.07272810218978101,0.02414421052631579,0.004345142857142857,0.0046,0.004693425605536331,0.004981399808245446,0.023744842233009704,0.043957219251336895,0.08677463503649634,0.029449999999999983,0.004683999999999999,0.0048,0.0048986159169550165,0.007451276102088162,0.0484531249999997,0.04986096256684491,0.09801186131386859,0.07131818181818173,0.004955085714285714,0.00496,0.01920999999999981,0.009592343387470998,0.4601206434316352,0.375,0.3855193661971831,0.45866402116402116,0.8685770750988142,0.375,0.45420110192837465,0.4855311355311355,2.181969696969697,2.163414634146341,0.4939348591549295,2.125889328063241,2.113260869565217,0.475,2.113260869565217,2.189362657091562,2.340984848484848,2.331707317073171,0.6779288702928871,2.312944664031621,2.3066304347826088,0.4875,2.3066304347826088,2.344681328545781,2.4681969696969697,2.4663414634146337,0.9355857740585772,2.462588932806324,2.461326086956521,0.4975,2.461326086956521,2.4689362657091563,395.4453781512426,397.24369747900215,397.2941176470356,392.0840336134445,396.06722689075207,132758381.7142857,28968357.647058822,0,413.0420168067227,18026530.42016807,3474533746.0168066,2613540158.3865547,830860382.6554621,4434621620.705882,3917873702.7226887,0,0,0,0,0,14.924369747899158,3.478991596638655,4.773109243697479,0.5210084033613445,16.789915966386555,0,0,0,0,0,58686.386554621844,26004.436974789915,1059642.0840336133,37096.33613445378,73401.00840336134,1579.5294117647059,268.4033613445378,2828.4201680672263,1743.126050420168,436.0504201680672,1783.4285714285713,380.218487394958,1900.5882352941176,2129.7142857142853,540.6890756302521,0,0,0,0,0,0,0,0,0,0,0,0,0,0,0,0,0,0,0,0
1693106333,0.6109507657951841,0.3617421501953405,0.2787019456879586,0.020049723313818286,1.816397686702718,0.5159538357094351,0.11907313471934419,0.12406947890818822,0.21284829721362292,0.07588692847656998,0,0.15505936558568126,0.1991018295245888,0.5308899288214245,0.2134653972591045,5.0032212737269885,6.578845020016397,44.305348678778586,0.44439871882268106,9.846552815416409,3.703004659877803,0.3100783644114209,0.6422354900744414,2.2039250290247745,0.9183870328210978,0,0.29667484051036686,3.4973376457314758,2.6970995556254675,1.0568546450070457,3.918511808203593,5.811990546471808,43.651692243376466,0.3408452963349104,7.829300373718604,2.7155465037338766,0.4048486580457715,0.4135649296939623,1.8962848297213564,0.664010624169986,0,0.11075668970405822,2.9201601663606405,1.160092807424594,0.7471288904068653,50000,100000,50000,50000,50000,50000,10000,50000,50000,20000,50000,0,5136384,2162688,220594176,0,0,2027520,0,0,2973696,0,0,0,0,4055040,675.7536815050456,3.1833309217189982,91.97164207702625,5.293126954848023,249.41019270517987,718.6965376782077,0,0,535.1006191950465,6.260671599317018,0,0,851.2266884941265,1.2977309371190375,7.044358109550442,0,0,2162688,0,0,0,0,0,0,0,0,0,0,0,0,225292288,77422592,16805888,439984128,111808512,349663232,39788544,10911744,310304768,93900800,4952064,3993600,305532928,16084992,134160384,206807040,69341184,13111296,199372800,104890368,332242944,35684352,9596928,292638720,83668992,4055040,2568192,295612416,14868480,36630528,0,0,0,0,0,0,0,0,0,0,0,0,0,0,0,208531456,77176832,16543744,425000960,108871680,334884864,39604224,10526720,296898560,93470720,4796416,3043328,297861120,15728640,42659840,190418944,72175616,16543744,211705856,108871680,334884864,37576704,10526720,296898560,90497024,4796416,3043328,297861120,15728640,38604800,1073741824,1073741824,314572800,0,1073741824,1073741824,1073741824,314572800,1073741824,0,0,0,1073741824,314572800,2147483648,9.984083345391404,0,4.858183896549261,0,0,13.298894249242197,36289.2007910095,0,20606.320401990903,0,0,39171.071169363444,9.984083345391404,0,4.858183896549261,0,0,13.298894249242197,36289.2007910095,0,20606.320401990903,0,0,39171.071169363444,100.79287800806789,50.496184573496215,479.13943902684224,21.20991414509259,34.486163568589696,39.20627752060518,17.29060913705584,57.83188948723952,48.62131943516415,90.65625184922185,0,0,0,0,0,0,0,0,0,0,119397.32925302545,121122.8459857414,1587409.2088066754,100295.0186497164,334804.4878915796,552281.8674494751,3140.930928208847,8622.05052160566,596205.4211768899,121900.40830818392,0,0,0,0,0,0,0,0,0,0,119.23772430101543,41.80847633719055,464.8436714587313,28.38288198812598,47.59436174677232,55.01298408038841,15.319071791153009,71.07364915840682,64.50175954385496,122.10781703059352,0,0,0,0,0,0,0,0,0,0,23844.874113228543,6781.033926844122,142851.73419121344,5917.301198437397,12648.201634204743,6687.083662639721,2903.417331399565,10018.887067821743,14210.811171989844,23124.563583644,0,0,0,0,0,0,0,0,0,0,30,26,56,16,12,2,14,84,0,0,0,0,0.009028740859062655,0.0038235162113819023,0.031221330275229355,0.016172535458148708,0.0015228652246812933,0.003,0.0030424655082170733,0.0032120227872077097,0.02183387465591999,0.0365769706852396,0.07272810218978099,0.0241438330282656,0.004322342580293585,0.0046,0.004686816981667034,0.004981641016973878,0.023744635903839875,0.0439569915042838,0.08677463503649632,0.029441825930838255,0.004672277249745122,0.0048,0.004892360915848278,0.007452771890310394,0.048453795364258256,0.04986100815951919,0.09801186131386859,0.07131082744782592,0.00495222498530635,0.00496,0.01809937948986999,0.009592586191634521,0.4601016155316412,0.3748707657392621,0.3855193661971831,0.45872838886197653,0.8852821457932251,0.375,0.4610454609383663,0.4854129179840886,2.1819491505460573,2.1633768094846624,0.4939348591549295,2.1260616171546225,2.1321938268126903,0.475,2.1320919337810222,2.189266552594263,2.340974575273029,2.331688404742331,0.6779288702928868,2.3130308085773104,2.3160969134063447,0.4875,2.316045966890511,2.3446332762971314,2.468194915054606,2.4663376809484663,0.9355857740585772,2.4626061617154624,2.463219382681269,0.4975,2.463209193378102,2.4689266552594265,395.47252377343926,397.23655679010494,397.2598133983527,392.1848739495639,396.07039010371136,132948307.86838341,28972740.07833118,0,413.0420168067227,18027439.36669076,3408730150.4333925,2614006804.121632,772233405.530806,4434668845.176471,3839748272.618788,0,0,0,0,0,14.794243877808634,3.4795179102721425,4.77431285197949,0.5210084033613445,16.689917138679263,0,0,0,0,0,58287.772448035015,26008.371014102977,1059909.2880558122,37096.33613445378,73137.93972805352,1576.4874190019357,268.88100721117485,2830.3774060687565,1731.9831932773109,433.5512714926803,1780.4426491626693,381.09966213376816,1903.320164747415,2118.53781512605,538.1615879792258,0,0,0,0,0,0,0,0,0,0,0,0,0,0,0,0,0,0,0,0
1693106334,0.5258076020431635,0.3617421501953405,0.2669395381945992,0.020049723313818286,1.816397686702718,0.5159538357094351,0.11907313471934419,0.12406947890818822,0.16582483273006537,0.05380104374024861,0,0.15505936558568126,0.1991018295245888,0.5308899288214245,0.2134653972591045,4.335054068403249,6.578845020016397,49.99048585665348,0.44439871882268106,9.846552815416409,3.703004659877803,0.3100783644114209,0.6422354900744414,1.3972086641562584,0.9123106445365046,0,0.29667484051036686,3.4973376457314758,2.6970995556254675,1.0568546450070457,3.2522173904151304,5.811990546471808,49.22809983538729,0.3408452963349104,7.829300373718604,2.7155465037338766,0.4048486580457715,0.4135649296939623,1.1844630909290337,0.672513046753107,0,0.11075668970405822,2.9201601663606405,1.160092807424594,0.7471288904068653,50000,100000,50000,50000,50000,50000,10000,50000,50000,20000,50000,0,5136384,2162688,220594176,0,0,2027520,0,0,2973696,0,0,0,0,4055040,604.094511680702,3.1833309217189982,4.404502380210883,5.293126954848023,249.41019270517987,718.6965376782077,0,0,231.39670944389601,1.7754344434282023,0,0,851.2266884941265,1.2977309371190375,7.044358109550442,0,0,2162688,0,0,0,0,0,0,0,0,0,0,0,0,225292288,77422592,16805888,439984128,111808512,349663232,39788544,10911744,310304768,93900800,4952064,3993600,305532928,16084992,134160384,206942208,69341184,13111296,199372800,104890368,332242944,35684352,9596928,292638720,83668992,4055040,2568192,295612416,14868480,36630528,0,0,0,0,0,0,0,0,0,0,0,0,0,0,0,208756736,77176832,16543744,425000960,108871680,334884864,39604224,10526720,296898560,93470720,4796416,3043328,297861120,15728640,42659840,190644224,72175616,16543744,211705856,108871680,334884864,37576704,10526720,296898560,90497024,4796416,3043328,297861120,15728640,38604800,1073741824,1073741824,314572800,0,1073741824,1073741824,1073741824,314572800,1073741824,0,0,0,1073741824,314572800,2147483648,9.984083345391404,0,4.858183896549261,0,0,13.298894249242197,36289.2007910095,0,20606.320401990903,0,0,39171.071169363444,9.984083345391404,0,4.858183896549261,0,0,13.298894249242197,36289.2007910095,0,20606.320401990903,0,0,39171.071169363444,100.79287800806789,40.62427421049266,479.13943902684224,21.20991414509259,34.486163568589696,39.266314742559864,17.29060913705584,57.83188948723952,48.62131943516415,90.65625184922185,0,0,0,0,0,0,0,0,0,0,119397.32925302545,95358.51248915198,1587409.2088066754,100295.0186497164,334804.4878915796,553442.2002907199,3140.930928208847,8622.05052160566,596205.4211768899,121900.40830818392,0,0,0,0,0,0,0,0,0,0,119.23772430101543,33.64231275178821,464.8436714587313,28.38288198812598,47.59436174677232,55.63843623288195,15.319071791153009,71.07364915840682,64.50175954385496,122.10781703059352,0,0,0,0,0,0,0,0,0,0,23844.874113228543,5521.786263668502,142851.73419121344,5917.301198437397,12648.201634204743,6746.576390482748,2903.417331399565,10018.887067821743,14210.811171989844,23124.563583644,0,0,0,0,0,0,0,0,0,0,48,30,62,6,6,2,6,58,0,0,0,0,0.00902920081967213,0.0038235294117647057,0.031221330275229355,0.01617368421052632,0.0015222222222222221,0.003,0.0030424483120711503,0.003211888782358581,0.021834344660194172,0.036577540106951856,0.07272810218978101,0.02414421052631579,0.004322222222222223,0.0046,0.0046867917299313845,0.004981399808245446,0.023744842233009704,0.043957219251336895,0.08677463503649634,0.029449999999999983,0.004672222222222223,0.0048,0.0048923346571639135,0.007451276102088162,0.0484531249999997,0.04986096256684491,0.09801186131386859,0.07131818181818173,0.004952222222222222,0.00496,0.0181,0.009592343387470998,0.4601206434316352,0.375,0.3855193661971831,0.45866402116402116,0.8853754940711462,0.375,0.4611260053619303,0.4855311355311355,2.181969696969697,2.163414634146341,0.4939348591549295,2.125889328063241,2.1322957198443584,0.475,2.1322957198443584,2.189362657091562,2.340984848484848,2.331707317073171,0.6779288702928871,2.312944664031621,2.316147859922179,0.4875,2.316147859922179,2.344681328545781,2.4681969696969697,2.4663414634146337,0.9355857740585772,2.462588932806324,2.463229571984436,0.4975,2.463229571984436,2.4689362657091563,395.47899159663757,397.3445378151296,397.27731092438813,392.2352941176529,396.13445378152244,132758244.03361344,28968357.647058822,0,413.0420168067227,18026530.42016807,3545753686.05042,2613604248.7394958,772021790.117647,4434676004.571428,3839560729.815126,0,0,0,0,0,14.789915966386554,4.100840336134453,4.773109243697479,0.5210084033613445,16.705882352941178,0,0,0,0,0,58195.899159663866,29859.495798319327,1059642.0840336133,37096.33613445378,73203.09243697478,1569.378151260504,268.31932773109247,2832.5882352941176,1730.2689075630253,432.4201680672269,1772.941176470588,380.06722689075633,1905.7478991596638,2116.689075630252,536.9915966386553,0,0,0,0,0,0,0,0,0,0,0,0,0,0,0,0,0,0,0,0
1693106335,0.621232340895494,0.44463346736776993,0.2669395381945992,0.020049723313818286,1.816397686702718,0.515760449108329,0.11907313471934419,0.12406947890818822,0.19194910606559254,0.05380104374024861,0,0.15505936558568126,0.1991018295245888,0.5308899288214245,0.18819396524684795,5.121789370024383,6.719909704608723,49.99048585665348,0.44439871882268106,9.846552815416409,4.3792506476761,0.3100783644114209,0.6422354900744414,1.617326848195692,0.9123106445365046,0,0.29667484051036686,3.4973376457314758,2.6970995556254675,1.0103519917194663,3.842437071464732,5.9542220847510094,49.22809983538729,0.3408452963349104,7.829300373718604,3.3921167999047976,0.4048486580457715,0.4135649296939623,1.3710650433256553,0.672513046753107,0,0.11075668970405822,2.9201601663606405,1.160092807424594,0.7527758609873918,50000,100000,50000,50000,50000,50000,10000,50000,50000,20000,50000,0,5271552,2162688,220594176,0,0,2027520,0,0,2973696,0,0,0,0,4055040,713.7269338732686,3.8277141973399322,4.404502380210883,5.293126954848023,249.41019270517987,928.249786752891,0,0,267.8512668641,1.7754344434282023,0,0,851.2266884941265,1.2977309371190375,8.280534470861301,0,0,2162688,0,0,0,0,0,0,0,0,0,0,0,0,225292288,77713408,16805888,439984128,111808512,349663232,39788544,10911744,310304768,93900800,4952064,3993600,305532928,16084992,134160384,206942208,69611520,13111296,199372800,104890368,331431936,35684352,9596928,292638720,83668992,4055040,2568192,295612416,14868480,36630528,0,0,0,0,0,0,0,0,0,0,0,0,0,0,0,208756736,77471744,16543744,425000960,108871680,334032896,39604224,10526720,296898560,93470720,4796416,3043328,297861120,15728640,42659840,190644224,72335360,16543744,211705856,108871680,334032896,37576704,10526720,296898560,90497024,4796416,3043328,297861120,15728640,38604800,1073741824,1073741824,314572800,0,1073741824,1073741824,1073741824,314572800,1073741824,0,0,0,1073741824,314572800,2147483648,10.38122486854315,0,4.858183896549261,0,0,13.549965497773039,41185.27683266316,0,20606.320401990903,0,0,39939.276080547024,10.38122486854315,0,4.858183896549261,0,0,13.549965497773039,41185.27683266316,0,20606.320401990903,0,0,39939.276080547024,100.79287800806789,41.488004832506604,479.13943902684224,21.20991414509259,34.486163568589696,39.266314742559864,17.29060913705584,57.83188948723952,48.62131943516415,90.65625184922185,0,0,0,0,0,0,0,0,0,0,119397.32925302545,97385.97190614523,1587409.2088066754,100295.0186497164,334804.4878915796,553442.2002907199,3140.930928208847,8622.05052160566,596205.4211768899,121900.40830818392,0,0,0,0,0,0,0,0,0,0,119.23772430101543,34.35759680999753,464.8436714587313,28.38288198812598,47.59436174677232,55.63843623288195,15.319071791153009,71.07364915840682,64.50175954385496,122.10781703059352,0,0,0,0,0,0,0,0,0,0,23844.874113228543,5639.187398257009,142851.73419121344,5917.301198437397,12648.201634204743,6746.576390482748,2903.417331399565,10018.887067821743,14210.811171989844,23124.563583644,0,0,0,0,0,0,0,0,0,0,24,16,44,30,22,2,26,172,0,0,0,0,0.00902920081967213,0.0038235294117647057,0.031221330275229355,0.01617368421052632,0.0015222222222222221,0.003,0.0030424483120711503,0.0032188980304163556,0.021834344660194172,0.036577540106951856,0.07272810218978101,0.02414421052631579,0.004322222222222223,0.0046,0.0046867917299313845,0.00499401645474944,0.023744842233009704,0.043957219251336895,0.08677463503649634,0.029449999999999983,0.004672222222222223,0.0048,0.0048923346571639135,0.0075292056074766425,0.0484531249999997,0.04986096256684491,0.09801186131386859,0.07131818181818173,0.004952222222222222,0.00496,0.0181,0.009608644859813094,0.4601206434316352,0.375,0.3855193661971831,0.45866402116402116,0.8853754940711462,0.375,0.4611260053619303,0.472140221402214,2.181969696969697,2.163414634146341,0.4939348591549295,2.125889328063241,2.1322957198443584,0.475,2.1322957198443584,2.178158148505304,2.340984848484848,2.331707317073171,0.6779288702928871,2.312944664031621,2.316147859922179,0.4875,2.316147859922179,2.339079074252652,2.4681969696969697,2.4663414634146337,0.9355857740585772,2.462588932806324,2.463229571984436,0.4975,2.463229571984436,2.467815814850531,395.32773109242265,397.36134453781347,397.1092436974876,392.2857142857021,396.1680672268918,132758519.39495797,28968357.647058822,0,413.0420168067227,18026530.42016807,3616694685.0420165,2556845666.957983,772011601.7478992,4342405584.672269,3839559353.0084033,0,0,0,0,0,14.722689075630251,4.016806722689076,4.453781512605042,0.38655462184873945,16.655462184873947,0,0,0,0,0,58032.403361344535,29007.59663865546,992109.7142857142,36132.57142857143,73030.99159663865,1580.0840336134454,268.85714285714283,2832.991596638655,1740.6050420168067,434.38655462184875,1784.0840336134452,380.6554621848739,1906.7731092436975,2127.5966386554624,538.8571428571428,0,0,0,0,0,0,0,0,0,0,0,0,0,0,0,0,0,0,0,0
1693106336,0.621232340895494,0.44463346736776993,0.2669395381945992,0.020049723313818286,1.816397686702718,0.515760449108329,0.11907313471934419,0.12406947890818822,0.19194910606559254,0.05380104374024861,0,0.15505936558568126,0.1877037011757075,0.5308899288214245,0.18819396524684795,5.121789370024383,6.719909704608723,49.99048585665348,0.44439871882268106,9.846552815416409,4.3792506476761,0.3100783644114209,0.6422354900744414,1.617326848195692,0.9123106445365046,0,0.29667484051036686,2.971908074671945,2.6970995556254675,1.0103519917194663,3.842437071464732,5.9542220847510094,49.22809983538729,0.3408452963349104,7.829300373718604,3.3921167999047976,0.4048486580457715,0.4135649296939623,1.3710650433256553,0.672513046753107,0,0.11075668970405822,2.4401481152841997,1.160092807424594,0.7527758609873918,50000,100000,50000,50000,50000,50000,10000,50000,50000,20000,50000,0,5271552,2162688,220594176,0,0,2027520,0,0,2973696,0,0,0,0,4055040,713.7269338732686,3.8277141973399322,4.404502380210883,5.293126954848023,249.41019270517987,928.249786752891,0,0,267.8512668641,1.7754344434282023,0,0,683.6168796819275,1.2977309371190375,8.280534470861301,0,0,2162688,0,0,0,0,0,0,0,0,0,0,0,0,225292288,77713408,16805888,439984128,111808512,349663232,39788544,10911744,310304768,93900800,4952064,3993600,305532928,16084992,134160384,206942208,69611520,13111296,199372800,104890368,331431936,35684352,9596928,292638720,83668992,4055040,2568192,295612416,14868480,36630528,0,0,0,0,0,0,0,0,0,0,0,0,0,0,0,208756736,77471744,16543744,425000960,108871680,334032896,39604224,10526720,296898560,93470720,4796416,3043328,297828352,15728640,42659840,190644224,72335360,16543744,211705856,108871680,334032896,37576704,10526720,296898560,90497024,4796416,3043328,297828352,15728640,38604800,1073741824,1073741824,314572800,0,1073741824,1073741824,1073741824,314572800,1073741824,0,0,0,1073741824,314572800,2147483648,10.38122486854315,0,4.858183896549261,0,0,13.549965497773039,41185.27683266316,0,20606.320401990903,0,0,39939.276080547024,10.38122486854315,0,4.858183896549261,0,0,13.549965497773039,41185.27683266316,0,20606.320401990903,0,0,39939.276080547024,100.79287800806789,42.35173545452054,479.13943902684224,21.20991414509259,29.350886428530288,39.266314742559864,17.29060913705584,57.83188948723952,48.62131943516415,90.65625184922185,0,0,0,0,0,0,0,0,0,0,119397.32925302545,99413.43132313847,1587409.2088066754,100295.0186497164,284949.30960712436,553442.2002907199,3140.930928208847,8622.05052160566,596205.4211768899,121900.4083081839,0,0,0,0,0,0,0,0,0,0,119.23772430101543,35.07288086820685,464.8436714587313,28.38288198812598,40.5071646629967,55.63843623288195,15.319071791153009,71.07364915840682,64.50175954385496,122.10781703059351,0,0,0,0,0,0,0,0,0,0,23844.874113228543,5756.588532845515,142851.73419121344,5917.301198437397,10764.779009191374,6746.576390482748,2903.417331399565,10018.887067821743,14210.811171989844,23124.563583644,0,0,0,0,0,0,0,0,0,0,28,10,34,8,10,2,10,68,0,0,0,0,0.00902920081967213,0.0038235294117647057,0.031221330275229355,0.01617368421052632,0.0015222222222222221,0.003,0.0030424483120711503,0.0032108490566037737,0.021834344660194172,0.036577540106951856,0.07272810218978101,0.02414421052631579,0.004322222222222223,0.0046,0.0046867917299313845,0.004979528301886793,0.023744842233009704,0.043957219251336895,0.08677463503649634,0.029449999999999983,0.004672222222222223,0.0048,0.0048923346571639135,0.007438646788990825,0.0484531249999997,0.04986096256684491,0.09801186131386859,0.07131818181818173,0.004952222222222222,0.00496,0.0181,0.009588646788990832,0.4601206434316352,0.375,0.3855193661971831,0.45866402116402116,0.8853754940711462,0.375,0.4611260053619303,0.49221611721611724,2.181969696969697,2.163414634146341,0.4939348591549295,2.125889328063241,2.1322957198443584,0.475,2.1322957198443584,2.1944589308996085,2.340984848484848,2.331707317073171,0.6779288702928871,2.312944664031621,2.316147859922179,0.4875,2.316147859922179,2.347229465449804,2.4681969696969697,2.4663414634146337,0.9355857740585772,2.462588932806324,2.463229571984436,0.4975,2.463229571984436,2.469445893089961,395.2100840336163,397.3277310924387,397.02521008405665,392.36974789916576,396.23529411766174,132758519.39495797,28968426.487394955,0,413.0420168067227,18026530.42016807,3758486502.1848736,2613674672.4033613,772001138.0168067,4342426994.016807,3761248238.789916,0,0,0,0,0,14.6890756302521,4.016806722689076,2.80672268907563,0.38655462184873945,16.588235294117645,0,0,0,0,0,58066.82352941176,29007.59663865546,603437.1764705882,36132.57142857143,72798.65546218488,1578.0672268907563,269.1428571428571,2832.7394957983192,1732.7899159663864,432.1512605042017,1781.8823529411764,380.90756302521004,1907.4957983193276,2119.596638655462,536.5882352941176,0,0,0,0,0,0,0,0,0,0,0,0,0,0,0,0,0,0,0,0
1693106337,0.621232340895494,0.44463346736776993,0.2669395381945992,0.020049723313818286,1.816397686702718,0.515760449108329,0.11907313471934419,0.12406947890818822,0.19194910606559254,0.05380104374024861,0,0.15505936558568126,0.1587049674654813,0.5308899288214245,0.21357481525778452,5.121789370024383,6.719909704608723,49.99048585665348,0.44439871882268106,9.846552815416409,4.3792506476761,0.3100783644114209,0.6422354900744414,1.617326848195692,0.9123106445365046,0,0.29667484051036686,2.368619384678164,2.6970995556254675,1.0520311434795602,3.842437071464732,5.9542220847510094,49.22809983538729,0.3408452963349104,7.829300373718604,3.3921167999047976,0.4048486580457715,0.4135649296939623,1.3710650433256553,0.672513046753107,0,0.11075668970405822,1.8591153331670718,1.160092807424594,0.704796890350689,50000,100000,50000,50000,50000,50000,10000,50000,50000,20000,50000,0,5271552,2162688,220594176,0,0,2027520,0,0,2973696,0,0,0,0,4190208,713.7269338732686,3.8277141973399322,4.404502380210883,5.293126954848023,249.41019270517987,928.249786752891,0,0,267.8512668641,1.7754344434282023,0,0,490.80644795610675,1.2977309371190375,8.457562684208279,0,0,2162688,0,0,0,0,0,0,0,0,0,0,0,0,225292288,77713408,16805888,439984128,111808512,349663232,39788544,10911744,310304768,93900800,4952064,3993600,305532928,16084992,134160384,206942208,69611520,13111296,199372800,104890368,331431936,35684352,9596928,292638720,83668992,4055040,2568192,295612416,14868480,36765696,0,0,0,0,0,0,0,0,0,0,0,0,0,0,0,208756736,77471744,16543744,425000960,108871680,334032896,39604224,10526720,296898560,93470720,4796416,3043328,297828352,15728640,42848256,190644224,72335360,16543744,211705856,108871680,334032896,37576704,10526720,296898560,90497024,4796416,3043328,297828352,15728640,38658048,1073741824,1073741824,314572800,0,1073741824,1073741824,1073741824,314572800,1073741824,0,0,0,1073741824,314572800,2147483648,10.38122486854315,0,4.858183896549261,0,0,14.373585066848918,41185.27683266316,0,20606.320401990903,0,0,47436.16248771945,10.38122486854315,0,4.858183896549261,0,0,14.373585066848918,41185.27683266316,0,20606.320401990903,0,0,47436.16248771945,100.79287800806789,43.21546607653448,479.13943902684224,21.20991414509259,28.776117035720453,39.266314742559864,17.29060913705584,57.83188948723952,48.62131943516415,90.65625184922185,0,0,0,0,0,0,0,0,0,0,119397.32925302545,101440.89074013173,1587409.2088066754,100295.0186497164,279369.2348089313,553442.2002907199,3140.930928208847,8622.05052160566,596205.4211768899,121900.4083081839,0,0,0,0,0,0,0,0,0,0,119.23772430101543,35.78816492641618,464.8436714587313,28.38288198812598,39.71392530055049,55.63843623288195,15.319071791153009,71.07364915840682,64.50175954385496,122.10781703059351,0,0,0,0,0,0,0,0,0,0,23844.874113228543,5873.989667434022,142851.73419121344,5917.301198437397,10553.975648621292,6746.576390482748,2903.417331399565,10018.887067821743,14210.811171989844,23124.563583644,0,0,0,0,0,0,0,0,0,0,44,16,50,14,18,2,18,84,0,0,0,0,0.009029227557411272,0.003929238985313751,0.03140503875968992,0.016307531380753137,0.001585915492957747,0.003,0.003044028423854077,0.0032137979750412058,0.021830258302583026,0.038187203791469185,0.07349192100538599,0.02436610878661088,0.004326197183098591,0.0046,0.004690022497621165,0.004984836355074171,0.023738007380073797,0.044686018957345953,0.08719479353680429,0.03491666666666663,0.004668732394366197,0.0048,0.00489577175684205,0.007471218961625281,0.048866666666666385,0.049885071090047375,0.09815709156193896,0.07707142857142842,0.004942760563380281,0.00496,0.018759999999999808,0.009593566591422121,0.4606299212598425,0.3739583333333334,0.38532801418439716,0.4606299212598425,0.871647509578544,0.375,0.45485175202156336,0.49100654069767435,2.1815195071868585,2.1628073770491802,0.4935904255319149,2.1310344827586203,2.1151898734177217,0.475,2.1151898734177217,2.1935462842242504,2.3407597535934292,2.3314036885245897,0.6724248927038623,2.3155172413793106,2.3075949367088606,0.4875,2.3075949367088606,2.3467731421121254,2.4681519507186858,2.4662807377049174,0.9344849785407725,2.463103448275862,2.461518987341772,0.4975,2.461518987341772,2.469354628422425,395.27731092436375,397.37815126051703,397.09243697478286,392.42016806721193,396.100840336129,132758519.39495797,28968426.487394955,0,413.0420168067227,18026530.42016807,3687866368,2670494590.92437,831566340.302521,4342494388.705882,3761300144.4033613,0,0,0,0,0,14.6890756302521,4.050420168067227,4.722689075630252,0.47058823529411764,16.588235294117645,0,0,0,0,0,58058.21848739496,29196.90756302521,1047698.2857142857,36666.08403361344,72833.0756302521,1573.2605042016805,267.84873949579827,2834.4201680672268,1729.9663865546217,431.07563025210084,1777.1932773109243,379.63025210084027,1908.6722689075627,2116.672268907563,535.2941176470588,0,0,0,0,0,0,0,0,0,0,0,0,0,0,0,0,0,0,0,0
1693106338,0.621232340895494,0.44463346736776993,0.26693953819459915,0.02625125402608377,1.816397686702718,0.515760449108329,0.11907313471934419,0.08307752518377294,0.20354576726576992,0.05380104374024861,0,0.15202189115232573,0.1587049674654813,0.5308899288214245,0.21357481525778452,5.121789370024383,6.719909704608723,49.990485856653464,0.3651144194419847,9.846552815416409,4.3792506476761,0.3100783644114209,0.5057913592764764,2.035597013983604,0.9123106445365046,0,0.2925403192459713,2.368619384678164,2.6970995556254675,1.0520311434795602,3.842437071464732,5.9542220847510094,49.22809983538728,0.3150150483130052,7.829300373718604,3.3921167999047976,0.4048486580457715,0.33231010073509426,1.8115573286653517,0.672513046753107,0,0.09121313469139565,1.8591153331670718,1.160092807424594,0.704796890350689,50000,100000,50000,50000,50000,50000,10000,50000,50000,20000,50000,0,5271552,2162688,220594176,0,0,2027520,0,0,2973696,0,0,0,0,4190208,713.7269338732686,3.8277141973399322,4.404502380210882,5.197748297164582,249.41019270517987,928.249786752891,0,0,397.6470109304077,1.7754344434282023,0,0,490.80644795610675,1.2977309371190375,8.457562684208279,0,0,2162688,0,0,0,0,0,0,0,0,0,0,0,0,225292288,77713408,16805888,439984128,111808512,349663232,39788544,10911744,310304768,93900800,4952064,3993600,305532928,16084992,134160384,206942208,69611520,13111296,199372800,104890368,331431936,35684352,9596928,292503552,83668992,4055040,2568192,295612416,14868480,36765696,0,0,0,0,0,0,0,0,0,0,0,0,0,0,0,208756736,77471744,16543744,425000960,108871680,334032896,39604224,10526720,296665088,93470720,4796416,3043328,297828352,15728640,42848256,190644224,72335360,16543744,211705856,108871680,334032896,37576704,10526720,296665088,90497024,4796416,3043328,297828352,15728640,38658048,1073741824,1073741824,314572800,0,1073741824,1073741824,1073741824,314572800,1073741824,0,0,0,1073741824,314572800,2147483648,10.38122486854315,0,4.858183896549261,0,0,14.373585066848918,41185.27683266316,0,20606.320401990903,0,0,47436.16248771945,10.38122486854315,0,4.858183896549261,0,0,14.373585066848918,41185.27683266316,0,20606.320401990903,0,0,47436.16248771945,100.79287800806789,44.07919669854842,479.13943902684224,21.20991414509259,28.20134764291063,39.266314742559864,17.29060913705584,57.83188948723952,48.62131943516415,90.65625184922185,0,0,0,0,0,0,0,0,0,0,119397.32925302545,103468.350157125,1587409.2088066754,100295.0186497164,273789.16001073836,553442.2002907199,3140.930928208847,8622.05052160566,596205.4211768899,121900.4083081839,0,0,0,0,0,0,0,0,0,0,119.23772430101543,36.50344898462551,464.8436714587313,28.38288198812598,38.92068593810429,55.63843623288195,15.319071791153009,71.07364915840682,64.50175954385496,122.10781703059351,0,0,0,0,0,0,0,0,0,0,23844.874113228543,5991.390802022528,142851.73419121344,5917.301198437397,10343.172288051215,6746.576390482748,2903.417331399565,10018.887067821743,14210.811171989844,23124.563583644,0,0,0,0,0,0,0,0,0,0,44,16,52,12,12,2,14,82,0,0,0,0,0.009029227557411272,0.003929238985313751,0.03140503875968992,0.016307531380753137,0.0014876712328767124,0.003,0.0030384500587545015,0.0032137979750412058,0.021830258302583026,0.038187203791469185,0.07349192100538599,0.02436610878661088,0.004306301369863015,0.0046,0.004684488051864917,0.004984836355074171,0.023738007380073797,0.044686018957345953,0.08719479353680429,0.03491666666666663,0.004658630136986302,0.0048,0.0048902428010037195,0.007471218961625281,0.048866666666666385,0.049885071090047375,0.09815709156193896,0.07707142857142842,0.004940493150684931,0.00496,0.01770999999999981,0.009593566591422121,0.4606299212598425,0.3739583333333334,0.38532801418439716,0.4606299212598425,0.886015325670498,0.375,0.4609580052493438,0.49100654069767435,2.1815195071868585,2.1628073770491802,0.4935904255319149,2.1310344827586203,2.1318702290076335,0.475,2.1318702290076335,2.1935462842242504,2.3407597535934292,2.3314036885245897,0.6724248927038623,2.3155172413793106,2.3159351145038167,0.4875,2.315935114503817,2.3467731421121254,2.4681519507186858,2.4662807377049174,0.9344849785407725,2.463103448275862,2.463187022900763,0.4975,2.463187022900763,2.469354628422425,395.3445378151188,397.49579831934113,397.075630252109,392.4033613445595,396.1008403361452,132758519.39495797,28968426.487394955,0,413.0420168067227,18026530.42016807,3687993722.6218486,2670555514.6218486,713661982.117647,4342558616.739495,3683051468.3697476,0,0,0,0,0,14.756302521008402,4.050420168067227,4.722689075630252,0.47058823529411764,16.554621848739494,0,0,0,0,0,58247.529411764706,29196.90756302521,1047698.2857142857,36666.08403361344,72695.3949579832,1577.9663865546217,268.9579831932773,2835.27731092437,1733.0252100840335,431.71428571428567,1782.1008403361343,380.84033613445376,1909.546218487395,2120.5546218487398,535.8823529411765,0,0,0,0,0,0,0,0,0,0,0,0,0,0,0,0,0,0,0,0
1693106339,0.621232340895494,0.44463346736776993,0.26693953819459915,0.031680658957706345,1.816397686702718,0.515760449108329,0.11907313471934419,0.0847791315001356,0.20354576726576992,0.05380104374024861,0,0.10170249984744614,0.1587049674654813,0.4553618862101236,0.21357481525778452,5.121789370024383,6.719909704608723,49.990485856653464,0.4406290606684617,9.846552815416409,4.3792506476761,0.3100783644114209,0.516151053667982,2.035597013983604,0.9123106445365046,0,0.2960054532880421,2.368619384678164,2.5878449922841456,1.0520311434795602,3.842437071464732,5.9542220847510094,49.22809983538728,0.38016790749247614,7.829300373718604,3.3921167999047976,0.4048486580457715,0.33911652600054487,1.8115573286653517,0.672513046753107,0,0.08136199987795709,1.8591153331670718,0.9866174201219373,0.704796890350689,50000,100000,50000,50000,50000,50000,10000,50000,50000,20000,50000,0,5271552,2162688,220594176,0,0,2027520,0,0,2973696,0,0,0,0,4190208,713.7269338732686,3.8277141973399322,4.404502380210882,6.272770473625851,249.41019270517987,928.249786752891,0,0,397.6470109304077,1.7754344434282023,0,0,490.80644795610675,1.6696602494371222,8.457562684208279,0,0,2162688,0,0,0,0,0,0,0,0,0,0,0,0,225292288,77713408,16805888,439984128,111808512,349663232,39788544,10911744,310304768,93900800,4952064,3993600,305532928,16084992,134160384,206942208,69611520,13111296,199372800,104890368,331431936,35684352,9596928,292503552,83668992,4055040,2568192,295612416,14868480,36765696,0,0,0,0,0,0,0,0,0,0,0,0,0,0,0,208756736,77471744,16543744,425000960,108871680,334032896,39604224,10526720,296665088,93470720,4796416,2912256,297828352,15728640,42848256,190644224,72335360,16543744,211705856,108871680,334032896,37576704,10526720,296665088,90497024,4796416,2912256,297828352,15728640,38658048,1073741824,1073741824,314572800,0,1073741824,1073741824,1073741824,314572800,1073741824,0,0,0,1073741824,314572800,2147483648,10.38122486854315,0,4.858183896549261,0,0,14.373585066848918,41185.27683266316,0,20606.320401990903,0,0,47436.16248771945,10.38122486854315,0,4.858183896549261,0,0,14.373585066848918,41185.27683266316,0,20606.320401990903,0,0,47436.16248771945,100.92095165003838,44.942927320562355,479.13943902684224,21.20991414509259,34.65076660988075,39.266314742559864,17.29060913705584,57.83188948723952,48.62131943516415,93.86044739793867,0,0,0,0,0,0,0,0,0,0,119264.10712121824,105495.80957411822,1587409.2088066754,100295.0186497164,336637.9727427598,553442.2002907199,3140.930928208847,8622.05052160566,596205.4211768899,123456.15965799666,0,0,0,0,0,0,0,0,0,0,120.02665912671164,37.21873304283482,464.8436714587313,28.38288198812598,48.313458262350935,55.63843623288195,15.319071791153009,71.07364915840682,64.50175954385496,126.09256946942922,0,0,0,0,0,0,0,0,0,0,23904.350284767945,6108.791936611033,142851.73419121344,5917.301198437397,12824.12265758092,6746.576390482748,2903.417331399565,10018.887067821743,14210.811171989844,23794.501703667647,0,0,0,0,0,0,0,0,0,0,38,10,48,4,2,2,2,50,0,0,0,0,0.009029227557411272,0.003929238985313751,0.03140503875968992,0.016307531380753137,0.0014876712328767124,0.003,0.0030384500587545015,0.0032137979750412058,0.021830258302583026,0.038187203791469185,0.07349192100538599,0.02436610878661088,0.004306301369863015,0.0046,0.004684488051864917,0.004984836355074171,0.023738007380073797,0.044686018957345953,0.08719479353680429,0.03491666666666663,0.004658630136986302,0.0048,0.0048902428010037195,0.007471218961625281,0.048866666666666385,0.049885071090047375,0.09815709156193896,0.07707142857142842,0.004940493150684931,0.00496,0.01770999999999981,0.009593566591422121,0.4606299212598425,0.3739583333333334,0.38532801418439716,0.4606299212598425,0.886015325670498,0.375,0.4609580052493438,0.49100654069767435,2.1815195071868585,2.1628073770491802,0.4935904255319149,2.1310344827586203,2.1318702290076335,0.475,2.1318702290076335,2.1935462842242504,2.3407597535934292,2.3314036885245897,0.6724248927038623,2.3155172413793106,2.3159351145038167,0.4875,2.315935114503817,2.3467731421121254,2.4681519507186858,2.4662807377049174,0.9344849785407725,2.463103448275862,2.463187022900763,0.4975,2.463187022900763,2.469354628422425,395.3109243697318,397.4621848739381,396.99159663865606,392.5378151260552,396.2352941176374,132758519.39495797,19312536.7394958,0,413.0420168067227,18026530.42016807,3688170779.9663863,2727418664.8739495,713555623.7983193,4342576928.268908,3839796163.7647057,0,0,0,0,0,14.705882352941176,4.050420168067227,4.722689075630252,0.40336134453781514,16.470588235294116,0,0,0,0,0,55674.621848739494,29196.90756302521,1047698.2857142857,35977.68067226891,72239.32773109243,1571.3781512605042,264.10084033613447,2831.8823529411766,1731.09243697479,431.3781512605042,1775.8319327731092,376.1848739495798,1907.4957983193276,2119.81512605042,535.563025210084,0,0,0,0,0,0,0,0,0,0,0,0,0,0,0,0,0,0,0,0
1693106340,0.621232340895494,0.44463346736776993,0.26693953819459915,0.031680658957706345,1.770669712980154,0.515760449108329,0.14914521150655277,0.08648073781649822,0.20354576726576992,0.05380104374024861,0,0.10170249984744614,0.1587049674654813,0.4187771706616678,0.21357481525778452,5.121789370024383,6.719909704608723,49.990485856653464,0.4406290606684617,9.866622567471069,4.3792506476761,0.31327966405041074,0.5265107480594875,2.035597013983604,0.9123106445365046,0,0.2960054532880421,2.368619384678164,2.620428744067321,1.0520311434795602,3.842437071464732,5.9542220847510094,49.22809983538728,0.38016790749247614,7.768099385977455,3.3921167999047976,0.35421987732806337,0.3459229512659954,1.8115573286653517,0.672513046753107,0,0.08136199987795709,1.8591153331670718,1.0369720416384167,0.704796890350689,50000,100000,50000,50000,50000,50000,10000,50000,50000,20000,50000,0,5271552,2162688,220594176,0,0,2027520,0,0,2973696,0,0,0,0,4190208,713.7269338732686,3.8277141973399322,4.404502380210882,6.272770473625851,239.38312151934883,928.249786752891,0,0,397.6470109304077,1.7754344434282023,0,0,490.80644795610675,1.3161568220795277,8.457562684208279,0,0,2162688,0,0,0,0,0,0,0,0,0,0,0,0,225292288,77713408,16805888,439984128,111808512,349663232,39895040,10911744,310304768,93900800,4952064,3993600,305532928,16084992,134160384,206942208,69611520,13111296,199372800,104890368,331431936,35684352,9596928,292503552,83668992,4055040,2568192,295612416,14868480,36765696,0,0,0,0,0,0,0,0,0,0,0,0,0,0,0,208756736,77471744,16543744,425000960,108871680,334032896,39636992,10526720,296665088,93470720,4796416,2912256,297828352,15728640,42848256,190644224,72335360,16543744,211705856,108871680,334032896,37609472,10526720,296665088,90497024,4796416,2912256,297828352,15728640,38658048,1073741824,1073741824,314572800,0,1073741824,1073741824,1073741824,314572800,1073741824,0,0,0,1073741824,314572800,2147483648,10.38122486854315,0,4.772646768209698,0,0,14.373585066848918,41185.27683266316,0,19739.66703331531,0,0,47436.16248771945,10.38122486854315,0,4.772646768209698,0,0,14.373585066848918,41185.27683266316,0,19739.66703331531,0,0,47436.16248771945,100.92095165003838,51.82383732083642,479.13943902684224,21.20991414509259,34.33145175515964,39.266314742559864,17.29060913705584,59.24317617866005,48.62131943516415,93.86044739793867,0,0,0,0,0,0,0,0,0,0,119264.10712121824,121647.56501959496,1587409.2088066754,100295.0186497164,335686.43058740516,553442.2002907199,3140.930928208847,8835.91811414392,596205.4211768899,123456.15965799666,0,0,0,0,0,0,0,0,0,0,120.02665912671164,42.9170434925594,464.8436714587313,28.38288198812598,48.134591638736985,55.63843623288195,15.319071791153009,72.83912324234905,64.50175954385496,126.09256946942922,0,0,0,0,0,0,0,0,0,0,23904.350284767945,7044.068075310368,142851.73419121344,5917.301198437397,12331.82660081143,6746.576390482748,2903.417331399565,10261.993382961125,14210.811171989844,23794.501703667647,0,0,0,0,0,0,0,0,0,0,26,24,56,10,6,2,6,72,0,0,0,0,0.009029227557411272,0.003929238985313751,0.03140503875968992,0.016307531380753137,0.0014876712328767124,0.003,0.0030384500587545015,0.0032218898030416357,0.021830258302583026,0.038187203791469185,0.07349192100538599,0.02436610878661088,0.004306301369863015,0.0046,0.004684488051864917,0.004999401645474944,0.023738007380073797,0.044686018957345953,0.08719479353680429,0.03491666666666663,0.004658630136986302,0.0048,0.0048902428010037195,0.007559907834101387,0.048866666666666385,0.049885071090047375,0.09815709156193896,0.07707142857142842,0.004940493150684931,0.00496,0.01770999999999981,0.009613364055299542,0.4606299212598425,0.3739583333333334,0.38532801418439716,0.4606299212598425,0.886015325670498,0.375,0.4609580052493438,0.47035139092240114,2.1815195071868585,2.1628073770491802,0.4935904255319149,2.1310344827586203,2.1318702290076335,0.475,2.1318702290076335,2.1764762826718296,2.3407597535934292,2.3314036885245897,0.6724248927038623,2.3155172413793106,2.3159351145038167,0.4875,2.315935114503817,2.338238141335915,2.4681519507186858,2.4662807377049174,0.9344849785407725,2.463103448275862,2.463187022900763,0.4975,2.463187022900763,2.467647628267183,395.4117647058922,397.4453781512453,397.0756302521175,392.55462184873886,396.2521008403333,132758381.7142857,19312536.7394958,0,413.0420168067227,18026530.42016807,3688102008.470588,2841073440.2689075,654519390.6554621,4250368120.470588,3761459440.9411764,0,0,0,0,0,14.638655462184873,4.050420168067227,4.722689075630252,0.40336134453781514,16.42016806722689,0,0,0,0,0,55399.26050420168,29196.90756302521,1047698.2857142857,35977.68067226891,72110.25210084033,1570.0672268907563,267.96638655462186,2832.5882352941176,1725.6638655462184,428.5210084033613,1774.487394957983,379.93277310924367,1908.18487394958,2115.9327731092435,532.6386554621847,0,0,0,0,0,0,0,0,0,0,0,0,0,0,0,0,0,0,0,0
1693106341,0.621232340895494,0.44463346736776993,0.26693953819459915,0.031680658957706345,1.770669712980154,0.515760449108329,0.14914521150655277,0.10209637898175813,0.20354576726576992,0.05380104374024861,0,0.10170249984744614,0.1587049674654813,0.4187771706616678,0.21357481525778452,5.121789370024383,6.719909704608723,49.990485856653464,0.4406290606684617,9.866622567471069,4.3792506476761,0.31327966405041074,0.6215816634903342,2.035597013983604,0.9123106445365046,0,0.2960054532880421,2.368619384678164,2.620428744067321,1.0520311434795602,3.842437071464732,5.9542220847510094,49.22809983538728,0.38016790749247614,7.768099385977455,3.3921167999047976,0.35421987732806337,0.40838551592703554,1.8115573286653517,0.672513046753107,0,0.08136199987795709,1.8591153331670718,1.0369720416384167,0.704796890350689,50000,100000,50000,50000,50000,50000,10000,50000,50000,20000,50000,0,5271552,2162688,220594176,0,0,2027520,0,0,2973696,0,0,0,0,4190208,713.7269338732686,3.8277141973399322,4.404502380210882,6.272770473625851,239.38312151934883,928.249786752891,0,0,397.6470109304077,1.7754344434282023,0,0,490.80644795610675,1.3161568220795277,8.457562684208279,0,0,2162688,0,0,0,0,0,0,0,0,0,0,0,0,225292288,77713408,16805888,439984128,111808512,349663232,39895040,10911744,310304768,93900800,4952064,3993600,305532928,16084992,134160384,206942208,69611520,13111296,199372800,104890368,331431936,35684352,9596928,292503552,83668992,4055040,2568192,295612416,14868480,36765696,0,0,0,0,0,0,0,0,0,0,0,0,0,0,0,208756736,77471744,16543744,425000960,108871680,334032896,39636992,10526720,296665088,93470720,4796416,2912256,297828352,15728640,42848256,190644224,72335360,16543744,211705856,108871680,334032896,37609472,10526720,296665088,90497024,4796416,2912256,297828352,15728640,38658048,1073741824,1073741824,314572800,0,1073741824,1073741824,1073741824,314572800,1073741824,0,0,0,1073741824,314572800,2147483648,10.38122486854315,0,4.772646768209698,0,0,14.373585066848918,41185.27683266316,0,19739.66703331531,0,0,47436.16248771945,10.38122486854315,0,4.772646768209698,0,0,14.373585066848918,41185.27683266316,0,19739.66703331531,0,0,47436.16248771945,100.92095165003838,51.82383732083642,479.13943902684224,20.733374044025705,34.33145175515964,39.12853792877788,17.29060913705584,59.24317617866005,48.62131943516415,93.86044739793867,0,0,0,0,0,0,0,0,0,0,119264.10712121824,121647.56501959496,1587409.2088066754,100126.81380674051,335686.43058740516,556034.6567050227,3140.930928208847,8835.91811414392,596205.4211768899,123456.15965799666,0,0,0,0,0,0,0,0,0,0,120.02665912671164,42.9170434925594,464.8436714587313,27.45063828549827,48.134591638736985,55.761574957735725,15.319071791153009,72.83912324234905,64.50175954385496,126.09256946942922,0,0,0,0,0,0,0,0,0,0,23904.350284767945,7044.068075310368,142851.73419121344,5520.166332257408,12331.82660081143,6677.100943447675,2903.417331399565,10261.993382961125,14210.811171989844,23794.501703667647,0,0,0,0,0,0,0,0,0,0,36,28,72,10,6,2,6,76,0,0,0,0,0.009029227557411272,0.003929238985313751,0.03140503875968992,0.016307531380753137,0.0014876712328767124,0.003,0.0030384500587545015,0.003213365155131265,0.021830258302583026,0.038187203791469185,0.07349192100538599,0.02436610878661088,0.004306301369863015,0.0046,0.004684488051864917,0.004984057279236277,0.023738007380073797,0.044686018957345953,0.08719479353680429,0.03491666666666663,0.004658630136986302,0.0048,0.0048902428010037195,0.007467316513761474,0.048866666666666385,0.049885071090047375,0.09815709156193896,0.07707142857142842,0.004940493150684931,0.00496,0.01770999999999981,0.00959438073394496,0.4606299212598425,0.3739583333333334,0.38532801418439716,0.4606299212598425,0.886015325670498,0.375,0.4609580052493438,0.48519258720930236,2.1815195071868585,2.1628073770491802,0.4935904255319149,2.1310344827586203,2.1318702290076335,0.475,2.1318702290076335,2.18907018328118,2.3407597535934292,2.3314036885245897,0.6724248927038623,2.3155172413793106,2.3159351145038167,0.4875,2.315935114503817,2.3445350916405903,2.4681519507186858,2.4662807377049174,0.9344849785407725,2.463103448275862,2.463187022900763,0.4975,2.463187022900763,2.4689070183281183,395.4453781512681,397.4285714285695,397.1092436974861,392.47058823528505,396.1848739495853,132758312.87394957,19312536.7394958,0,413.0420168067227,18026530.42016807,3617215599.865546,2897909123.2268906,654610122.2184874,4158078976,3761462538.7563024,0,0,0,0,0,14.84033613445378,4.050420168067227,4.672268907563025,0.40336134453781514,16.436974789915965,0,0,0,0,0,58634.756302521004,29196.90756302521,1047491.7647058823,35977.68067226891,72333.98319327731,1572.7899159663866,268.52100840336135,2834.453781512605,1725.2773109243697,428.50420168067217,1777.3109243697477,380.35294117647055,1910.0672268907565,2115.142857142857,532.5882352941177,0,0,0,0,0,0,0,0,0,0,0,0,0,0,0,0,0,0,0,0
1693106342,0.621232340895494,0.44463346736776993,0.26693953819459915,0.031680658957706345,1.770669712980154,0.515760449108329,0.14914521150655277,0.10209637898175813,0.20354576726576992,0.05380104374024861,0,0.10170249984744614,0.1587049674654813,0.4187771706616678,0.21357481525778452,5.121789370024383,6.719909704608723,49.990485856653464,0.4406290606684617,9.866622567471069,4.3792506476761,0.31327966405041074,0.6215816634903342,2.035597013983604,0.9123106445365046,0,0.2960054532880421,2.368619384678164,2.620428744067321,1.0520311434795602,3.842437071464732,5.9542220847510094,49.22809983538728,0.38016790749247614,7.768099385977455,3.3921167999047976,0.35421987732806337,0.40838551592703554,1.8115573286653517,0.672513046753107,0,0.08136199987795709,1.8591153331670718,1.0369720416384167,0.704796890350689,50000,100000,50000,50000,50000,50000,10000,50000,50000,20000,50000,0,5271552,2162688,220594176,0,0,2027520,0,0,2973696,0,0,0,0,4190208,713.7269338732686,3.8277141973399322,4.404502380210882,6.272770473625851,239.38312151934883,928.249786752891,0,0,397.6470109304077,1.7754344434282023,0,0,490.80644795610675,1.3161568220795277,8.457562684208279,0,0,2162688,0,0,0,0,0,0,0,0,0,0,0,0,225292288,77713408,16805888,439984128,111808512,349663232,39895040,10911744,310304768,93900800,4952064,3993600,305532928,16084992,134160384,206942208,69611520,13111296,199372800,104890368,331431936,35684352,9596928,292503552,83668992,4055040,2568192,295612416,14868480,36765696,0,0,0,0,0,0,0,0,0,0,0,0,0,0,0,208756736,77471744,16543744,425000960,108871680,334032896,39636992,10526720,296665088,93470720,4796416,2912256,297828352,15728640,42848256,190644224,72335360,16543744,211705856,108871680,334032896,37609472,10526720,296665088,90497024,4796416,2912256,297828352,15728640,38658048,1073741824,1073741824,314572800,0,1073741824,1073741824,1073741824,314572800,1073741824,0,0,0,1073741824,314572800,2147483648,10.38122486854315,0,4.772646768209698,0,0,14.373585066848918,41185.27683266316,0,19739.66703331531,0,0,47436.16248771945,10.38122486854315,0,4.772646768209698,0,0,14.373585066848918,41185.27683266316,0,19739.66703331531,0,0,47436.16248771945,100.92095165003838,51.82383732083642,483.976065912722,20.733374044025705,34.33145175515964,39.12853792877788,17.29060913705584,61.14003123373242,48.62131943516415,93.86044739793867,0,0,0,0,0,0,0,0,0,0,119264.10712121824,121647.56501959496,1585480.0601484915,100126.81380674051,335686.43058740516,556034.6567050227,3140.930928208847,9123.243102550754,596205.4211768899,123456.15965799666,0,0,0,0,0,0,0,0,0,0,120.02665912671164,42.9170434925594,469.44018044547477,27.45063828549827,48.134591638736985,55.761574957735725,15.319071791153009,74.7527329515877,64.50175954385496,126.09256946942922,0,0,0,0,0,0,0,0,0,0,23904.350284767945,7044.068075310368,143155.5715673068,5520.166332257408,12331.82660081143,6677.100943447675,2903.417331399565,10573.060905778239,14210.811171989844,23794.501703667647,0,0,0,0,0,0,0,0,0,0,11.263,9.976,23.857,3.442,5.418,2,5.721,23.164,0,0,0,0,0.009123112081518543,0.004000003904718743,0.03140926640926641,0.016251314976698496,0.0015642422894227353,0.003,0.0030239714287252756,0.0032093507413076634,0.02186550997681203,0.039354922952542455,0.07380357142857141,0.02436724384591996,0.004322074608251105,0.0046,0.004659480547608973,0.004976831334353795,0.023720835047294435,0.04571431276558191,0.0875267857142857,0.035134461753429415,0.00466680364810465,0.0048,0.004863919187469434,0.007422968736864343,0.048728349251491054,0.06933316340250095,0.09850535714285714,0.07768144874926233,0.004942586879987488,0.00496,0.0160589877108931,0.009588427599560724,0.4595291699747696,0.375025839033326,0.3858253799929304,0.46050368494212157,0.8721292361632101,0.375,0.455433446670522,0.48963885912924027,2.181287105803657,2.163422196790242,0.49448568398727466,2.1307112054563255,2.116775977025889,0.475,2.116888020144092,2.192430263596353,2.340643552901828,2.331711098395121,0.6863265306122446,2.3153556027281628,2.3083879885129446,0.4875,2.308444010072045,2.3462151317981763,2.4681287105803658,2.4663422196790243,0.937265306122449,2.463071120545633,2.461677597702589,0.4975,2.4616888020144088,2.4692430263596354,395.4624020405868,397.4789915966452,397.0338983050704,392.4705882353004,396.18487394958464,132555718.27960598,19312536.7394958,0,413.0420168067227,18026530.42016807,3682529107.8182945,2897905337.0084033,660203762.9830508,4158230355.8991594,3761461437.310924,0,0,0,0,0,14.901579097514725,4.050420168067227,4.711864406779661,0.40336134453781514,16.403361344537814,0,0,0,0,0,58845.93311070464,29196.90756302521,1056368.813559322,35977.68067226891,72144.67226890755,1567.8038629994462,267.34453781512605,2834.5593220338983,1725.0756302521008,428.99159663865544,1771.710493195281,378.7226890756302,1910.4067796610168,2114.8403361344535,533.0756302521008,0,0,0,0,0,0,0,0,0,0,0,0,0,0,0,0,0,0,0,0
1693106343,0.621232340895494,0.4009060454134276,0.2645782622499734,0.031680658957706345,1.770669712980154,0.515760449108329,0.14914521150655277,0.08551082221617151,0.20354576726576992,0.05380104374024861,0,0.10170249984744614,0.1587049674654813,0.4187771706616678,0.21357481525778452,5.121789370024383,6.0210745004733415,50.00153093272657,0.4406290606684617,9.866622567471069,4.3792506476761,0.31327966405041074,0.5206057222563293,2.035597013983604,0.9123106445365046,0,0.2960054532880421,2.368619384678164,2.620428744067321,1.0520311434795602,3.842437071464732,5.353274841696947,49.21155677849508,0.38016790749247614,7.768099385977455,3.3921167999047976,0.35421987732806337,0.3420432888646886,1.8115573286653517,0.672513046753107,0,0.08136199987795709,1.8591153331670718,1.0369720416384167,0.704796890350689,50000,100000,50000,50000,50000,50000,10000,50000,50000,20000,50000,0,5271552,2162688,220594176,0,0,2027520,0,0,2973696,0,0,0,0,4190208,713.7269338732686,3.112917529092498,3.4924330616996504,6.272770473625851,239.38312151934883,928.249786752891,0,0,397.6470109304077,1.7754344434282023,0,0,490.80644795610675,1.3161568220795277,8.457562684208279,0,0,2162688,0,0,0,0,0,0,0,0,0,0,0,0,225292288,77713408,16805888,439984128,111808512,349663232,39895040,10911744,310304768,93900800,4952064,3993600,305532928,16084992,134160384,206942208,69611520,13111296,199372800,104890368,331431936,35684352,9596928,292503552,83668992,4055040,2568192,295612416,14868480,36765696,0,0,0,0,0,0,0,0,0,0,0,0,0,0,0,208756736,77471744,16543744,425000960,108871680,334032896,39636992,10526720,296665088,93470720,4796416,2912256,297828352,15728640,42848256,190644224,72335360,16543744,211705856,108871680,334032896,37609472,10526720,296665088,90497024,4796416,2912256,297828352,15728640,38658048,1073741824,1073741824,314572800,0,1073741824,1073741824,1073741824,314572800,1073741824,0,0,0,1073741824,314572800,2147483648,9.291587170170033,0,4.772646768209698,0,0,14.373585066848918,37925.52323444184,0,19739.66703331531,0,0,47436.16248771945,9.291587170170033,0,4.772646768209698,0,0,14.373585066848918,37925.52323444184,0,19739.66703331531,0,0,47436.16248771945,100.92095165003838,45.44820973444052,483.976065912722,21.02577289000534,34.33145175515964,39.12853792877788,17.29060913705584,61.14003123373242,48.62131943516415,93.86044739793867,0,0,0,0,0,0,0,0,0,0,119264.10712121824,106681.87333305928,1585480.0601484915,99742.96338785924,335686.43058740516,556034.6567050227,3140.930928208847,9123.243102550754,596205.4211768899,123456.15965799666,0,0,0,0,0,0,0,0,0,0,120.02665912671164,37.63717421688728,469.44018044547477,28.186007872302547,48.134591638736985,55.761574957735725,15.319071791153009,74.7527329515877,64.50175954385496,126.09256946942922,0,0,0,0,0,0,0,0,0,0,23904.350284767945,6177.4716003453095,143155.5715673068,5756.215756472891,12331.82660081143,6677.100943447675,2903.417331399565,10573.060905778239,14210.811171989844,23794.501703667647,0,0,0,0,0,0,0,0,0,0,28.065,10.945,36.29,12.032,14,2.016,14,64.077,0,0,0,0,0.009122481442205725,0.004,0.03140926640926641,0.01625,0.0015154061624649859,0.003,0.0030229648669564194,0.0032094871177462073,0.021864945978391354,0.03935483870967741,0.07380357142857147,0.024366883116883117,0.004312044817927171,0.0046,0.004656964764995088,0.004977076811943173,0.023720588235294115,0.04571428571428571,0.08752678571428572,0.03512931034482759,0.004661624649859943,0.0048,0.004861214752249921,0.007424528301886777,0.04872916666666618,0.06933333333333311,0.09850535714285714,0.0776785714285716,0.0049412885154061625,0.00496,0.015280000000000267,0.009588679245283007,0.45955882352941174,0.375,0.3858253799929304,0.4605795148247978,0.8779527559055118,0.375,0.4585561497326203,0.48954512105649295,2.1812886597938146,2.163414634146341,0.49448568398727466,2.1309055118110236,2.1256000000000004,0.475,2.1256000000000004,2.1923558337058555,2.340644329896907,2.331707317073171,0.6863265306122452,2.315452755905512,2.3128,0.4875,2.3128,2.3461779168529273,2.4681288659793807,2.4663414634146337,0.9372653061224487,2.4630905511811023,2.4625600000000003,0.4975,2.4625600000000003,2.469235583370585,395.42857142856775,397.4621848739366,397.0420168067218,392.5882352941272,396.30252100838675,132758450.55462185,19312536.7394958,0,413.0420168067227,18026530.42016807,3617382055.7983193,2841101940.168067,654938421.7815126,4065930954.2184873,3683136073.142857,0,0,0,0,0,14.890756302521007,4.050420168067227,4.672268907563025,0.40336134453781514,16.319327731092436,0,0,0,0,0,58806.85714285714,29196.90756302521,1047491.7647058823,35977.68067226891,71843.49579831933,1560.5714285714284,267.6470588235294,2833.9327731092435,1717.0588235294117,427.51260504201673,1764.3025210084031,379.4957983193277,1909.310924369748,2106.6554621848736,531.6134453781513,0,0,0,0,0,0,0,0,0,0,0,0,0,0,0,0,0,0,0,0
1693106344,0.621232340895494,0.4087253729512593,0.2645782622499734,0.031680658957706345,1.770669712980154,0.49198504722754044,0.14914521150655277,0.08380921589980887,0.20354576726576992,0.05380104374024861,0,0.10170249984744614,0.1587049674654813,0.4187771706616678,0.21357481525778452,5.121789370024383,6.138510378997789,50.00153093272657,0.4406290606684617,9.866622567471069,4.124421306113786,0.31327966405041074,0.5102460278648236,2.035597013983604,0.9123106445365046,0,0.2960054532880421,2.368619384678164,2.620428744067321,1.0520311434795602,3.842437071464732,5.45768586234917,49.21155677849508,0.38016790749247614,7.768099385977455,3.39210743088462,0.35421987732806337,0.33523686359923793,1.8115573286653517,0.672513046753107,0,0.08136199987795709,1.8591153331670718,1.0369720416384167,0.704796890350689,50000,100000,50000,50000,50000,50000,10000,50000,50000,20000,50000,0,5271552,2162688,220594176,0,0,2027520,0,0,2973696,0,0,0,0,4190208,713.7269338732686,3.1736323076215447,3.4924330616996504,6.272770473625851,239.38312151934883,946.7863824646186,0,0,397.6470109304077,1.7754344434282023,0,0,490.80644795610675,1.3161568220795277,8.457562684208279,0,0,2162688,0,0,0,0,0,0,0,0,0,0,0,0,225292288,77713408,16805888,439984128,111808512,349663232,39895040,10911744,310304768,93900800,4952064,3993600,305532928,16084992,134160384,206942208,69611520,13111296,199372800,104890368,331431936,35684352,9596928,292503552,83668992,4055040,2568192,295612416,14868480,36765696,0,0,0,0,0,0,0,0,0,0,0,0,0,0,0,208756736,77471744,16543744,425000960,108871680,334032896,39636992,10526720,296665088,93470720,4796416,2912256,297828352,15728640,42848256,190644224,72335360,16543744,211705856,108871680,334032896,37609472,10526720,296665088,90497024,4796416,2912256,297828352,15728640,38658048,1073741824,1073741824,314572800,0,1073741824,1073741824,1073741824,314572800,1073741824,0,0,0,1073741824,314572800,2147483648,9.472811584870367,0,4.772646768209698,0,0,14.373585066848918,38665.227939837176,0,19739.66703331531,0,0,47436.16248771945,9.472811584870367,0,4.772646768209698,0,0,14.373585066848918,38665.227939837176,0,19739.66703331531,0,0,47436.16248771945,100.92095165003838,44.58447911242657,483.976065912722,21.02577289000534,34.33145175515964,39.12853792877788,17.29060913705584,61.14003123373242,48.62131943516415,93.86044739793867,0,0,0,0,0,0,0,0,0,0,119264.10712121824,104654.41391606603,1585480.0601484915,99742.96338785924,335686.43058740516,556034.6567050227,3140.930928208847,9123.243102550754,596205.4211768899,123456.15965799666,0,0,0,0,0,0,0,0,0,0,120.02665912671164,36.921890158677954,469.44018044547477,28.186007872302547,48.134591638736985,55.761574957735725,15.319071791153009,74.7527329515877,64.50175954385496,126.09256946942922,0,0,0,0,0,0,0,0,0,0,23904.350284767945,6060.070465756803,143155.5715673068,5756.215756472891,12331.82660081143,6677.100943447675,2903.417331399565,10573.060905778239,14210.811171989844,23794.501703667647,0,0,0,0,0,0,0,0,0,0,14,12,30,2,4,2,2,16,0,0,0,0,0.009122481442205725,0.004,0.03140926640926641,0.01625,0.0015154061624649859,0.003,0.0030229648669564194,0.0032094871177462073,0.021864945978391354,0.03935483870967741,0.07380357142857147,0.024366883116883117,0.004312044817927171,0.0046,0.004656964764995088,0.004977076811943173,0.023720588235294115,0.04571428571428571,0.08752678571428572,0.03512931034482759,0.004661624649859943,0.0048,0.004861214752249921,0.007424528301886777,0.04872916666666618,0.06933333333333311,0.09850535714285714,0.0776785714285716,0.0049412885154061625,0.00496,0.015280000000000267,0.009588679245283007,0.45955882352941174,0.375,0.3858253799929304,0.4605795148247978,0.8779527559055118,0.375,0.4585561497326203,0.48954512105649295,2.1812886597938146,2.163414634146341,0.49448568398727466,2.1309055118110236,2.1256000000000004,0.475,2.1256000000000004,2.1923558337058555,2.340644329896907,2.331707317073171,0.6863265306122452,2.315452755905512,2.3128,0.4875,2.3128,2.3461779168529273,2.4681288659793807,2.4663414634146337,0.9372653061224487,2.4630905511811023,2.4625600000000003,0.4975,2.4625600000000003,2.469235583370585,395.51260504200985,397.51260504203015,397.1092436974685,392.6722689075572,396.42016806723575,132758381.7142857,19312536.7394958,0,413.0420168067227,18026530.42016807,3546553817.277311,2841122592.2689075,655037827.2268907,4158286804.9747896,3683229971.3613443,0,0,0,0,0,14.907563025210083,4.705882352941177,4.672268907563025,0.40336134453781514,16.252100840336134,0,0,0,0,0,58824.06722689075,33878.05042016807,1047491.7647058823,35977.68067226891,71611.15966386555,1558.1680672268906,267.98319327731093,2832.453781512605,1716.7563025210084,428.1680672268907,1761.4453781512602,379.7647058823529,1908.4705882352941,2105.4789915966385,532.3361344537815,0,0,0,0,0,0,0,0,0,0,0,0,0,0,0,0,0,0,0,0
1693106345,0.621232340895494,0.4691596522699046,0.2645782622499734,0.031680658957706345,1.7231364956437574,0.5962280729281086,0.14914521150655277,0.10330151646626136,0.20354576726576992,0.07251763084900022,0,0.10170249984744614,0.1587049674654813,0.4187771706616678,0.21357481525778452,5.121789370024383,7.046152711466817,50.00153093272657,0.4406290606684617,9.891913198451117,4.998314036464072,0.31327966405041074,0.6329646336928232,2.035597013983604,0.9183452256204803,0,0.2960054532880421,2.368619384678164,2.620428744067321,1.0520311434795602,3.842437071464732,6.264661239133433,49.21155677849508,0.38016790749247614,7.87996127783156,4.110835660714853,0.35421987732806337,0.454526672451552,1.8115573286653517,0.7070469007777527,0,0.08136199987795709,1.8591153331670718,1.0369720416384167,0.704796890350689,50000,100000,50000,50000,50000,50000,10000,50000,50000,20000,50000,0,5271552,2162688,220594176,0,0,2027520,0,0,2973696,0,0,0,0,4190208,713.7269338732686,3.64288671174279,3.4924330616996504,6.272770473625851,240.23233301064863,1147.3938557128063,0,0,397.6470109304077,2.3930818180170053,0,0,490.80644795610675,1.3161568220795277,8.457562684208279,0,0,2162688,0,0,0,0,0,0,0,0,0,0,0,0,225292288,77713408,16805888,439984128,111808512,349663232,39895040,10924032,310304768,93900800,4952064,3993600,305532928,16084992,134160384,206942208,69611520,13111296,199372800,104890368,331431936,35684352,9596928,292503552,83804160,4055040,2568192,295612416,14868480,36765696,0,0,0,0,0,0,0,0,0,0,0,0,0,0,0,208756736,77471744,16543744,425000960,108580864,334032896,39636992,10530816,296665088,93544448,4796416,2912256,297828352,15728640,42848256,190644224,72335360,16543744,211705856,108580864,334032896,37609472,10530816,296665088,90570752,4796416,2912256,297828352,15728640,38658048,1073741824,1073741824,314572800,0,1073741824,1073741824,1073741824,314572800,1073741824,0,0,0,1073741824,314572800,2147483648,10.873464882020146,0,4.772646768209698,0,0,14.373585066848918,44382.28232372016,0,19739.66703331531,0,0,47436.16248771945,10.873464882020146,0,4.772646768209698,0,0,14.373585066848918,44382.28232372016,0,19739.66703331531,0,0,47436.16248771945,100.92095165003838,43.72074849041263,485.62392179413456,21.02577289000534,34.33145175515964,39.11995678730211,17.29060913705584,61.14003123373242,47.00207180184916,93.86044739793867,0,0,0,0,0,0,0,0,0,0,119264.10712121824,102626.95449907277,1576675.6093245454,99742.96338785924,335686.43058740516,555331.0757468733,3140.930928208847,9123.243102550754,596424.7503014936,123456.15965799666,0,0,0,0,0,0,0,0,0,0,120.02665912671164,36.20660610046863,470.36316185252355,28.186007872302547,48.134591638736985,55.80255121120205,15.319071791153009,74.7527329515877,62.525124462723035,126.09256946942922,0,0,0,0,0,0,0,0,0,0,23904.350284767945,5942.669331168297,143698.81010306542,5756.215756472891,12331.82660081143,6685.045913491502,2903.417331399565,10573.060905778239,13262.005627879651,23794.501703667647,0,0,0,0,0,0,0,0,0,0,50,30,70,8,8,2,10,84,0,0,0,0,0.009122481442205725,0.004,0.03140926640926641,0.01625,0.0015154061624649859,0.003,0.0030229648669564194,0.0032179878048780486,0.021864945978391354,0.03935483870967741,0.07380357142857147,0.024366883116883117,0.004312044817927171,0.0046,0.004656964764995088,0.004992378048780488,0.023720588235294115,0.04571428571428571,0.08752678571428572,0.03512931034482759,0.004661624649859943,0.0048,0.004861214752249921,0.007514916467780424,0.04872916666666618,0.06933333333333311,0.09850535714285714,0.0776785714285716,0.0049412885154061625,0.00496,0.015280000000000267,0.009598448687350825,0.45955882352941174,0.375,0.3858253799929304,0.4605795148247978,0.8779527559055118,0.375,0.4585561497326203,0.4707132298595713,2.1812886597938146,2.163414634146341,0.49448568398727466,2.1309055118110236,2.1256000000000004,0.475,2.1256000000000004,2.1765069169960474,2.340644329896907,2.331707317073171,0.6863265306122452,2.315452755905512,2.3128,0.4875,2.3128,2.3382534584980235,2.4681288659793807,2.4663414634146337,0.9372653061224487,2.4630905511811023,2.4625600000000003,0.4975,2.4625600000000003,2.467650691699605,395.56302521008234,397.5294117647243,397.1596638655537,392.6386554621852,396.4201680672101,132758450.55462185,19312605.57983193,0,344.2016806722689,18026530.42016807,3617457022.92437,2841140146.5546217,655047258.3529412,4158383456.8067226,3683400006.9915967,0,0,0,0,0,14.873949579831931,4.705882352941177,4.672268907563025,0.40336134453781514,16.30252100840336,0,0,0,0,0,58781.04201680672,33878.05042016807,1047491.7647058823,35977.68067226891,71731.63025210083,1561.0756302521008,267.5966386554622,2832.4033613445376,1717.8823529411764,428.5042016806722,1764.8235294117646,379.4117647058823,1908.8739495798318,2105.9495798319326,532.7899159663865,0,0,0,0,0,0,0,0,0,0,0,0,0,0,0,0,0,0,0,0
1693106346,0.621232340895494,0.4691596522699046,0.27949876554711856,0.026205317070595095,1.7231364956437574,0.5962280729281086,0.14914521150655277,0.10330151646626136,0.20354576726576992,0.07251763084900022,0,0.10170249984744614,0.1587049674654813,0.4187771706616678,0.21357481525778452,5.121789370024383,7.046152711466817,50.01021911771556,0.3644755073040154,9.891913198451117,4.998314036464072,0.31327966405041074,0.6329646336928232,2.035597013983604,0.9183452256204803,0,0.2960054532880421,2.368619384678164,2.620428744067321,1.0520311434795602,3.842437071464732,6.264661239133433,49.261657427679694,0.31446380484714115,7.87996127783156,4.110835660714853,0.35421987732806337,0.454526672451552,1.8115573286653517,0.7070469007777527,0,0.08136199987795709,1.8591153331670718,1.0369720416384167,0.704796890350689,50000,100000,50000,50000,50000,50000,10000,50000,50000,20000,50000,0,5271552,2162688,220594176,0,0,2027520,0,0,2973696,0,0,0,0,4190208,713.7269338732686,3.64288671174279,1.5372432105091536,5.188652779977824,240.23233301064863,1147.3938557128063,0,0,397.6470109304077,2.3930818180170053,0,0,490.80644795610675,1.3161568220795277,8.457562684208279,0,0,2162688,0,0,0,0,0,0,0,0,0,0,0,0,225292288,77713408,16805888,439984128,111808512,349663232,39895040,10924032,310304768,93900800,4952064,3993600,305532928,16084992,134160384,206942208,69611520,13111296,199372800,104890368,331431936,35684352,9596928,292503552,83804160,4055040,2568192,295612416,14868480,36765696,0,0,0,0,0,0,0,0,0,0,0,0,0,0,0,208756736,77471744,16543744,425000960,108580864,334032896,39636992,10530816,296665088,93544448,4796416,2912256,297828352,15728640,42848256,190644224,72335360,16543744,211705856,108580864,334032896,37609472,10530816,296665088,90570752,4796416,2912256,297828352,15728640,38658048,1073741824,1073741824,314572800,0,1073741824,1073741824,1073741824,314572800,1073741824,0,0,0,1073741824,314572800,2147483648,10.873464882020146,0,4.772646768209698,0,0,14.373585066848918,44382.28232372016,0,19739.66703331531,0,0,47436.16248771945,10.873464882020146,0,4.772646768209698,0,0,14.373585066848918,44382.28232372016,0,19739.66703331531,0,0,47436.16248771945,100.92095165003838,51.64301506018405,485.62392179413456,21.02577289000534,34.33145175515964,39.11995678730211,17.163380184411366,61.14003123373242,47.00207180184916,93.86044739793867,0,0,0,0,0,0,0,0,0,0,119264.10712121824,122120.82160201055,1576675.6093245454,99742.96338785924,335686.43058740516,555331.0757468733,3122.3193010325654,9123.243102550754,596424.7503014936,123456.15965799666,0,0,0,0,0,0,0,0,0,0,120.02665912671164,42.66737212070823,470.36316185252355,28.186007872302547,48.134591638736985,55.80255121120205,15.212211209724762,74.7527329515877,62.525124462723035,126.09256946942922,0,0,0,0,0,0,0,0,0,0,23904.350284767945,7092.553050773795,143698.81010306542,5756.215756472891,12331.82660081143,6685.045913491502,2880.443416099734,10573.060905778239,13262.005627879651,23794.501703667647,0,0,0,0,0,0,0,0,0,0,22,12,34,2,2,2,2,14,0,0,0,0,0.009122481442205725,0.004,0.03140926640926641,0.01625,0.0015154061624649859,0.003,0.0030229648669564194,0.0032114730189596497,0.021864945978391354,0.03935483870967741,0.07380357142857147,0.024366883116883117,0.004312044817927171,0.0046,0.004656964764995088,0.00498065143412737,0.023720588235294115,0.04571428571428571,0.08752678571428572,0.03512931034482759,0.004661624649859943,0.0048,0.004861214752249921,0.007453309692671394,0.04872916666666618,0.06933333333333311,0.09850535714285714,0.0776785714285716,0.0049412885154061625,0.00496,0.015280000000000267,0.009604137115839243,0.45955882352941174,0.375,0.3858253799929304,0.4605795148247978,0.8779527559055118,0.375,0.4585561497326203,0.48596845194424065,2.1812886597938146,2.163414634146341,0.49448568398727466,2.1309055118110236,2.1256000000000004,0.475,2.1256000000000004,2.1895586897179253,2.340644329896907,2.331707317073171,0.6863265306122452,2.315452755905512,2.3128,0.4875,2.3128,2.3447793448589627,2.4681288659793807,2.4663414634146337,0.9372653061224487,2.4630905511811023,2.4625600000000003,0.4975,2.4625600000000003,2.4689558689717925,395.5462184873952,397.5462184874018,396.9747899159735,392.8235294117778,396.55462184873136,132758450.55462185,28968839.529411763,0,344.2016806722689,18026530.42016807,3688412753.747899,2784354510.5210085,656147258.0840336,4250803879.7983193,3683496934.1848736,0,0,0,0,0,14.487394957983193,4.705882352941177,4.588235294117647,0.5546218487394958,15.731092436974789,0,0,0,0,0,54573.17647058823,33878.05042016807,1046562.4201680672,45477.647058823524,65776.94117647059,1554.6218487394958,267.5966386554622,2835.63025210084,1714.4201680672265,428.30252100840335,1758.3697478991594,379.344537815126,1912.1680672268906,2102.117647058824,532.7058823529412,0,0,0,0,0,0,0,0,0,0,0,0,0,0,0,0,0,0,0,0
1693106347,0.621232340895494,0.4691596522699046,0.27949876554711856,0.01997164027081546,1.7231364956437574,0.5962280729281086,0.1849839295211225,0.10330151646626136,0.20354576726576992,0.07251763084900022,0,0.10170249984744614,0.1587049674654813,0.4187771706616678,0.21357481525778452,5.121789370024383,7.046152711466817,50.01021911771556,0.4476358630744336,9.891913198451117,4.998314036464072,0.3146888362198535,0.6329646336928232,2.035597013983604,0.9183452256204803,0,0.2960054532880421,2.368619384678164,2.620428744067321,1.0520311434795602,3.842437071464732,6.264661239133433,49.261657427679694,0.3395178846038624,7.87996127783156,4.110835660714853,0.32372187666196417,0.454526672451552,1.8115573286653517,0.7070469007777527,0,0.08136199987795709,1.8591153331670718,1.0369720416384167,0.704796890350689,50000,100000,50000,50000,50000,50000,10000,50000,50000,20000,50000,0,5271552,2162688,220594176,0,0,2027520,0,0,2973696,0,0,0,0,4190208,713.7269338732686,3.64288671174279,1.5372432105091536,6.5906412893690955,240.23233301064863,1147.3938557128063,0,0,397.6470109304077,2.3930818180170053,0,0,490.80644795610675,1.3161568220795277,8.457562684208279,0,0,2162688,0,0,0,0,0,0,0,0,0,0,0,0,225292288,77713408,16805888,439984128,111808512,349663232,39895040,10924032,310304768,93900800,4952064,3993600,305532928,16084992,134160384,206942208,69611520,13111296,199778304,104890368,331431936,35684352,9596928,292503552,83804160,4055040,2568192,295612416,14868480,36765696,0,0,0,0,0,0,0,0,0,0,0,0,0,0,0,208756736,77471744,16543744,425267200,108580864,334032896,39636992,10530816,296665088,93544448,4796416,2912256,297828352,15728640,42848256,190644224,72335360,16543744,211972096,108580864,334032896,37609472,10530816,296665088,90570752,4796416,2912256,297828352,15728640,38658048,1073741824,1073741824,314572800,0,1073741824,1073741824,1073741824,314572800,1073741824,0,0,0,1073741824,314572800,2147483648,10.873464882020146,0,4.693967211598491,0,0,14.373585066848918,44382.28232372016,0,19913.15004508983,0,0,47436.16248771945,10.873464882020146,0,4.693967211598491,0,0,14.373585066848918,44382.28232372016,0,19913.15004508983,0,0,47436.16248771945,100.92095165003838,51.64301506018405,485.62392179413456,21.02577289000534,34.33145175515964,39.11995678730211,17.163380184411366,61.14003123373242,39.26376820557222,93.86044739793869,0,0,0,0,0,0,0,0,0,0,119264.10712121824,122120.82160201055,1576675.6093245454,99742.96338785924,335686.43058740516,555331.0757468733,3122.3193010325654,9123.243102550754,498230.8704737314,123456.15965799667,0,0,0,0,0,0,0,0,0,0,120.02665912671164,42.66737212070823,470.36316185252355,28.186007872302547,48.134591638736985,55.80255121120205,15.212211209724762,74.7527329515877,52.23114428399147,126.09256946942924,0,0,0,0,0,0,0,0,0,0,23904.350284767945,7092.553050773795,143698.81010306542,5756.215756472891,12331.82660081143,6685.045913491502,2880.443416099734,10573.060905778239,11078.582176319615,23794.50170366765,0,0,0,0,0,0,0,0,0,0,38,12,42,10,12,2,10,80,0,0,0,0,0.009197598253275109,0.00401917808219178,0.031365384615384614,0.016166666666666666,0.0015578635014836795,0.003,0.0030175685110021885,0.0032058679706601467,0.02193286219081272,0.039511627906976744,0.07338208409506398,0.0243,0.00432106824925816,0.0046,0.004648346075096501,0.004970562347188265,0.02374911660777385,0.04591860465116278,0.08737659963436926,0.03348214285714283,0.00466646884272997,0.0048,0.00485219327060829,0.007395220588235283,0.04883333333333351,0.0724499999999999,0.09857221206581353,0.07458333333333333,0.004942789317507418,0.00496,0.010539999999999872,0.009606495098039208,0.45947802197802196,0.375,0.38630698005698,0.45833333333333337,0.8709016393442623,0.375,0.4555084745762712,0.48927238805970147,2.1817337461300315,2.163340122199593,0.49535256410256406,2.125,2.117105263157895,0.475,2.1171052631578946,2.1921519563239307,2.340866873065015,2.331670061099796,0.6986220472440943,2.3125,2.3085526315789475,0.4875,2.3085526315789475,2.3460759781619656,2.468173374613003,2.466334012219959,0.939724409448819,2.4625,2.4617105263157892,0.4975,2.4617105263157892,2.469215195632393,395.49579831932664,397.495798319322,397.0084033613444,392.7563025210068,396.5882352941306,132758450.55462185,28968839.529411763,0,344.2016806722689,18026530.42016807,3759273003.02521,2898024155.428571,716447262.117647,4158503238.991596,3761786294.857143,0,0,0,0,0,14.504201680672269,4.050420168067227,4.588235294117647,0.5546218487394958,15.815126050420167,0,0,0,0,0,54642.016806722684,28095.462184873948,1046562.4201680672,45477.647058823524,66164.16806722688,1560.873949579832,268.1512605042017,2831.7478991596636,1720.5714285714284,428.58823529411757,1764.3193277310925,379.9159663865546,1910.3529411764705,2108.403361344538,533.0252100840336,0,0,0,0,0,0,0,0,0,0,0,0,0,0,0,0,0,0,0,0
1693106348,0.621232340895494,0.4069347469450959,0.27949876554711856,0.01997164027081546,1.7231364956437574,0.5962280729281086,0.1849839295211225,0.10330151646626136,0.20354576726576992,0.07251763084900022,0,0.10170249984744614,0.1587049674654813,0.4187771706616678,0.21357481525778452,5.121789370024383,6.11161756281569,50.01021911771556,0.4476358630744336,9.891913198451117,4.998314036464072,0.3146888362198535,0.6329646336928232,2.035597013983604,0.9183452256204803,0,0.2960054532880421,2.368619384678164,2.620428744067321,1.0520311434795602,3.842437071464732,5.4337757386198104,49.261657427679694,0.3395178846038624,7.87996127783156,4.110835660714853,0.32372187666196417,0.454526672451552,1.8115573286653517,0.7070469007777527,0,0.08136199987795709,1.8591153331670718,1.0369720416384167,0.704796890350689,50000,100000,50000,50000,50000,50000,10000,50000,50000,20000,50000,0,5271552,2162688,220594176,0,0,2027520,0,0,2973696,0,0,0,0,4190208,713.7269338732686,3.1597286233383928,1.5372432105091536,6.5906412893690955,240.23233301064863,1147.3938557128063,0,0,397.6470109304077,2.3930818180170053,0,0,490.80644795610675,1.3161568220795277,8.457562684208279,0,0,2162688,0,0,0,0,0,0,0,0,0,0,0,0,225292288,77713408,16805888,439984128,111808512,349663232,39895040,10924032,310304768,93900800,4952064,3993600,305532928,16084992,134160384,206942208,69611520,13111296,199778304,104890368,331431936,35684352,9596928,292503552,83804160,4055040,2568192,295612416,14868480,36765696,0,0,0,0,0,0,0,0,0,0,0,0,0,0,0,208756736,77471744,16543744,425267200,108580864,334032896,39636992,10530816,296665088,93544448,4796416,2912256,297828352,15728640,42848256,190644224,72335360,16543744,211972096,108580864,334032896,37609472,10530816,296665088,90570752,4796416,2912256,297828352,15728640,38658048,1073741824,1073741824,314572800,0,1073741824,1073741824,1073741824,314572800,1073741824,0,0,0,1073741824,314572800,2147483648,9.43131119390399,0,4.693967211598491,0,0,14.373585066848918,38495.83556230164,0,19913.15004508983,0,0,47436.16248771945,9.43131119390399,0,4.693967211598491,0,0,14.373585066848918,38495.83556230164,0,19913.15004508983,0,0,47436.16248771945,100.92095165003838,51.64301506018405,485.62392179413456,21.02577289000534,34.33145175515964,39.11995678730211,17.163380184411366,61.14003123373242,38.48040034220807,93.86044739793869,0,0,0,0,0,0,0,0,0,0,119264.10712121824,122120.82160201055,1576675.6093245454,99742.96338785924,335686.43058740516,555331.0757468733,3122.3193010325654,9123.243102550754,488290.45796870656,123456.15965799667,0,0,0,0,0,0,0,0,0,0,120.02665912671164,42.66737212070823,470.36316185252355,28.186007872302547,48.134591638736985,55.80255121120205,15.212211209724762,74.7527329515877,51.18905887627942,126.09256946942924,0,0,0,0,0,0,0,0,0,0,23904.350284767945,7092.553050773795,143698.81010306542,5756.215756472891,12331.82660081143,6685.045913491502,2880.443416099734,10573.060905778239,10857.548749188287,23794.50170366765,0,0,0,0,0,0,0,0,0,0,54,38,82,8,10,2,10,90,0,0,0,0,0.009197598253275109,0.00401917808219178,0.031365384615384614,0.016166666666666666,0.001489913544668588,0.003,0.003016719388876246,0.0032058679706601467,0.02193286219081272,0.039511627906976744,0.07338208409506398,0.0243,0.004307204610951009,0.0046,0.004646009410249844,0.004970562347188265,0.02374911660777385,0.04591860465116278,0.08737659963436926,0.03348214285714283,0.004659365994236311,0.0048,0.004849670662921545,0.007395220588235283,0.04883333333333351,0.0724499999999999,0.09857221206581353,0.07458333333333333,0.004941095100864553,0.00496,0.009725000000000211,0.009606495098039208,0.45947802197802196,0.375,0.38630698005698,0.45833333333333337,0.8801229508196721,0.375,0.45982142857142855,0.48927238805970147,2.1817337461300315,2.163340122199593,0.49535256410256406,2.125,2.1289473684210525,0.475,2.1289473684210525,2.1921519563239307,2.340866873065015,2.331670061099796,0.6986220472440943,2.3125,2.3144736842105265,0.4875,2.3144736842105265,2.3460759781619656,2.468173374613003,2.466334012219959,0.939724409448819,2.4625,2.462894736842105,0.4975,2.462894736842105,2.469215195632393,395.361344537824,397.56302521008513,397.0252100840208,392.90756302522965,396.53781512603274,132758450.55462185,28968839.529411763,0,344.2016806722689,18026530.42016807,3688405732.033613,2898054995.8991594,716458551.9327731,4158646564.5714283,3683440278.588235,0,0,0,0,0,14.873949579831931,4.050420168067227,4.689075630252101,0.5546218487394958,16.352941176470587,0,0,0,0,0,58824.06722689075,28095.462184873948,1047388.5042016807,45477.647058823524,71103.46218487395,1562.9075630252103,268.2016806722689,2837.579831932773,1726.8403361344538,430.2184873949579,1766.3865546218485,379.9663865546218,1914.9579831932772,2115.075630252101,534.8235294117646,0,0,0,0,0,0,0,0,0,0,0,0,0,0,0,0,0,0,0,0
1693106349,0.621232340895494,0.3991154194072642,0.27949876554711856,0.01997164027081546,1.7231364956437574,0.5962280729281086,0.1849839295211225,0.10330151646626136,0.20649424397294946,0.08328706274292005,0,0.10170249984744614,0.1587049674654813,0.4187771706616678,0.21357481525778452,5.121789370024383,5.9941816842912425,50.01021911771556,0.4476358630744336,9.891913198451117,4.998314036464072,0.3146888362198535,0.6329646336928232,2.0254974265654977,0.8972595918933948,0,0.2960054532880421,2.368619384678164,2.620428744067321,1.0520311434795602,3.842437071464732,5.329364717967588,49.261657427679694,0.3395178846038624,7.87996127783156,4.110835660714853,0.32372187666196417,0.454526672451552,1.8068246347633135,0.7495835646862842,0,0.08136199987795709,1.8591153331670718,1.0369720416384167,0.704796890350689,50000,100000,50000,50000,50000,50000,10000,50000,50000,20000,50000,0,5271552,2162688,220594176,0,0,2027520,0,0,2973696,0,0,0,0,4190208,713.7269338732686,3.0990138448093467,1.5372432105091536,6.5906412893690955,240.23233301064863,1147.3938557128063,0,0,429.30153321976155,1.832315380344253,0,0,490.80644795610675,1.3161568220795277,8.457562684208279,0,0,2162688,0,0,0,0,0,0,0,0,0,0,0,0,225292288,77713408,16805888,439984128,111808512,349663232,39895040,10924032,310304768,93900800,4952064,3993600,305532928,16084992,134160384,206942208,69611520,13111296,199778304,104890368,331431936,35684352,9596928,292503552,83804160,4055040,2568192,295612416,14868480,36765696,0,0,0,0,0,0,0,0,0,0,0,0,0,0,0,208756736,77471744,16543744,425267200,108580864,334032896,39636992,10530816,296665088,93544448,4796416,2912256,297828352,15728640,42848256,190644224,72335360,16543744,211972096,108580864,334032896,37609472,10530816,296665088,90570752,4796416,2912256,297828352,15728640,38658048,1073741824,1073741824,314572800,0,1073741824,1073741824,1073741824,314572800,1073741824,0,0,0,1073741824,314572800,2147483648,9.250086779203656,0,4.693967211598491,0,0,14.373585066848918,37756.13085690631,0,19913.15004508983,0,0,47436.16248771945,9.250086779203656,0,4.693967211598491,0,0,14.373585066848918,37756.13085690631,0,19913.15004508983,0,0,47436.16248771945,106.38588814440037,51.64301506018405,485.62392179413456,21.02577289000534,34.33145175515964,39.11995678730211,14.048932612847004,61.14003123373242,47.63908278987932,93.86044739793869,0,0,0,0,0,0,0,0,0,0,120803.70572952276,122120.82160201055,1576675.6093245454,99742.96338785924,335686.43058740516,555331.0757468733,2559.0192917719455,9123.243102550754,596217.9425883072,123456.15965799667,0,0,0,0,0,0,0,0,0,0,125.78057340808604,42.66737212070823,470.36316185252355,28.186007872302547,48.134591638736985,55.80255121120205,12.474126007277132,74.7527329515877,63.09166363862379,126.09256946942924,0,0,0,0,0,0,0,0,0,0,25316.719084734945,7092.553050773795,143698.81010306542,5756.215756472891,12331.82660081143,6685.045913491502,2357.796305631301,10573.060905778239,13506.951748933809,23794.50170366765,0,0,0,0,0,0,0,0,0,0,32,16,46,10,6,2,8,72,0,0,0,0,0.009197598253275109,0.00401917808219178,0.031365384615384614,0.016166666666666666,0.001489913544668588,0.003,0.003016719388876246,0.0032058679706601467,0.02193286219081272,0.039511627906976744,0.07338208409506398,0.0243,0.004307204610951009,0.0046,0.004646009410249844,0.004970562347188265,0.02374911660777385,0.04591860465116278,0.08737659963436926,0.03348214285714283,0.004659365994236311,0.0048,0.004849670662921545,0.007395220588235283,0.04883333333333351,0.0724499999999999,0.09857221206581353,0.07458333333333333,0.004941095100864553,0.00496,0.009725000000000211,0.009606495098039208,0.45947802197802196,0.375,0.38630698005698,0.45833333333333337,0.8801229508196721,0.375,0.45982142857142855,0.48927238805970147,2.1817337461300315,2.163340122199593,0.49535256410256406,2.125,2.1289473684210525,0.475,2.1289473684210525,2.1921519563239307,2.340866873065015,2.331670061099796,0.6986220472440943,2.3125,2.3144736842105265,0.4875,2.3144736842105265,2.3460759781619656,2.468173374613003,2.466334012219959,0.939724409448819,2.4625,2.462894736842105,0.4975,2.462894736842105,2.469215195632393,395.4285714285806,397.5462184873922,397.07563025211516,392.85714285714033,396.4033613445387,132758450.55462185,28968839.529411763,0,344.2016806722689,18026530.42016807,3688445384.067227,2898071448.7394958,776846878.117647,4251055215.865546,3683489155.2268906,0,0,0,0,0,14.941176470588236,4.050420168067227,4.689075630252101,0.5546218487394958,16.369747899159663,0,0,0,0,0,59056.403361344535,28095.462184873948,1047388.5042016807,45477.647058823524,71172.3025210084,1555.7142857142858,263.71428571428567,2837.831932773109,1731.310924369748,431.2941176470588,1759.8991596638657,375.74789915966386,1914.4369747899161,2119.932773109244,536,0,0,0,0,0,0,0,0,0,0,0,0,0,0,0,0,0,0,0,0
1693106350,0.529762781280198,0.4460995383839559,0.27949876554711856,0.01997164027081546,1.7231364956437574,0.5962280729281086,0.1849839295211225,0.10330151646626136,0.20649424397294946,0.08328706274292005,0,0.1102049812651533,0.1587049674654813,0.34330207228702697,0.2259781854016883,4.367662794059071,7.0849035687963084,50.01021911771556,0.4476358630744336,9.891913198451117,4.998314036464072,0.3146888362198535,0.6329646336928232,2.0254974265654977,0.8972595918933948,0,0.30597573727132465,2.368619384678164,2.1526661216044776,0.9173158947705694,3.2766809064367886,6.342371697893634,49.261657427679694,0.3395178846038624,7.87996127783156,4.110835660714853,0.32372187666196417,0.454526672451552,1.8068246347633135,0.7495835646862842,0,0.11020498126515305,1.8591153331670718,0.8186434031459895,0.5366981903290092,50000,100000,50000,50000,50000,50000,10000,50000,50000,20000,50000,0,5406720,2162688,220594176,0,0,2027520,0,0,2973696,0,0,0,0,4190208,608.638573159695,3.8403351565227513,1.5372432105091536,6.5906412893690955,240.23233301064863,1147.3938557128063,0,0,429.30153321976155,1.832315380344253,0,0,490.80644795610675,1.742918213149523,5.592960088691796,0,0,2162688,0,0,0,0,0,0,0,0,0,0,0,0,225292288,78028800,16805888,439984128,111808512,349663232,39895040,10924032,310304768,93900800,4952064,3993600,305532928,16084992,134160384,206942208,69746688,13111296,199778304,104890368,331431936,35684352,9596928,292503552,83804160,4055040,2568192,295612416,14868480,36765696,0,0,0,0,0,0,0,0,0,0,0,0,0,0,0,208756736,77791232,16543744,425267200,108580864,334032896,39636992,10530816,296665088,93544448,4796416,3043328,297828352,15728640,42848256,190644224,72384512,16543744,211972096,108580864,334032896,37609472,10530816,296665088,90570752,4796416,3043328,297828352,15728640,38658048,1073741824,1073741824,314572800,0,1073741824,1073741824,1073741824,314572800,1073741824,0,0,0,1073741824,314572800,2147483648,10.53182823228209,0,4.693967211598491,0,0,12.993745660597101,41748.08953023779,0,19913.15004508983,0,0,44993.16062621783,10.53182823228209,0,4.693967211598491,0,0,12.993745660597101,41748.08953023779,0,19913.15004508983,0,0,44993.16062621783,106.38588814440037,51.64301506018405,485.62392179413456,21.02577289000534,34.33145175515964,39.11995678730211,14.331623429148008,61.14003123373242,47.63908278987932,93.86044739793869,0,0,0,0,0,0,0,0,0,0,120803.70572952276,122120.82160201055,1576675.6093245454,99742.96338785924,335686.43058740516,555331.0757468733,2610.5115490456055,9123.243102550754,596217.9425883072,123456.15965799667,0,0,0,0,0,0,0,0,0,0,125.78057340808604,42.66737212070823,470.36316185252355,28.186007872302547,48.134591638736985,55.80255121120205,12.725128767473599,74.7527329515877,63.09166363862379,126.09256946942924,0,0,0,0,0,0,0,0,0,0,25316.719084734945,7092.553050773795,143698.81010306542,5756.215756472891,12331.82660081143,6685.045913491502,2405.2395798413927,10573.060905778239,13506.951748933809,23794.50170366765,0,0,0,0,0,0,0,0,0,0,22,14,38,14,8,2,10,106,0,0,0,0,0.009197598253275109,0.00401917808219178,0.031365384615384614,0.016166666666666666,0.001489913544668588,0.003,0.003016719388876246,0.003212929707542329,0.02193286219081272,0.039511627906976744,0.07338208409506398,0.0243,0.004307204610951009,0.0046,0.004646009410249844,0.004983273473576192,0.02374911660777385,0.04591860465116278,0.08737659963436926,0.03348214285714283,0.004659365994236311,0.0048,0.004849670662921545,0.00747947761194029,0.04883333333333351,0.0724499999999999,0.09857221206581353,0.07458333333333333,0.004941095100864553,0.00496,0.009725000000000211,0.009625248756218901,0.45947802197802196,0.375,0.38630698005698,0.45833333333333337,0.8801229508196721,0.375,0.45982142857142855,0.4724624060150376,2.1817337461300315,2.163340122199593,0.49535256410256406,2.125,2.1289473684210525,0.475,2.1289473684210525,2.178134328358209,2.340866873065015,2.331670061099796,0.6986220472440943,2.3125,2.3144736842105265,0.4875,2.3144736842105265,2.339067164179104,2.468173374613003,2.466334012219959,0.939724409448819,2.4625,2.462894736842105,0.4975,2.462894736842105,2.467813432835821,395.39495798319666,397.4117647058721,397.12605042016713,392.9075630252011,396.3529411764685,132758450.55462185,28968908.3697479,0,344.2016806722689,18026530.42016807,3617523729.210084,2898108484.840336,837232244.1680672,4251149733.6470585,3683511459.495798,0,0,0,0,0,15.058823529411764,4.050420168067227,4.689075630252101,0.5546218487394958,16.436974789915965,0,0,0,0,0,59417.81512605042,28095.462184873948,1047388.5042016807,45477.647058823524,71430.4537815126,1557.2941176470588,267.61344537815125,2834.5714285714284,1728.9243697478992,431.4957983193277,1760.957983193277,379.21008403361344,1911.8151260504203,2116.3361344537816,536.1176470588235,0,0,0,0,0,0,0,0,0,0,0,0,0,0,0,0,0,0,0,0
1693106351,0.37499999999999867,0.4460995383839559,0.27949876554711856,0.01997164027081546,1.7231364956437574,0.5962280729281086,0.1849839295211225,0.10330151646626136,0.20649424397294946,0.08328706274292005,0,0.1102049812651533,0.1587049674654813,0.35048217126192976,0.268763018208694,2.1887869300000062,7.0849035687963084,50.01021911771556,0.4476358630744336,9.891913198451117,4.998314036464072,0.3146888362198535,0.6329646336928232,2.0254974265654977,0.8972595918933948,0.00005067723164541347,0.30597573727132465,2.368619384678164,2.1976887330617063,1.090992867701402,1.4250000000000187,6.342371697893634,49.261657427679694,0.3395178846038624,7.87996127783156,4.110835660714853,0.32372187666196417,0.454526672451552,1.8068246347633135,0.7495835646862842,0,0.11020498126515305,1.8591153331670718,0.8357651776246039,0.6383121682456477,50000,100000,50000,50000,50000,50000,10000,50000,50000,20000,50000,0,5406720,2162688,220594176,0,0,2027520,0,0,2973696,0,0,0,0,4190208,85.80000000000001,3.8403351565227513,1.5372432105091536,6.5906412893690955,240.23233301064863,1147.3938557128063,0,0,429.30153321976155,1.832315380344253,0,0,490.80644795610675,1.7793710233297988,6.65188470066519,0,0,2162688,0,0,0,0,0,0,0,0,0,0,0,0,225292288,78028800,16805888,439984128,111808512,349663232,39895040,10924032,310304768,93900800,4952064,3993600,305532928,16084992,134160384,206942208,69746688,13111296,199778304,104890368,331431936,35684352,9596928,292503552,83804160,4055040,2568192,295612416,14868480,36765696,0,0,0,0,0,0,0,0,0,0,0,0,0,0,0,208756736,77791232,16543744,425267200,108580864,334032896,39636992,10530816,296665088,93544448,4796416,3043328,297828352,15728640,42848256,190644224,72384512,16543744,211972096,108580864,334032896,37609472,10530816,296665088,90570752,4796416,3043328,297828352,15728640,38658048,1073741824,1073741824,314572800,0,1073741824,1073741824,1073741824,314572800,1073741824,0,0,0,1073741824,314572800,2147483648,10.53182823228209,0,4.693967211598491,0,0,15.453873546999935,41748.08953023779,0,19913.15004508983,0,0,53511.79197742391,10.53182823228209,0,4.693967211598491,0,0,15.453873546999935,41748.08953023779,0,19913.15004508983,0,0,53511.79197742391,106.38588814440037,51.64301506018405,485.62392179413456,21.02577289000534,34.33145175515964,39.11995678730211,14.614314245449009,61.14003123373242,47.63908278987932,94.04367634450179,0,0,0,0,0,0,0,0,0,0,120803.70572952276,122120.82160201055,1576675.6093245454,99742.96338785924,335686.43058740516,555331.0757468733,2662.003806319265,9123.243102550754,596217.9425883072,123991.03945665147,0,0,0,0,0,0,0,0,0,0,125.78057340808604,42.66737212070823,470.36316185252355,28.186007872302547,48.134591638736985,55.80255121120205,12.976131527670065,74.7527329515877,63.09166363862379,126.1536909705294,0,0,0,0,0,0,0,0,0,0,25316.719084734945,7092.553050773795,143698.81010306542,5756.215756472891,12331.82660081143,6685.045913491502,2452.6828540514844,10573.060905778239,13506.951748933809,23890.55696585579,0,0,0,0,0,0,0,0,0,0,32,22,60,2,2,2,2,36,0,0,0,0,0.009197598253275109,0.00401917808219178,0.031365384615384614,0.016166666666666666,0.001489913544668588,0.003,0.003016719388876246,0.003206240858117991,0.02193286219081272,0.039511627906976744,0.07338208409506398,0.0243,0.004307204610951009,0.0046,0.004646009410249844,0.004971233544612384,0.02374911660777385,0.04591860465116278,0.08737659963436926,0.03348214285714283,0.004659365994236311,0.0048,0.004849670662921545,0.007405256723716381,0.04883333333333351,0.0724499999999999,0.09857221206581353,0.07458333333333333,0.004941095100864553,0.00496,0.009725000000000211,0.009617970660146696,0.45947802197802196,0.375,0.38630698005698,0.45833333333333337,0.8801229508196721,0.375,0.45982142857142855,0.4905783582089552,2.1817337461300315,2.163340122199593,0.49535256410256406,2.125,2.1289473684210525,0.475,2.1289473684210525,2.1931509945750456,2.340866873065015,2.331670061099796,0.6986220472440943,2.3125,2.3144736842105265,0.4875,2.3144736842105265,2.3465754972875223,2.468173374613003,2.466334012219959,0.939724409448819,2.4625,2.462894736842105,0.4975,2.462894736842105,2.4693150994575044,395.44537815126614,397.5126050420175,397.07563025209083,392.77310924371454,396.3529411764777,132758381.7142857,28968908.3697479,0,344.2016806722689,18026530.42016807,3617627678.1176467,2898107176.8739495,837245461.512605,4251250584.7394958,3605209019.1596637,0,0,0,0,0,15.159663865546218,4.050420168067227,4.689075630252101,0.5546218487394958,16.470588235294116,0,0,0,0,0,59693.17647058823,28095.462184873948,1047388.5042016807,45477.647058823524,71490.68907563025,1562.436974789916,267.6302521008403,2836.084033613445,1731.5966386554621,431.84873949579827,1765.9159663865544,379.2436974789916,1912.3193277310922,2120,536.3865546218486,0,0,0,0,0,0,0,0,0,0,0,0,0,0,0,0,0,0,0,0
1693106352,0.37499999999999867,0.4460995383839559,0.27949876554711856,0.01997164027081546,1.7231364956437574,0.5254860746190239,0.1849839295211225,0.10330151646626136,0.1783766110852995,0.08328706274292005,0,0.1102049812651533,0.10000000000000012,0.3576622702368325,0.268763018208694,2.1887869300000062,7.0849035687963084,50.01021911771556,0.4476358630744336,9.891913198451117,4.229736307045551,0.3146888362198535,0.6329646336928232,1.7496921936481624,0.8972595918933948,0.00005067723164541347,0.30597573727132465,1.1559478299999884,2.2427113445189346,1.090992867701402,1.4250000000000187,6.342371697893634,49.261657427679694,0.3395178846038624,7.87996127783156,3.3954484821536695,0.32372187666196417,0.454526672451552,1.5607953469963756,0.7495835646862842,0,0.11020498126515305,0.8000000000000009,0.8528869521032181,0.6383121682456477,50000,100000,50000,50000,50000,50000,10000,50000,50000,20000,50000,0,5406720,2162688,220594176,0,0,2027520,0,0,2973696,0,0,0,0,4190208,85.80000000000001,3.8403351565227513,1.5372432105091536,6.5906412893690955,240.23233301064863,889.7287683414851,0,0,370.84497444633735,1.832315380344253,0,0,169.95000000000005,1.8158238335100743,6.65188470066519,0,0,2162688,0,0,0,0,0,0,0,0,0,0,0,0,225292288,78028800,16805888,439984128,111808512,349663232,39895040,10924032,310304768,93900800,4952064,3993600,305532928,16084992,134160384,206942208,69746688,13111296,199778304,104890368,331431936,35684352,9596928,292503552,83804160,4055040,2568192,295612416,14868480,36765696,0,0,0,0,0,0,0,0,0,0,0,0,0,0,0,208756736,77791232,16543744,425267200,108580864,333901824,39636992,10530816,296665088,93544448,4796416,3043328,297828352,15728640,42848256,190644224,72384512,16543744,211972096,108580864,333901824,37609472,10530816,296665088,90570752,4796416,3043328,297828352,15728640,38658048,1073741824,1073741824,314572800,0,1073741824,1073741824,1073741824,314572800,1073741824,0,0,0,1073741824,314572800,2147483648,10.53182823228209,0,4.693967211598491,0,0,15.453873546999935,41748.08953023779,0,19913.15004508983,0,0,53511.79197742391,10.53182823228209,0,4.693967211598491,0,0,15.453873546999935,41748.08953023779,0,19913.15004508983,0,0,53511.79197742391,106.38588814440037,51.64301506018405,485.62392179413456,21.239889134000794,34.33145175515964,39.11995678730211,16.96144897806019,61.14003123373242,47.63908278987932,81.54374313126208,0,0,0,0,0,0,0,0,0,0,120803.70572952276,122120.82160201055,1576675.6093245454,100275.41150517564,335686.43058740516,555331.0757468733,3089.5354364195828,9123.243102550754,596217.9425883072,104226.11673545431,0,0,0,0,0,0,0,0,0,0,125.78057340808604,42.66737212070823,470.36316185252355,28.70637479495447,48.134591638736985,55.80255121120205,15.060165611787955,74.7527329515877,63.09166363862379,109.0925759471839,0,0,0,0,0,0,0,0,0,0,25316.719084734945,7092.553050773795,143698.81010306542,5889.218847219866,12331.82660081143,6685.045913491502,2846.5964526055086,10573.060905778239,13506.951748933809,20788.160771985975,0,0,0,0,0,0,0,0,0,0,26,32,46,2,2,2,2,28,0,0,0,0,0.009329073482428115,0.004010666666666668,0.031348758465011284,0.016117511520737326,0.0015921450151057403,0.003,0.0030144454489120323,0.003205717077937943,0.02203344481605351,0.03969036697247707,0.07315551537070525,0.024329493087557604,0.00432809667673716,0.0046,0.004643175703862452,0.004970290740288296,0.0238010033444816,0.046163990825688075,0.08725587703435805,0.0341964285714286,0.004670090634441087,0.0048,0.004846766985731254,0.007405172413793106,0.04796428571428518,0.07545652173913071,0.09853616636528029,0.07525000000000008,0.004943685800604229,0.00496,0.011019999999999936,0.00962881773399015,0.4574022346368715,0.3739583333333334,0.3861295391061452,0.4585674157303371,0.8634453781512605,0.375,0.4533045977011494,0.49161698956780925,2.1816265060240965,2.1639880952380954,0.49503317039106143,2.1256302521008403,2.1105504587155965,0.475,2.1105504587155965,2.1938969258589514,2.340813253012048,2.3319940476190473,0.6942156862745098,2.31281512605042,2.305275229357798,0.4875,2.305275229357798,2.346948462929476,2.4681626506024097,2.4663988095238096,0.9388431372549019,2.4625630252100845,2.46105504587156,0.4975,2.46105504587156,2.469389692585895,395.4453781512398,397.4789915966475,397.0252100840373,392.70588235296873,396.3193277310973,116163661.44537814,28968908.3697479,0,344.2016806722689,18026530.42016807,3617645507.7647057,2954986298.0840335,897660291.2268907,4343788105.142857,3605210120.605042,0,0,0,0,0,15.22689075630252,3.3949579831932772,4.689075630252101,0.5546218487394958,16.621848739495796,0,0,0,0,0,59968.537815126045,24102.72268907563,1047388.5042016807,45477.647058823524,71946.75630252101,1565.2436974789914,266.62184873949576,2835.8319327731087,1745.6470588235293,435.6974789915966,1768.7226890756301,378.21848739495795,1911.7142857142858,2133.546218487395,540.1512605042017,0,0,0,0,0,0,0,0,0,0,0,0,0,0,0,0,0,0,0,0
1693106353,0.4677332096761715,0.4460995383839559,0.27949876554711856,0.01997164027081546,1.396443121075304,0.5254860746190239,0.1849839295211225,0.10330151646626136,0.17493504035241703,0.08328706274292005,0,0.1102049812651533,0.11401468509143937,0.3648423692117353,0.28572684513604973,2.900685680478909,7.0849035687963084,50.01021911771556,0.4476358630744336,8.099308902482226,4.229736307045551,0.3146888362198535,0.6329646336928232,1.715933903205404,0.8972595918933948,0.00005067723164541347,0.30597573727132465,1.4463684110913355,2.2877339559761634,1.0634445162424713,1.8319550712316723,6.342371697893634,49.261657427679694,0.3395178846038624,6.626757356375525,3.3954484821536695,0.32372187666196417,0.454526672451552,1.5306816030836536,0.7495835646862842,0,0.11020498126515305,0.9349204177497983,0.8700087265818325,0.6593696426216534,50000,100000,50000,50000,50000,50000,10000,50000,50000,20000,50000,0,5406720,2162688,220594176,0,0,2027520,0,0,2973696,0,0,0,0,4325376,73.31718061674009,3.8403351565227513,1.5372432105091536,6.5906412893690955,184.3304919819399,889.7287683414851,0,0,363.68994889267464,1.832315380344253,0,0,176.08427965521958,1.8522766436903502,7.253066068838192,0,0,2162688,0,0,0,0,0,0,0,0,0,0,0,0,225292288,78028800,16805888,439984128,111808512,349663232,39895040,10924032,310304768,93900800,4952064,3993600,305532928,16084992,134160384,206942208,69746688,13111296,199778304,104890368,331431936,35684352,9596928,292503552,83804160,4055040,2568192,295612416,14868480,36900864,0,0,0,0,0,0,0,0,0,0,0,0,0,0,0,208748544,77791232,16543744,425267200,108580864,333901824,39636992,10530816,296665088,93544448,4796416,3043328,297828352,15728640,43073536,190636032,72384512,16543744,211972096,108580864,333901824,37609472,10530816,296665088,90570752,4796416,3043328,297828352,15728640,38612992,1073741824,1073741824,314572800,0,1073741824,1073741824,1073741824,314572800,1073741824,0,0,0,1073741824,314572800,2147483648,10.53182823228209,0,4.693967211598491,0,0,14.879774935161986,41748.08953023779,0,19913.15004508983,0,0,49154.16062244495,10.53182823228209,0,4.693967211598491,0,0,14.879774935161986,41748.08953023779,0,19913.15004508983,0,0,49154.16062244495,106.38588814440037,51.64301506018405,485.62392179413456,21.239889134000794,34.33145175515964,39.11995678730211,16.96144897806019,61.14003123373242,47.63908278987932,83.17499318139886,0,0,0,0,0,0,0,0,0,0,120803.70572952276,122120.82160201055,1576675.6093245454,100275.41150517564,335686.43058740516,555331.0757468733,3089.5354364195828,9123.243102550754,596217.9425883072,106311.11862059699,0,0,0,0,0,0,0,0,0,0,125.78057340808604,42.66737212070823,470.36316185252355,28.70637479495447,48.134591638736985,55.80255121120205,15.060165611787955,74.7527329515877,63.09166363862379,111.27492940742346,0,0,0,0,0,0,0,0,0,0,25316.719084734945,7092.553050773795,143698.81010306542,5889.218847219866,12331.82660081143,6685.045913491502,2846.5964526055086,10573.060905778239,13506.951748933809,21204.01963496418,0,0,0,0,0,0,0,0,0,0,44,12,48,10,10,2,10,52,0,0,0,0,0.009329073482428115,0.004010666666666668,0.031348758465011284,0.016117511520737326,0.001527859237536657,0.003,0.0030137528778109574,0.003205717077937943,0.02203344481605351,0.03969036697247707,0.07315551537070525,0.024329493087557604,0.0043149560117302045,0.0046,0.004641105692404463,0.004970290740288296,0.0238010033444816,0.046163990825688075,0.08725587703435805,0.0341964285714286,0.0046633431085043985,0.0048,0.004844524794228651,0.007405172413793106,0.04796428571428518,0.07545652173913071,0.09853616636528029,0.07525000000000008,0.004942052785923754,0.00496,0.010180000000000064,0.00962881773399015,0.4574022346368715,0.3739583333333334,0.3861295391061452,0.4585674157303371,0.8718487394957983,0.375,0.4574022346368715,0.49161698956780925,2.1816265060240965,2.1639880952380954,0.49503317039106143,2.1256302521008403,2.1224576271186444,0.475,2.1224576271186444,2.1938969258589514,2.340813253012048,2.3319940476190473,0.6942156862745098,2.31281512605042,2.3112288135593215,0.4875,2.3112288135593215,2.346948462929476,2.4681626506024097,2.4663988095238096,0.9388431372549019,2.4625630252100845,2.4622457627118646,0.4975,2.4622457627118646,2.469389692585895,395.36134453780056,397.46218487394617,397.07563025209157,392.6890756302609,396.35294117647726,116163661.44537814,28968908.3697479,0,206.52100840336135,18026530.42016807,3688590774.857143,2898188959.1932774,838383048.0672269,4343886477.983193,3605294450.0168066,0,0,0,0,0,15.260504201680671,3.3949579831932772,4.689075630252101,0.5546218487394958,16.48739495798319,0,0,0,0,0,60045.98319327731,24102.72268907563,1047388.5042016807,45477.647058823524,71482.08403361344,1559.764705882353,267.59663865546213,2836.3697478991594,1734.5210084033613,433.44537815126046,1761.8991596638655,379.0924369747899,1912.268907563025,2121.4957983193276,537.8991596638655,0,0,0,0,0,0,0,0,0,0,0,0,0,0,0,0,0,0,0,0
1693106354,0.5564572223510302,0.4460995383839559,0.27949876554711856,0.01997164027081546,1.424986377082362,0.5254860746190239,0.1849839295211225,0.10330151646626136,0.1645338208409512,0.08328706274292005,0,0.1102049812651533,0.11401468509143937,0.43080593849416715,0.28572684513604973,3.450914887549264,7.0849035687963084,50.01021911771556,0.4476358630744336,8.264858536401993,4.229736307045551,0.3146888362198535,0.6329646336928232,1.76461372577697,0.8972595918933948,0.00005067723164541347,0.30597573727132465,1.4463684110913355,2.701356687433724,1.0634445162424713,2.1794574542082024,6.342371697893634,49.261657427679694,0.3395178846038624,6.762208080336291,3.3954484821536695,0.32372187666196417,0.454526672451552,1.5722120658135275,0.7495835646862842,0,0.11020498126515305,0.9349204177497983,1.0273064687168627,0.6593696426216534,50000,100000,50000,50000,50000,50000,10000,50000,50000,20000,50000,0,5406720,2162688,220594176,0,0,2027520,0,0,2973696,0,0,0,0,4325376,87.22466960352423,3.8403351565227513,1.5372432105091536,6.5906412893690955,188.09820177487157,889.7287683414851,0,0,306.47166361974405,1.832315380344253,0,0,176.08427965521958,2.187168610816543,7.253066068838192,0,0,2162688,0,0,0,0,0,0,0,0,0,0,0,0,225292288,78028800,16805888,439984128,111808512,349663232,39895040,10924032,310304768,93900800,4952064,3993600,305532928,16084992,134160384,206942208,69746688,13111296,199778304,104890368,331431936,35684352,9596928,292503552,83804160,4055040,2568192,295612416,14868480,36900864,0,0,0,0,0,0,0,0,0,0,0,0,0,0,0,208748544,77791232,16543744,425267200,108580864,333901824,39636992,10530816,296665088,93544448,4796416,3043328,297828352,15728640,43073536,190636032,72384512,16543744,211972096,108580864,333901824,37609472,10530816,296665088,90570752,4796416,3043328,297828352,15728640,38612992,1073741824,1073741824,314572800,0,1073741824,1073741824,1073741824,314572800,1073741824,0,0,0,1073741824,314572800,2147483648,10.53182823228209,0,4.693967211598491,0,0,14.879774935161986,41748.08953023779,0,19913.15004508983,0,0,49154.16062244495,10.53182823228209,0,4.693967211598491,0,0,14.879774935161986,41748.08953023779,0,19913.15004508983,0,0,49154.16062244495,106.38588814440037,50.75713111867591,485.62392179413456,21.239889134000794,34.37704625275314,39.11995678730211,16.96144897806019,61.14003123373242,47.63908278987932,97.87500300820638,0,0,0,0,0,0,0,0,0,0,120803.70572952276,121069.04566263648,1576675.6093245454,100275.41150517564,334006.0420263111,555331.0757468733,3089.5354364195828,9123.243102550754,596217.9425883072,125100.11310856015,0,0,0,0,0,0,0,0,0,0,125.78057340808604,42.117619438901286,470.36316185252355,28.70637479495447,47.97904637180785,55.80255121120205,15.060165611787955,74.7527329515877,63.09166363862379,130.941207614372,0,0,0,0,0,0,0,0,0,0,25316.719084734945,7042.798450522362,143698.81010306542,5889.218847219866,12742.276325971785,6685.045913491502,2846.5964526055086,10573.060905778239,13506.951748933809,24951.53177869227,0,0,0,0,0,0,0,0,0,0,46,24,74,4,10,2,6,78,0,0,0,0,0.009329073482428115,0.004010666666666668,0.031348758465011284,0.016117511520737326,0.001527859237536657,0.003,0.0030137528778109574,0.003205717077937943,0.02203344481605351,0.03969036697247707,0.07315551537070525,0.024329493087557604,0.0043149560117302045,0.0046,0.004641105692404463,0.004970290740288296,0.0238010033444816,0.046163990825688075,0.08725587703435805,0.0341964285714286,0.0046633431085043985,0.0048,0.004844524794228651,0.007405172413793106,0.04796428571428518,0.07545652173913071,0.09853616636528029,0.07525000000000008,0.004942052785923754,0.00496,0.010180000000000064,0.00962881773399015,0.4574022346368715,0.3739583333333334,0.3861295391061452,0.4585674157303371,0.8718487394957983,0.375,0.4574022346368715,0.49161698956780925,2.1816265060240965,2.1639880952380954,0.49503317039106143,2.1256302521008403,2.1224576271186444,0.475,2.1224576271186444,2.1938969258589514,2.340813253012048,2.3319940476190473,0.6942156862745098,2.31281512605042,2.3112288135593215,0.4875,2.3112288135593215,2.346948462929476,2.4681626506024097,2.4663988095238096,0.9388431372549019,2.4625630252100845,2.4622457627118646,0.4975,2.4622457627118646,2.469389692585895,395.3445378151356,397.4957983193221,396.9243697479003,392.6554621848763,396.16806722690075,116163661.44537814,28968908.3697479,0,206.52100840336135,18026530.42016807,3830454323.630252,2955071384.7394958,838373616.9411764,4251472250.6218486,3605343739.697479,0,0,0,0,0,15.34453781512605,4,4.689075630252101,0.5378151260504201,16.48739495798319,0,0,0,0,0,60269.71428571428,28301.98319327731,1047388.5042016807,45202.28571428571,71430.4537815126,1563.6470588235293,267.8319327731092,2835.0588235294117,1740.6722689075632,434.30252100840335,1766.6554621848736,379.31092436974785,1910.5546218487395,2128.6890756302523,538.8235294117646,0,0,0,0,0,0,0,0,0,0,0,0,0,0,0,0,0,0,0,0
1693106355,0.5564572223510302,0.4460995383839559,0.27949876554711856,0.01997164027081546,1.7125953604234805,0.5254860746190239,0.1849839295211225,0.10330151646626136,0.1645338208409512,0.08328706274292005,0,0.1102049812651533,0.11401468509143937,0.43080593849416715,0.28572684513604973,3.450914887549264,7.0849035687963084,50.01021911771556,0.4476358630744336,9.93297803518605,4.229736307045551,0.3146888362198535,0.6329646336928232,1.76461372577697,0.8972595918933948,0.00005067723164541347,0.30597573727132465,1.4463684110913355,2.701356687433724,1.0634445162424713,2.1794574542082024,6.342371697893634,49.261657427679694,0.3395178846038624,8.127043437645957,3.3954484821536695,0.32372187666196417,0.454526672451552,1.5722120658135275,0.7495835646862842,0,0.11020498126515305,0.9349204177497983,1.0273064687168627,0.6593696426216534,50000,100000,50000,50000,50000,50000,10000,50000,50000,20000,50000,0,5406720,2162688,220594176,0,0,2027520,0,0,2973696,0,0,0,0,4325376,87.22466960352423,3.8403351565227513,1.5372432105091536,6.5906412893690955,226.0625875758991,889.7287683414851,0,0,306.47166361974405,1.832315380344253,0,0,176.08427965521958,2.187168610816543,7.253066068838192,0,0,2162688,0,0,0,0,0,0,0,0,0,0,0,0,225292288,78028800,16805888,439984128,111808512,349663232,39895040,10924032,310304768,93900800,4952064,3993600,305532928,16084992,134160384,206942208,69746688,13111296,199778304,104890368,331431936,35684352,9596928,292503552,83804160,4055040,2568192,295612416,14868480,36900864,0,0,0,0,0,0,0,0,0,0,0,0,0,0,0,208748544,77791232,16543744,425267200,108580864,333901824,39636992,10530816,296665088,93544448,4796416,3043328,297828352,15728640,43073536,190636032,72384512,16543744,211972096,108580864,333901824,37609472,10530816,296665088,90570752,4796416,3043328,297828352,15728640,38612992,1073741824,1073741824,314572800,0,1073741824,1073741824,1073741824,314572800,1073741824,0,0,0,1073741824,314572800,2147483648,10.53182823228209,0,4.693967211598491,0,0,14.879774935161986,41748.08953023779,0,19913.15004508983,0,0,49154.16062244495,10.53182823228209,0,4.693967211598491,0,0,14.879774935161986,41748.08953023779,0,19913.15004508983,0,0,49154.16062244495,106.38588814440037,50.75713111867591,485.62392179413456,21.239889134000794,34.377046252753146,39.11995678730211,16.96144897806019,61.14003123373242,47.63908278987932,97.87500300820638,0,0,0,0,0,0,0,0,0,0,120803.70572952276,121069.04566263648,1576675.6093245454,100275.41150517564,334006.04202631116,555331.0757468733,3089.5354364195828,9123.243102550754,596217.9425883072,125100.11310856015,0,0,0,0,0,0,0,0,0,0,125.78057340808604,42.117619438901286,470.36316185252355,28.70637479495447,47.979046371807854,55.80255121120205,15.060165611787955,74.7527329515877,63.09166363862379,130.941207614372,0,0,0,0,0,0,0,0,0,0,25316.719084734945,7042.798450522362,143698.81010306542,5889.218847219866,12742.276325971785,6685.045913491502,2846.5964526055086,10573.060905778239,13506.951748933809,24951.53177869227,0,0,0,0,0,0,0,0,0,0,30,20,50,12,14,2,14,68,0,0,0,0,0.009329073482428115,0.004010666666666668,0.031348758465011284,0.016117511520737326,0.001527859237536657,0.003,0.0030137528778109574,0.0032124806601340895,0.02203344481605351,0.03969036697247707,0.07315551537070525,0.024329493087557604,0.0043149560117302045,0.0046,0.004641105692404463,0.004982465188241362,0.0238010033444816,0.046163990825688075,0.08725587703435805,0.0341964285714286,0.0046633431085043985,0.0048,0.004844524794228651,0.007487405541561702,0.04796428571428518,0.07545652173913071,0.09853616636528029,0.07525000000000008,0.004942052785923754,0.00496,0.010180000000000064,0.009648614609571777,0.4574022346368715,0.3739583333333334,0.3861295391061452,0.4585674157303371,0.8718487394957983,0.375,0.4574022346368715,0.47240990990990983,2.1816265060240965,2.1639880952380954,0.49503317039106143,2.1256302521008403,2.1224576271186444,0.475,2.1224576271186444,2.177927927927928,2.340813253012048,2.3319940476190473,0.6942156862745098,2.31281512605042,2.3112288135593215,0.4875,2.3112288135593215,2.338963963963964,2.4681626506024097,2.4663988095238096,0.9388431372549019,2.4625630252100845,2.4622457627118646,0.4975,2.4622457627118646,2.467792792792793,395.34453781512303,397.3613445378004,396.9747899159602,392.5378151260455,396.20168067227223,116163661.44537814,28968908.3697479,0,206.52100840336135,18026530.42016807,3830219509.243697,2955034830.5210085,898862036.9747899,4251254164.4369745,3605391583.7310925,0,0,0,0,0,15.495798319327731,4,4.689075630252101,0.5378151260504201,16.60504201680672,0,0,0,0,0,60734.386554621844,28301.98319327731,1047388.5042016807,45202.28571428571,71774.65546218488,1570.420168067227,267.4117647058823,2832.7899159663866,1746.016806722689,435.47899159663865,1772.9747899159663,378.9579831932773,1908.705882352941,2134.521008403361,540.0336134453781,0,0,0,0,0,0,0,0,0,0,0,0,0,0,0,0,0,0,0,0
1693106356,0.5564572223510302,0.4460995383839559,0.27949876554711856,0.01997164027081546,1.7125953604234805,0.5254860746190239,0.1574732222915909,0.10330151646626136,0.1645338208409512,0.08328706274292005,0,0.1102049812651533,0.11401468509143937,0.43080593849416715,0.28572684513604973,3.450914887549264,7.0849035687963084,50.01021911771556,0.4476358630744336,9.93297803518605,4.229736307045551,0.26788848732436815,0.6329646336928232,1.76461372577697,0.8972595918933948,0.00005067723164541347,0.30597573727132465,1.4463684110913355,2.701356687433724,1.0634445162424713,2.1794574542082024,6.342371697893634,49.261657427679694,0.3395178846038624,8.127043437645957,3.3954484821536695,0.27557813901028394,0.454526672451552,1.5722120658135275,0.7495835646862842,0,0.11020498126515305,0.9349204177497983,1.0273064687168627,0.6593696426216534,50000,100000,50000,50000,50000,50000,10000,50000,50000,20000,50000,0,5406720,2162688,220594176,0,0,2027520,0,0,2973696,0,0,0,0,4325376,87.22466960352423,3.8403351565227513,1.5372432105091536,6.5906412893690955,226.0625875758991,889.7287683414851,0,0,306.47166361974405,1.832315380344253,0,0,176.08427965521958,2.187168610816543,7.253066068838192,0,0,2162688,0,0,0,0,0,0,0,0,0,0,0,0,225292288,78028800,16805888,439984128,111808512,349663232,39895040,10924032,310304768,93900800,4952064,3993600,305532928,16084992,134160384,206942208,69746688,13111296,199778304,104890368,331431936,35684352,9596928,292503552,83804160,4055040,2568192,295612416,14868480,36900864,0,0,0,0,0,0,0,0,0,0,0,0,0,0,0,208748544,77791232,16543744,425267200,108580864,333901824,39636992,10530816,296665088,93544448,4796416,3043328,297828352,15728640,43073536,190636032,72384512,16543744,211972096,108580864,333901824,37609472,10530816,296665088,90570752,4796416,3043328,297828352,15728640,38612992,1073741824,1073741824,314572800,0,1073741824,1073741824,1073741824,314572800,1073741824,0,0,0,1073741824,314572800,2147483648,10.53182823228209,0,3.9958830156491265,0,0,14.879774935161986,41748.08953023779,0,16951.677433245208,0,0,49154.16062244495,10.53182823228209,0,3.9958830156491265,0,0,14.879774935161986,41748.08953023779,0,16951.677433245208,0,0,49154.16062244495,106.38588814440037,50.75713111867591,485.62392179413456,21.239889134000794,34.377046252753146,39.11995678730211,16.96144897806019,61.14003123373242,47.63908278987932,97.87500300820638,0,0,0,0,0,0,0,0,0,0,120803.70572952276,121069.04566263648,1576675.6093245454,100275.41150517564,334006.04202631116,555331.0757468733,3089.5354364195828,9123.243102550754,596217.9425883072,125100.11310856015,0,0,0,0,0,0,0,0,0,0,125.78057340808604,42.117619438901286,470.36316185252355,28.70637479495447,47.979046371807854,55.80255121120205,15.060165611787955,74.7527329515877,63.09166363862379,130.941207614372,0,0,0,0,0,0,0,0,0,0,25316.719084734945,7042.798450522362,143698.81010306542,5889.218847219866,12742.276325971785,6685.045913491502,2846.5964526055086,10573.060905778239,13506.951748933809,24951.53177869227,0,0,0,0,0,0,0,0,0,0,24,24,58,14,14,2,14,74,0,0,0,0,0.009329073482428115,0.004010666666666668,0.031348758465011284,0.016117511520737326,0.001527859237536657,0.003,0.0030137528778109574,0.0032068283028203856,0.02203344481605351,0.03969036697247707,0.07315551537070525,0.024329493087557604,0.0043149560117302045,0.0046,0.004641105692404463,0.004972290945076694,0.0238010033444816,0.046163990825688075,0.08725587703435805,0.0341964285714286,0.0046633431085043985,0.0048,0.004844524794228651,0.007419354838709665,0.04796428571428518,0.07545652173913071,0.09853616636528029,0.07525000000000008,0.004942052785923754,0.00496,0.010180000000000064,0.009632754342431753,0.4574022346368715,0.3739583333333334,0.3861295391061452,0.4585674157303371,0.8718487394957983,0.375,0.4574022346368715,0.48658718330849476,2.1816265060240965,2.1639880952380954,0.49503317039106143,2.1256302521008403,2.1224576271186444,0.475,2.1224576271186444,2.1899907321594063,2.340813253012048,2.3319940476190473,0.6942156862745098,2.31281512605042,2.3112288135593215,0.4875,2.3112288135593215,2.344995366079703,2.4681626506024097,2.4663988095238096,0.9388431372549019,2.4625630252100845,2.4622457627118646,0.4975,2.4622457627118646,2.4689990732159406,395.39495798317955,397.3613445378149,396.94117647060455,392.55462184872425,396.25210084031835,116163661.44537814,28969046.050420165,0,206.52100840336135,18026530.42016807,3830047821.445378,2954993664,898881656.4705882,4343666946.15126,3683777527.394958,0,0,0,0,0,15.428571428571427,4,4.689075630252101,0.5378151260504201,16.63865546218487,0,0,0,0,0,60536.470588235294,28301.98319327731,1047388.5042016807,45202.28571428571,71955.36134453781,1568.2857142857142,267.83193277310926,2834.3865546218485,1749.2941176470588,435.5294117647058,1771.1932773109243,379.4117647058823,1909.7310924369747,2138.3193277310925,540.1848739495798,0,0,0,0,0,0,0,0,0,0,0,0,0,0,0,0,0,0,0,0
1693106357,0.5564572223510302,0.4460995383839559,0.27949876554711856,0.028785261945883735,1.7125953604234805,0.5254860746190239,0.17469537493994866,0.08303012785636507,0.1645338208409512,0.10228504797168714,0,0.1102049812651533,0.11401468509143937,0.36224317338282047,0.28572684513604973,3.450914887549264,7.0849035687963084,50.01021911771556,0.4472802677029342,9.93297803518605,4.229736307045551,0.32942309472856757,0.5186598132857849,1.76461372577697,0.9021214021234389,0.00005067723164541347,0.30597573727132465,1.4463684110913355,2.2714357706286465,1.0634445162424713,2.1794574542082024,6.342371697893634,49.261657427679694,0.3166378814047205,8.127043437645957,3.3954484821536695,0.3493907498798973,0.35979722071091735,1.5722120658135275,0.7364523453961488,0,0.11020498126515305,0.9349204177497983,0.8638106442205741,0.6593696426216534,50000,100000,50000,50000,50000,50000,10000,50000,50000,20000,50000,0,5406720,2162688,220594176,0,0,2027520,0,0,2973696,0,0,0,0,4325376,87.22466960352423,3.8403351565227513,1.5372432105091536,9.499136442141625,226.0625875758991,889.7287683414851,0,0,306.47166361974405,1.3501626332262748,0,0,176.08427965521958,1.83908072640509,7.253066068838192,0,0,2162688,0,0,0,0,0,0,0,0,0,0,0,0,225292288,78028800,16805888,439984128,111808512,349663232,39907328,10924032,310304768,93900800,4952064,3993600,305532928,16084992,134160384,206942208,69746688,13111296,199778304,104890368,331431936,35684352,9596928,292503552,83804160,4055040,2568192,295612416,14868480,36900864,0,0,0,0,0,0,0,0,0,0,0,0,0,0,0,208748544,77791232,16543744,425267200,108580864,333901824,39682048,10530816,296665088,93585408,4796416,3043328,297828352,15728640,43073536,190636032,72384512,16543744,211972096,108580864,333901824,37654528,10530816,296665088,90611712,4796416,3043328,297828352,15728640,38612992,1073741824,1073741824,314572800,0,1073741824,1073741824,1073741824,314572800,1073741824,0,0,0,1073741824,314572800,2147483648,10.53182823228209,0,5.022492029523519,0,0,14.879774935161986,41748.08953023779,0,21086.430536751544,0,0,49154.16062244495,10.53182823228209,0,5.022492029523519,0,0,14.879774935161986,41748.08953023779,0,21086.430536751544,0,0,49154.16062244495,106.38588814440037,50.75713111867591,485.62392179413456,21.239889134000794,28.592821745341986,30.542263253285004,16.96144897806019,61.14003123373242,48.12213558716743,97.87500300820638,0,0,0,0,0,0,0,0,0,0,120803.70572952276,121069.04566263648,1576675.6093245454,100275.41150517564,277806.7420717007,432054.2098747252,3089.5354364195828,9123.243102550754,592487.6197845367,125100.11310856015,0,0,0,0,0,0,0,0,0,0,125.78057340808604,42.117619438901286,470.36316185252355,28.70637479495447,39.90617199436475,43.9975293258823,15.060165611787955,74.7527329515877,64.07356704958038,130.941207614372,0,0,0,0,0,0,0,0,0,0,25316.719084734945,7042.798450522362,143698.81010306542,5889.218847219866,10598.282148490982,5295.103646646193,2846.5964526055086,10573.060905778239,13879.679780965418,24951.53177869227,0,0,0,0,0,0,0,0,0,0,22,8,36,8,6,2,8,78,0,0,0,0,0.009217775467775467,0.003983957219251337,0.031226486079759218,0.015979955456570157,0.0016144578313253013,0.003,0.003014497597045717,0.003201970443349754,0.02160412026726058,0.039854368932038836,0.07236363636363641,0.023971046770601336,0.004332530120481927,0.0046,0.004643331568342031,0.0049635467980295575,0.02336887527839644,0.04662621359223302,0.0865,0.024969933184855235,0.004672289156626506,0.0048,0.004846935814754071,0.007360759493670886,0.024780679287305124,0.0800714285714285,0.0978090909090909,0.05016666666666614,0.004944096385542169,0.00496,0.011080000000000357,0.009624050632911397,0.4592618384401114,0.375,0.38592657342657344,0.4582172701949861,0.8598326359832635,0.375,0.4520057306590257,0.48564504101416855,2.1824148296593187,2.1638554216867467,0.4946678321678322,2.124686192468619,2.1065116279069764,0.475,2.1065116279069764,2.189295644114922,2.3412074148296598,2.3319277108433734,0.6889999999999997,2.3123430962343097,2.3032558139534887,0.4875,2.3032558139534887,2.3446478220574605,2.468241482965932,2.4663855421686742,0.9377999999999997,2.4624686192468617,2.460651162790698,0.4975,2.460651162790698,2.468929564411492,395.1932773109032,397.31092436973324,396.9915966386561,392.48739495796826,396.2689075630261,116163661.44537814,28969046.050420165,0,206.52100840336135,18026530.42016807,3759181101.1764703,2898182557.0420165,898885580.3697479,4343625779.630252,3762151561.680672,0,0,0,0,0,15.34453781512605,4,4.689075630252101,0.5378151260504201,16.588235294117645,0,0,0,0,0,60278.31932773109,28301.98319327731,1047388.5042016807,45202.28571428571,71774.65546218488,1564.0168067226891,267.8655462184874,2833.1092436974786,1740.5546218487393,433.0924369747899,1766.9243697478992,379.4117647058823,1908.2521008403362,2128.0504201680674,537.6638655462185,0,0,0,0,0,0,0,0,0,0,0,0,0,0,0,0,0,0,0,0
1693106358,0.5564572223510302,0.4819625515097476,0.2394496979860559,0.028785261945883735,1.7308998488201417,0.5254860746190239,0.17469537493994866,0.08473034548422144,0.1645338208409512,0.10228504797168714,0,0.1102049812651533,0.11401468509143937,0.5030075660721391,0.28572684513604973,3.450914887549264,7.334141000554256,42.844310387248235,0.4472802677029342,9.99484016344954,4.229736307045551,0.32942309472856757,0.5292804708732896,1.76461372577697,0.9021214021234389,0.00005067723164541347,0.30597573727132465,1.4463684110913355,2.687165659254291,1.0634445162424713,2.1794574542082024,6.60288695568354,42.20300927004239,0.3166378814047205,7.997195504042414,3.3954484821536695,0.3493907498798973,0.3671648304316283,1.5722120658135275,0.7364523453961488,0,0.11020498126515305,0.9349204177497983,1.1317670236623145,0.6593696426216534,50000,100000,50000,50000,50000,50000,10000,50000,50000,20000,50000,0,5406720,2162688,220594176,0,0,2027520,0,0,2973696,0,0,0,0,4325376,87.22466960352423,4.771429259946503,1.3169733389233087,9.499136442141625,218.3563024473609,889.7287683414851,0,0,306.47166361974405,1.3501626332262748,0,0,176.08427965521958,1.383270806698384,7.253066068838192,0,0,2162688,0,0,0,0,0,0,0,0,0,0,0,0,225292288,78028800,16805888,439984128,111808512,349663232,39907328,10924032,310304768,93900800,4952064,3993600,305532928,16125952,134160384,206942208,69746688,13111296,199778304,105566208,331431936,35684352,9596928,292503552,83804160,4055040,2568192,295612416,14868480,36900864,0,0,0,0,0,0,0,0,0,0,0,0,0,0,0,208748544,77791232,16543744,425267200,109703168,333901824,39682048,10530816,296665088,93585408,4796416,3043328,297828352,15745024,43073536,190636032,72384512,16543744,211972096,109703168,333901824,37654528,10530816,296665088,90611712,4796416,3043328,297828352,15745024,38612992,1073741824,1073741824,314572800,0,1073741824,1073741824,1073741824,314572800,1073741824,0,0,0,1073741824,314572800,2147483648,10.747764898667375,0,5.022492029523519,0,0,14.879774935161986,43294.888787141244,0,21086.430536751544,0,0,49154.16062244495,10.747764898667375,0,5.022492029523519,0,0,14.879774935161986,43294.888787141244,0,21086.430536751544,0,0,49154.16062244495,106.38588814440037,51.10685476444805,485.62392179413456,21.239889134000794,34.20146118030057,31.187936112369737,16.96144897806019,61.14003123373242,48.12213558716743,97.87500300820638,0,0,0,0,0,0,0,0,0,0,120803.70572952276,120811.24534973665,1576675.6093245454,100275.41150517564,332739.78877238143,441187.9690416856,3089.5354364195828,9123.243102550754,592487.6197845367,125100.11310856015,0,0,0,0,0,0,0,0,0,0,125.78057340808604,42.35883457954253,470.36316185252355,28.70637479495447,47.37479653253587,44.927650657000456,15.060165611787955,74.7527329515877,64.07356704958038,130.941207614372,0,0,0,0,0,0,0,0,0,0,25316.719084734945,7102.397878374894,143698.81010306542,5889.218847219866,12512.397319907635,5407.04376982329,2846.5964526055086,10573.060905778239,13879.679780965418,24951.53177869227,0,0,0,0,0,0,0,0,0,0,36,14,54,6,6,2,6,56,0,0,0,0,0.009217775467775467,0.003983957219251337,0.031226486079759218,0.015979955456570157,0.0015029239766081873,0.003,0.0030136361332829785,0.003201970443349754,0.02160412026726058,0.039854368932038836,0.07236363636363641,0.023971046770601336,0.004309941520467836,0.0046,0.004640756757096307,0.0049635467980295575,0.02336887527839644,0.04662621359223302,0.0865,0.024969933184855235,0.0046608187134502925,0.0048,0.004844146835072973,0.007360759493670886,0.024780679287305124,0.0800714285714285,0.0978090909090909,0.05016666666666614,0.004941520467836257,0.00496,0.010030000000000379,0.009624050632911397,0.4592618384401114,0.375,0.38592657342657344,0.4582172701949861,0.8765690376569036,0.375,0.4585654596100278,0.48564504101416855,2.1824148296593187,2.1638554216867467,0.4946678321678322,2.124686192468619,2.1265560165975104,0.475,2.125625,2.189295644114922,2.3412074148296598,2.3319277108433734,0.6889999999999997,2.3123430962343097,2.313278008298755,0.4875,2.3128125,2.3446478220574605,2.468241482965932,2.4663855421686742,0.9377999999999997,2.4624686192468617,2.4626556016597516,0.4975,2.4625625,2.468929564411492,395.07563025209924,397.42857142857275,396.90756302522317,392.55462184874676,396.36974789914643,116163661.44537814,28968977.210084032,0,206.52100840336135,18026530.42016807,3688246986.2184873,2898150477.445378,898890812.2352941,4436071880.067226,3683775806.3865542,0,0,0,0,0,15.310924369747898,4,5.411764705882352,0.5378151260504201,16.53781512605042,0,0,0,0,0,60175.05882352941,28301.98319327731,1050968.2016806721,45202.28571428571,71593.94957983193,1564.0672268907565,267.69747899159665,2831.9327731092435,1737.5462184873948,433.4789915966386,1767.2100840336134,379.2941176470588,1907.2436974789916,2125.2605042016808,538.0504201680673,0,0,0,0,0,0,0,0,0,0,0,0,0,0,0,0,0,0,0,0
1693106359,0.5564572223510302,0.4819625515097476,0.23479138522693724,0.028785261945883735,1.7308998488201417,0.5254860746190239,0.17469537493994866,0.08643056311207778,0.16192084383891253,0.10228504797168714,0,0.1102049812651533,0.11401468509143937,0.5030075660721391,0.28572684513604973,3.450914887549264,7.334141000554256,42.0108067352863,0.4472802677029342,9.99484016344954,4.229736307045551,0.32942309472856757,0.539901128460794,1.8087236427563627,0.9021214021234389,0.00005067723164541347,0.30597573727132465,1.4463684110913355,2.687165659254291,1.0634445162424713,2.1794574542082024,6.60288695568354,41.38198164624774,0.3166378814047205,7.997195504042414,3.3954484821536695,0.3493907498798973,0.3745324401523392,1.6654715366288053,0.7364523453961488,0,0.11020498126515305,0.9349204177497983,1.1317670236623145,0.6593696426216534,50000,100000,50000,50000,50000,50000,10000,50000,50000,20000,50000,0,5406720,2162688,220594176,0,0,2027520,0,0,2973696,0,0,0,0,4325376,87.22466960352423,4.771429259946503,1.291352618748156,9.499136442141625,218.3563024473609,889.7287683414851,0,0,280.9095325113923,1.3501626332262748,0,0,176.08427965521958,1.383270806698384,7.253066068838192,0,0,2162688,0,0,0,0,0,0,0,0,0,0,0,0,225292288,78028800,16805888,439984128,111808512,349663232,39907328,10924032,310304768,93900800,4952064,3993600,305532928,16125952,134160384,206942208,69746688,13111296,199778304,105566208,331431936,35684352,9596928,292503552,83804160,4055040,2568192,295612416,14868480,36900864,0,0,0,0,0,0,0,0,0,0,0,0,0,0,0,208748544,77791232,16543744,425267200,109703168,333901824,39682048,10530816,296665088,93585408,4796416,3043328,297828352,15745024,43073536,190636032,72384512,16543744,211972096,109703168,333901824,37654528,10530816,296665088,90611712,4796416,3043328,297828352,15745024,38612992,1073741824,1073741824,314572800,0,1073741824,1073741824,1073741824,314572800,1073741824,0,0,0,1073741824,314572800,2147483648,10.747764898667375,0,5.022492029523519,0,0,14.879774935161986,43294.888787141244,0,21086.430536751544,0,0,49154.16062244495,10.747764898667375,0,5.022492029523519,0,0,14.879774935161986,43294.888787141244,0,21086.430536751544,0,0,49154.16062244495,106.38588814440037,51.10685476444805,490.8972054257232,21.20768103647721,34.20146118030057,31.833608971454467,16.96144897806019,61.14003123373242,48.12213558716743,97.87500300820638,0,0,0,0,0,0,0,0,0,0,120803.70572952276,120811.24534973665,1580888.2170289264,100126.53273694763,332739.78877238143,450321.72820864595,3089.5354364195828,9123.243102550754,592487.6197845367,125100.11310856015,0,0,0,0,0,0,0,0,0,0,125.78057340808604,42.35883457954253,476.1562346788691,28.591809979177913,47.37479653253587,45.85777198811862,15.060165611787955,74.7527329515877,64.07356704958038,130.941207614372,0,0,0,0,0,0,0,0,0,0,25316.719084734945,7102.397878374894,146580.487007681,5903.678568674327,12512.397319907635,5518.983893000387,2846.5964526055086,10573.060905778239,13879.679780965418,24951.53177869227,0,0,0,0,0,0,0,0,0,0,48,12,54,12,14,2,14,96,0,0,0,0,0.009217775467775467,0.003983957219251337,0.031226486079759218,0.015979955456570157,0.0015029239766081873,0.003,0.0030136361332829785,0.003201970443349754,0.02160412026726058,0.039854368932038836,0.07236363636363641,0.023971046770601336,0.004309941520467836,0.0046,0.004640756757096307,0.0049635467980295575,0.02336887527839644,0.04662621359223302,0.0865,0.024969933184855235,0.0046608187134502925,0.0048,0.004844146835072973,0.007360759493670886,0.024780679287305124,0.0800714285714285,0.0978090909090909,0.05016666666666614,0.004941520467836257,0.00496,0.010030000000000379,0.009624050632911397,0.4592618384401114,0.375,0.38592657342657344,0.4582172701949861,0.8765690376569036,0.375,0.4585654596100278,0.48564504101416855,2.1824148296593187,2.1638554216867467,0.4946678321678322,2.124686192468619,2.1265560165975104,0.475,2.125625,2.189295644114922,2.3412074148296598,2.3319277108433734,0.6889999999999997,2.3123430962343097,2.313278008298755,0.4875,2.3128125,2.3446478220574605,2.468241482965932,2.4663855421686742,0.9377999999999997,2.4624686192468617,2.4626556016597516,0.4975,2.4625625,2.468929564411492,395.0420168067249,397.4621848739436,396.90756302521464,392.5210084033874,396.26890756302646,116163661.44537814,28968977.210084032,0,206.52100840336135,18026530.42016807,3546384470.05042,2898151923.092437,898889504.2689075,4436124336.403361,3683875280.672269,0,0,0,0,0,15.394957983193276,4,5.411764705882352,0.4369747899159664,16.672268907563023,0,0,0,0,0,60433.21008403361,28301.98319327731,1050968.2016806721,27303.79831932773,72127.46218487395,1574.3193277310925,263.4117647058823,2830.689075630252,1748.2521008403362,435.66386554621846,1777.7310924369747,375.05882352941177,1905.4789915966387,2136.285714285714,540.3697478991596,0,0,0,0,0,0,0,0,0,0,0,0,0,0,0,0,0,0,0,0
1693106360,0.5564572223510302,0.4819625515097476,0.1749999999999996,0.028785261945883735,1.7308998488201417,0.5254860746190239,0.17469537493994866,0.11349191937534008,0.16192084383891253,0.10228504797168714,0,0.1102049812651533,0.11401468509143937,0.5030075660721391,0.28572684513604973,3.450914887549264,7.334141000554256,28.960962912500005,0.4472802677029342,9.99484016344954,4.229736307045551,0.32942309472856757,0.6441434969130191,1.8087236427563627,0.9021214021234389,0.00005067723164541347,0.30597573727132465,1.4463684110913355,2.687165659254291,1.0634445162424713,2.1794574542082024,6.60288695568354,28.475000000000012,0.3166378814047205,7.997195504042414,3.3954484821536695,0.3493907498798973,0.45396767750136136,1.6654715366288053,0.7364523453961488,0,0.11020498126515305,0.9349204177497983,1.1317670236623145,0.6593696426216534,50000,100000,50000,50000,50000,50000,10000,50000,50000,20000,50000,0,5406720,2162688,220594176,0,0,2027520,0,0,2973696,0,0,0,0,4325376,87.22466960352423,4.771429259946503,0,9.499136442141625,218.3563024473609,889.7287683414851,0,0,280.9095325113923,1.3501626332262748,0,0,176.08427965521958,1.383270806698384,7.253066068838192,0,0,2162688,0,0,0,0,0,0,0,0,0,0,0,0,225292288,78028800,16805888,439984128,111808512,349663232,39907328,10924032,310304768,93900800,4952064,3993600,305532928,16125952,134160384,206942208,69746688,13111296,199778304,105566208,331431936,35684352,9596928,292503552,83804160,4055040,2568192,295612416,14868480,36900864,0,0,0,0,0,0,0,0,0,0,0,0,0,0,0,208748544,77791232,16543744,425267200,109703168,333901824,39682048,10792960,296665088,93585408,4796416,3043328,297828352,15745024,43073536,190636032,72384512,16543744,211972096,109703168,333901824,37654528,10792960,296665088,90611712,4796416,3043328,297828352,15745024,38612992,1073741824,1073741824,314572800,0,1073741824,1073741824,1073741824,314572800,1073741824,0,0,0,1073741824,314572800,2147483648,10.747764898667375,0,5.022492029523519,0,0,14.879774935161986,43294.888787141244,0,21086.430536751544,0,0,49154.16062244495,10.747764898667375,0,5.022492029523519,0,0,14.879774935161986,43294.888787141244,0,21086.430536751544,0,0,49154.16062244495,106.38588814440037,51.10685476444805,490.8972054257232,21.20768103647721,34.20146118030057,32.47928183053919,16.96144897806019,62.31633535004321,48.12213558716743,97.87500300820638,0,0,0,0,0,0,0,0,0,0,120803.70572952276,120811.24534973665,1580888.2170289264,100126.53273694763,332739.78877238143,459455.48737560626,3089.5354364195828,9306.413137424372,592487.6197845367,125100.11310856015,0,0,0,0,0,0,0,0,0,0,125.78057340808604,42.35883457954253,476.1562346788691,28.591809979177913,47.37479653253587,46.78789331923677,15.060165611787955,75.55747623163353,64.07356704958038,130.941207614372,0,0,0,0,0,0,0,0,0,0,25316.719084734945,7102.397878374894,146580.487007681,5903.678568674327,12512.397319907635,5630.924016177482,2846.5964526055086,10733.15471045808,13879.679780965418,24951.53177869227,0,0,0,0,0,0,0,0,0,0,36,18,34,12,10,2,10,84,0,0,0,0,0.009217775467775467,0.003983957219251337,0.031226486079759218,0.015979955456570157,0.0015029239766081873,0.003,0.0030136361332829785,0.0032076053442959915,0.02160412026726058,0.039854368932038836,0.07236363636363641,0.023971046770601336,0.004309941520467836,0.0046,0.004640756757096307,0.004973689619732785,0.02336887527839644,0.04662621359223302,0.0865,0.024969933184855235,0.0046608187134502925,0.0048,0.004844146835072973,0.007431876606683808,0.024780679287305124,0.0800714285714285,0.0978090909090909,0.05016666666666614,0.004941520467836257,0.00496,0.010030000000000379,0.009640616966580978,0.4592618384401114,0.375,0.38592657342657344,0.4582172701949861,0.8765690376569036,0.375,0.4585654596100278,0.47107438016528924,2.1824148296593187,2.1638554216867467,0.4946678321678322,2.124686192468619,2.1265560165975104,0.475,2.125625,2.176830491474423,2.3412074148296598,2.3319277108433734,0.6889999999999997,2.3123430962343097,2.313278008298755,0.4875,2.3128125,2.338415245737212,2.468241482965932,2.4663855421686742,0.9377999999999997,2.4624686192468617,2.4626556016597516,0.4975,2.4625625,2.467683049147442,394.99159663867005,397.46218487396493,396.90756302519395,392.470588235292,396.3697478991552,116163661.44537814,28969114.8907563,0,0,68.84033613445378,3546316868.840336,2841337511.7983193,900047054.5210084,4528635628.638656,3605541311.462185,0,0,0,0,0,15.495798319327731,4,5.411764705882352,0.4369747899159664,16.77310924369748,0,0,0,0,0,60760.20168067227,28301.98319327731,1050968.2016806721,27303.79831932773,72316.77310924369,1581.344537815126,267.84873949579827,2830.470588235294,1764.3529411764705,439.21008403361344,1784.0504201680671,379.2268907563025,1904.4033613445379,2152.18487394958,543.9831932773109,0,0,0,0,0,0,0,0,0,0,0,0,0,0,0,0,0,0,0,0
1693106361,0.5564572223510302,0.48993743875782025,0.1749999999999996,0.028785261945883735,1.7308998488201417,0.5254860746190239,0.17469537493994866,0.11349191937534008,0.16192084383891253,0.10228504797168714,0,0.1102049812651533,0.11401468509143937,0.5030075660721391,0.28572684513604973,3.450914887549264,7.43154420931635,28.960962912500005,0.4472802677029342,9.99484016344954,4.229736307045551,0.32942309472856757,0.6441434969130191,1.8087236427563627,0.9021214021234389,0.00005067723164541347,0.30597573727132465,1.4463684110913355,2.687165659254291,1.0634445162424713,2.1794574542082024,6.651842918519632,28.475000000000012,0.3166378814047205,7.997195504042414,3.3954484821536695,0.3493907498798973,0.45396767750136136,1.6654715366288053,0.7364523453961488,0,0.11020498126515305,0.9349204177497983,1.1317670236623145,0.6593696426216534,50000,100000,50000,50000,50000,50000,10000,50000,50000,20000,50000,0,5541888,2162688,220594176,0,0,2027520,0,0,2973696,0,0,0,0,4325376,87.22466960352423,4.974749378156329,0,9.499136442141625,218.3563024473609,889.7287683414851,0,0,280.9095325113923,1.3501626332262748,0,0,176.08427965521958,1.383270806698384,7.253066068838192,0,0,2162688,0,0,0,0,0,0,0,0,0,0,0,0,225292288,78274560,16805888,439984128,111808512,349663232,39907328,10924032,310304768,93900800,4952064,3993600,305532928,16125952,134160384,206942208,69746688,13111296,199778304,105566208,331431936,35684352,9596928,292503552,83804160,4055040,2568192,295612416,14868480,36900864,0,0,0,0,0,0,0,0,0,0,0,0,0,0,0,208748544,78016512,16543744,425267200,109703168,333901824,39682048,10792960,296665088,93585408,4796416,3043328,297828352,15745024,43073536,190636032,72474624,16543744,211972096,109703168,333901824,37654528,10792960,296665088,90611712,4796416,3043328,297828352,15745024,38612992,1073741824,1073741824,314572800,0,1073741824,1073741824,1073741824,314572800,1073741824,0,0,0,1073741824,314572800,2147483648,10.83515489560564,0,5.022492029523519,0,0,14.879774935161986,42480.13868998267,0,21086.430536751544,0,0,49154.16062244495,10.83515489560564,0,5.022492029523519,0,0,14.879774935161986,42480.13868998267,0,21086.430536751544,0,0,49154.16062244495,106.38588814440037,51.10685476444805,414.9451807212507,21.20768103647721,34.20146118030057,33.12495468962393,14.586893236267816,62.31633535004321,48.12213558716743,97.87500300820638,0,0,0,0,0,0,0,0,0,0,120803.70572952276,120811.24534973665,1336291.8746833631,100126.53273694763,332739.78877238143,468589.24654256663,2657.009057363721,9306.413137424372,592487.6197845367,125100.11310856015,0,0,0,0,0,0,0,0,0,0,125.78057340808604,42.35883457954253,402.4849452524922,28.591809979177913,47.37479653253587,47.71801465035494,12.95178425993101,75.55747623163353,64.07356704958038,130.941207614372,0,0,0,0,0,0,0,0,0,0,25316.719084734945,7102.397878374894,123901.43190744675,5903.678568674327,12512.397319907635,5742.8641393545795,2448.080856453106,10733.15471045808,13879.679780965418,24951.53177869227,0,0,0,0,0,0,0,0,0,0,30,16,52,12,12,2,10,118,0,0,0,0,0.009217775467775467,0.003983957219251337,0.031226486079759218,0.015979955456570157,0.0015029239766081873,0.003,0.0030136361332829785,0.0031974290565122483,0.02160412026726058,0.039854368932038836,0.07236363636363641,0.023971046770601336,0.004309941520467836,0.0046,0.004640756757096307,0.004955372301722047,0.02336887527839644,0.04662621359223302,0.0865,0.024969933184855235,0.0046608187134502925,0.0048,0.004844146835072973,0.00730229591836735,0.024780679287305124,0.0800714285714285,0.0978090909090909,0.05016666666666614,0.004941520467836257,0.00496,0.010030000000000379,0.009613520408163274,0.4592618384401114,0.375,0.38592657342657344,0.4582172701949861,0.8765690376569036,0.375,0.4585654596100278,0.4912378821774795,2.1824148296593187,2.1638554216867467,0.4946678321678322,2.124686192468619,2.1265560165975104,0.475,2.125625,2.193642921550947,2.3412074148296598,2.3319277108433734,0.6889999999999997,2.3123430962343097,2.313278008298755,0.4875,2.3128125,2.3468214607754736,2.468241482965932,2.4663855421686742,0.9377999999999997,2.4624686192468617,2.4626556016597516,0.4975,2.4625625,2.469364292155095,395.0084033613525,397.411764705897,397.0420168067252,392.4537815125961,396.47058823530233,99569010.01680672,28969114.8907563,0,0,18026530.42016807,3546253811.092437,2841314312.605042,900077550.7899159,4528686432.806723,3762370611.630252,0,0,0,0,0,15.478991596638656,4,5.394957983193277,0.4369747899159664,16.92436974789916,0,0,0,0,0,60605.31092436975,28301.98319327731,1050692.8403361344,27303.79831932773,72910.52100840336,1583.563025210084,268.0504201680672,2828.252100840336,1771.7478991596638,441.6470588235294,1786.1512605042014,379.3781512605042,1901.966386554622,2159.294117647059,546.4201680672269,0,0,0,0,0,0,0,0,0,0,0,0,0,0,0,0,0,0,0,0
1693106362,0.5564572223510302,0.48993743875782025,0.2530002177734221,0.028785261945883735,1.7308998488201417,0.5254860746190239,0.17469537493994866,0.11349191937534008,0.16192084383891253,0.10228504797168714,0,0.1102049812651533,0.11401468509143937,0.5030075660721391,0.28572684513604973,3.450914887549264,7.43154420931635,41.718127578722175,0.4472802677029342,9.99484016344954,4.229736307045551,0.32942309472856757,0.6441434969130191,1.8087236427563627,0.9021214021234389,0.00005067723164541347,0.30597573727132465,1.4463684110913355,2.687165659254291,1.0634445162424713,2.1794574542082024,6.651842918519632,40.986035279294406,0.3166378814047205,7.997195504042414,3.3954484821536695,0.3493907498798973,0.45396767750136136,1.6654715366288053,0.7364523453961488,0,0.11020498126515305,0.9349204177497985,1.1317670236623145,0.6593696426216534,50000,100000,50000,50000,50000,50000,10000,50000,50000,20000,50000,0,5541888,2162688,220594176,0,0,2027520,0,0,2973696,0,0,0,0,4325376,87.22466960352423,4.974749378156329,0,9.499136442141625,218.3563024473609,889.7287683414851,0,0,280.9095325113923,1.3501626332262748,0,0,176.0842796552196,1.383270806698384,7.253066068838192,0,0,2162688,0,0,0,0,0,0,0,0,0,0,0,0,225292288,78274560,16809984,439984128,111808512,349663232,39907328,10924032,310304768,93900800,4952064,3993600,305532928,16125952,134160384,206942208,69746688,13111296,199778304,105566208,331431936,35684352,9596928,292503552,83804160,4055040,2568192,295612416,14868480,36900864,0,0,0,0,0,0,0,0,0,0,0,0,0,0,0,208748544,78016512,16564224,425267200,109703168,333901824,39682048,10792960,296665088,93585408,4796416,3043328,297828352,15745024,43073536,190636032,72474624,16564224,211972096,109703168,333901824,37654528,10792960,296665088,90611712,4796416,3043328,297828352,15745024,38612992,1073741824,1073741824,314572800,0,1073741824,1073741824,1073741824,314572800,1073741824,0,0,0,1073741824,314572800,2147483648,10.83515489560564,0,5.022492029523519,0,0,14.879774935161986,42480.13868998267,0,21086.430536751544,0,0,49154.16062244495,10.83515489560564,0,5.022492029523519,0,0,14.879774935161986,42480.13868998267,0,21086.430536751544,0,0,49154.16062244495,106.38588814440037,51.10685476444805,498.45079732297773,21.20768103647721,34.20146118030057,38.740371545083825,17.37053522961676,63.321630833098425,48.12213558716743,97.87500300820638,0,0,0,0,0,0,0,0,0,0,120803.70572952276,120811.24534973665,1591735.2515905148,100126.53273694763,332739.78877238143,548025.5500176207,3150.9969963449494,9461.189554877892,592487.6197845367,125100.11310856015,0,0,0,0,0,0,0,0,0,0,125.78057340808604,42.35883457954253,483.3718912666281,28.591809979177913,47.37479653253587,55.80727986708956,15.325878478630619,76.72398329190477,64.07356704958038,130.941207614372,0,0,0,0,0,0,0,0,0,0,25316.719084734945,7102.397878374894,148619.41254234486,5903.678568674327,12512.397319907635,6716.407390625786,2905.1858285383414,10893.678087281858,13879.679780965418,24951.53177869227,0,0,0,0,0,0,0,0,0,0,32,18,60,4,2,2,2,44,0,0,0,0,0.009281668383110194,0.00396138482023968,0.0312873692077728,0.01610503282275711,0.0015535714285714285,0.003,0.0030176302615067293,0.003199040767386091,0.021628617363344052,0.040167464114832525,0.07256294964028778,0.024140043763676147,0.004320238095238095,0.0046,0.004648516003813249,0.0049582733812949635,0.023362540192926044,0.04681818181818181,0.08664118705035972,0.029074074074073978,0.004666071428571428,0.0048,0.004852376721601564,0.007321874999999992,0.02474967845659164,0.08082758620689648,0.09790377697841728,0.061749999999999736,0.004942738095238095,0.00496,0.0106,0.009614375,0.4600409836065574,0.375,0.38632009752699414,0.45901639344262296,0.866869918699187,0.375,0.4536516853932584,0.48644468704512367,2.1827941176470587,2.163709677419355,0.49537617554858937,2.126829268292683,2.112666666666667,0.475,2.111607142857143,2.1899233543733088,2.3413970588235298,2.331854838709677,0.6989423076923076,2.3134146341463415,2.306333333333333,0.4875,2.3058035714285716,2.3449616771866544,2.4682794117647053,2.4663709677419354,0.9397884615384616,2.462682926829268,2.4612666666666665,0.4975,2.4611607142857146,2.4689923354373313,395.15966386554567,397.495798319332,397.0756302521064,392.47058823530386,396.4705882352962,116163936.80672269,28969114.8907563,0,0,18026530.42016807,3546158191.865546,2898117778.285714,900060203.02521,4713532786.016807,3684062044.5042014,0,0,0,0,0,15.529411764705882,3.3781512605042017,5.394957983193277,0.4369747899159664,16.89075630252101,0,0,0,0,0,60803.2268907563,24033.882352941175,1050692.8403361344,27303.79831932773,73108.43697478992,1584.9243697478992,268.48739495798316,2828.2184873949577,1765.7647058823527,439.9159663865546,1787.613445378151,379.88235294117646,1900.941176470588,2153.6134453781515,544.6218487394958,0,0,0,0,0,0,0,0,0,0,0,0,0,0,0,0,0,0,0,0
1693106363,0.5564572223510302,0.48993743875782025,0.25805567221988873,0.028785261945883732,1.7308998488201417,0.3744256926413879,0.17469537493994866,0.11349191937534008,0.16192084383891253,0.10228504797168714,0,0.1102049812651533,0.11401468509143937,0.5030075660721391,0.28572684513604973,3.450914887549264,7.43154420931635,42.55173987922617,0.4472802677029342,9.99484016344954,3.594403136381007,0.32942309472856757,0.6441434969130191,1.8087236427563627,0.9021214021234389,0.00005067723164541349,0.30597573727132465,1.4463684110913355,2.687165659254291,1.0634445162424713,2.1794574542082024,6.651842918519632,41.80501889962201,0.31663788140472043,7.997195504042414,2.8884267718049763,0.3493907498798973,0.45396767750136136,1.6654715366288053,0.7364523453961488,0,0.11020498126515305,0.9349204177497985,1.1317670236623145,0.6593696426216534,50000,100000,50000,50000,50000,50000,10000,50000,50000,20000,50000,0,5541888,2162688,220594176,0,0,2027520,0,0,2973696,0,0,0,0,4325376,87.22466960352423,4.974749378156329,0,9.499136442141623,218.3563024473609,743.1280211238259,0,0,280.9095325113923,1.3501626332262748,0,0,176.0842796552196,1.383270806698384,7.253066068838192,0,0,2162688,0,0,0,0,0,0,0,0,0,0,0,0,225292288,78274560,16809984,439984128,111808512,349663232,39907328,10924032,310304768,93900800,4952064,3993600,305532928,16125952,134160384,206942208,69746688,13111296,199778304,105566208,331431936,35684352,9596928,292503552,83804160,4055040,2568192,295612416,14868480,36900864,0,0,0,0,0,0,0,0,0,0,0,0,0,0,0,208748544,78016512,16564224,425267200,109703168,333901824,39682048,10792960,296665088,93585408,4796416,3043328,297828352,15745024,43073536,190636032,72474624,16564224,211972096,109703168,333901824,37654528,10792960,296665088,90611712,4796416,3043328,297828352,15745024,38612992,1073741824,1073741824,314572800,0,1073741824,1073741824,1073741824,314572800,1073741824,0,0,0,1073741824,314572800,2147483648,10.83515489560564,0,5.022492029523519,0,0,14.879774935161986,42480.13868998267,0,21086.430536751544,0,0,49154.16062244495,10.83515489560564,0,5.022492029523519,0,0,14.879774935161986,42480.13868998267,0,21086.430536751544,0,0,49154.16062244495,106.38588814440037,51.10685476444805,498.45079732297773,21.20768103647721,34.20146118030057,38.740371545083825,17.37053522961676,63.321630833098425,48.12213558716743,97.87500300820638,0,0,0,0,0,0,0,0,0,0,120803.70572952276,120811.24534973665,1591735.2515905148,100126.53273694763,332739.78877238143,548025.5500176207,3150.9969963449494,9461.189554877892,592487.6197845367,125100.11310856015,0,0,0,0,0,0,0,0,0,0,125.78057340808604,42.35883457954253,483.3718912666281,28.591809979177913,47.37479653253587,55.80727986708956,15.325878478630619,76.72398329190477,64.07356704958038,130.941207614372,0,0,0,0,0,0,0,0,0,0,25316.719084734945,7102.397878374894,148619.41254234486,5903.678568674327,12512.397319907635,6716.407390625786,2905.1858285383414,10893.678087281858,13879.679780965418,24951.53177869227,0,0,0,0,0,0,0,0,0,0,38,22,60,18,16,2,18,146,0,0,0,0,0.009281668383110194,0.00396138482023968,0.0312873692077728,0.01610503282275711,0.0014739884393063585,0.003,0.003016691570331869,0.003199040767386091,0.021628617363344052,0.040167464114832525,0.07256294964028778,0.024140043763676147,0.004304046242774567,0.0046,0.004645932857522334,0.0049582733812949635,0.023362540192926044,0.04681818181818181,0.08664118705035972,0.029074074074073978,0.004657803468208092,0.0048,0.0048495880184211415,0.007321874999999992,0.02474967845659164,0.08082758620689648,0.09790377697841728,0.061749999999999736,0.004940809248554914,0.00496,0.009699999999999894,0.009614375,0.4600409836065574,0.375,0.38632009752699414,0.45901639344262296,0.8780487804878049,0.375,0.45901639344262285,0.48644468704512367,2.1827941176470587,2.163709677419355,0.49537617554858937,2.126829268292683,2.126829268292683,0.475,2.126829268292683,2.1899233543733088,2.3413970588235298,2.331854838709677,0.6989423076923076,2.3134146341463415,2.3134146341463415,0.4875,2.3134146341463415,2.3449616771866544,2.4682794117647053,2.4663709677419354,0.9397884615384616,2.462682926829268,2.462682926829268,0.4975,2.462682926829268,2.4689923354373313,395.07563025210015,397.54621848737855,397.0084033613367,392.5378151260575,396.43697478989594,116163936.80672269,28969114.8907563,0,0,18026530.42016807,3475227174.722689,2898134781.848739,960667854.5210084,4621165301.243697,3762426234.6218486,0,0,0,0,0,15.361344537815125,3.3781512605042017,5.46218487394958,0.4369747899159664,17.025210084033613,0,0,0,0,0,60338.554621848736,24033.882352941175,1051174.7226890756,27303.79831932773,73633.34453781512,1588.1344537815125,268.89075630252097,2828.4705882352937,1770.6218487394956,441.5966386554622,1790.252100840336,380.2352941176471,1900.2521008403362,2157.7647058823527,546.3697478991596,0,0,0,0,0,0,0,0,0,0,0,0,0,0,0,0,0,0,0,0
1693106364,0.5564572223510302,0.48993743875782025,0.3033272667879973,0.028785261945883732,1.7308998488201417,0.39271546920421185,0.17469537493994866,0.11349191937534008,0.16192084383891253,0.10228504797168714,0,0.050000000000000044,0.11401468509143937,0.5030075660721391,0.28572684513604973,3.450914887549264,7.43154420931635,50.016738030239395,0.4472802677029342,9.99484016344954,3.665050781881908,0.32942309472856757,0.6441434969130191,1.8087236427563627,0.9021214021234389,0.00005067723164541349,0.20530779499999988,1.4463684110913355,2.687165659254291,1.0634445162424713,2.1794574542082024,6.651842918519632,49.1390172196556,0.31663788140472043,7.997195504042414,2.86682292519076,0.3493907498798973,0.45396767750136136,1.6654715366288053,0.7364523453961488,0,0.07499999999999979,0.9349204177497985,1.1317670236623145,0.6593696426216534,50000,100000,50000,50000,50000,50000,10000,50000,50000,20000,50000,0,5541888,2162688,220594176,0,0,2027520,0,0,2973696,0,0,0,0,4325376,87.22466960352423,4.974749378156329,0,9.499136442141623,218.3563024473609,799.6079668466951,0,0,280.9095325113923,1.3501626332262748,0,0,176.0842796552196,1.383270806698384,7.253066068838192,0,0,2162688,0,0,0,0,0,0,0,0,0,0,0,0,225292288,78274560,16809984,439984128,111808512,349663232,39907328,10924032,310304768,93900800,4952064,3993600,305532928,16125952,134160384,206942208,69746688,13111296,199778304,105566208,330350592,35684352,9596928,292503552,83804160,4055040,2568192,295612416,14868480,36900864,0,0,0,0,0,0,0,0,0,0,0,0,0,0,0,208748544,78016512,16564224,425267200,109703168,333185024,39682048,10792960,296665088,93585408,4796416,3043328,297828352,15745024,43073536,190636032,72474624,16564224,211972096,109703168,333185024,37654528,10792960,296665088,90611712,4796416,3043328,297828352,15745024,38612992,1073741824,1073741824,314572800,0,1073741824,1073741824,1073741824,314572800,1073741824,0,0,0,1073741824,314572800,2147483648,10.83515489560564,0,5.022492029523519,0,0,14.879774935161986,42480.13868998267,0,21086.430536751544,0,0,49154.16062244495,10.83515489560564,0,5.022492029523519,0,0,14.879774935161986,42480.13868998267,0,21086.430536751544,0,0,49154.16062244495,106.38588814440037,44.191623798389195,498.45079732297773,21.20768103647721,34.20146118030057,38.740371545083825,17.370535229616763,63.321630833098425,48.12213558716743,97.87500300820638,0,0,0,0,0,0,0,0,0,0,120803.70572952276,104204.47008400451,1591735.2515905148,100126.53273694763,332739.78877238143,548025.5500176207,3150.99699634495,9461.189554877892,592487.6197845367,125100.11310856015,0,0,0,0,0,0,0,0,0,0,125.78057340808604,36.404846713432065,483.3718912666281,28.591809979177913,47.37479653253587,55.80727986708956,15.325878478630623,76.72398329190477,64.07356704958038,130.941207614372,0,0,0,0,0,0,0,0,0,0,25316.719084734945,6115.814586905691,148619.41254234486,5903.678568674327,12512.397319907635,6716.407390625786,2905.185828538342,10893.678087281858,13879.679780965418,24951.53177869227,0,0,0,0,0,0,0,0,0,0,24,16,32,14,16,2,14,78,0,0,0,0,0.009281668383110194,0.003961472441211104,0.0312873692077728,0.01610503282275711,0.0014739884393063585,0.003,0.003016691570331869,0.003198973563871916,0.021628617363344052,0.04016915698694387,0.07256294964028778,0.024140043763676147,0.004304046242774567,0.0046,0.004645932857522334,0.004958152414969448,0.023362540192926044,0.04681845450153564,0.08664118705035972,0.029074074074073978,0.004657803468208092,0.0048,0.0048495880184211415,0.007321018243448022,0.02474967845659164,0.08082533732611784,0.09790377697841728,0.061749999999999736,0.004940809248554914,0.00496,0.009699999999999894,0.009614245679672444,0.4600409836065574,0.37557310924369763,0.38632009752699414,0.45901639344262296,0.8780487804878049,0.375,0.45901639344262285,0.48660943016766284,2.1827941176470587,2.1638760639739765,0.49537617554858937,2.126829268292683,2.126829268292683,0.475,2.126829268292683,2.1900536068530205,2.3413970588235298,2.3319380319869882,0.6989423076923076,2.3134146341463415,2.3134146341463415,0.4875,2.3134146341463415,2.34502680342651,2.4682794117647053,2.4663876063973977,0.9397884615384616,2.462682926829268,2.462682926829268,0.4975,2.462682926829268,2.469005360685302,395.058823529406,397.47899159663535,396.83254146868705,392.63865546218994,396.4705882352893,116163936.80672269,28969114.8907563,0,0,18026530.42016807,3475201772.638655,2898142973.848739,954067073.568392,4621221061.915966,3840846873.815126,0,0,0,0,0,15.243697478991596,3.983193277310924,5.418021171959657,0.42016806722689076,16.974789915966387,0,0,0,0,0,59787.83193277311,28783.865546218487,1042675.6022338917,27234.957983193275,73478.4537815126,1589.81512605042,268.7394957983193,2826.5232974910396,1765.7983193277312,439.12605042016804,1791.9831932773106,380.01680672268907,1898.55797282654,2153.764705882353,543.8319327731092,0,0,0,0,0,0,0,0,0,0,0,0,0,0,0,0,0,0,0,0
1693106365,0.5564572223510302,0.48993743875782025,0.3033272667879973,0.028785261945883732,1.7308998488201417,0.4005089118016105,0.17469537493994866,0.11349191937534008,0.16192084383891253,0.10228504797168714,0,0.050000000000000044,0.11401468509143937,0.5030075660721391,0.28572684513604973,3.450914887549264,7.43154420931635,50.016738030239395,0.4472802677029342,9.99484016344954,3.737783753014997,0.32942309472856757,0.6441434969130191,1.8087236427563627,0.9021214021234389,0.00005067723164541349,0.20530779499999988,1.4463684110913355,2.687165659254291,1.0634445162424713,2.1794574542082024,6.651842918519632,49.1390172196556,0.31663788140472043,7.997195504042414,2.92371505615177,0.3493907498798973,0.45396767750136136,1.6654715366288053,0.7364523453961488,0,0.07499999999999979,0.9349204177497985,1.1317670236623145,0.6593696426216534,50000,100000,50000,50000,50000,50000,10000,50000,50000,20000,50000,0,5541888,2162688,220594176,0,0,2027520,0,0,2973696,0,0,0,0,4325376,87.22466960352423,4.974749378156329,0,9.499136442141623,218.3563024473609,815.4761953192584,0,0,280.9095325113923,1.3501626332262748,0,0,176.0842796552196,1.383270806698384,7.253066068838192,0,0,2162688,0,0,0,0,0,0,0,0,0,0,0,0,225292288,78274560,16809984,439984128,111808512,349663232,39907328,10924032,310304768,93900800,4952064,3993600,305532928,16125952,134160384,206942208,69746688,13111296,199778304,105566208,330350592,35684352,9596928,292503552,83804160,4055040,2568192,295612416,14868480,36900864,0,0,0,0,0,0,0,0,0,0,0,0,0,0,0,208748544,78016512,16564224,425267200,109703168,333185024,39682048,10792960,296665088,93585408,4796416,3043328,297828352,15745024,43073536,190636032,72474624,16564224,211972096,109703168,333185024,37654528,10792960,296665088,90611712,4796416,3043328,297828352,15745024,38612992,1073741824,1073741824,314572800,0,1073741824,1073741824,1073741824,314572800,1073741824,0,0,0,1073741824,314572800,2147483648,10.83515489560564,0,5.022492029523519,0,0,14.879774935161986,42480.13868998267,0,21086.430536751544,0,0,49154.16062244495,10.83515489560564,0,5.022492029523519,0,0,14.879774935161986,42480.13868998267,0,21086.430536751544,0,0,49154.16062244495,81.71389439762021,45.05418550272799,498.45079732297773,21.20768103647721,34.440377267747884,38.740371545083825,17.370535229616763,63.321630833098425,48.8387768858386,97.87500300820638,0,0,0,0,0,0,0,0,0,0,94780.38543381258,106238.40270719668,1591735.2515905148,100126.53273694763,335482.2187191065,548025.5500176207,3150.99699634495,9461.189554877892,595258.3287374636,125100.11310856015,0,0,0,0,0,0,0,0,0,0,97.3732834793147,37.11542088854248,483.3718912666281,28.591809979177913,48.06690357228739,55.80727986708956,15.325878478630623,76.72398329190477,64.38303000592357,130.941207614372,0,0,0,0,0,0,0,0,0,0,19428.127613342145,6235.187151208107,148619.41254234486,5903.678568674327,12647.954685120367,6716.407390625786,2905.185828538342,10893.678087281858,14223.440978818147,24951.53177869227,0,0,0,0,0,0,0,0,0,0,48,14,52,12,14,2,14,84,0,0,0,0,0.009281668383110194,0.00396138482023968,0.0312873692077728,0.01610503282275711,0.0014739884393063585,0.003,0.003016691570331869,0.003203616546940797,0.021628617363344052,0.040167464114832525,0.07256294964028778,0.024140043763676147,0.004304046242774567,0.0046,0.004645932857522334,0.0049665097844934355,0.023362540192926044,0.04681818181818181,0.08664118705035972,0.029074074074073978,0.004657803468208092,0.0048,0.0048495880184211415,0.007381313131313126,0.02474967845659164,0.08082758620689648,0.09790377697841728,0.061749999999999736,0.004940809248554914,0.00496,0.009699999999999894,0.009627777777777773,0.4600409836065574,0.375,0.38632009752699414,0.45901639344262296,0.8780487804878049,0.375,0.45901639344262285,0.4756231671554252,2.1827941176470587,2.163709677419355,0.49537617554858937,2.126829268292683,2.126829268292683,0.475,2.126829268292683,2.1809182209469156,2.3413970588235298,2.331854838709677,0.6989423076923076,2.3134146341463415,2.3134146341463415,0.4875,2.3134146341463415,2.340459110473457,2.4682794117647053,2.4663709677419354,0.9397884615384616,2.462682926829268,2.462682926829268,0.4975,2.462682926829268,2.4680918220946912,395.0252100840267,397.428571428575,396.8571428571298,392.6554621848839,396.53781512607884,116163936.80672269,28969252.57142857,0,0,18026530.42016807,3333418835.8991594,2841390381.1764703,902666842.3529412,4621263742.92437,3919253263.0588236,0,0,0,0,0,15.294117647058822,3.8823529411764706,5.46218487394958,0.42016806722689076,16.974789915966387,0,0,0,0,0,59891.09243697479,27931.96638655462,1051174.7226890756,27234.957983193275,73280.53781512605,1589.4285714285716,269.1932773109243,2824.218487394958,1767.0252100840335,439.93277310924367,1792.2352941176468,380.3529411764706,1895.5798319327732,2154.470588235294,544.6218487394958,0,0,0,0,0,0,0,0,0,0,0,0,0,0,0,0,0,0,0,0
1693106366,0.5564572223510302,0.48993743875782025,0.3033272667879973,0.037142963265609355,1.7308998488201417,0.46760655584391336,0.17469537493994866,0.11349191937534008,0.16192084383891253,0.10228504797168714,0,0.050000000000000044,0.11401468509143937,0.5030075660721391,0.28572684513604973,3.450914887549264,7.43154420931635,50.016738030239395,0.4450153716153471,9.99484016344954,4.363978267985324,0.32942309472856757,0.6441434969130191,1.8087236427563627,0.9021214021234389,0.00005067723164541349,0.20530779499999988,1.4463684110913355,2.687165659254291,1.0634445162424713,2.1794574542082024,6.651842918519632,49.1390172196556,0.2785722244920698,7.997195504042414,3.413527857660583,0.3493907498798973,0.45396767750136136,1.6654715366288053,0.7364523453961488,0,0.07499999999999979,0.9349204177497985,1.1317670236623145,0.6593696426216534,50000,100000,50000,50000,50000,50000,10000,50000,50000,20000,50000,0,5541888,2162688,220594176,0,0,2027520,0,0,2973696,0,0,0,0,4325376,87.22466960352423,4.974749378156329,0,8.580024514355754,218.3563024473609,952.093708353791,0,0,280.9095325113923,1.3501626332262748,0,0,176.0842796552196,1.383270806698384,7.253066068838192,0,0,2162688,0,0,0,0,0,0,0,0,0,0,0,0,225292288,78274560,16809984,439984128,111808512,349663232,39907328,10924032,310304768,93900800,4952064,3993600,305532928,16125952,134160384,206942208,69746688,13111296,199913472,105566208,330350592,35684352,9596928,292503552,83804160,4055040,2568192,295612416,14868480,36900864,0,0,0,0,0,0,0,0,0,0,0,0,0,0,0,208748544,78016512,16564224,425287680,109703168,333185024,39682048,10792960,296665088,93585408,4796416,3043328,297828352,15745024,43073536,190636032,72474624,16564224,211992576,109703168,333185024,37654528,10792960,296665088,90611712,4796416,3043328,297828352,15745024,38612992,1073741824,1073741824,314572800,0,1073741824,1073741824,1073741824,314572800,1073741824,0,0,0,1073741824,314572800,2147483648,10.83515489560564,0,5.022492029523519,0,0,14.879774935161986,42480.13868998267,0,21086.430536751544,0,0,49154.16062244495,10.83515489560564,0,5.022492029523519,0,0,14.879774935161986,42480.13868998267,0,21086.430536751544,0,0,49154.16062244495,83.44294744670303,51.75370226032735,498.45079732297773,21.20768103647721,34.440377267747884,38.740371545083825,17.667672539667084,63.321630833098425,48.8387768858386,83.87153695280725,0,0,0,0,0,0,0,0,0,0,96785.92336142786,122035.95739153025,1591735.2515905148,100126.53273694763,335482.2187191065,548025.5500176207,3198.530127518738,9461.189554877892,595258.3287374636,107201.4144255529,0,0,0,0,0,0,0,0,0,0,99.43368671844874,42.63445050662509,483.3718912666281,28.591809979177913,48.06690357228739,55.80727986708956,15.574807748466853,76.72398329190477,64.38303000592357,112.20679433494573,0,0,0,0,0,0,0,0,0,0,19839.22371316036,7162.353858144972,148619.41254234486,5903.678568674327,12647.954685120367,6716.407390625786,2955.246763360264,10893.678087281858,14223.440978818147,21381.591369455873,0,0,0,0,0,0,0,0,0,0,50,22,56,14,14,2,14,122,0,0,0,0,0.009281668383110194,0.00396138482023968,0.0312873692077728,0.01610503282275711,0.0014739884393063585,0.003,0.003016691570331869,0.003197729422894986,0.021628617363344052,0.040167464114832525,0.07256294964028778,0.024140043763676147,0.004304046242774567,0.0046,0.004645932857522334,0.004955912961210975,0.023362540192926044,0.04681818181818181,0.08664118705035972,0.029074074074073978,0.004657803468208092,0.0048,0.0048495880184211415,0.007303970223325058,0.02474967845659164,0.08082758620689648,0.09790377697841728,0.061749999999999736,0.004940809248554914,0.00496,0.009699999999999894,0.009609677419354827,0.4600409836065574,0.375,0.38632009752699414,0.45901639344262296,0.8780487804878049,0.375,0.45901639344262285,0.4919941775836971,2.1827941176470587,2.163709677419355,0.49537617554858937,2.126829268292683,2.126829268292683,0.475,2.126829268292683,2.1942079859587538,2.3413970588235298,2.331854838709677,0.6989423076923076,2.3134146341463415,2.3134146341463415,0.4875,2.3134146341463415,2.347103992979377,2.4682794117647053,2.4663709677419354,0.9397884615384616,2.462682926829268,2.462682926829268,0.4975,2.462682926829268,2.469420798595875,395.02521008403437,397.3445378151232,396.89075630252677,392.72268907562847,396.50420168066063,116163936.80672269,28970078.655462183,0,0,18026530.42016807,3475148972.10084,2784618719.7310925,963300515.4957982,4528862732.907563,3997549576.605042,0,0,0,0,0,15.310924369747898,3.8823529411764706,3.5294117647058822,0.38655462184873945,17.008403361344538,0,0,0,0,0,60218.08403361344,27931.96638655462,591045.9159663866,27105.882352941175,73332.16806722688,1588.3529411764705,269.109243697479,2826.789915966386,1769.6974789915967,441.0252100840336,1791.0084033613446,380.3193277310924,1897.394957983193,2156.3529411764703,545.7647058823529,0,0,0,0,0,0,0,0,0,0,0,0,0,0,0,0,0,0,0,0
1693106367,0.5564572223510302,0.48993743875782025,0.3033272667879973,0.037142963265609355,1.7308998488201417,0.46760655584391336,0.17842804888928557,0.11349191937534008,0.16192084383891253,0.10228504797168714,0,0.06860749651245233,0.11401468509143937,0.5030075660721391,0.22489092789996823,3.450914887549264,7.43154420931635,50.016738030239395,0.4450153716153471,9.99484016344954,4.363978267985324,0.32865687394058396,0.6441434969130191,1.8087236427563627,0.9021214021234389,0.00005067723164541349,0.30992348434605604,1.4463684110913355,2.687165659254291,1.098935314622408,2.1794574542082024,6.651842918519632,49.1390172196556,0.2785722244920698,7.997195504042414,3.413527857660583,0.35685609777857114,0.45396767750136136,1.6654715366288053,0.7364523453961488,0,0.11434582752075362,0.9349204177497985,1.1317670236623145,0.7196509692798989,50000,100000,50000,50000,50000,50000,10000,50000,50000,20000,50000,0,5541888,2162688,220594176,0,0,2027520,0,0,2973696,0,0,0,0,4325376,87.22466960352423,4.974749378156329,0,8.580024514355754,218.3563024473609,952.093708353791,0,0,280.9095325113923,1.3501626332262748,0,0,176.0842796552196,1.383270806698384,8.905680744838753,0,0,2162688,0,0,0,0,0,0,0,0,0,0,0,0,225292288,78274560,16809984,439984128,111808512,349663232,39907328,10924032,310304768,93900800,4952064,3993600,305532928,16125952,134160384,206942208,69746688,13111296,199913472,105566208,330350592,35684352,9596928,292503552,83804160,4055040,2568192,295612416,14868480,36900864,0,0,0,0,0,0,0,0,0,0,0,0,0,0,0,208748544,78016512,16564224,425287680,109703168,333185024,39714816,10792960,296665088,93585408,4796416,2912256,297828352,15745024,43204608,190636032,72474624,16564224,211992576,109703168,333185024,37687296,10792960,296665088,90611712,4796416,2912256,297828352,15745024,38744064,1073741824,1073741824,314572800,0,1073741824,1073741824,1073741824,314572800,1073741824,0,0,0,1073741824,314572800,2147483648,10.83515489560564,0,5.049513783566778,0,0,14.415508478387983,42480.13868998267,0,20856.383263449017,0,0,47922.99734628705,10.83515489560564,0,5.049513783566778,0,0,14.415508478387983,42480.13868998267,0,20856.383263449017,0,0,47922.99734628705,85.17200049578582,51.75370226032735,498.45079732297773,17.562522951221005,34.440377267747884,39.02605758404375,17.667672539667084,63.321630833098425,48.8387768858386,82.24028690267049,0,0,0,0,0,0,0,0,0,0,98791.46128904315,122035.95739153025,1591735.2515905148,81588.32094604932,335482.2187191065,548572.8848319125,3198.530127518738,9461.189554877892,595258.3287374636,105116.41254041024,0,0,0,0,0,0,0,0,0,0,101.49408995758277,42.63445050662509,483.3718912666281,23.843825866536097,48.06690357228739,56.29724947723982,15.574807748466853,76.72398329190477,64.38303000592357,110.0244408747062,0,0,0,0,0,0,0,0,0,0,20250.31981297857,7162.353858144972,148619.41254234486,5004.062780514923,12647.954685120367,6809.775615248512,2955.246763360264,10893.678087281858,14223.440978818147,20965.73250647767,0,0,0,0,0,0,0,0,0,0,22,16,34,8,10,2,10,46,0,0,0,0,0.009275914634146341,0.003976,0.03137678437265214,0.01609574468085106,0.0015772594752186593,0.003,0.0030069393964141603,0.0031987315010570823,0.02163340448239061,0.040312500000000015,0.0730284191829485,0.02403617021276596,0.004324781341107873,0.0046,0.0046289258496259875,0.004957716701902749,0.02337273212379936,0.047019230769230785,0.08691385435168739,0.0259375,0.004668221574344024,0.0048,0.004831674156277465,0.007321867321867319,0.02476419423692636,0.08199999999999992,0.09802220248667852,0.06112500000000025,0.004942973760932946,0.00496,0.0049938728015986485,0.009621621621621623,0.45990566037735847,0.375,0.38619337979094076,0.45956873315363883,0.8675298804780878,0.375,0.4539473684210526,0.48902087832973357,2.1826192794547223,2.1638554216867467,0.49514808362369345,2.1282868525896417,2.1125,0.475,2.1125,2.191970162351909,2.341309639727361,2.3319277108433734,0.6958171206225686,2.3141434262948204,2.30625,0.4875,2.30625,2.345985081175954,2.468261927945472,2.4663855421686742,0.939163424124514,2.462828685258964,2.46125,0.4975,2.46125,2.469197016235191,395.0756302521154,397.4621848739408,396.85714285714863,392.8067226890719,396.67226890756297,116163936.80672269,28970078.655462183,0,12898407.260504201,18026530.42016807,3404319287.932773,2784669386.2184873,963282135.1260504,4713773451.831933,3919232610.957983,0,0,0,0,0,15.210084033613445,3.865546218487395,3.5294117647058822,0.38655462184873945,17.04201680672269,0,0,0,0,0,59908.3025210084,27742.655462184874,591045.9159663866,27105.882352941175,73452.63865546219,1586.8235294117646,268.08403361344534,2824.991596638655,1768.2857142857142,440.2016806722689,1789.1764705882354,379.3613445378151,1895.6638655462184,2155.1092436974786,544.8739495798319,0,0,0,0,0,0,0,0,0,0,0,0,0,0,0,0,0,0,0,0
1693106368,0.5564572223510302,0.45261121278453653,0.3033272667879973,0.037142963265609355,1.7308998488201417,0.46760655584391336,0.17842804888928557,0.11349191937534008,0.16192084383891253,0.10228504797168714,0,0.06860749651245233,0.11401468509143937,0.5030075660721391,0.22489092789996823,3.450914887549264,6.219049044334322,50.016738030239395,0.4450153716153471,9.99484016344954,4.363978267985324,0.32865687394058396,0.6441434969130191,1.8087236427563627,0.9021214021234389,0.00005067723164541349,0.30992348434605604,1.4463684110913355,2.687165659254291,1.098935314622408,2.1794574542082024,5.567117917249796,49.1390172196556,0.2785722244920698,7.997195504042414,3.413527857660583,0.35685609777857114,0.45396767750136136,1.6654715366288053,0.7364523453961488,0,0.11434582752075362,0.9349204177497985,1.1317670236623145,0.7196509692798989,50000,100000,50000,50000,50000,50000,10000,50000,50000,20000,50000,0,5541888,2162688,220594176,0,0,2027520,0,0,2973696,0,0,0,0,4325376,87.22466960352423,4.480851006566907,0,8.580024514355754,218.3563024473609,952.093708353791,0,0,280.9095325113923,1.3501626332262748,0,0,176.0842796552196,1.383270806698384,8.905680744838753,0,0,2162688,0,0,0,0,0,0,0,0,0,0,0,0,225292288,78274560,16809984,439984128,111808512,349663232,39907328,10924032,310304768,93900800,4952064,3993600,305532928,16125952,134160384,206942208,69746688,13111296,199913472,105566208,330350592,35684352,9596928,292503552,83804160,4055040,2568192,295612416,14868480,36900864,0,0,0,0,0,0,0,0,0,0,0,0,0,0,0,208748544,78016512,16564224,425287680,109703168,333185024,39714816,10792960,296665088,93585408,4796416,2912256,297828352,15745024,43204608,190636032,72474624,16564224,211992576,109703168,333185024,37687296,10792960,296665088,90611712,4796416,2912256,297828352,15745024,38744064,1073741824,1073741824,314572800,0,1073741824,1073741824,1073741824,314572800,1073741824,0,0,0,1073741824,314572800,2147483648,9.074854816329948,0,5.049513783566778,0,0,14.415508478387983,36834.58676331623,0,20856.383263449017,0,0,47922.99734628705,9.074854816329948,0,5.049513783566778,0,0,14.415508478387983,36834.58676331623,0,20856.383263449017,0,0,47922.99734628705,86.9010535448686,51.75370226032735,498.45079732297773,21.390537976620354,34.440377267747884,39.02605758404375,17.667672539667084,63.321630833098425,48.8387768858386,80.6090368525337,0,0,0,0,0,0,0,0,0,0,100796.9992166584,122035.95739153025,1591735.2515905148,99371.71797539628,335482.2187191065,548572.8848319125,3198.530127518738,9461.189554877892,595258.3287374636,103031.41065526757,0,0,0,0,0,0,0,0,0,0,103.55449319671679,42.63445050662509,483.3718912666281,29.04094497827284,48.06690357228739,56.29724947723982,15.574807748466853,76.72398329190477,64.38303000592357,107.84208741446666,0,0,0,0,0,0,0,0,0,0,20661.41591279678,7162.353858144972,148619.41254234486,6094.77324193647,12647.954685120367,6809.775615248512,2955.246763360264,10893.678087281858,14223.440978818147,20549.873643499464,0,0,0,0,0,0,0,0,0,0,38,12,48,16,12,2,18,110,0,0,0,0,0.009275914634146341,0.003976,0.03137678437265214,0.01609574468085106,0.0014759206798866855,0.003,0.003006555764935853,0.0031987315010570823,0.02163340448239061,0.040312500000000015,0.0730284191829485,0.02403617021276596,0.004304249291784703,0.0046,0.004627326738436622,0.004957716701902749,0.02337273212379936,0.047019230769230785,0.08691385435168739,0.0259375,0.004657790368271955,0.0048,0.004829923110124218,0.007321867321867319,0.02476419423692636,0.08199999999999992,0.09802220248667852,0.06112500000000025,0.004940623229461757,0.00496,0.004992000207474295,0.009621621621621623,0.45990566037735847,0.375,0.38619337979094076,0.45956873315363883,0.8824701195219123,0.375,0.45990566037735847,0.48902087832973357,2.1826192794547223,2.1638554216867467,0.49514808362369345,2.1282868525896417,2.1300395256917,0.475,2.129166666666667,2.191970162351909,2.341309639727361,2.3319277108433734,0.6958171206225686,2.3141434262948204,2.31501976284585,0.4875,2.314583333333333,2.345985081175954,2.468261927945472,2.4663855421686742,0.939163424124514,2.462828685258964,2.46300395256917,0.4975,2.462916666666666,2.469197016235191,395.02521008404403,397.5462184873709,396.89075630254627,392.78991596639014,396.5546218487117,116163936.80672269,28970078.655462183,0,12898407.260504201,18026530.42016807,3404341316.840336,2841550090.7563024,963305540.8403361,4713811933.579832,3840852862.92437,0,0,0,0,0,15.109243697478991,3.865546218487395,5.563025210084033,0.40336134453781514,16.95798319327731,0,0,0,0,0,59641.54621848739,27742.655462184874,1064392.0672268907,27209.142857142855,73185.88235294117,1593.4621848739494,269.2941176470588,2823.5966386554624,1767.4621848739498,439.9159663865546,1796.2521008403362,380.6050420168067,1894.705882352941,2154.218487394958,544.6218487394958,0,0,0,0,0,0,0,0,0,0,0,0,0,0,0,0,0,0,0,0
1693106369,0.47366875338124925,0.4615823973397452,0.3033272667879973,0.037142963265609355,1.6564253272775873,0.46760655584391336,0.17842804888928554,0.11349191937534008,0.17126513555635497,0.10934690525587838,0,0.06860749651245233,0.13373006586205757,0.5030075660721391,0.22489092789996823,2.937495439279435,6.342316509122423,50.016738030239395,0.4450153716153471,9.97484332888057,4.363978267985324,0.32865687394058385,0.6441434969130191,1.6375473342581734,0.7796401103284932,0.00005067723164541349,0.30992348434605604,1.6907948881682227,2.687165659254291,1.098935314622408,1.8552026174098937,5.677463487278862,49.1390172196556,0.2785722244920698,7.872473060824653,3.413527857660583,0.3568560977785711,0.45396767750136136,1.5071331928959268,0.6287447052213013,0,0.11434582752075362,1.2035705927585152,1.1317670236623145,0.7196509692798989,50000,100000,50000,50000,50000,50000,10000,50000,50000,20000,50000,0,5541888,2162688,220594176,0,0,2027520,0,0,2973696,0,0,0,0,4325376,74.24757709251102,4.569665733663473,0,8.580024514355754,199.83970077477957,952.093708353791,0,0,210.24508040898118,1.8042239367219917,0,0,282.43789910066533,1.383270806698384,8.905680744838753,0,0,2162688,0,0,0,0,0,0,0,0,0,0,0,0,225292288,78274560,16809984,439984128,111808512,349663232,39907328,10924032,310304768,93900800,4952064,3993600,305532928,16125952,134160384,206942208,69746688,13111296,199913472,105160704,330350592,35684352,9596928,292233216,83804160,4055040,2568192,296153088,14868480,36900864,0,0,0,0,0,0,0,0,0,0,0,0,0,0,0,208748544,78016512,16564224,425287680,108834816,333185024,39714816,10792960,296431616,93585408,4796416,2912256,298344448,15745024,43204608,190636032,72474624,16564224,211992576,108834816,333185024,37687296,10792960,296431616,90611712,4796416,2912256,298344448,15745024,38744064,1073741824,1073741824,314572800,0,1073741824,1073741824,1073741824,314572800,1073741824,0,0,0,1073741824,314572800,2147483648,9.254727066661882,0,5.049513783566776,0,0,14.415508478387983,37564.683293262045,0,20856.383263449014,0,0,47922.99734628705,9.254727066661882,0,5.049513783566776,0,0,14.415508478387983,37564.683293262045,0,20856.383263449014,0,0,47922.99734628705,88.63010659395142,51.75370226032735,498.45079732297773,21.390537976620354,34.440377267747884,39.02605758404375,17.667672539667084,63.321630833098425,48.8387768858386,99.14518255808667,0,0,0,0,0,0,0,0,0,0,102802.53714427368,122035.95739153025,1591735.2515905148,99371.71797539628,335482.2187191065,548572.8848319125,3198.530127518738,9461.189554877892,595258.3287374636,125943.5274860183,0,0,0,0,0,0,0,0,0,0,105.61489643585084,42.63445050662509,483.3718912666281,29.04094497827284,48.06690357228739,56.29724947723982,15.574807748466853,76.72398329190477,64.38303000592357,132.88319010594282,0,0,0,0,0,0,0,0,0,0,21072.512012614996,7162.353858144972,148619.41254234486,6094.77324193647,12647.954685120367,6809.775615248512,2955.246763360264,10893.678087281858,14223.440978818147,25060.314645569048,0,0,0,0,0,0,0,0,0,0,28,18,54,10,10,2,10,66,0,0,0,0,0.009275914634146341,0.003976,0.03137678437265214,0.01609574468085106,0.0014759206798866855,0.003,0.003006555764935853,0.0031987315010570823,0.02163340448239061,0.040312500000000015,0.0730284191829485,0.02403617021276596,0.004304249291784703,0.0046,0.004627326738436622,0.004957716701902749,0.02337273212379936,0.047019230769230785,0.08691385435168739,0.0259375,0.004657790368271955,0.0048,0.004829923110124218,0.007321867321867319,0.02476419423692636,0.08199999999999992,0.09802220248667852,0.06112500000000025,0.004940623229461757,0.00496,0.004992000207474295,0.009621621621621623,0.45990566037735847,0.375,0.38619337979094076,0.45956873315363883,0.8824701195219123,0.375,0.45990566037735847,0.48902087832973357,2.1826192794547223,2.1638554216867467,0.49514808362369345,2.1282868525896417,2.1300395256917,0.475,2.129166666666667,2.191970162351909,2.341309639727361,2.3319277108433734,0.6958171206225686,2.3141434262948204,2.31501976284585,0.4875,2.314583333333333,2.345985081175954,2.468261927945472,2.4663855421686742,0.939163424124514,2.462828685258964,2.46300395256917,0.4975,2.462916666666666,2.469197016235191,395.04201680671696,397.5294117647067,396.80672268907045,392.672268907562,396.4873949579837,116163936.80672269,28970078.655462183,0,12898407.260504201,18026530.42016807,3404335878.453781,2784751581.5798316,1023969572.5714285,4713893853.579832,3840919156.168067,0,0,0,0,0,15.092436974789916,3.865546218487395,5.563025210084033,0.40336134453781514,17.025210084033613,0,0,0,0,0,59581.31092436975,27742.655462184874,1064392.0672268907,27209.142857142855,73452.63865546219,1589.8823529411766,265.1932773109244,2822.705882352941,1769.109243697479,440.6890756302521,1793.0084033613443,376.5210084033613,1894.0672268907563,2155.310924369748,545.3949579831932,0,0,0,0,0,0,0,0,0,0,0,0,0,0,0,0,0,0,0,0
1693106370,0.49508014109783793,0.4705535818949539,0.3033272667879974,0.037142963265609355,1.6564253272775873,0.46760655584391336,0.17842804888928554,0.11349191937534008,0.17126513555635497,0.12966804979253121,0,0.06860749651245233,0.1284439021257467,0.39572766451185176,0.22489092789996823,3.354211838603887,6.465583973910524,50.016738030239395,0.4450153716153471,9.97484332888057,4.363978267985324,0.32865687394058385,0.6441434969130191,1.6375473342581734,0.924529253112034,0.00003463002758083933,0.30992348434605604,1.5195212018067774,2.142743498356535,1.098935314622408,2.0731480908471673,5.787809057307929,49.139017219655614,0.2785722244920698,7.872473060824653,3.413527857660583,0.3568560977785711,0.45396767750136136,1.5071331928959268,0.7455912863070552,0,0.11434582752075362,1.0917731680688416,1.0175854230304735,0.7196509692798989,50000,100000,50000,50000,50000,50000,10000,50000,50000,20000,50000,0,5541888,2162688,220594176,0,0,2027520,0,0,2973696,0,0,0,0,4325376,55.13955071477195,4.658480460760039,0,8.580024514355754,199.83970077477957,952.093708353791,0,0,210.24508040898118,2.1395228215767634,0,0,250.08027743882857,0,8.905680744838753,0,0,2162688,0,0,0,0,0,0,0,0,0,0,0,0,225292288,78274560,16809984,439984128,111808512,349663232,39907328,10924032,310304768,93900800,4952064,3993600,305532928,16125952,134160384,206942208,69746688,13111296,199913472,105160704,330350592,35684352,9596928,292233216,83804160,4055040,2568192,296153088,14868480,36900864,0,0,0,0,0,0,0,0,0,0,0,0,0,0,0,208748544,78016512,16564224,425287680,108834816,333185024,39714816,10792960,296431616,93585408,4796416,2912256,298344448,15745024,43204608,190636032,72474624,16564224,211992576,108834816,333185024,37687296,10792960,296431616,90611712,4796416,2912256,298344448,15745024,38744064,1073741824,1073741824,314572800,0,1073741824,1073741824,1073741824,314572800,1073741824,0,0,0,1073741824,314572800,2147483648,9.434599316993816,0,5.049513783566776,0,0,14.415508478387983,38294.77982320786,0,20856.383263449014,0,0,47922.99734628705,9.434599316993816,0,5.049513783566776,0,0,14.415508478387983,38294.77982320786,0,20856.383263449014,0,0,47922.99734628705,103.74318294496776,51.75370226032735,498.45079732297773,21.390537976620354,34.440377267747884,39.02605758404375,17.667672539667084,63.321630833098425,48.8387768858386,99.14518255808667,0,0,0,0,0,0,0,0,0,0,120332.2756569162,122035.95739153025,1591735.2515905148,99371.71797539628,335482.2187191065,548572.8848319125,3198.530127518738,9461.189554877892,595258.3287374636,125943.5274860183,0,0,0,0,0,0,0,0,0,0,123.62419434804163,42.63445050662509,483.3718912666281,29.04094497827284,48.06690357228739,56.29724947723982,15.574807748466853,76.72398329190477,64.38303000592357,132.88319010594282,0,0,0,0,0,0,0,0,0,0,24665.76598909271,7162.353858144972,148619.41254234486,6094.77324193647,12647.954685120367,6809.775615248512,2955.246763360264,10893.678087281858,14223.440978818147,25060.314645569048,0,0,0,0,0,0,0,0,0,0,52,28,68,8,6,2,6,86,0,0,0,0,0.009275914634146341,0.003976,0.03137678437265214,0.01609574468085106,0.0014759206798866855,0.003,0.003006555764935853,0.0032065912444663057,0.02163340448239061,0.040312500000000015,0.0730284191829485,0.02403617021276596,0.004304249291784703,0.0046,0.004627326738436622,0.00497186424003935,0.02337273212379936,0.047019230769230785,0.08691385435168739,0.0259375,0.004657790368271955,0.0048,0.004829923110124218,0.007410098522167481,0.02476419423692636,0.08199999999999992,0.09802220248667852,0.06112500000000025,0.004940623229461757,0.00496,0.004992000207474295,0.00961995073891625,0.45990566037735847,0.375,0.38619337979094076,0.45956873315363883,0.8824701195219123,0.375,0.45990566037735847,0.47316896301667866,2.1826192794547223,2.1638554216867467,0.49514808362369345,2.1282868525896417,2.1300395256917,0.475,2.129166666666667,2.178806682577566,2.341309639727361,2.3319277108433734,0.6958171206225686,2.3141434262948204,2.31501976284585,0.4875,2.314583333333333,2.3394033412887825,2.468261927945472,2.4663855421686742,0.939163424124514,2.462828685258964,2.46300395256917,0.4975,2.462916666666666,2.467880668257756,394.95798319327207,397.47899159665707,396.77310924369846,392.5042016806715,396.4537815126105,116163936.80672269,28970078.655462183,0,12898407.260504201,18026530.42016807,3404222567.2605042,2784799012.5714283,1084629680.4033613,4713893096.336134,3840966105.277311,0,0,0,0,0,15.07563025210084,3.865546218487395,5.563025210084033,0.40336134453781514,16.588235294117645,0,0,0,0,0,56810.48739495798,27742.655462184874,1064392.0672268907,27209.142857142855,71335.79831932773,1592.4873949579833,268.60504201680675,2826.890756302521,1769.6470588235293,440.45378151260496,1794.9579831932772,379.71428571428567,1897.1932773109243,2156.3697478991594,545.2773109243698,0,0,0,0,0,0,0,0,0,0,0,0,0,0,0,0,0,0,0,0
1693106371,0.5023510026926014,0.5382710733125207,0.3033272667879974,0.037142963265609355,1.6564253272775873,0.46760655584391336,0.1484978753480035,0.11349191937534008,0.15990131804372126,0.12966804979253124,0,0.06860749651245233,0.1284439021257467,0.4531768060425052,0.22489092789996823,3.31845957079131,7.396047887286038,50.016738030239395,0.4450153716153471,9.97484332888057,4.363978267985324,0.26878428344226035,0.6441434969130191,1.7475052927336254,0.9245292531120343,0.00004706017613649483,0.30992348434605604,1.5195212018067774,2.1982939075543215,1.098935314622408,2.0696861310934915,6.620734201744001,49.139017219655614,0.2785722244920698,7.872473060824653,3.413527857660583,0.27578176850343555,0.45396767750136136,1.6218562258720353,0.7455912863070554,0,0.11434582752075362,1.0917731680688416,0.9654636302644681,0.7196509692798989,50000,100000,50000,50000,50000,50000,10000,50000,50000,20000,50000,0,5541888,2162688,220594176,0,0,2027520,0,0,2973696,0,0,0,0,4325376,45.0910260016879,5.32888362579395,0,8.580024514355754,199.83970077477957,952.093708353791,0,0,229.1614318020879,2.139522821576764,0,0,250.08027743882857,0,8.905680744838753,0,0,2162688,0,0,0,0,0,0,0,0,0,0,0,0,225292288,78274560,16809984,439984128,111808512,349663232,39907328,10924032,310304768,93900800,4952064,3993600,305532928,16125952,134160384,207077376,69746688,13111296,199913472,105160704,330350592,35684352,9596928,292233216,83804160,4055040,2568192,296153088,14868480,36900864,0,0,0,0,0,0,0,0,0,0,0,0,0,0,0,208953344,78016512,16564224,425287680,108834816,333185024,39714816,10792960,296431616,93585408,4796416,2912256,298344448,15753216,43204608,190840832,72474624,16564224,211992576,108834816,333185024,37687296,10792960,296431616,90611712,4796416,2912256,298344448,15753216,38744064,1073741824,1073741824,314572800,0,1073741824,1073741824,1073741824,314572800,1073741824,0,0,0,1073741824,314572800,2147483648,10.792335019916031,0,3.8609447590480874,0,0,14.415508478387983,43805.79179674885,0,14587.073579327525,0,0,47922.99734628705,10.792335019916031,0,3.8609447590480874,0,0,14.415508478387983,43805.79179674885,0,14587.073579327525,0,0,47922.99734628705,103.74318294496776,51.75370226032735,498.45079732297773,21.390537976620354,34.440377267747884,39.02605758404375,17.667672539667084,63.321630833098425,48.8387768858386,99.14518255808667,0,0,0,0,0,0,0,0,0,0,120332.2756569162,122035.95739153025,1591735.2515905148,99371.71797539628,335482.2187191065,548572.8848319125,3198.530127518738,9461.189554877892,595258.3287374636,125943.5274860183,0,0,0,0,0,0,0,0,0,0,123.62419434804163,42.63445050662509,483.3718912666281,29.04094497827284,48.06690357228739,56.29724947723982,15.574807748466853,76.72398329190477,64.38303000592357,132.88319010594282,0,0,0,0,0,0,0,0,0,0,24665.76598909271,7162.353858144972,148619.41254234486,6094.77324193647,12647.954685120367,6809.775615248512,2955.246763360264,10893.678087281858,14223.440978818147,25060.314645569048,0,0,0,0,0,0,0,0,0,0,30,14,42,8,10,2,10,70,0,0,0,0,0.009275914634146341,0.003976,0.03137678437265214,0.01609574468085106,0.0014759206798866855,0.003,0.003006555764935853,0.003198408984557791,0.02163340448239061,0.040312500000000015,0.0730284191829485,0.02403617021276596,0.004304249291784703,0.0046,0.004627326738436622,0.004957136172204024,0.02337273212379936,0.047019230769230785,0.08691385435168739,0.0259375,0.004657790368271955,0.0048,0.004829923110124218,0.007306097560975607,0.02476419423692636,0.08199999999999992,0.09802220248667852,0.06112500000000025,0.004940623229461757,0.00496,0.004992000207474295,0.009597804878048783,0.45990566037735847,0.375,0.38619337979094076,0.45956873315363883,0.8824701195219123,0.375,0.45990566037735847,0.4906407487401008,2.1826192794547223,2.1638554216867467,0.49514808362369345,2.1282868525896417,2.1300395256917,0.475,2.129166666666667,2.19320853286896,2.341309639727361,2.3319277108433734,0.6958171206225686,2.3141434262948204,2.31501976284585,0.4875,2.314583333333333,2.3466042664344795,2.468261927945472,2.4663855421686742,0.939163424124514,2.462828685258964,2.46300395256917,0.4975,2.462916666666666,2.469320853286896,395.0084033613366,397.4621848739421,396.77310924370266,392.68907563025954,396.4537815126033,99569285.37815125,28970078.655462183,0,12898407.260504201,18026530.42016807,3404148495.0588236,2841692314.890756,1084620318.117647,4621536626.016807,3762647280.9411764,0,0,0,0,0,15.07563025210084,3.865546218487395,5.008403361344538,0.40336134453781514,16.621848739495796,0,0,0,0,0,56741.647058823524,27742.655462184874,923338.218487395,27209.142857142855,71559.5294117647,1587.1596638655462,269.10924369747903,2825.781512605042,1764.8067226890753,439.15966386554624,1789.3781512605042,380.2857142857142,1896.9243697478992,2152.0168067226887,544,0,0,0,0,0,0,0,0,0,0,0,0,0,0,0,0,0,0,0,0
1693106372,0.5023510026926014,0.5382710733125207,0.3033272667879974,0.026587259385302583,1.6564253272775873,0.46760655584391336,0.1515146226049183,0.11349191937534008,0.15990131804372126,0.12966804979253124,0,0.06860749651245233,0.1284439021257467,0.46251000952257276,0.22489092789996823,3.31845957079131,7.396047887286038,50.016738030239395,0.45009306072530086,9.97484332888057,4.363978267985324,0.2742446595444505,0.6441434969130191,1.7475052927336254,0.9245292531120343,0.00004706017613649483,0.30992348434605604,1.5195212018067774,2.2435679023277277,1.098935314622408,2.0696861310934915,6.620734201744001,49.139017219655614,0.23928533446772263,7.872473060824653,3.413527857660583,0.28138429912342017,0.45396767750136136,1.6218562258720353,0.7455912863070554,0,0.11434582752075362,1.0917731680688416,0.9853474115915686,0.7196509692798989,50000,100000,50000,50000,50000,50000,10000,50000,50000,20000,50000,0,5541888,2162688,220594176,0,0,2027520,0,0,2973696,0,0,0,0,4325376,45.0910260016879,5.32888362579395,0,7.019036477719876,199.83970077477957,952.093708353791,0,0,229.1614318020879,2.139522821576764,0,0,250.08027743882857,0,8.905680744838753,0,0,2162688,0,0,0,0,0,0,0,0,0,0,0,0,225292288,78274560,16809984,439984128,111808512,349663232,39907328,10924032,310304768,93900800,4952064,3993600,305532928,16125952,134160384,207077376,69746688,13111296,199913472,105160704,330350592,35684352,9596928,292233216,83804160,4055040,2568192,296153088,14868480,36900864,0,0,0,0,0,0,0,0,0,0,0,0,0,0,0,208953344,78016512,16564224,425287680,108834816,333185024,39714816,10792960,296431616,93585408,4796416,2912256,298344448,15753216,43204608,190840832,72474624,16564224,211992576,108834816,333185024,37687296,10792960,296431616,90611712,4796416,2912256,298344448,15753216,38744064,1073741824,1073741824,314572800,0,1073741824,1073741824,1073741824,314572800,1073741824,0,0,0,1073741824,314572800,2147483648,10.792335019916031,0,3.9393801877278727,0,0,14.415508478387983,43805.79179674885,0,14883.41124815763,0,0,47922.99734628705,10.792335019916031,0,3.9393801877278727,0,0,14.415508478387983,43805.79179674885,0,14883.41124815763,0,0,47922.99734628705,103.74318294496776,51.4432911584211,498.45079732297773,21.390537976620354,34.440377267747884,39.02605758404375,17.550702028081123,63.321630833098425,48.8387768858386,99.14518255808667,0,0,0,0,0,0,0,0,0,0,120332.2756569162,122361.44783695735,1591735.2515905148,99371.71797539628,335482.2187191065,548572.8848319125,3183.638845553822,9461.189554877892,595258.3287374636,125943.5274860183,0,0,0,0,0,0,0,0,0,0,123.62419434804163,42.124403363891204,483.3718912666281,29.04094497827284,48.06690357228739,56.29724947723982,15.425117004680187,76.72398329190477,64.38303000592357,132.88319010594282,0,0,0,0,0,0,0,0,0,0,24665.76598909271,7027.824077581635,148619.41254234486,6094.77324193647,12647.954685120367,6809.775615248512,2934.2238689547585,10893.678087281858,14223.440978818147,25060.314645569048,0,0,0,0,0,0,0,0,0,0,40,18,56,2,2,2,2,30,0,0,0,0,0.009248971193415638,0.003954787234042553,0.031183912386706945,0.01609375,0.001553314121037464,0.003,0.0030000537928195695,0.0031983625730994153,0.02161184210526316,0.04001201923076922,0.0723112338858195,0.02396875,0.004319884726224784,0.0046,0.0046161991932932,0.004957052631578947,0.02336348684210526,0.0466887019230769,0.08656998158379373,0.024953125,0.004665706051873199,0.0048,0.004818217368352404,0.007294296116504854,0.024764802631578944,0.08016071428571425,0.09797697974217312,0.060625,0.004942363112391931,0.00496,0.0049798319083997665,0.009575364077669903,0.4606666666666665,0.3739583333333334,0.38588101088101084,0.46,0.8725490196078431,0.375,0.4551369863013698,0.4905234657039711,2.1824055666003974,2.163333333333333,0.4945858195858196,2.1294117647058823,2.117021276595745,0.475,2.1160256410256406,2.1931432303003917,2.3412027833001985,2.331666666666666,0.6878024193548383,2.3147058823529414,2.3085106382978724,0.4875,2.3080128205128205,2.3465716151501956,2.4682405566600396,2.4663333333333335,0.9375604838709676,2.462941176470588,2.4617021276595747,0.4975,2.4616025641025643,2.4693143230300394,395.09243697480133,397.4621848739481,396.80672268906244,392.82352941175,396.5210084033515,116164074.48739496,28970078.655462183,0,12898407.260504201,18026530.42016807,3404152212.4369745,2898551610.0840335,1084614329.0084033,4714092182.588235,3841029989.1092434,0,0,0,0,0,15.512605042016807,3.865546218487395,5.008403361344538,0.40336134453781514,16.53781512605042,0,0,0,0,0,61637.91596638655,27742.655462184874,923338.218487395,27209.142857142855,71404.63865546219,1580.873949579832,268.3361344537815,2825.563025210084,1753.764705882353,436.1344537815126,1783.546218487395,379.5966386554622,1896.890756302521,2141.5798319327732,540.9579831932773,0,0,0,0,0,0,0,0,0,0,0,0,0,0,0,0,0,0,0,0
1693106373,0.5023510026926014,0.5382710733125207,0.3033272667879974,0.026587259385302583,1.598426165006763,0.46760655584391336,0.15453136986183313,0.11349191937534008,0.15990131804372126,0.12966804979253124,0,0.06860749651245233,0.1284439021257467,0.47184321300264026,0.22489092789996823,3.31845957079131,7.396047887286038,50.016738030239395,0.45009306072530086,9.99575843108325,4.363978267985324,0.2797050356466407,0.6441434969130191,1.7475052927336254,0.9245292531120343,0.00004706017613649483,0.30992348434605604,1.5195212018067774,2.288841897101134,1.098935314622408,2.0696861310934915,6.620734201744001,49.139017219655614,0.23928533446772263,7.7708102791097895,3.413527857660583,0.28698682974340484,0.45396767750136136,1.6218562258720353,0.7455912863070554,0,0.11434582752075362,1.0917731680688416,1.0052311929186688,0.7196509692798989,50000,100000,50000,50000,50000,50000,10000,50000,50000,20000,50000,0,5541888,2162688,220594176,0,0,2027520,0,0,2973696,0,0,0,0,4325376,45.0910260016879,5.32888362579395,0,7.019036477719876,196.38509774990777,952.093708353791,0,0,229.1614318020879,2.139522821576764,0,0,250.08027743882857,0,8.905680744838753,0,0,2162688,0,0,0,0,0,0,0,0,0,0,0,0,225292288,78274560,16809984,439984128,111808512,349663232,39907328,10924032,310304768,93900800,4952064,3993600,305532928,16125952,134160384,207077376,69746688,13111296,199913472,105160704,330350592,35684352,9596928,292233216,83804160,4055040,2568192,296153088,14868480,36900864,0,0,0,0,0,0,0,0,0,0,0,0,0,0,0,208953344,78016512,16564224,425287680,108834816,333185024,39714816,10792960,296431616,93585408,4796416,2912256,298344448,15753216,43204608,190840832,72474624,16564224,211992576,108834816,333185024,37687296,10792960,296431616,90611712,4796416,2912256,298344448,15753216,38744064,1073741824,1073741824,314572800,0,1073741824,1073741824,1073741824,314572800,1073741824,0,0,0,1073741824,314572800,2147483648,10.792335019916031,0,4.017815616407658,0,0,14.415508478387983,43805.79179674885,0,15179.748916987735,0,0,47922.99734628705,10.792335019916031,0,4.017815616407658,0,0,14.415508478387983,43805.79179674885,0,15179.748916987735,0,0,47922.99734628705,103.74318294496776,51.4432911584211,498.45079732297773,21.390537976620354,34.440377267747884,39.02605758404375,17.550702028081126,63.321630833098425,48.8387768858386,99.14518255808667,0,0,0,0,0,0,0,0,0,0,120332.2756569162,122361.44783695735,1591735.2515905148,99371.71797539628,335482.2187191065,548572.8848319125,3183.6388455538226,9461.189554877892,595258.3287374636,125943.5274860183,0,0,0,0,0,0,0,0,0,0,123.62419434804163,42.124403363891204,483.3718912666281,29.04094497827284,48.06690357228739,56.29724947723982,15.42511700468019,76.72398329190477,64.38303000592357,132.88319010594282,0,0,0,0,0,0,0,0,0,0,24665.76598909271,7027.824077581635,148619.41254234486,6094.77324193647,12647.954685120367,6809.775615248512,2934.223868954759,10893.678087281858,14223.440978818147,25060.314645569048,0,0,0,0,0,0,0,0,0,0,50,32,74,14,18,2,14,118,0,0,0,0,0.009248971193415638,0.003954787234042553,0.031183912386706945,0.01609375,0.0014985994397759103,0.003,0.003000051367440724,0.0031983625730994153,0.02161184210526316,0.04001201923076922,0.0723112338858195,0.02396875,0.004308683473389356,0.0046,0.004615468813643192,0.004957052631578947,0.02336348684210526,0.0466887019230769,0.08656998158379373,0.024953125,0.004659943977591036,0.0048,0.004817395994418501,0.007294296116504854,0.024764802631578944,0.08016071428571425,0.09797697974217312,0.060625,0.00494095238095238,0.00496,0.004978937739038748,0.009575364077669903,0.4606666666666665,0.3739583333333334,0.38588101088101084,0.46,0.8794117647058823,0.375,0.459,0.4905234657039711,2.1824055666003974,2.163333333333333,0.4945858195858196,2.1294117647058823,2.126785714285714,0.475,2.126785714285714,2.1931432303003917,2.3412027833001985,2.331666666666666,0.6878024193548383,2.3147058823529414,2.313392857142857,0.4875,2.313392857142857,2.3465716151501956,2.4682405566600396,2.4663333333333335,0.9375604838709676,2.462941176470588,2.4626785714285715,0.4975,2.4626785714285715,2.4693143230300394,395.0084033613529,397.41176470588357,396.80672268907153,392.82352941177277,396.5210084033627,116164074.48739496,28970078.655462183,0,12898407.260504201,18026530.42016807,3404108843.02521,2955358448.9411764,1084636977.4789915,4898988858.084033,3762670204.773109,0,0,0,0,0,15.596638655462185,3.277310924369748,5.563025210084033,0.40336134453781514,16.621848739495796,0,0,0,0,0,61904.67226890756,24231.79831932773,1064392.0672268907,27209.142857142855,71697.2100840336,1591.2436974789914,267.1428571428571,2827.63025210084,1764.252100840336,438.25210084033614,1792.6722689075627,378.3361344537815,1898.705882352941,2153.0252100840335,543.0756302521008,0,0,0,0,0,0,0,0,0,0,0,0,0,0,0,0,0,0,0,0
1693106374,0.5023510026926014,0.5382710733125207,0.3033272667879974,0.026587259385302583,1.598426165006763,0.46760655584391336,0.15754811711874794,0.11349191937534008,0.15990131804372126,0.10951547372060866,0,0.06860749651245233,0.1284439021257467,0.48117641648270776,0.22489092789996823,3.31845957079131,7.396047887286038,50.016738030239395,0.45009306072530086,9.99575843108325,4.363978267985324,0.28516541174883087,0.6441434969130191,1.7475052927336254,0.7808419983575389,0.00004706017613649483,0.30992348434605604,1.5195212018067774,2.3341158918745397,1.098935314622408,2.0696861310934915,6.620734201744001,49.139017219655614,0.23928533446772263,7.7708102791097895,3.413527857660583,0.2925893603633895,0.45396767750136136,1.6218562258720353,0.6297139738935005,0,0.11434582752075362,1.0917731680688416,1.0251149742457693,0.7196509692798989,50000,100000,50000,50000,50000,50000,10000,50000,50000,20000,50000,0,5541888,2162688,220594176,0,0,2027520,0,0,2973696,0,0,0,0,4325376,45.0910260016879,5.32888362579395,0,7.019036477719876,196.38509774990777,952.093708353791,0,0,229.1614318020879,1.8070053163900415,0,0,250.08027743882857,0,8.905680744838753,0,0,2162688,0,0,0,0,0,0,0,0,0,0,0,0,225292288,78274560,16809984,439984128,111808512,349663232,39907328,10924032,310304768,93900800,4952064,3993600,305532928,16125952,134160384,207077376,69746688,13111296,199913472,105160704,330350592,35684352,9596928,292233216,83804160,4055040,2568192,296153088,14868480,36900864,0,0,0,0,0,0,0,0,0,0,0,0,0,0,0,208953344,78016512,16564224,425287680,108834816,333185024,39714816,10792960,296431616,93585408,4796416,2912256,298344448,15753216,43204608,190840832,72474624,16564224,211992576,108834816,333185024,37687296,10792960,296431616,90611712,4796416,2912256,298344448,15753216,38744064,1073741824,1073741824,314572800,0,1073741824,1073741824,1073741824,314572800,1073741824,0,0,0,1073741824,314572800,2147483648,10.792335019916031,0,4.096251045087443,0,0,14.415508478387983,43805.79179674885,0,15476.08658581784,0,0,47922.99734628705,10.792335019916031,0,4.096251045087443,0,0,14.415508478387983,43805.79179674885,0,15476.08658581784,0,0,47922.99734628705,103.74318294496776,51.4432911584211,502.0893603342977,21.390537976620354,34.440377267747884,39.02605758404375,17.550702028081126,63.321630833098425,48.8387768858386,99.14518255808667,0,0,0,0,0,0,0,0,0,0,120332.2756569162,122361.44783695735,1586933.911925426,99371.71797539628,335482.2187191065,548572.8848319125,3183.6388455538226,9461.189554877892,595258.3287374636,125943.5274860183,0,0,0,0,0,0,0,0,0,0,123.62419434804163,42.124403363891204,485.8566377370621,29.04094497827284,48.06690357228739,56.29724947723982,15.42511700468019,76.72398329190477,64.38303000592357,132.88319010594282,0,0,0,0,0,0,0,0,0,0,24665.76598909271,7027.824077581635,149079.4599807136,6094.77324193647,12647.954685120367,6809.775615248512,2934.223868954759,10893.678087281858,14223.440978818147,25060.314645569048,0,0,0,0,0,0,0,0,0,0,16,14,40,6,6,2,6,32,0,0,0,0,0.009248971193415638,0.003954787234042553,0.031183912386706945,0.01609375,0.0014985994397759103,0.003,0.003000051367440724,0.0031983625730994153,0.02161184210526316,0.04001201923076922,0.0723112338858195,0.02396875,0.004308683473389356,0.0046,0.004615468813643192,0.004957052631578947,0.02336348684210526,0.0466887019230769,0.08656998158379373,0.024953125,0.004659943977591036,0.0048,0.004817395994418501,0.007294296116504854,0.024764802631578944,0.08016071428571425,0.09797697974217312,0.060625,0.00494095238095238,0.00496,0.004978937739038748,0.009575364077669903,0.4606666666666665,0.3739583333333334,0.38588101088101084,0.46,0.8794117647058823,0.375,0.459,0.4905234657039711,2.1824055666003974,2.163333333333333,0.4945858195858196,2.1294117647058823,2.126785714285714,0.475,2.126785714285714,2.1931432303003917,2.3412027833001985,2.331666666666666,0.6878024193548383,2.3147058823529414,2.313392857142857,0.4875,2.313392857142857,2.3465716151501956,2.4682405566600396,2.4663333333333335,0.9375604838709676,2.462941176470588,2.4626785714285715,0.4975,2.4626785714285715,2.4693143230300394,395.02521008403824,397.46218487394043,396.9075630252125,392.7058823529497,396.57142857142406,116164005.64705881,28970078.655462183,0,12898407.260504201,18026530.42016807,3333085510.9915967,2955333459.8991594,1145372603.159664,4806610221.176471,3762721008.9411764,0,0,0,0,0,15.546218487394958,3.277310924369748,5.563025210084033,0.3361344537815126,16.621848739495796,0,0,0,0,0,61723.96638655462,24231.79831932773,1064392.0672268907,26589.579831932773,71680,1591.5126050420167,268.6386554621849,2827.2100840336134,1762.0840336134454,437.1428571428571,1794.285714285714,379.79831932773106,1898.1512605042017,2151.428571428571,541.9495798319327,0,0,0,0,0,0,0,0,0,0,0,0,0,0,0,0,0,0,0,0
1693106375,0.5023510026926014,0.4673060130859682,0.3033272667879974,0.026587259385302583,1.598426165006763,0.46760655584391336,0.18100483541488913,0.11349191937534008,0.15990131804372126,0.10275169026530448,0,0.06860749651245233,0.1284439021257467,0.5599922088040513,0.22489092789996823,3.31845957079131,6.420961151657231,50.016738030239395,0.45009306072530086,9.99575843108325,4.363978267985324,0.32762256613141055,0.6441434969130191,1.7475052927336254,0.9638782680175074,0.00004706017613649483,0.30992348434605604,1.5195212018067774,2.7164396864043625,1.098935314622408,2.0696861310934915,5.747863960957407,49.139017219655614,0.23928533446772263,7.7708102791097895,3.413527857660583,0.3361518371990804,0.45396767750136136,1.6218562258720353,0.7603625079632579,0,0.11434582752075362,1.0917731680688416,1.1930268796260228,0.7196509692798989,50000,100000,50000,50000,50000,50000,10000,50000,50000,20000,50000,0,5541888,2162688,220594176,0,0,2027520,0,0,2973696,0,0,0,0,4325376,45.0910260016879,4.626329529551081,0,7.019036477719876,196.38509774990777,952.093708353791,0,0,229.1614318020879,2.712644623004048,0,0,250.08027743882857,0,8.905680744838753,0,0,2162688,0,0,0,0,0,0,0,0,0,0,0,0,225292288,78274560,16809984,439984128,111808512,349663232,39907328,10924032,310304768,93900800,4952064,3993600,305532928,16125952,134160384,207077376,69746688,13111296,199913472,105160704,330350592,35684352,9596928,292233216,83939328,4055040,2568192,296153088,14868480,36900864,0,0,0,0,0,0,0,0,0,0,0,0,0,0,0,208953344,78016512,16564224,425287680,108834816,333185024,39714816,10792960,296431616,93614080,4796416,2912256,298344448,15753216,43204608,190840832,72474624,16564224,211992576,108834816,333185024,37687296,10792960,296431616,90640384,4796416,2912256,298344448,15753216,38744064,1073741824,1073741824,314572800,0,1073741824,1073741824,1073741824,314572800,1073741824,0,0,0,1073741824,314572800,2147483648,9.369485562373654,0,4.706125720787113,0,0,14.415508478387983,38030.48487936747,0,17780.260129806327,0,0,47922.99734628705,9.369485562373654,0,4.706125720787113,0,0,14.415508478387983,38030.48487936747,0,17780.260129806327,0,0,47922.99734628705,103.74318294496776,51.4432911584211,502.0893603342977,21.390537976620354,34.440377267747884,39.02605758404375,17.550702028081126,63.321630833098425,48.8387768858386,99.14518255808667,0,0,0,0,0,0,0,0,0,0,120332.2756569162,122361.44783695735,1586933.911925426,99371.71797539628,335482.2187191065,548572.8848319125,3183.6388455538226,9461.189554877892,595258.3287374636,125943.5274860183,0,0,0,0,0,0,0,0,0,0,123.62419434804163,42.124403363891204,485.8566377370621,29.04094497827284,48.06690357228739,56.29724947723982,15.42511700468019,76.72398329190477,64.38303000592357,132.88319010594282,0,0,0,0,0,0,0,0,0,0,24665.76598909271,7027.824077581635,149079.4599807136,6094.77324193647,12647.954685120367,6809.775615248512,2934.223868954759,10893.678087281858,14223.440978818147,25060.314645569048,0,0,0,0,0,0,0,0,0,0,44,20,66,2,4,2,2,58,0,0,0,0,0.009248971193415638,0.003954787234042553,0.031183912386706945,0.01609375,0.0014985994397759103,0.003,0.003000051367440724,0.003204651162790698,0.02161184210526316,0.04001201923076922,0.0723112338858195,0.02396875,0.004308683473389356,0.0046,0.004615468813643192,0.004968372093023257,0.02336348684210526,0.0466887019230769,0.08656998158379373,0.024953125,0.004659943977591036,0.0048,0.004817395994418501,0.007374999999999994,0.024764802631578944,0.08016071428571425,0.09797697974217312,0.060625,0.00494095238095238,0.00496,0.004978937739038748,0.00959322660098522,0.4606666666666665,0.3739583333333334,0.38588101088101084,0.46,0.8794117647058823,0.375,0.459,0.47445454545454546,2.1824055666003974,2.163333333333333,0.4945858195858196,2.1294117647058823,2.126785714285714,0.475,2.126785714285714,2.1800331596399816,2.3412027833001985,2.331666666666666,0.6878024193548383,2.3147058823529414,2.313392857142857,0.4875,2.313392857142857,2.34001657981999,2.4682405566600396,2.4663333333333335,0.9375604838709676,2.462941176470588,2.4626785714285715,0.4975,2.4626785714285715,2.468003315963998,394.90756302522965,397.4117647058645,396.8907563025056,392.5378151260603,396.4705882352874,116164074.48739496,38626519.12605042,0,12898407.260504201,18026530.42016807,3333091362.420168,2955319691.8319325,1146770061.9831932,4806685532.504202,3841179510.3193274,0,0,0,0,0,15.663865546218487,3.277310924369748,5.563025210084033,0.3361344537815126,16.655462184873947,0,0,0,0,0,62085.3781512605,24231.79831932773,1064392.0672268907,26589.579831932773,71774.65546218488,1598.6554621848738,268.25210084033614,2823.226890756302,1771.6974789915964,439.0084033613445,1800.8235294117646,379.563025210084,1894.857142857143,2161.8655462184875,543.7983193277311,0,0,0,0,0,0,0,0,0,0,0,0,0,0,0,0,0,0,0,0
1693106376,0.5023510026926014,0.46124574789076206,0.3033272667879974,0.026587259385302583,1.598426165006763,0.46760655584391336,0.18100483541488913,0.18055249062130135,0.15990131804372126,0.10275169026530448,0,0.06860749651245233,0.1284439021257467,0.5599922088040513,0.22489092789996823,3.31845957079131,7.333511235177674,50.016738030239395,0.45009306072530086,9.99575843108325,4.363978267985324,0.32762256613141055,0.647827694745922,1.7475052927336254,0.9638782680175074,0.00004706017613649483,0.30992348434605604,1.5195212018067774,2.7164396864043625,1.098935314622408,2.0696861310934915,6.553533334614571,49.139017219655614,0.23928533446772263,7.7708102791097895,3.413527857660583,0.3361518371990804,0.42128914478303603,1.6218562258720353,0.7603625079632579,0,0.11434582752075362,1.0917731680688416,1.1930268796260228,0.7196509692798989,50000,100000,50000,50000,50000,50000,10000,50000,50000,20000,50000,0,5677056,2162688,220594176,0,0,2027520,0,0,2973696,0,0,0,0,4325376,45.0910260016879,3.805277420098783,0,7.019036477719876,196.38509774990777,952.093708353791,0,0,229.1614318020879,2.712644623004048,0,0,250.08027743882857,0,8.905680744838753,0,0,2162688,0,0,0,0,0,0,0,0,0,0,0,0,225292288,78385152,16809984,439984128,111808512,349663232,39907328,10924032,310304768,93900800,4952064,3993600,305532928,16125952,134160384,207077376,69746688,13111296,199913472,105160704,330350592,35684352,9596928,292233216,83939328,4055040,2568192,296153088,14868480,36900864,0,0,0,0,0,0,0,0,0,0,0,0,0,0,0,208953344,78143488,16564224,425287680,108834816,333185024,39714816,10534912,296431616,93614080,4796416,2912256,298344448,15753216,43204608,190840832,72466432,16564224,211992576,108834816,333185024,37687296,10534912,296431616,90640384,4796416,2912256,298344448,15753216,38744064,1073741824,1073741824,314572800,0,1073741824,1073741824,1073741824,314572800,1073741824,0,0,0,1073741824,314572800,2147483648,10.570215055829953,0,4.706125720787113,0,0,14.415508478387983,41642.496108239,0,17780.260129806327,0,0,47922.99734628705,10.570215055829953,0,4.706125720787113,0,0,14.415508478387983,41642.496108239,0,17780.260129806327,0,0,47922.99734628705,103.74318294496776,51.4432911584211,502.0893603342977,21.390537976620354,34.440377267747884,39.02605758404375,17.550702028081126,63.321630833098425,49.42642685172073,99.14518255808667,0,0,0,0,0,0,0,0,0,0,120332.2756569162,122361.44783695735,1586933.911925426,99371.71797539628,335482.2187191065,548572.8848319125,3183.6388455538226,9461.189554877892,598248.2084690555,125943.5274860183,0,0,0,0,0,0,0,0,0,0,123.62419434804163,42.124403363891204,485.8566377370621,29.04094497827284,48.06690357228739,56.29724947723982,15.42511700468019,76.72398329190477,64.46678940659964,132.88319010594282,0,0,0,0,0,0,0,0,0,0,24665.76598909271,7027.824077581635,149079.4599807136,6094.77324193647,12647.954685120367,6809.775615248512,2934.223868954759,10893.678087281858,14370.117547089649,25060.314645569048,0,0,0,0,0,0,0,0,0,0,26,8,42,6,8,2,6,58,0,0,0,0,0.009248971193415638,0.003954787234042553,0.031183912386706945,0.01609375,0.0014985994397759103,0.003,0.003000051367440724,0.0032006594441827602,0.02161184210526316,0.04001201923076922,0.0723112338858195,0.02396875,0.004308683473389356,0.0046,0.004615468813643192,0.0049611869995289685,0.02336348684210526,0.0466887019230769,0.08656998158379373,0.024953125,0.004659943977591036,0.0048,0.004817395994418501,0.007340632603406325,0.024764802631578944,0.08016071428571425,0.09797697974217312,0.060625,0.00494095238095238,0.00496,0.004978937739038748,0.009614111922141119,0.4606666666666665,0.3739583333333334,0.38588101088101084,0.46,0.8794117647058823,0.375,0.459,0.488086642599278,2.1824055666003974,2.163333333333333,0.4945858195858196,2.1294117647058823,2.126785714285714,0.475,2.126785714285714,2.1912775330396475,2.3412027833001985,2.331666666666666,0.6878024193548383,2.3147058823529414,2.313392857142857,0.4875,2.313392857142857,2.3456387665198237,2.4682405566600396,2.4663333333333335,0.9375604838709676,2.462941176470588,2.4626785714285715,0.4975,2.4626785714285715,2.4691277533039653,394.87394957981746,397.3949579831992,396.80672268908256,392.62184873949775,396.45378151260184,116164074.48739496,38626656.806722686,0,12898407.260504201,18026530.42016807,3333105130.487395,3012130248.067227,1148149622.3193276,4899148911.865546,3762968145.747899,0,0,0,0,0,15.563025210084033,3.277310924369748,5.512605042016807,0.48739495798319327,16.60504201680672,0,0,0,0,0,61792.80672268907,24231.79831932773,1064185.5462184874,44143.86554621848,71533.71428571429,1594.941176470588,268.1512605042017,2825.361344537815,1766.5546218487395,438.52100840336135,1796.890756302521,379.42857142857144,1896.487394957983,2156.5042016806724,543.344537815126,0,0,0,0,0,0,0,0,0,0,0,0,0,0,0,0,0,0,0,0
1693106377,0.5023510026926014,0.46124574789076206,0.3033272667879974,0.026587259385302583,1.598426165006763,0.43237789828309986,0.18100483541488913,0.18055249062130135,0.1599013180437212,0.10275169026530448,0,0.06860749651245233,0.1284439021257467,0.5599922088040513,0.22489092789996823,3.31845957079131,7.333511235177674,50.016738030239395,0.45009306072530086,9.99575843108325,3.872646392346899,0.32762256613141055,0.647827694745922,1.747505292733625,0.9638782680175074,0.00004706017613649483,0.30992348434605604,1.5195212018067774,2.7164396864043625,1.098935314622408,2.0696861310934915,6.553533334614571,49.139017219655614,0.23928533446772263,7.7708102791097895,3.0266452879817085,0.3361518371990804,0.42128914478303603,1.6218562258720353,0.7603625079632579,0,0.11434582752075362,1.0917731680688416,1.1930268796260228,0.7196509692798989,50000,100000,50000,50000,50000,50000,10000,50000,50000,20000,50000,0,5677056,2162688,220594176,0,0,2027520,0,0,2973696,0,0,0,0,4325376,45.0910260016879,3.805277420098783,0,7.019036477719876,196.38509774990777,793.0891599257751,0,0,229.16143180208783,2.712644623004048,0,0,250.08027743882857,0,8.905680744838753,0,0,2162688,0,0,0,0,0,0,0,0,0,0,0,0,225292288,78385152,16809984,439984128,111808512,349663232,39907328,10924032,310304768,93900800,4952064,3993600,305532928,16125952,134160384,207077376,69746688,13111296,199913472,105160704,330485760,35684352,9596928,292233216,83939328,4055040,2568192,296153088,14868480,36900864,0,0,0,0,0,0,0,0,0,0,0,0,0,0,0,208953344,78143488,16564224,425287680,108834816,333062144,39714816,10534912,296431616,93614080,4796416,2912256,298344448,15753216,43204608,190840832,72466432,16564224,211992576,108834816,333062144,37687296,10534912,296431616,90640384,4796416,2912256,298344448,15753216,38744064,1073741824,1073741824,314572800,0,1073741824,1073741824,1073741824,314572800,1073741824,0,0,0,1073741824,314572800,2147483648,10.570215055829953,0,4.706125720787113,0,0,14.415508478387983,41642.496108239,0,17780.260129806327,0,0,47922.99734628705,10.570215055829953,0,4.706125720787113,0,0,14.415508478387983,41642.496108239,0,17780.260129806327,0,0,47922.99734628705,103.74318294496776,51.4432911584211,491.96183792082473,17.73792536262929,34.63952078727805,31.91276450032911,17.550702028081126,63.321630833098425,49.42642685172073,99.14518255808667,0,0,0,0,0,0,0,0,0,0,120332.2756569162,122361.44783695735,1584943.5683737253,82403.16903344757,337252.9950795123,451536.6770890444,3183.6388455538226,9461.189554877892,598248.2084690555,125943.5274860183,0,0,0,0,0,0,0,0,0,0,123.62419434804163,42.124403363891204,476.82859962715213,24.081961615357933,47.86778863296014,45.49712335927518,15.42511700468019,76.72398329190477,64.46678940659964,132.88319010594282,0,0,0,0,0,0,0,0,0,0,24665.76598909271,7027.824077581635,146625.90196293456,5054.039921098802,12696.712543678244,5486.823520830913,2934.223868954759,10893.678087281858,14370.117547089649,25060.314645569048,0,0,0,0,0,0,0,0,0,0,38,8,50,18,18,2,18,120,0,0,0,0,0.009340602284527518,0.003972477064220184,0.03146770682148041,0.016111702127659576,0.001530612244897959,0.003,0.0030000542502290964,0.0032015101462954227,0.02168336886993603,0.040091743119266054,0.07185082872928178,0.024064893617021275,0.004306122448979591,0.0046,0.0046163369377990515,0.0049627182633317606,0.023397654584221748,0.046594036697247716,0.08633977900552486,0.02701086956521739,0.004653061224489796,0.0048,0.004818372273745295,0.007368581907090464,0.02476908315565032,0.07900000000000001,0.09793093922651935,0.06885000000000001,0.0049306122448979596,0.00496,0.0049800005425022905,0.009649755501222497,0.46102150537634407,0.375,0.385506372717878,0.45878016085790885,0.8720238095238095,0.375,0.4556786703601108,0.4886611030478955,2.18284023668639,2.164497041420118,0.49391147089218057,2.1262,2.116952789699571,0.475,2.1175965665236047,2.191740088105727,2.341420118343195,2.332248520710059,0.6775614754098361,2.3131000000000004,2.3084763948497855,0.4875,2.308798283261803,2.3458700440528633,2.4682840236686387,2.4664497041420117,0.9355122950819675,2.46262,2.461695278969957,0.4975,2.4617596566523607,2.4691740088105725,394.8739495798482,397.3613445378084,396.823529411759,392.60504201680806,396.4201680672195,116164074.48739496,38626656.806722686,0,12898407.260504201,18026530.42016807,3333117728.2689075,2955298902.05042,1208894266.0840335,4899149600.268908,3841291926.588235,0,0,0,0,0,15.294117647058822,3.277310924369748,5.428571428571428,0.48739495798319327,16.235294117647058,0,0,0,0,0,58781.04201680672,24231.79831932773,1063669.243697479,44143.86554621848,67850.75630252101,1591.2100840336132,268.43697478991595,2824.3193277310925,1766.5210084033613,436.75630252100837,1793.5126050420165,379.6470588235294,1896.067226890756,2157.0420168067226,541.3949579831933,0,0,0,0,0,0,0,0,0,0,0,0,0,0,0,0,0,0,0,0
1693106378,0.5023510026926014,0.46124574789076206,0.25832866675999794,0.026587259385302583,1.598426165006763,0.43237789828309986,0.18100483541488913,0.18055249062130135,0.1599013180437212,0.10275169026530448,0,0.06860749651245233,0.1284439021257467,0.5599922088040513,0.2520025200252001,3.31845957079131,7.333511235177674,42.596754943453384,0.45009306072530086,9.99575843108325,3.872646392346899,0.32762256613141055,0.647827694745922,1.747505292733625,0.9638782680175074,0.00004706017613649483,0.30992348434605604,1.5195212018067774,2.7164396864043625,1.0798835334353347,2.0696861310934915,6.553533334614571,41.8492440151197,0.23928533446772263,7.7708102791097895,3.0266452879817085,0.3361518371990804,0.42128914478303603,1.6218562258720353,0.7603625079632579,0,0.11434582752075362,1.0917731680688416,1.1930268796260228,0.702007020070201,50000,100000,50000,50000,50000,50000,10000,50000,50000,20000,50000,0,5677056,2162688,220594176,0,0,2027520,0,0,2973696,0,0,0,0,4595712,45.0910260016879,3.805277420098783,0,7.019036477719876,196.38509774990777,793.0891599257751,0,0,229.16143180208783,2.712644623004048,0,0,250.08027743882857,0,8.316083160831608,0,0,2162688,0,0,0,0,0,0,0,0,0,0,0,0,225292288,78385152,16809984,439984128,111808512,349663232,39907328,10924032,310304768,93900800,4952064,3993600,305532928,16125952,134160384,207077376,69746688,13111296,199913472,105160704,330485760,35684352,9596928,292233216,83939328,4055040,2568192,296153088,14868480,36900864,0,0,0,0,0,0,0,0,0,0,0,0,0,0,0,208953344,78143488,16564224,425287680,108834816,333062144,39714816,10534912,296431616,93614080,4796416,2912256,298344448,15753216,43323392,190840832,72466432,16564224,211992576,108834816,333062144,37687296,10534912,296431616,90640384,4796416,2912256,298344448,15753216,38862848,1073741824,1073741824,314572800,0,1073741824,1073741824,1073741824,314572800,1073741824,0,0,0,1073741824,314572800,2147483648,10.570215055829953,0,4.706125720787113,0,0,14.238142381423815,41642.496108239,0,17780.260129806327,0,0,46209.48609486095,10.570215055829953,0,4.706125720787113,0,0,14.238142381423815,41642.496108239,0,17780.260129806327,0,0,46209.48609486095,103.74318294496776,51.4432911584211,491.96183792082473,21.314180335824517,34.63952078727805,32.56131059550083,17.550702028081126,63.321630833098425,49.42642685172073,99.14518255808667,0,0,0,0,0,0,0,0,0,0,120332.2756569162,122361.44783695735,1584943.5683737253,99863.72901096768,337252.9950795123,460713.016191534,3183.6388455538226,9461.189554877892,598248.2084690555,125943.5274860183,0,0,0,0,0,0,0,0,0,0,123.62419434804163,42.124403363891204,476.82859962715213,28.6518489760264,47.86778863296014,46.42173713555581,15.42511700468019,76.72398329190477,64.46678940659964,132.88319010594282,0,0,0,0,0,0,0,0,0,0,24665.76598909271,7027.824077581635,146625.90196293456,5993.419392409977,12696.712543678244,5598.329309346807,2934.223868954759,10893.678087281858,14370.117547089649,25060.314645569048,0,0,0,0,0,0,0,0,0,0,22,16,42,12,10,2,10,60,0,0,0,0,0.009340602284527518,0.003972477064220184,0.03146770682148041,0.016111702127659576,0.0014589235127478754,0.003,0.003000051616790796,0.0032015101462954227,0.02168336886993603,0.040091743119266054,0.07185082872928178,0.024064893617021275,0.004291784702549576,0.0046,0.00461554390303357,0.0049627182633317606,0.023397654584221748,0.046594036697247716,0.08633977900552486,0.02701086956521739,0.004645892351274787,0.0048,0.004817480438813917,0.007368581907090464,0.02476908315565032,0.07900000000000001,0.09793093922651935,0.06885000000000001,0.004929178470254958,0.00496,0.004979029667438195,0.009649755501222497,0.46102150537634407,0.375,0.385506372717878,0.45878016085790885,0.8819444444444443,0.375,0.46024258760107817,0.4886611030478955,2.18284023668639,2.164497041420118,0.49391147089218057,2.1262,2.129446640316206,0.475,2.1300395256917,2.191740088105727,2.341420118343195,2.332248520710059,0.6775614754098361,2.3131000000000004,2.314723320158103,0.4875,2.31501976284585,2.3458700440528633,2.4682840236686387,2.4664497041420117,0.9355122950819675,2.46262,2.462944664031621,0.4975,2.46300395256917,2.4691740088105725,394.9075630251996,397.3277310924567,396.85714285713,392.57142857141434,396.26890756303925,116164074.48739496,38626794.48739496,0,12898407.260504201,18026530.42016807,3262226363.1596637,2955262210.1512604,1208885729.8823528,4899150977.07563,3762960435.630252,0,0,0,0,0,15.126050420168067,3.277310924369748,5.428571428571428,0.48739495798319327,16.11764705882353,0,0,0,0,0,58281.94957983193,24231.79831932773,1063669.243697479,44143.86554621848,67386.08403361344,1587.9159663865546,268.63865546218483,2824.6890756302523,1750.9579831932772,433.3277310924369,1790.1344537815123,379.9327731092437,1896.689075630252,2141.9831932773113,538,0,0,0,0,0,0,0,0,0,0,0,0,0,0,0,0,0,0,0,0
1693106379,0.5023510026926014,0.46124574789076206,0.2532732123135313,0.026587259385302583,1.598426165006763,0.43237789828309986,0.18100483541488913,0.18055249062130135,0.1599013180437212,0.10275169026530448,0,0.06860749651245233,0.1284439021257467,0.5599922088040513,0.2520025200252001,3.31845957079131,7.333511235177674,41.76314264294938,0.45009306072530086,9.99575843108325,3.872646392346899,0.32762256613141055,0.647827694745922,1.747505292733625,0.9638782680175074,0.00004706017613649483,0.30992348434605604,1.5195212018067774,2.7164396864043625,1.0798835334353347,2.0696861310934915,6.553533334614571,41.0302603947921,0.23928533446772263,7.7708102791097895,3.0266452879817085,0.3361518371990804,0.42128914478303603,1.6218562258720353,0.7603625079632579,0,0.11434582752075362,1.0917731680688416,1.1930268796260228,0.702007020070201,50000,100000,50000,50000,50000,50000,10000,50000,50000,20000,50000,0,5677056,2162688,220594176,0,0,2027520,0,0,2973696,0,0,0,0,4595712,45.0910260016879,3.805277420098783,0,7.019036477719876,196.38509774990777,793.0891599257751,0,0,229.16143180208783,2.712644623004048,0,0,250.08027743882857,0,8.316083160831608,0,0,2162688,0,0,0,0,0,0,0,0,0,0,0,0,225292288,78385152,16809984,439984128,111808512,349663232,39907328,10924032,310304768,93900800,4952064,3993600,305532928,16125952,134160384,207077376,69746688,13111296,199913472,105160704,330485760,35684352,9596928,292233216,83939328,4055040,2568192,296153088,14868480,36900864,0,0,0,0,0,0,0,0,0,0,0,0,0,0,0,208953344,78143488,16564224,425287680,108834816,333062144,39714816,10534912,296431616,93614080,4796416,2912256,298344448,15753216,43323392,190840832,72466432,16564224,211992576,108834816,333062144,37687296,10534912,296431616,90640384,4796416,2912256,298344448,15753216,38862848,1073741824,1073741824,314572800,0,1073741824,1073741824,1073741824,314572800,1073741824,0,0,0,1073741824,314572800,2147483648,10.570215055829953,0,4.706125720787113,0,0,14.238142381423815,41642.496108239,0,17780.260129806327,0,0,46209.48609486095,10.570215055829953,0,4.706125720787113,0,0,14.238142381423815,41642.496108239,0,17780.260129806327,0,0,46209.48609486095,103.74318294496776,51.4432911584211,491.96183792082473,21.314180335824517,34.63952078727805,33.20985669067255,17.550702028081126,61.397440332065024,49.42642685172073,99.14518255808667,0,0,0,0,0,0,0,0,0,0,120332.2756569162,122361.44783695735,1584943.5683737253,99863.72901096768,337252.9950795123,469889.35529402376,3183.6388455538226,9164.891041162227,598248.2084690555,125943.5274860183,0,0,0,0,0,0,0,0,0,0,123.62419434804163,42.124403363891204,476.82859962715213,28.6518489760264,47.86778863296014,47.34635091183645,15.42511700468019,74.66274645451401,64.46678940659964,132.88319010594282,0,0,0,0,0,0,0,0,0,0,24665.76598909271,7027.824077581635,146625.90196293456,5993.419392409977,12696.712543678244,5709.835097862702,2934.223868954759,10577.239709443098,14370.117547089649,25060.314645569048,0,0,0,0,0,0,0,0,0,0,32,16,52,14,14,2,14,96,0,0,0,0,0.009340602284527518,0.003972477064220184,0.03146770682148041,0.016111702127659576,0.0014589235127478754,0.003,0.003000051616790796,0.0032015101462954227,0.02168336886993603,0.040091743119266054,0.07185082872928178,0.024064893617021275,0.004291784702549576,0.0046,0.00461554390303357,0.0049627182633317606,0.023397654584221748,0.046594036697247716,0.08633977900552486,0.02701086956521739,0.004645892351274787,0.0048,0.004817480438813917,0.007368581907090464,0.02476908315565032,0.07900000000000001,0.09793093922651935,0.06885000000000001,0.004929178470254958,0.00496,0.004979029667438195,0.009649755501222497,0.46102150537634407,0.375,0.385506372717878,0.45878016085790885,0.8819444444444443,0.375,0.46024258760107817,0.4886611030478955,2.18284023668639,2.164497041420118,0.49391147089218057,2.1262,2.129446640316206,0.475,2.1300395256917,2.191740088105727,2.341420118343195,2.332248520710059,0.6775614754098361,2.3131000000000004,2.314723320158103,0.4875,2.31501976284585,2.3458700440528633,2.4682840236686387,2.4664497041420117,0.9355122950819675,2.46262,2.462944664031621,0.4975,2.46300395256917,2.4691740088105725,394.70588235293616,397.3949579832007,396.85714285715545,392.4873949580026,396.16806722689535,116164074.48739496,38626794.48739496,0,12898407.260504201,18026530.42016807,3333095699.3613443,3012057208.470588,1208895367.5294118,4899119379.361344,3841336603.9663863,0,0,0,0,0,15.394957983193276,3.277310924369748,5.4789915966386555,0.48739495798319327,16.436974789915965,0,0,0,0,0,61491.63025210084,24231.79831932773,1064082.2857142857,44143.86554621848,70303.19327731091,1590.3529411764705,263.94957983193274,2828.1008403361348,1759.7478991596638,434.3361344537815,1792.773109243697,375.39495798319325,1899.0588235294117,2151.2605042016808,538.9579831932772,0,0,0,0,0,0,0,0,0,0,0,0,0,0,0,0,0,0,0,0
1693106380,0.5023510026926014,0.46124574789076206,0.23761447104836364,0.026587259385302583,1.598426165006763,0.43237789828309986,0.18100483541488913,0.18055249062130135,0.1599013180437212,0.10275169026530448,0,0.06860749651245233,0.1284439021257467,0.5599922088040513,0.2520025200252001,3.31845957079131,7.333511235177674,41.52163278179109,0.45009306072530086,9.99575843108325,3.872646392346899,0.32762256613141055,0.647827694745922,1.747505292733625,0.9638782680175074,0.00004706017613649483,0.30992348434605604,1.5195212018067774,2.7164396864043625,1.0798835334353347,2.0696861310934915,6.553533334614571,40.76408258874156,0.23928533446772263,7.7708102791097895,3.0266452879817085,0.3361518371990804,0.42128914478303603,1.6218562258720353,0.7603625079632579,0,0.11434582752075362,1.0917731680688416,1.1930268796260228,0.702007020070201,50000,100000,50000,50000,50000,50000,10000,50000,50000,20000,50000,0,5677056,2162688,220594176,0,0,2027520,0,0,2973696,0,0,0,0,4595712,45.0910260016879,3.805277420098783,0,7.019036477719876,196.38509774990777,793.0891599257751,0,0,229.16143180208783,2.712644623004048,0,0,250.08027743882857,0,8.316083160831608,0,0,2162688,0,0,0,0,0,0,0,0,0,0,0,0,225292288,78385152,16809984,439984128,111808512,349663232,39907328,10924032,310304768,93900800,4952064,3993600,305532928,16125952,134160384,207077376,69746688,13111296,199913472,105160704,330485760,35684352,9596928,292233216,83939328,4055040,2568192,296153088,14868480,36900864,0,0,0,0,0,0,0,0,0,0,0,0,0,0,0,208953344,78143488,16564224,425287680,108834816,333062144,39714816,10534912,296431616,93614080,4796416,2912256,298344448,15753216,43323392,190840832,72466432,16564224,211992576,108834816,333062144,37687296,10534912,296431616,90640384,4796416,2912256,298344448,15753216,38862848,1073741824,1073741824,314572800,0,1073741824,1073741824,1073741824,314572800,1073741824,0,0,0,1073741824,314572800,2147483648,10.570215055829953,0,4.706125720787113,0,0,14.238142381423815,41642.496108239,0,17780.260129806327,0,0,46209.48609486095,10.570215055829953,0,4.706125720787113,0,0,14.238142381423815,41642.496108239,0,17780.260129806327,0,0,46209.48609486095,89.0934928111056,51.34186282132843,491.96183792082473,21.314180335824517,34.63952078727805,33.85840278584427,17.550702028081123,61.397440332065024,49.42642685172073,99.14518255808667,0,0,0,0,0,0,0,0,0,0,103340.02130887457,122284.15918569306,1584943.5683737253,99863.72901096768,337252.9950795123,479065.69439651334,3183.638845553822,9164.891041162227,598248.2084690555,125943.5274860183,0,0,0,0,0,0,0,0,0,0,106.16708450393874,41.96413845102612,476.82859962715213,28.6518489760264,47.86778863296014,48.27096468811709,15.425117004680187,74.66274645451401,64.46678940659964,132.88319010594282,0,0,0,0,0,0,0,0,0,0,21182.685767366274,7052.944087085601,146625.90196293456,5993.419392409977,12696.712543678244,5821.340886378596,2934.2238689547585,10577.239709443098,14370.117547089649,25060.314645569048,0,0,0,0,0,0,0,0,0,0,32,22,52,12,10,2,10,118,0,0,0,0,0.009340602284527518,0.003972481360225587,0.03146770682148041,0.016111702127659576,0.0014589235127478754,0.003,0.003000051616790796,0.003207066963182604,0.02168336886993603,0.0400918189192071,0.07185082872928178,0.024064893617021275,0.004291784702549576,0.0046,0.00461554390303357,0.004972720533728689,0.023397654584221748,0.04659405164080107,0.08633977900552486,0.02701086956521739,0.004645892351274787,0.0048,0.004817480438813917,0.007434079601990048,0.02476908315565032,0.07899988515084476,0.09793093922651935,0.06885000000000001,0.004929178470254958,0.00496,0.004979029667438195,0.009655970149253726,0.46102150537634407,0.3750266281512607,0.385506372717878,0.45878016085790885,0.8819444444444443,0.375,0.46024258760107817,0.47222222222222215,2.18284023668639,2.1645046044453284,0.49391147089218057,2.1262,2.129446640316206,0.475,2.1300395256917,2.1780874579529073,2.341420118343195,2.332252302222664,0.6775614754098361,2.3131000000000004,2.314723320158103,0.4875,2.31501976284585,2.3390437289764536,2.4682840236686387,2.4664504604445328,0.9355122950819675,2.46262,2.462944664031621,0.4975,2.46300395256917,2.4678087457952906,394.77310924369846,397.3613445378355,396.7899159663782,392.2857142857401,396.3025210083952,116164074.48739496,38626794.48739496,0,12898407.260504201,18026530.42016807,3333058112.537815,2898441809.747899,1149467226.352941,4714397076.436975,3762995613.0420165,0,0,0,0,0,15.445378151260504,3.277310924369748,5.4789915966386555,0.48739495798319327,16.554621848739494,0,0,0,0,0,61612.100840336134,24231.79831932773,1064082.2857142857,44143.86554621848,70664.6050420168,1598.4033613445374,268.6890756302521,2826.268907563025,1763.6134453781513,434.10084033613447,1799.9327731092435,379.9495798319328,1898.1512605042014,2155.126050420168,538.655462184874,0,0,0,0,0,0,0,0,0,0,0,0,0,0,0,0,0,0,0,0
1693106381,0.49435610117821704,0.46124574789076206,0.2800560112022402,0.026587259385302583,1.598426165006763,0.40552467736933745,0.18100483541488913,0.18055249062130135,0.1599013180437212,0.10275169026530448,0,0.06860749651245233,0.1284439021257467,0.5599922088040513,0.2520025200252001,3.241644632116652,7.333511235177674,49.98738536307261,0.45009306072530086,9.99575843108325,3.1144229741656813,0.32762256613141055,0.647827694745922,1.747505292733625,0.9638782680175074,0.00004706017613649483,0.30992348434605604,1.5195212018067774,2.7164396864043625,1.0798835334353347,2.0048886325560678,6.553533334614571,49.16983396679335,0.23928533446772263,7.7708102791097895,2.313876100283865,0.3361518371990804,0.42128914478303603,1.6218562258720353,0.7603625079632579,0,0.11434582752075362,1.0917731680688416,1.1930268796260228,0.702007020070201,50000,100000,50000,50000,50000,50000,10000,50000,50000,20000,50000,0,5677056,2162688,220594176,0,0,2027520,0,0,2973696,0,0,0,0,4595712,21.75166845184148,3.805277420098783,0,7.019036477719876,196.38509774990777,565.2059826817109,0,0,229.16143180208783,2.712644623004048,0,0,250.08027743882857,0,8.316083160831608,0,0,2162688,0,0,0,0,0,0,0,0,0,0,0,0,225292288,78385152,16838656,439984128,111808512,349663232,39907328,10924032,310304768,93900800,4952064,3993600,305532928,16125952,134160384,207077376,69746688,13246464,199913472,105160704,330485760,35684352,9596928,292233216,83939328,4055040,2568192,296153088,14868480,36900864,0,0,0,0,0,0,0,0,0,0,0,0,0,0,0,208953344,78143488,16576512,425287680,108834816,333062144,39714816,10534912,296431616,93614080,4796416,2912256,298344448,15753216,43323392,190840832,72466432,16576512,211992576,108834816,333062144,37687296,10534912,296431616,90640384,4796416,2912256,298344448,15753216,38862848,1073741824,1073741824,314572800,0,1073741824,1073741824,1073741824,314572800,1073741824,0,0,0,1073741824,314572800,2147483648,10.570215055829953,0,4.706125720787113,0,0,14.238142381423815,41642.496108239,0,17780.260129806327,0,0,46209.48609486095,10.570215055829953,0,4.706125720787113,0,0,14.238142381423815,41642.496108239,0,17780.260129806327,0,0,46209.48609486095,87.3644397620228,51.34186282132843,491.96183792082473,21.314180335824517,34.458193715205404,34.506948881015994,17.4956069982428,61.08248096894865,48.4846120840972,99.14518255808667,0,0,0,0,0,0,0,0,0,0,101334.4833812593,122284.15918569306,1584943.5683737253,99863.72901096768,335588.5332840822,488242.03349900304,3175.465403519495,9118.450309990321,591578.0512540468,125943.5274860183,0,0,0,0,0,0,0,0,0,0,104.10668126480472,41.96413845102612,476.82859962715213,28.6518489760264,46.885306456294025,49.195578464397734,15.305472788855782,73.82216757788999,63.22892694152982,132.88319010594282,0,0,0,0,0,0,0,0,0,0,20771.58966754806,7052.944087085601,146625.90196293456,5993.419392409977,12447.534365847867,5932.846674894491,2915.858099676573,10494.362623276742,14027.557826578772,25060.314645569048,0,0,0,0,0,0,0,0,0,0,16,6,16,6,8,2,6,22,0,0,0,0,0.009340602284527518,0.003972477064220184,0.03146770682148041,0.016111702127659576,0.0014589235127478754,0.003,0.003000051616790796,0.0032014117647058823,0.02168336886993603,0.040091743119266054,0.07185082872928178,0.024064893617021275,0.004291784702549576,0.0046,0.00461554390303357,0.004962541176470589,0.023397654584221748,0.046594036697247716,0.08633977900552486,0.02701086956521739,0.004645892351274787,0.0048,0.004817480438813917,0.007367073170731706,0.02476908315565032,0.07900000000000001,0.09793093922651935,0.06885000000000001,0.004929178470254958,0.00496,0.004979029667438195,0.009649024390243899,0.46102150537634407,0.375,0.385506372717878,0.45878016085790885,0.8819444444444443,0.375,0.46024258760107817,0.4898403483309144,2.18284023668639,2.164497041420118,0.49391147089218057,2.1262,2.129446640316206,0.475,2.1300395256917,2.192641261498029,2.341420118343195,2.332248520710059,0.6775614754098361,2.3131000000000004,2.314723320158103,0.4875,2.31501976284585,2.3463206307490143,2.4682840236686387,2.4664497041420117,0.9355122950819675,2.46262,2.462944664031621,0.4975,2.46300395256917,2.469264126149803,394.773109243685,397.378151260491,396.82352941175975,392.3697478991456,396.30252100840517,116164074.48739496,38626794.48739496,0,12898407.260504201,18026530.42016807,3262102657.07563,2955210924.10084,1149474798.7899158,4714418898.823529,3841365035.02521,0,0,0,0,0,15.327731092436974,3.277310924369748,5.4789915966386555,0.9411764705882353,16.504201680672267,0,0,0,0,0,61199.05882352941,24231.79831932773,1064082.2857142857,46553.277310924364,70569.94957983193,1588.2016806722688,268.57142857142856,2829.2436974789916,1753.142857142857,433.0588235294117,1789.8991596638652,379.8151260504202,1900.3697478991596,2143.7983193277314,537.6134453781513,0,0,0,0,0,0,0,0,0,0,0,0,0,0,0,0,0,0,0,0
1693106382,0.49435610117821704,0.46124574789076206,0.2800560112022402,0.026587259385302583,1.598426165006763,0.40552467736933745,0.15487829579637835,0.18055249062130135,0.1599013180437212,0.10275169026530448,0,0.06860749651245233,0.1284439021257467,0.5599922088040513,0.24621445278837886,3.241644632116652,7.333511235177674,49.98738536307261,0.45009306072530086,9.99575843108325,3.1144229741656813,0.2803329788983926,0.647827694745922,1.747505292733625,0.9638782680175074,0.00004706017613649483,0.30992348434605604,1.5195212018067774,2.7164396864043625,1.0574115400714037,2.0048886325560678,6.553533334614571,49.16983396679335,0.23928533446772263,7.7708102791097895,2.313876100283865,0.28763112076470315,0.42128914478303603,1.6218562258720353,0.7603625079632579,0,0.11434582752075362,1.0917731680688416,1.1930268796260228,0.7386433583651377,50000,100000,50000,50000,50000,50000,10000,50000,50000,20000,50000,0,5677056,2162688,220594176,0,0,2027520,0,0,2973696,0,0,0,0,4595712,21.75166845184148,3.805277420098783,0,7.019036477719876,196.38509774990777,565.2059826817109,0,0,229.16143180208783,2.712644623004048,0,0,250.08027743882857,0,8.125076942016495,0,0,2162688,0,0,0,0,0,0,0,0,0,0,0,0,225292288,78385152,16838656,439984128,111808512,349663232,39907328,10924032,310304768,93900800,4952064,3993600,305532928,16125952,134160384,207077376,69746688,13246464,199913472,105160704,330485760,35684352,9596928,292233216,83939328,4055040,2568192,296153088,14868480,36900864,0,0,0,0,0,0,0,0,0,0,0,0,0,0,0,208953344,78143488,16576512,425287680,108834816,333062144,39714816,10534912,296431616,93614080,4796416,2912256,298344448,15753216,43323392,190840832,72466432,16576512,211992576,108834816,333062144,37687296,10534912,296431616,90640384,4796416,2912256,298344448,15753216,38862848,1073741824,1073741824,314572800,0,1073741824,1073741824,1073741824,314572800,1073741824,0,0,0,1073741824,314572800,2147483648,10.570215055829953,0,4.026835690705833,0,0,13.541794903360826,41642.496108239,0,15213.827748903199,0,0,39873.34728548565,10.570215055829953,0,4.026835690705833,0,0,13.541794903360826,41642.496108239,0,15213.827748903199,0,0,39873.34728548565,85.63538671294002,51.34186282132843,491.96183792082473,21.314180335824517,34.458193715205404,38.91276571030317,17.4956069982428,61.08248096894865,48.4846120840972,99.14518255808667,0,0,0,0,0,0,0,0,0,0,99328.94545364403,122284.15918569306,1584943.5683737253,99863.72901096768,335588.5332840822,550580.3461493785,3175.465403519495,9118.450309990321,591578.0512540468,125943.5274860183,0,0,0,0,0,0,0,0,0,0,102.0462780256707,41.96413845102612,476.82859962715213,28.6518489760264,46.885306456294025,55.476826576838185,15.305472788855782,73.82216757788999,63.22892694152982,132.88319010594282,0,0,0,0,0,0,0,0,0,0,20360.493567729853,7052.944087085601,146625.90196293456,5993.419392409977,12447.534365847867,6690.347310953653,2915.858099676573,10494.362623276742,14027.557826578772,25060.314645569048,0,0,0,0,0,0,0,0,0,0,58,32,74,12,18,2,18,90,0,0,0,0,0.009391747052518756,0.003966887417218543,0.0315025716385011,0.016293478260869562,0.0015639534883720929,0.003,0.003006868467543344,0.0031994812544211266,0.021725080385852087,0.04034883720930234,0.07231481481481483,0.024484782608695653,0.004322093023255814,0.0046,0.00462863019309782,0.004959066257958028,0.023418810289389063,0.04686046511627908,0.08675925925925924,0.040600000000000004,0.00466686046511628,0.0048,0.004831350408792129,0.00736658354114713,0.02477379421221865,0.08068965517241393,0.09831481481481483,0.08572727272727265,0.004942674418604651,0.00496,0.004993526581347578,0.009692768079800494,0.4608957219251337,0.375,0.38560500695410294,0.45933333333333337,0.8685770750988142,0.375,0.45488980716253447,0.49107793153678075,2.1823618090452266,2.164,0.4940890125173853,2.1276679841897237,2.113260869565217,0.475,2.115301724137931,2.1935611038107754,2.341180904522613,2.332,0.6803278688524583,2.313833992094862,2.3066304347826088,0.4875,2.3076508620689657,2.346780551905388,2.468236180904523,2.4664,0.936065573770492,2.462766798418972,2.461326086956521,0.4975,2.4615301724137937,2.469356110381077,394.7563025210055,397.3277310924311,396.78991596638843,392.3865546218606,396.21848739495493,116164074.48739496,38626794.48739496,0,12898407.260504201,18026530.42016807,3262088751.327731,2898407733.7815123,1149480374.857143,4714435076.302521,3841373984.2689075,0,0,0,0,0,15.310924369747898,3.277310924369748,5.4789915966386555,0.9411764705882353,16.352941176470587,0,0,0,0,0,61371.15966386555,24231.79831932773,1064082.2857142857,46553.277310924364,70036.43697478992,1588.168067226891,267.37815126050424,2828.0504201680674,1750.1176470588234,432.62184873949576,1789.6806722689075,378.5714285714286,1899.0924369747897,2140.2521008403364,537.0924369747898,0,0,0,0,0,0,0,0,0,0,0,0,0,0,0,0,0,0,0,0
1693106383,0.49435610117821704,0.46124574789076206,0.2800560112022402,0.05429962533258525,1.598426165006763,0.40552467736933745,0.15186154853946351,0.18055249062130135,0.1599013180437212,0.10275169026530448,0,0.07500000000000008,0.12735338441619096,0.5599922088040513,0.24621445278837886,3.241644632116652,7.333511235177674,49.98738536307261,0.44837062028271946,9.99575843108325,3.1144229741656813,0.27487260279620235,0.647827694745922,1.747505292733625,0.9638782680175074,0.00004706017613649483,0.21552897999999937,1.4535138284549936,2.7164396864043625,1.0574115400714037,2.0048886325560678,6.553533334614571,49.16983396679335,0.30769787688464934,7.7708102791097895,2.313876100283865,0.2820285901447184,0.42128914478303603,1.6218562258720353,0.7603625079632579,0,0.09999999999999983,1.01882707532952,1.1930268796260228,0.7386433583651377,50000,100000,50000,50000,50000,50000,10000,50000,50000,20000,50000,0,5677056,2162688,220594176,0,0,2027520,0,0,2973696,0,0,0,0,4595712,21.75166845184148,3.805277420098783,0,5.972958786584372,196.38509774990777,565.2059826817109,0,0,229.16143180208783,2.712644623004048,0,0,217.1375204296054,0,8.125076942016495,0,0,2162688,0,0,0,0,0,0,0,0,0,0,0,0,225292288,78385152,16838656,439984128,111808512,349663232,39907328,10924032,310304768,93900800,4952064,3993600,305532928,16125952,134160384,207077376,69746688,13246464,199913472,105160704,330485760,35684352,9596928,292233216,83939328,4055040,2568192,296153088,14868480,36900864,0,0,0,0,0,0,0,0,0,0,0,0,0,0,0,208953344,78143488,16576512,425340928,108834816,333062144,39714816,10534912,296431616,93614080,4796416,2912256,298340352,15753216,43323392,190840832,72466432,16576512,212045824,108834816,333062144,37687296,10534912,296431616,90640384,4796416,2912256,298340352,15753216,38862848,1073741824,1073741824,314572800,0,1073741824,1073741824,1073741824,314572800,1073741824,0,0,0,1073741824,314572800,2147483648,10.570215055829953,0,3.9484002620260474,0,0,13.541794903360826,41642.496108239,0,14917.490080073092,0,0,39873.34728548565,10.570215055829953,0,3.9484002620260474,0,0,13.541794903360826,41642.496108239,0,14917.490080073092,0,0,39873.34728548565,83.90633366385721,51.34186282132843,491.96183792082473,21.314180335824517,34.458193715205404,38.91276571030317,17.4956069982428,61.08248096894865,48.4846120840972,99.14518255808667,0,0,0,0,0,0,0,0,0,0,97323.40752602875,122284.15918569306,1584943.5683737253,99863.72901096768,335588.5332840822,550580.3461493785,3175.465403519495,9118.450309990321,591578.0512540468,125943.5274860183,0,0,0,0,0,0,0,0,0,0,99.98587478653666,41.96413845102612,476.82859962715213,28.6518489760264,46.885306456294025,55.476826576838185,15.305472788855782,73.82216757788999,63.22892694152982,132.88319010594282,0,0,0,0,0,0,0,0,0,0,19949.39746791164,7052.944087085601,146625.90196293456,5993.419392409977,12447.534365847867,6690.347310953653,2915.858099676573,10494.362623276742,14027.557826578772,25060.314645569048,0,0,0,0,0,0,0,0,0,0,30,16,52,18,18,2,18,86,0,0,0,0,0.009391747052518756,0.003966887417218543,0.0315025716385011,0.016293478260869562,0.0014689265536723167,0.003,0.00300649242583866,0.0031994812544211266,0.021725080385852087,0.04034883720930234,0.07231481481481483,0.024484782608695653,0.004302824858757062,0.0046,0.004627062718759478,0.004959066257958028,0.023418810289389063,0.04686046511627908,0.08675925925925924,0.040600000000000004,0.004657062146892655,0.0048,0.0048296340053745794,0.00736658354114713,0.02477379421221865,0.08068965517241393,0.09831481481481483,0.08572727272727265,0.00494045197740113,0.00496,0.004991691034666662,0.009692768079800494,0.4608957219251337,0.375,0.38560500695410294,0.45933333333333337,0.8824110671936759,0.375,0.46079088471849866,0.49107793153678075,2.1823618090452266,2.164,0.4940890125173853,2.1276679841897237,2.129724409448819,0.475,2.1314453125,2.1935611038107754,2.341180904522613,2.332,0.6803278688524583,2.313833992094862,2.3148622047244096,0.4875,2.31572265625,2.346780551905388,2.468236180904523,2.4664,0.936065573770492,2.462766798418972,2.4629724409448817,0.4975,2.46314453125,2.469356110381077,394.8403361344653,397.4117647058856,396.6722689075506,392.6386554621862,396.2689075630224,116164074.48739496,38626794.48739496,0,12898407.260504201,18026530.42016807,3403785293.445378,2898414617.815126,1149469498.0840335,4899216650.756302,3841396908.10084,0,0,0,0,0,15.109243697478991,3.277310924369748,5.4789915966386555,0.9411764705882353,16.33613445378151,0,0,0,0,0,60768.80672268907,24231.79831932773,1064082.2857142857,46553.277310924364,69958.99159663865,1579.2773109243699,268.2857142857143,2827.361344537815,1747.4117647058822,432.0672268907563,1780.689075630252,379.4453781512605,1898.1008403361343,2137.5294117647063,536.5042016806723,0,0,0,0,0,0,0,0,0,0,0,0,0,0,0,0,0,0,0,0
1693106384,0.49435610117821704,0.38304086567235673,0.2800560112022402,0.05429962533258525,1.359394852248044,0.40552467736933745,0.16258106472532846,0.18055249062130135,0.1599013180437212,0.10275169026530448,0,0.11165449632656718,0.12735338441619096,0.5599922088040513,0.24621445278837886,3.241644632116652,7.344221792631249,49.98738536307261,0.44837062028271946,8.500976055701678,3.1144229741656813,0.32288885777769755,0.647827694745922,1.747505292733625,0.9638782680175074,0.00004706017613649483,0.301386864965052,1.4535138284549936,2.7164396864043625,1.0574115400714037,2.0048886325560678,6.5595748246391,49.16983396679335,0.30769787688464934,6.608750358621249,2.313876100283865,0.3793558176924327,0.42128914478303603,1.6218562258720353,0.7603625079632579,0,0.17864719412250724,1.01882707532952,1.1930268796260228,0.7386433583651377,50000,100000,50000,50000,50000,50000,10000,50000,50000,20000,50000,0,5677056,2162688,220594176,0,0,2027520,0,0,2973696,0,0,0,0,4595712,21.75166845184148,3.1600871417969403,0,5.972958786584372,167.01734292389037,565.2059826817109,0,0,229.16143180208783,2.712644623004048,0,0,217.1375204296054,0,8.125076942016495,0,0,2162688,0,0,0,0,0,0,0,0,0,0,0,0,225292288,78385152,16838656,439984128,111808512,349663232,39985152,10924032,310304768,93900800,4952064,3993600,305532928,16125952,134160384,207077376,69746688,13246464,199913472,105160704,330485760,35684352,9596928,292233216,83939328,4055040,2568192,296153088,14868480,36900864,0,0,0,0,0,0,0,0,0,0,0,0,0,0,0,208953344,78143488,16576512,425340928,108834816,333062144,39763968,10534912,296431616,93614080,4796416,2912256,298340352,15753216,43323392,190840832,72466432,16576512,212045824,108834816,333062144,37736448,10534912,296431616,90640384,4796416,2912256,298340352,15753216,38862848,1073741824,1073741824,314572800,0,1073741824,1073741824,1073741824,314572800,1073741824,0,0,0,1073741824,314572800,2147483648,10.222403102631011,0,4.73291543978178,0,0,13.541794903360826,36894.49618156137,0,17896.92360496414,0,0,39873.34728548565,10.222403102631011,0,4.73291543978178,0,0,13.541794903360826,36894.49618156137,0,17896.92360496414,0,0,39873.34728548565,101.77632465956589,51.05708440086263,491.96183792082473,21.314180335824517,34.458193715205404,38.91276571030317,17.4956069982428,61.08248096894865,48.4846120840972,97.63020209964778,0,0,0,0,0,0,0,0,0,0,119763.61736551169,121509.66766814739,1584943.5683737253,99863.72901096768,335588.5332840822,550580.3461493785,3175.465403519495,9118.450309990321,591578.0512540468,125412.23540676401,0,0,0,0,0,0,0,0,0,0,121.2754482944587,41.656682579765175,476.82859962715213,28.6518489760264,46.885306456294025,55.476826576838185,15.305472788855782,73.82216757788999,63.22892694152982,130.9373183325924,0,0,0,0,0,0,0,0,0,0,24169.071052986386,6977.5127642711,146625.90196293456,5993.419392409977,12447.534365847867,6690.347310953653,2915.858099676573,10494.362623276742,14027.557826578772,24634.698902301407,0,0,0,0,0,0,0,0,0,0,22,20,44,6,6,2,6,44,0,0,0,0,0.009391747052518756,0.003966887417218543,0.0315025716385011,0.016293478260869562,0.0014689265536723167,0.003,0.00300649242583866,0.0031994812544211266,0.021725080385852087,0.04034883720930234,0.07231481481481483,0.024484782608695653,0.004302824858757062,0.0046,0.004627062718759478,0.004959066257958028,0.023418810289389063,0.04686046511627908,0.08675925925925924,0.040600000000000004,0.004657062146892655,0.0048,0.0048296340053745794,0.00736658354114713,0.02477379421221865,0.08068965517241393,0.09831481481481483,0.08572727272727265,0.00494045197740113,0.00496,0.004991691034666662,0.009692768079800494,0.4608957219251337,0.375,0.38560500695410294,0.45933333333333337,0.8824110671936759,0.375,0.46079088471849866,0.49107793153678075,2.1823618090452266,2.164,0.4940890125173853,2.1276679841897237,2.129724409448819,0.475,2.1314453125,2.1935611038107754,2.341180904522613,2.332,0.6803278688524583,2.313833992094862,2.3148622047244096,0.4875,2.31572265625,2.346780551905388,2.468236180904523,2.4664,0.936065573770492,2.462766798418972,2.4629724409448817,0.4975,2.46314453125,2.469356110381077,394.941176470584,397.42857142856207,396.7394957983324,392.8235294117671,396.33613445378023,116164074.48739496,38626794.48739496,0,12898407.260504201,18026530.42016807,3403747844.3025208,2841593253.6470585,1149478240.8067226,4899222708.705882,3919812797.310924,0,0,0,0,0,15.092436974789916,3.277310924369748,5.4789915966386555,0.9411764705882353,16.252100840336134,0,0,0,0,0,60682.756302521004,24231.79831932773,1064082.2857142857,46553.277310924364,69614.78991596638,1573.747899159664,267.781512605042,2826.5210084033615,1737.8823529411764,429.81512605042013,1775.0924369747897,379.05882352941177,1896.1344537815123,2127.0756302521004,534.218487394958,0,0,0,0,0,0,0,0,0,0,0,0,0,0,0,0,0,0,0,0
1693106385,0.49435610117821704,0.38304086567235673,0.2800560112022402,0.05429962533258525,1.3327544161645979,0.40552467736933745,0.16258106472532846,0.18055249062130135,0.1285512276642243,0.10275169026530448,0,0.11165449632656718,0.12735338441619096,0.5599922088040513,0.24621445278837886,3.241644632116652,7.344221792631249,49.98738536307261,0.44837062028271946,8.334380081850291,3.1144229741656813,0.32288885777769755,0.647827694745922,1.1400684213909222,0.9638782680175074,0.00004706017613649483,0.301386864965052,1.4535138284549936,2.7164396864043625,1.0574115400714037,2.0048886325560678,6.5595748246391,49.16983396679335,0.30769787688464934,6.47923685396942,2.313876100283865,0.3793558176924327,0.42128914478303603,1.0284098213137944,0.7603625079632579,0,0.17864719412250724,1.01882707532952,1.1930268796260228,0.7386433583651377,50000,100000,50000,50000,50000,50000,10000,50000,50000,20000,50000,0,5677056,2162688,220594176,0,0,2027520,0,0,2973696,0,0,0,0,4595712,21.75166845184148,3.1600871417969403,0,5.972958786584372,163.7442579613919,565.2059826817109,0,0,8.484381025838797,2.712644623004048,0,0,217.1375204296054,0,8.125076942016495,0,0,2162688,0,0,0,0,0,0,0,0,0,0,0,0,225292288,78385152,16838656,439984128,111808512,349663232,39985152,10924032,310304768,93900800,4952064,3993600,305532928,16125952,134160384,207077376,69746688,13246464,199913472,105160704,330485760,35684352,9596928,292233216,83939328,4055040,2568192,296153088,14868480,36900864,0,0,0,0,0,0,0,0,0,0,0,0,0,0,0,208953344,78143488,16576512,425340928,108834816,333062144,39763968,10534912,296431616,93614080,4796416,2912256,298340352,15753216,43323392,190840832,72466432,16576512,212045824,108834816,333062144,37736448,10534912,296431616,90640384,4796416,2912256,298340352,15753216,38862848,1073741824,1073741824,314572800,0,1073741824,1073741824,1073741824,314572800,1073741824,0,0,0,1073741824,314572800,2147483648,10.222403102631011,0,4.73291543978178,0,0,13.541794903360826,36894.49618156137,0,17896.92360496414,0,0,39873.34728548565,10.222403102631011,0,4.73291543978178,0,0,13.541794903360826,36894.49618156137,0,17896.92360496414,0,0,39873.34728548565,101.9293377324273,51.05708440086263,491.96183792082473,21.314180335824517,34.458193715205404,38.91276571030317,17.4956069982428,61.08248096894865,48.4846120840972,96.35156440832279,0,0,0,0,0,0,0,0,0,0,120016.3436537243,121509.66766814739,1584943.5683737253,99863.72901096768,335588.5332840822,550580.3461493785,3175.465403519495,9118.450309990321,591578.0512540468,124828.9698665423,0,0,0,0,0,0,0,0,0,0,121.02606681670198,41.656682579765175,476.82859962715213,28.6518489760264,46.885306456294025,55.476826576838185,15.305472788855782,73.82216757788999,63.22892694152982,129.39399995558813,0,0,0,0,0,0,0,0,0,0,24200.843402451548,6977.5127642711,146625.90196293456,5993.419392409977,12447.534365847867,6690.347310953653,2915.858099676573,10494.362623276742,14027.557826578772,24382.896986654232,0,0,0,0,0,0,0,0,0,0,48,40,86,18,14,2,14,128,0,0,0,0,0.009391747052518756,0.003966887417218543,0.0315025716385011,0.016293478260869562,0.0014689265536723167,0.003,0.00300649242583866,0.0032058896312793864,0.021725080385852087,0.04034883720930234,0.07231481481481483,0.024484782608695653,0.004302824858757062,0.0046,0.004627062718759478,0.004970601336302895,0.023418810289389063,0.04686046511627908,0.08675925925925924,0.040600000000000004,0.004657062146892655,0.0048,0.0048296340053745794,0.007451142131979692,0.02477379421221865,0.08068965517241393,0.09831481481481483,0.08572727272727265,0.00494045197740113,0.00496,0.004991691034666662,0.009713578680203038,0.4608957219251337,0.375,0.38560500695410294,0.45933333333333337,0.8824110671936759,0.375,0.46079088471849866,0.47386280264123254,2.1823618090452266,2.164,0.4940890125173853,2.1276679841897237,2.129724409448819,0.475,2.1314453125,2.179506232023011,2.341180904522613,2.332,0.6803278688524583,2.313833992094862,2.3148622047244096,0.4875,2.31572265625,2.339753116011505,2.468236180904523,2.4664,0.936065573770492,2.462766798418972,2.4629724409448817,0.4975,2.46314453125,2.467950623202301,394.87394957984094,397.4957983193255,396.7226890756284,392.823529411762,396.28571428571877,132758863.59663865,48283441.4789916,0,12898407.260504201,18026530.42016807,3545395716.3025208,2784794813.310924,1149532831.1932774,4899236270.252101,3919821471.1932774,0,0,0,0,0,15.176470588235293,3.277310924369748,5.4789915966386555,0.9411764705882353,16.201680672268907,0,0,0,0,0,60958.11764705882,24231.79831932773,1064082.2857142857,46553.277310924364,69425.47899159664,1586.9579831932772,268.4033613445378,2825.361344537815,1743.4621848739494,429.09243697478985,1788.5714285714282,379.4957983193277,1894.8403361344538,2134.6050420168062,533.4957983193277,0,0,0,0,0,0,0,0,0,0,0,0,0,0,0,0,0,0,0,0
1693106386,0.4856160525242322,0.38304086567235673,0.2800560112022402,0.05429962533258525,1.6707430500533933,0.40552467736933745,0.16258106472532846,0.18460743131467144,0.10770021853708713,0.10275169026530448,0,0.11165449632656718,0.12735338441619096,0.4779284616716444,0.24621445278837886,3.1941357277442073,7.344221792631249,49.98738536307261,0.44837062028271946,9.871779150160188,3.1144229741656813,0.32288885777769755,0.5253418110567547,0.9551493234413146,0.9638782680175074,0,0.301386864965052,1.4535138284549936,2.3183605416933943,1.0574115400714037,2.03958742060177,6.5595748246391,49.16983396679335,0.30769787688464934,7.595852423438626,2.313876100283865,0.3793558176924327,0.2900973920659117,0.861601748296697,0.7603625079632579,0,0.17864719412250724,1.01882707532952,1.0181954183439383,0.7386433583651377,50000,100000,50000,50000,50000,50000,10000,50000,50000,20000,50000,0,5677056,2162688,220594176,0,0,2027520,0,0,2973696,0,0,0,0,4595712,17.94836930129562,3.1600871417969403,0,5.972958786584372,193.25502084122778,565.2059826817109,0,0,7.108214423447744,2.712644623004048,0,0,217.1375204296054,0,8.125076942016495,0,0,2162688,0,0,0,0,0,0,0,0,0,0,0,0,225292288,78385152,16838656,439984128,111808512,349663232,39985152,10924032,310304768,93900800,4952064,3993600,305532928,16125952,134160384,207077376,69746688,13246464,199913472,104079360,330485760,35684352,9596928,292233216,83939328,4055040,2568192,296153088,14868480,36900864,0,0,0,0,0,0,0,0,0,0,0,0,0,0,0,209027072,78143488,16576512,425340928,107638784,333062144,39763968,10534912,296431616,93614080,4796416,2912256,298340352,15753216,43323392,190914560,72466432,16576512,212045824,107638784,333062144,37736448,10534912,296431616,90640384,4796416,2912256,298340352,15753216,38862848,1073741824,1073741824,314572800,0,1073741824,1073741824,1073741824,314572800,1073741824,0,0,0,1073741824,314572800,2147483648,10.222403102631011,0,4.73291543978178,0,0,13.541794903360826,36894.49618156137,0,17896.92360496414,0,0,39873.34728548565,10.222403102631011,0,4.73291543978178,0,0,13.541794903360826,36894.49618156137,0,17896.92360496414,0,0,39873.34728548565,101.9293377324273,51.05708440086263,491.96183792082473,21.161626163465073,34.458193715205404,38.91276571030317,15.15221623755316,61.08248096894865,48.4846120840972,96.35156440832279,0,0,0,0,0,0,0,0,0,0,120016.3436537243,121509.66766814739,1584943.5683737253,100292.41519789514,335588.5332840822,550580.3461493785,2750.138274929754,9118.450309990321,591578.0512540468,124828.9698665423,0,0,0,0,0,0,0,0,0,0,121.02606681670198,41.656682579765175,476.82859962715213,28.149489348459554,46.885306456294025,55.476826576838185,13.255432254395123,73.82216757788999,63.22892694152982,129.39399995558813,0,0,0,0,0,0,0,0,0,0,24200.843402451548,6977.5127642711,146625.90196293456,5872.266387529351,12447.534365847867,6690.347310953653,2525.3032060423934,10494.362623276742,14027.557826578772,24382.896986654232,0,0,0,0,0,0,0,0,0,0,20,12,30,10,8,2,10,68,0,0,0,0,0.009391747052518756,0.003966887417218543,0.0315025716385011,0.016293478260869562,0.0014689265536723167,0.003,0.00300649242583866,0.0032,0.021725080385852087,0.04034883720930234,0.07231481481481483,0.024484782608695653,0.004302824858757062,0.0046,0.004627062718759478,0.004960000000000001,0.023418810289389063,0.04686046511627908,0.08675925925925924,0.040600000000000004,0.004657062146892655,0.0048,0.0048296340053745794,0.00738002512562814,0.02477379421221865,0.08068965517241393,0.09831481481481483,0.08572727272727265,0.00494045197740113,0.00496,0.004991691034666662,0.009707160804020102,0.4608957219251337,0.375,0.38560500695410294,0.45933333333333337,0.8824110671936759,0.375,0.46079088471849866,0.4880735615440641,2.1823618090452266,2.164,0.4940890125173853,2.1276679841897237,2.129724409448819,0.475,2.1314453125,2.1912666666666665,2.341180904522613,2.332,0.6803278688524583,2.313833992094862,2.3148622047244096,0.4875,2.31572265625,2.3456333333333332,2.468236180904523,2.4664,0.936065573770492,2.462766798418972,2.4629724409448817,0.4975,2.46314453125,2.469126666666666,394.94117647057914,397.51260504200735,396.8403361344675,393.0756302520849,396.21848739494567,132758863.59663865,48283510.31932773,0,12898407.260504201,18026530.42016807,3545397230.789916,2898498258.8235292,1090147164.5042017,4899223603.630252,3841493215.7310925,0,0,0,0,0,15.07563025210084,3.277310924369748,5.4789915966386555,0.9411764705882353,15.966386554621849,0,0,0,0,0,60674.1512605042,24231.79831932773,1064082.2857142857,46553.277310924364,66852.57142857142,1582.252100840336,268.6386554621849,2825.2605042016808,1745.6974789915967,429.68067226890753,1784.2016806722686,379.69747899159665,1894.9411764705883,2136.7731092436975,534.1176470588234,0,0,0,0,0,0,0,0,0,0,0,0,0,0,0,0,0,0,0,0
1693106387,0.4856160525242322,0.38304086567235673,0.2800560112022402,0.05429962533258525,1.6707430500533933,0.40552467736933745,0.16258106472532846,0.17698309492847866,0.10555769807601673,0.08242437084365575,0,0.11165449632656718,0.12735338441619096,0.46859525819157677,0.24621445278837886,3.1941357277442073,7.344221792631249,49.98738536307261,0.44837062028271946,9.871779150160188,3.1144229741656813,0.32288885777769755,0.5242247707975712,0.9361481830847994,0.8287086915547411,0,0.301386864965052,1.4535138284549936,2.273086546919988,1.0574115400714037,2.03958742060177,6.5595748246391,49.16983396679335,0.30769787688464934,7.595852423438626,2.313876100283865,0.3793558176924327,0.3932957665077295,0.8444615846081338,0.6319201764680327,0,0.17864719412250724,1.01882707532952,0.998311637016838,0.7386433583651377,50000,100000,50000,50000,50000,50000,10000,50000,50000,20000,50000,0,5677056,2162688,220594176,0,0,2027520,0,0,2973696,0,0,0,0,4595712,17.94836930129562,3.1600871417969403,0,5.972958786584372,193.25502084122778,565.2059826817109,0,0,6.966808073017098,1.8133361585604384,0,0,217.1375204296054,0,8.125076942016495,0,0,2162688,0,0,0,0,0,0,0,0,0,0,0,0,225292288,78385152,16838656,439984128,111808512,349663232,39985152,10924032,310304768,93900800,4952064,3993600,305532928,16125952,134160384,207077376,69746688,13246464,199913472,104079360,330485760,35684352,9596928,292233216,83939328,4055040,2568192,296153088,14868480,36900864,0,0,0,0,0,0,0,0,0,0,0,0,0,0,0,209027072,78143488,16576512,425340928,107638784,333062144,39763968,10539008,296431616,93614080,4796416,2912256,298340352,15753216,43323392,190914560,72466432,16576512,212045824,107638784,333062144,37736448,10539008,296431616,90640384,4796416,2912256,298340352,15753216,38862848,1073741824,1073741824,314572800,0,1073741824,1073741824,1073741824,314572800,1073741824,0,0,0,1073741824,314572800,2147483648,10.222403102631011,0,4.73291543978178,0,0,13.541794903360826,36894.49618156137,0,17896.92360496414,0,0,39873.34728548565,10.222403102631011,0,4.73291543978178,0,0,13.541794903360826,36894.49618156137,0,17896.92360496414,0,0,39873.34728548565,101.9293377324273,51.05708440086263,491.96183792082473,21.161626163465073,34.078432184955766,38.88505897039369,17.337415618429304,61.08248096894865,48.4846120840972,96.35156440832279,0,0,0,0,0,0,0,0,0,0,120016.3436537243,121509.66766814739,1584943.5683737253,100292.41519789514,332899.1734167512,549408.5260196382,3147.976686709211,9118.450309990321,591578.0512540468,124828.9698665423,0,0,0,0,0,0,0,0,0,0,121.02606681670198,41.656682579765175,476.82859962715213,28.149489348459554,46.881150172981705,55.43030686963164,15.216348814046997,73.82216757788999,63.22892694152982,129.39399995558813,0,0,0,0,0,0,0,0,0,0,24200.843402451548,6977.5127642711,146625.90196293456,5872.266387529351,12415.36326158563,6703.452516256451,2888.7638791545246,10494.362623276742,14027.557826578772,24382.896986654232,0,0,0,0,0,0,0,0,0,0,18,18,38,4,4,2,2,38,0,0,0,0,0.009439277899343543,0.003965608465608466,0.0316654492330168,0.016279443254817984,0.001510144927536232,0.003,0.0030034034266588692,0.003200142619443784,0.021758899676375405,0.040970319634703205,0.07223880597014928,0.02441220556745182,0.004311304347826087,0.0046,0.004622120648535437,0.004960256714998812,0.02343608414239482,0.047368721461187216,0.0867257462686567,0.03951086956521739,0.004661449275362319,0.0048,0.004824460301270008,0.007381909547738683,0.024777831715210353,0.08301515151515158,0.09831529850746269,0.0856136363636363,0.004941565217391305,0.00496,0.004986332023457665,0.0097075376884422,0.4591090425531915,0.3760416666666666,0.3854675505931612,0.4598806366047745,0.875,0.375,0.4562841530054645,0.4883126369612855,2.181076923076923,2.16437125748503,0.49384159106769016,2.1291015625,2.119327731092437,0.475,2.119327731092437,2.191466666666667,2.3405384615384617,2.3321856287425144,0.6764583333333332,2.31455078125,2.3096638655462183,0.4875,2.3096638655462183,2.345733333333333,2.468107692307693,2.4664371257485027,0.9352916666666666,2.46291015625,2.4619327731092437,0.4975,2.4619327731092437,2.4691466666666666,395.05882352940944,397.5126050420387,396.89075630250693,393.05882352941916,396.2016806722681,132758863.59663865,48283028.436974786,0,12898407.260504201,18026599.2605042,3403580218.0840335,2841656242.5546217,1090241613.445378,4899224292.033613,3998215813.378151,0,0,0,0,0,15.193277310924369,3.277310924369748,5.445378151260504,0.9411764705882353,16.33613445378151,0,0,0,0,0,61009.74789915966,24231.79831932773,1063961.8151260503,46553.277310924364,70113.88235294117,1573.5126050420167,267.79831932773106,2825.8655462184875,1735.613445378151,427.93277310924367,1775.5126050420167,378.89075630252097,1895.1260504201682,2125.6638655462184,532.3361344537815,0,0,0,0,0,0,0,0,0,0,0,0,0,0,0,0,0,0,0,0
1693106388,0.4856160525242322,0.38304086567235673,0.2800560112022402,0.08164820510029128,1.4274953259997785,0.40552467736933745,0.16258106472532846,0.18059528969802066,0.16088163133974193,0.09779632285825988,0,0.11165449632656718,0.12735338441619096,0.4592620547115092,0.24621445278837886,3.1941357277442073,7.344221792631249,49.98738536307261,0.44272131834635153,8.314104465777133,3.1144229741656813,0.32288885777769755,0.534924108923083,1.1621862969070498,0.9832609205893822,0,0.301386864965052,1.4535138284549936,2.227812552146582,1.0574115400714037,2.03958742060177,6.5595748246391,49.16983396679335,0.3265928204011651,6.240193853656186,2.313876100283865,0.3793558176924327,0.40132286599560063,1.02562039979085,0.7497718085799988,0,0.17864719412250724,1.01882707532952,0.9784278556897376,0.7386433583651377,50000,100000,50000,50000,50000,50000,10000,50000,50000,20000,50000,0,5677056,2162688,220594176,0,0,2027520,0,0,2973696,0,0,0,0,4595712,17.94836930129562,3.1600871417969403,0,5.388781536619219,146.70573393203455,565.2059826817109,0,0,80.96368097172505,2.151519102881732,0,0,217.1375204296054,0,8.125076942016495,0,0,2162688,0,0,0,0,0,0,0,0,0,0,0,0,225292288,78385152,16838656,439984128,111808512,349663232,39985152,10924032,310304768,93900800,4952064,3993600,305532928,16125952,134160384,207077376,69746688,13246464,199913472,104079360,330485760,35684352,9596928,291962880,83939328,4055040,2568192,296153088,14868480,36900864,0,0,0,0,0,0,0,0,0,0,0,0,0,0,0,209027072,78143488,16576512,425340928,107638784,333062144,39763968,10539008,296189952,93614080,4796416,2912256,298340352,15753216,43323392,190914560,72466432,16576512,212045824,107638784,333062144,37736448,10539008,296189952,90640384,4796416,2912256,298340352,15753216,38862848,1073741824,1073741824,314572800,0,1073741824,1073741824,1073741824,314572800,1073741824,0,0,0,1073741824,314572800,2147483648,10.222403102631011,0,4.73291543978178,0,0,13.541794903360826,36894.49618156137,0,17896.92360496414,0,0,39873.34728548565,10.222403102631011,0,4.73291543978178,0,0,13.541794903360826,36894.49618156137,0,17896.92360496414,0,0,39873.34728548565,101.9293377324273,51.05708440086263,491.96183792082473,21.161626163465073,34.078432184955766,38.88505897039369,17.337415618429304,61.08248096894865,48.4846120840972,96.35156440832279,0,0,0,0,0,0,0,0,0,0,120016.3436537243,121509.66766814739,1584943.5683737253,100292.41519789514,332899.1734167512,549408.5260196382,3147.976686709211,9118.450309990321,591578.0512540468,124828.9698665423,0,0,0,0,0,0,0,0,0,0,121.02606681670198,41.656682579765175,476.82859962715213,28.149489348459554,46.881150172981705,55.43030686963164,15.216348814046997,73.82216757788999,63.22892694152982,129.39399995558813,0,0,0,0,0,0,0,0,0,0,24200.843402451548,6977.5127642711,146625.90196293456,5872.266387529351,12415.36326158563,6703.452516256451,2888.7638791545246,10494.362623276742,14027.557826578772,24382.896986654232,0,0,0,0,0,0,0,0,0,0,30,10,32,6,6,2,6,58,0,0,0,0,0.009439277899343543,0.003965608465608466,0.0316654492330168,0.016279443254817984,0.0014563380281690144,0.003,0.003003256166769455,0.003200142619443784,0.021758899676375405,0.040970319634703205,0.07223880597014928,0.02441220556745182,0.004300281690140846,0.0046,0.004621163529554012,0.004960256714998812,0.02343608414239482,0.047368721461187216,0.0867257462686567,0.03951086956521739,0.004655774647887323,0.0048,0.004823401949902082,0.007381909547738683,0.024777831715210353,0.08301515151515158,0.09831529850746269,0.0856136363636363,0.004940169014084507,0.00496,0.004985192686180538,0.0097075376884422,0.4591090425531915,0.3760416666666666,0.3854675505931612,0.4598806366047745,0.8818359375,0.375,0.4597739361702128,0.4883126369612855,2.181076923076923,2.16437125748503,0.49384159106769016,2.1291015625,2.128823529411765,0.475,2.128823529411765,2.191466666666667,2.3405384615384617,2.3321856287425144,0.6764583333333332,2.31455078125,2.3144117647058824,0.4875,2.3144117647058824,2.345733333333333,2.468107692307693,2.4664371257485027,0.9352916666666666,2.46291015625,2.4628823529411767,0.4975,2.4628823529411767,2.4691466666666666,395.042016806715,397.4621848739524,396.8571428571325,393.1260504201609,396.1680672269049,132758863.59663865,48283028.436974786,0,12898407.260504201,18026599.2605042,3545302644.168067,2841658858.487395,1090313551.5966387,4991592052.168067,3919883840.537815,0,0,0,0,0,15.126050420168067,2.6050420168067228,5.445378151260504,0.9411764705882353,16.319327731092436,0,0,0,0,0,60803.2268907563,18655.731092436974,1063961.8151260503,46553.277310924364,70062.25210084033,1565.9159663865546,267.4453781512605,2824.8067226890757,1730.1176470588234,429.1596638655462,1767.7647058823527,378.5210084033613,1893.563025210084,2118.3697478991594,533.5798319327731,0,0,0,0,0,0,0,0,0,0,0,0,0,0,0,0,0,0,0,0
1693106389,0.4856160525242322,0.38304086567235673,0.2800560112022402,0.08164820510029128,1.4556600332075293,0.40552467736933745,0.13727150014871092,0.18420748446756263,0.16088163133974193,0.09779632285825988,0,0.11165449632656718,0.12735338441619096,0.4499288512314417,0.24621445278837886,3.1941357277442073,7.344221792631249,49.98738536307261,0.44272131834635153,8.478143054001066,3.1144229741656813,0.3223741380493718,0.5456234470485947,1.1621862969070498,0.9832609205893822,0,0.301386864965052,1.4535138284549936,2.182538557373176,1.0574115400714037,2.03958742060177,6.5595748246391,49.16983396679335,0.3265928204011651,6.363313859450067,2.313876100283865,0.43469308380425076,0.40934996548347163,1.02562039979085,0.7497718085799988,0,0.17864719412250724,1.01882707532952,0.9585440743626373,0.7386433583651377,50000,100000,50000,50000,50000,50000,10000,50000,50000,20000,50000,0,5677056,2162688,220594176,0,0,2027520,0,0,2973696,0,0,0,0,4595712,17.94836930129562,3.1600871417969403,0,5.388781536619219,149.6002611270711,565.2059826817109,0,0,80.96368097172505,2.151519102881732,0,0,217.1375204296054,0,8.125076942016495,0,0,2162688,0,0,0,0,0,0,0,0,0,0,0,0,225292288,78385152,16838656,439984128,111808512,349663232,39985152,10924032,310304768,93900800,4952064,3993600,305532928,16125952,134160384,207077376,69746688,13246464,199913472,104079360,330485760,35684352,9596928,291962880,83939328,4055040,2568192,296153088,14868480,36900864,0,0,0,0,0,0,0,0,0,0,0,0,0,0,0,209027072,78143488,16576512,425340928,107638784,333062144,39763968,10539008,296189952,93614080,4796416,2912256,298340352,15753216,43323392,190914560,72466432,16576512,212045824,107638784,333062144,37736448,10539008,296189952,90640384,4796416,2912256,298340352,15753216,38862848,1073741824,1073741824,314572800,0,1073741824,1073741824,1073741824,314572800,1073741824,0,0,0,1073741824,314572800,2147483648,10.222403102631011,0,4.804502505204878,0,0,13.541794903360826,36894.49618156137,0,18238.44059575831,0,0,39873.34728548565,10.222403102631011,0,4.804502505204878,0,0,13.541794903360826,36894.49618156137,0,18238.44059575831,0,0,39873.34728548565,101.9293377324273,51.05708440086263,491.96183792082473,21.161626163465073,34.078432184955766,38.88505897039369,17.337415618429304,60.29595366258008,48.4846120840972,96.35156440832279,0,0,0,0,0,0,0,0,0,0,120016.3436537243,121509.66766814739,1584943.5683737253,100292.41519789514,332899.1734167512,549408.5260196382,3147.976686709211,9002.9063222743,591578.0512540468,124828.9698665423,0,0,0,0,0,0,0,0,0,0,121.02606681670198,41.656682579765175,476.82859962715213,28.149489348459554,46.881150172981705,55.43030686963164,15.216348814046997,72.98552978980332,63.22892694152982,129.39399995558813,0,0,0,0,0,0,0,0,0,0,24200.843402451548,6977.5127642711,146625.90196293456,5872.266387529351,12415.36326158563,6703.452516256451,2888.7638791545246,10378.763380339346,14027.557826578772,24382.896986654232,0,0,0,0,0,0,0,0,0,0,50,16,52,14,22,2,18,102,0,0,0,0,0.009439277899343543,0.003965608465608466,0.0316654492330168,0.016279443254817984,0.0014563380281690144,0.003,0.003003256166769455,0.003200142619443784,0.021758899676375405,0.040970319634703205,0.07223880597014928,0.02441220556745182,0.004300281690140846,0.0046,0.004621163529554012,0.004960256714998812,0.02343608414239482,0.047368721461187216,0.0867257462686567,0.03951086956521739,0.004655774647887323,0.0048,0.004823401949902082,0.007381909547738683,0.024777831715210353,0.08301515151515158,0.09831529850746269,0.0856136363636363,0.004940169014084507,0.00496,0.004985192686180538,0.0097075376884422,0.4591090425531915,0.3760416666666666,0.3854675505931612,0.4598806366047745,0.8818359375,0.375,0.4597739361702128,0.4883126369612855,2.181076923076923,2.16437125748503,0.49384159106769016,2.1291015625,2.128823529411765,0.475,2.128823529411765,2.191466666666667,2.3405384615384617,2.3321856287425144,0.6764583333333332,2.31455078125,2.3144117647058824,0.4875,2.3144117647058824,2.345733333333333,2.468107692307693,2.4664371257485027,0.9352916666666666,2.46291015625,2.4628823529411767,0.4975,2.4628823529411767,2.4691466666666666,394.991596638651,397.4957983193435,396.78991596639264,393.3781512604949,396.0840336134462,132758863.59663865,48283028.436974786,0,12898407.260504201,18026599.2605042,3616133773.983193,2784822280.605042,1030908265.4117646,4991669153.344538,3998244519.7983193,0,0,0,0,0,14.42016806722689,2.6050420168067228,5.445378151260504,0.9411764705882353,16.319327731092436,0,0,0,0,0,54753.882352941175,18655.731092436974,1063961.8151260503,46553.277310924364,70096.67226890755,1563.7815126050416,262.80672268907557,2823.176470588235,1729.4453781512605,429.563025210084,1766.2184873949577,374.08403361344534,1891.8991596638655,2117.075630252101,533.9159663865546,0,0,0,0,0,0,0,0,0,0,0,0,0,0,0,0,0,0,0,0
1693106390,0.4856160525242322,0.38304086567235673,0.2800560112022402,0.08164820510029128,1.6898824324650539,0.49081985093619257,0.13727150014871092,0.21673168617251862,0.16088163133974193,0.09779632285825988,0,0.11165449632656718,0.12735338441619096,0.6792528218959143,0.24621445278837886,3.1941357277442073,7.344221792631249,49.98738536307261,0.44272131834635153,9.842315293436,4.568173281221598,0.3223741380493718,0.6419602875307021,1.1621862969070498,0.9832609205893822,0,0.301386864965052,1.4535138284549936,2.6574854799720304,1.0574115400714037,2.03958742060177,6.5595748246391,49.16983396679335,0.3265928204011651,7.387200347632963,3.744773677513183,0.43469308380425076,0.48162596927226253,1.02562039979085,0.7497718085799988,0,0.17864719412250724,1.01882707532952,1.2985715712716004,0.7386433583651377,50000,100000,50000,50000,50000,50000,10000,50000,50000,20000,50000,0,5677056,2162688,220594176,0,0,2027520,0,0,2973696,0,0,0,0,4595712,17.94836930129562,3.1600871417969403,0,5.388781536619219,173.67163170219442,760.6616978731139,0,0,80.96368097172505,2.151519102881732,0,0,217.1375204296054,0,8.125076942016495,0,0,2162688,0,0,0,0,0,0,0,0,0,0,0,0,225292288,78385152,16838656,439984128,111808512,349663232,39985152,10924032,310304768,93900800,4952064,3993600,305532928,16125952,134160384,207077376,69746688,13246464,199913472,104079360,330756096,35684352,9596928,291962880,83939328,4055040,2568192,296153088,15003648,36900864,0,0,0,0,0,0,0,0,0,0,0,0,0,0,0,209027072,78143488,16576512,425340928,107638784,333541376,39763968,10539008,296189952,93614080,4796416,2912256,298340352,15761408,43323392,190914560,72466432,16576512,212045824,107638784,333541376,37736448,10539008,296189952,90640384,4796416,2912256,298340352,15761408,38862848,1073741824,1073741824,314572800,0,1073741824,1073741824,1073741824,314572800,1073741824,0,0,0,1073741824,314572800,2147483648,10.222403102631011,0,4.804502505204878,0,0,13.541794903360826,36894.49618156137,0,18238.44059575831,0,0,39873.34728548565,10.222403102631011,0,4.804502505204878,0,0,13.541794903360826,36894.49618156137,0,18238.44059575831,0,0,39873.34728548565,101.9293377324273,42.76500533213471,491.96183792082473,21.229404309252217,34.078432184955766,38.88505897039369,17.337415618429304,60.29595366258008,39.372717405184524,96.35156440832279,0,0,0,0,0,0,0,0,0,0,120016.3436537243,101329.68384275051,1584943.5683737253,100206.6962399662,332899.1734167512,549408.5260196382,3147.976686709211,9002.9063222743,479352.1271080748,124828.9698665423,0,0,0,0,0,0,0,0,0,0,121.02606681670198,34.77983836140416,476.82859962715213,28.136882129277566,46.881150172981705,55.43030686963164,15.216348814046997,72.98552978980332,51.06758396117993,129.39399995558813,0,0,0,0,0,0,0,0,0,0,24200.843402451548,5772.321936005571,146625.90196293456,5872.581326573722,12415.36326158563,6703.452516256451,2888.7638791545246,10378.763380339346,11483.423368663007,24382.896986654232,0,0,0,0,0,0,0,0,0,0,20,12,52,4,6,2,6,18,0,0,0,0,0.009439277899343543,0.003965608465608466,0.0316654492330168,0.016279443254817984,0.0014563380281690144,0.003,0.003003256166769455,0.0032083540527100946,0.021758899676375405,0.040970319634703205,0.07223880597014928,0.02441220556745182,0.004300281690140846,0.0046,0.004621163529554012,0.00497503729487817,0.02343608414239482,0.047368721461187216,0.0867257462686567,0.03951086956521739,0.004655774647887323,0.0048,0.004823401949902082,0.007480478589420648,0.024777831715210353,0.08301515151515158,0.09831529850746269,0.0856136363636363,0.004940169014084507,0.00496,0.004985192686180538,0.009717758186397984,0.4591090425531915,0.3760416666666666,0.3854675505931612,0.4598806366047745,0.8818359375,0.375,0.4597739361702128,0.47286607799852837,2.181076923076923,2.16437125748503,0.49384159106769016,2.1291015625,2.128823529411765,0.475,2.128823529411765,2.1786541244573083,2.3405384615384617,2.3321856287425144,0.6764583333333332,2.31455078125,2.3144117647058824,0.4875,2.3144117647058824,2.3393270622286537,2.468107692307693,2.4664371257485027,0.9352916666666666,2.46291015625,2.4628823529411767,0.4975,2.4628823529411767,2.4678654124457307,395.1260504201657,397.4957983193435,396.85714285714437,393.27731092436375,396.1344537815118,132758863.59663865,48283028.436974786,0,12898407.260504201,18026599.2605042,3616038292.4369745,2728040086.5882354,1030993489.747899,4899293338.890756,3919901325.983193,0,0,0,0,0,15.025210084033613,2.6050420168067228,5.445378151260504,0.8571428571428571,16.352941176470587,0,0,0,0,0,60243.899159663866,18655.731092436974,1063961.8151260503,30100.436974789915,70191.32773109243,1567.0084033613443,267.2773109243697,2824.3529411764707,1730.201680672269,428.3361344537815,1768.8235294117644,378.5378151260504,1892.9243697478992,2118.890756302521,532.6890756302521,0,0,0,0,0,0,0,0,0,0,0,0,0,0,0,0,0,0,0,0
1693106391,0.4856160525242322,0.38304086567235673,0.2875816993464055,0.08164820510029128,1.6898824324650539,0.49081985093619257,0.13727150014871092,0.21673168617251862,0.16088163133974193,0.10795172398903172,0,0.11165449632656718,0.12735338441619098,0.6792528218959143,0.2966093839793859,3.1941357277442073,7.344221792631249,49.97006276601307,0.44272131834635153,9.842315293436,4.568173281221598,0.3223741380493718,0.6419602875307021,1.1621862969070498,0.9800264935120993,0,0.301386864965052,1.4535138284549938,2.6574854799720304,1.049619036761026,2.03958742060177,6.5595748246391,49.17647058823528,0.3265928204011651,7.387200347632963,3.744773677513183,0.43469308380425076,0.48162596927226253,1.02562039979085,0.7988427575188358,0,0.17864719412250724,1.0188270753295203,1.2985715712716004,0.7044472869510423,50000,100000,50000,50000,50000,50000,10000,50000,50000,20000,50000,0,5677056,2162688,220594176,0,0,2027520,0,0,2973696,0,0,0,0,4595712,17.94836930129562,3.1600871417969403,0,5.388781536619219,173.67163170219442,760.6616978731139,0,0,80.96368097172505,2.8499255133104473,0,0,217.13752042960542,0,8.564595962404761,0,0,2162688,0,0,0,0,0,0,0,0,0,0,0,0,225292288,78385152,16838656,439984128,111808512,349663232,39985152,10924032,310304768,93900800,4952064,3993600,305532928,16125952,134160384,207077376,69746688,13246464,199913472,104079360,330756096,35684352,9596928,291962880,83939328,4055040,2568192,296153088,15003648,37036032,0,0,0,0,0,0,0,0,0,0,0,0,0,0,0,209027072,78143488,16576512,425340928,107638784,333541376,39763968,10539008,296189952,93626368,4796416,2912256,298340352,15761408,43597824,190914560,72466432,16576512,212045824,107638784,333541376,37736448,10539008,296189952,90652672,4796416,2912256,298340352,15761408,39002112,1073741824,1073741824,314572800,0,1073741824,1073741824,1073741824,314572800,1073741824,0,0,0,1073741824,314572800,2147483648,10.222403102631011,0,4.804502505204878,0,0,13.99625530652726,36894.49618156137,0,18238.44059575831,0,0,45302.930871475444,10.222403102631011,0,4.804502505204878,0,0,13.99625530652726,36894.49618156137,0,18238.44059575831,0,0,45302.930871475444,101.9293377324273,43.61462150657043,482.10716358243593,21.229404309252217,34.078432184955766,38.88505897039369,17.337415618429304,60.29595366258008,40.178808581279526,96.35156440832279,0,0,0,0,0,0,0,0,0,0,120016.3436537243,103342.80970756988,1580216.1325681861,100206.6962399662,332899.1734167512,549408.5260196382,3147.976686709211,9002.9063222743,489166.0679627974,124828.9698665423,0,0,0,0,0,0,0,0,0,0,121.02606681670198,35.47081251156765,467.9863305177638,28.136882129277566,46.881150172981705,55.43030686963164,15.216348814046997,72.98552978980332,52.113108159877406,129.39399995558813,0,0,0,0,0,0,0,0,0,0,24200.843402451548,5887.001170645938,143752.1654093322,5872.581326573722,12415.36326158563,6703.452516256451,2888.7638791545246,10378.763380339346,11718.52744221683,24382.896986654232,0,0,0,0,0,0,0,0,0,0,28.706,15.067,46,2.387,2.183,1.992,2.445,30.625,0,0,0,0,0.009439277899343543,0.0039655180014375084,0.0316654492330168,0.016279443254817984,0.0014563380281690144,0.003,0.003003256166769455,0.003205040502344822,0.021758899676375405,0.040968874954331866,0.07223880597014928,0.02441220556745182,0.004300281690140846,0.0046,0.004621163529554012,0.004969072904220679,0.02343608414239482,0.04736859478503651,0.0867257462686567,0.03951086956521739,0.004655774647887323,0.0048,0.004823401949902082,0.0074427016883079206,0.024777831715210353,0.08301702356811848,0.09831529850746269,0.0856136363636363,0.004940169014084507,0.00496,0.004985192686180538,0.009715659885508625,0.4591090425531915,0.37546393557422936,0.3854675505931612,0.4598806366047745,0.8818359375,0.375,0.4597739361702128,0.48596850968413435,2.181076923076923,2.164205203039299,0.49384159106769016,2.1291015625,2.128823529411765,0.475,2.128823529411765,2.1896372216811257,2.3405384615384617,2.3321026015196495,0.6764583333333332,2.31455078125,2.3144117647058824,0.4875,2.3144117647058824,2.3448186108405626,2.468107692307693,2.46642052030393,0.9352916666666666,2.46291015625,2.4628823529411767,0.4975,2.4628823529411767,2.4689637221681124,395.1596638655503,397.3949579831812,396.94117647059653,393.0084033613276,396.20516957413884,132758794.75630252,48283028.436974786,0,12898407.260504201,36052055.527545296,3615946184.067227,2841771068.235294,1031080572.7731092,4991707359.731092,3998149436.05257,0,0,0,0,0,15.126050420168067,2.6050420168067228,5.445378151260504,0.8571428571428571,16.47003462068502,0,0,0,0,0,60467.63025210084,18655.731092436974,1063961.8151260503,30100.436974789915,70601.99657154382,1566.7058823529412,267.0420168067227,2822.974789915966,1732.1008403361345,429.56539275990724,1768.5210084033613,378.26890756302527,1891.7478991596638,2120.890756302521,533.8812140768378,0,0,0,0,0,0,0,0,0,0,0,0,0,0,0,0,0,0,0,0
1693106392,0.4856160525242322,0.32389829201014025,0.2875816993464055,0.08164820510029128,1.6898824324650539,0.49081985093619257,0.13727150014871092,0.21673168617251862,0.16088163133974193,0.10795172398903172,0,0.11165449632656718,0.12735338441619098,0.6792528218959143,0.2966093839793859,3.1941357277442073,6.210253547232894,49.97006276601307,0.44272131834635153,9.842315293436,4.568173281221598,0.3223741380493718,0.6419602875307021,1.1621862969070498,0.9800264935120993,0,0.301386864965052,1.4535138284549938,2.6574854799720304,1.049619036761026,2.03958742060177,5.546758250673644,49.17647058823528,0.3265928204011651,7.387200347632963,3.744773677513183,0.43469308380425076,0.48162596927226253,1.02562039979085,0.7988427575188358,0,0.17864719412250724,1.0188270753295203,1.2985715712716004,0.7044472869510423,50000,100000,50000,50000,50000,50000,10000,50000,50000,20000,50000,0,5677056,2162688,220594176,0,0,2027520,0,0,2973696,0,0,0,0,4595712,17.94836930129562,2.672160909083655,0,5.388781536619219,173.67163170219442,760.6616978731139,0,0,80.96368097172505,2.8499255133104473,0,0,217.13752042960542,0,8.564595962404761,0,0,2162688,0,0,0,0,0,0,0,0,0,0,0,0,225292288,78385152,16838656,439984128,111808512,349663232,39985152,10924032,310304768,93900800,4952064,3993600,305532928,16125952,134160384,207077376,69746688,13246464,199913472,104079360,330756096,35684352,9596928,291962880,83939328,4055040,2568192,296153088,15003648,37036032,0,0,0,0,0,0,0,0,0,0,0,0,0,0,0,209027072,78143488,16576512,425340928,107638784,333541376,39763968,10539008,296189952,93626368,4796416,2912256,298340352,15761408,43597824,190914560,72466432,16576512,212045824,107638784,333541376,37736448,10539008,296189952,90652672,4796416,2912256,298340352,15761408,39002112,1073741824,1073741824,314572800,0,1073741824,1073741824,1073741824,314572800,1073741824,0,0,0,1073741824,314572800,2147483648,8.64403566802061,0,4.804502505204878,0,0,13.99625530652726,31197.883486416682,0,18238.44059575831,0,0,45302.930871475444,8.64403566802061,0,4.804502505204878,0,0,13.99625530652726,31197.883486416682,0,18238.44059575831,0,0,45302.930871475444,101.9293377324273,44.46423768100614,482.10716358243593,21.229404309252217,34.078432184955766,38.88505897039369,17.337415618429304,60.29595366258008,48.36547056570042,96.35156440832279,0,0,0,0,0,0,0,0,0,0,120016.3436537243,105355.93557238922,1580216.1325681861,100206.6962399662,332899.1734167512,549408.5260196382,3147.976686709211,9002.9063222743,588836.451283361,124828.9698665423,0,0,0,0,0,0,0,0,0,0,121.02606681670198,36.161786661731135,467.9863305177638,28.136882129277566,46.881150172981705,55.43030686963164,15.216348814046997,72.98552978980332,62.73145192184906,129.39399995558813,0,0,0,0,0,0,0,0,0,0,24200.843402451548,6001.680405286304,143752.1654093322,5872.581326573722,12415.36326158563,6703.452516256451,2888.7638791545246,10378.763380339346,14106.244413229473,24382.896986654232,0,0,0,0,0,0,0,0,0,0,30,16,44,8,10,2,10,60,0,0,0,0,0.009573578595317727,0.003961073825503356,0.031587712805329383,0.016143973214285717,0.0015253731343283583,0.003,0.003013840830449827,0.0032017948096046567,0.021797382198952883,0.04103571428571428,0.07220754716981133,0.024300223214285717,0.004314626865671641,0.0046,0.004630449826989618,0.0049632306572883825,0.023422251308900525,0.04760119047619044,0.08671698113207543,0.036369047619047565,0.004663283582089552,0.0048,0.004832525951557093,0.007405216284987274,0.02472214659685864,0.08424285714285705,0.09832452830188677,0.08397368421052637,0.004942208955223881,0.00496,0.004994186851211072,0.009715139949109417,0.45867486338797814,0.3760416666666666,0.3858177322500883,0.4597107438016529,0.8699186991869919,0.375,0.4550561797752809,0.4919144981412639,2.1813655030800825,2.163719512195122,0.49447191805015894,2.128658536585366,2.1157894736842104,0.475,2.1157894736842104,2.194137466307278,2.340682751540041,2.3318597560975602,0.6861224489795912,2.314329268292683,2.3078947368421048,0.4875,2.3078947368421048,2.347068733153639,2.4681365503080084,2.466371951219512,0.9372244897959179,2.462865853658537,2.4615789473684213,0.4975,2.4615789473684213,2.4694137466307273,395.15966386555647,397.44537815126375,396.84033613444456,393.02521008403,396.30252100841165,116164005.64705881,48283028.436974786,0,12898407.260504201,36053267.36134454,3615913553.747899,2841882314.2184873,1031260246.0504202,5084158210.15126,3919938362.0840335,0,0,0,0,0,15.109243697478991,2.6050420168067228,5.445378151260504,0.907563025210084,16.403361344537814,0,0,0,0,0,60424.6050420168,18655.731092436974,1063961.8151260503,30694.18487394958,70423.66386554622,1556.0840336134454,266.94117647058823,2820.890756302521,1719.6638655462184,427.0756302521008,1757.6302521008404,378.15126050420173,1889.6806722689075,2109.09243697479,531.3949579831932,0,0,0,0,0,0,0,0,0,0,0,0,0,0,0,0,0,0,0,0
1693106393,0.4856160525242322,0.31751427758226763,0.2875816993464055,0.08164820510029128,1.6898824324650539,0.49081985093619257,0.13727150014871092,0.21673168617251862,0.16088163133974193,0.10795172398903172,0,0.11165449632656718,0.12735338441619098,0.6792528218959143,0.2966093839793859,3.1941357277442073,6.08784985068904,49.97006276601307,0.44272131834635153,9.842315293436,4.568173281221598,0.3223741380493718,0.6419602875307021,1.1621862969070498,0.9800264935120993,0,0.301386864965052,1.4535138284549938,2.6574854799720304,1.049619036761026,2.03958742060177,5.437432003596325,49.17647058823528,0.3265928204011651,7.387200347632963,3.744773677513183,0.43469308380425076,0.48162596927226253,1.02562039979085,0.7988427575188358,0,0.17864719412250724,1.0188270753295203,1.2985715712716004,0.7044472869510423,50000,100000,50000,50000,50000,50000,10000,50000,50000,20000,50000,0,5677056,2162688,220594176,0,0,2027520,0,0,2973696,0,0,0,0,4595712,17.94836930129562,2.6194927900537057,0,5.388781536619219,173.67163170219442,760.6616978731139,0,0,80.96368097172505,2.8499255133104473,0,0,217.13752042960542,0,8.564595962404761,0,0,2162688,0,0,0,0,0,0,0,0,0,0,0,0,225292288,78385152,16838656,439984128,111808512,349663232,39985152,10924032,310304768,93900800,4952064,3993600,305532928,16125952,134160384,207077376,69746688,13246464,199913472,104079360,330756096,35684352,9596928,291962880,83939328,4055040,2568192,296153088,15003648,37036032,0,0,0,0,0,0,0,0,0,0,0,0,0,0,0,209027072,78143488,16576512,425340928,107638784,333541376,39763968,10539008,296189952,93626368,4796416,2912256,298340352,15761408,43597824,190914560,72466432,16576512,212045824,107638784,333541376,37736448,10539008,296189952,90652672,4796416,2912256,298340352,15761408,39002112,1073741824,1073741824,314572800,0,1073741824,1073741824,1073741824,314572800,1073741824,0,0,0,1073741824,314572800,2147483648,8.47366228297676,0,4.804502505204878,0,0,13.99625530652726,30582.975216723993,0,18238.44059575831,0,0,45302.930871475444,8.47366228297676,0,4.804502505204878,0,0,13.99625530652726,30582.975216723993,0,18238.44059575831,0,0,45302.930871475444,101.9293377324273,50.97697046614315,482.10716358243593,21.229404309252217,34.078432184955766,38.88505897039369,17.535615354174915,60.29595366258008,48.36547056570042,96.35156440832279,0,0,0,0,0,0,0,0,0,0,120016.3436537243,120787.55188916212,1580216.1325681861,100206.6962399662,332899.1734167512,549408.5260196382,3177.03798971112,9002.9063222743,588836.451283361,124828.9698665423,0,0,0,0,0,0,0,0,0,0,121.02606681670198,41.45844900980937,467.9863305177638,28.136882129277566,46.881150172981705,55.43030686963164,15.334388603086666,72.98552978980332,62.73145192184906,129.39399995558813,0,0,0,0,0,0,0,0,0,0,24200.843402451548,6880.754078422041,143752.1654093322,5872.581326573722,12415.36326158563,6703.452516256451,2916.674910961615,10378.763380339346,14106.244413229473,24382.896986654232,0,0,0,0,0,0,0,0,0,0,32,26,58,10,10,2,10,64,0,0,0,0,0.009573578595317727,0.003961073825503356,0.031587712805329383,0.016143973214285717,0.0014869565217391304,0.003,0.003016638935108153,0.0032017948096046567,0.021797382198952883,0.04103571428571428,0.07220754716981133,0.024300223214285717,0.004306666666666667,0.0046,0.004635274542429285,0.0049632306572883825,0.023422251308900525,0.04760119047619044,0.08671698113207543,0.036369047619047565,0.004659130434782609,0.0048,0.004837603993344426,0.007405216284987274,0.02472214659685864,0.08424285714285705,0.09832452830188677,0.08397368421052637,0.0049411014492753615,0.00496,0.004999467554076539,0.009715139949109417,0.45867486338797814,0.3760416666666666,0.3858177322500883,0.4597107438016529,0.8739837398373984,0.375,0.4576502732240438,0.4919144981412639,2.1813655030800825,2.163719512195122,0.49447191805015894,2.128658536585366,2.1231404958677684,0.475,2.1231404958677684,2.194137466307278,2.340682751540041,2.3318597560975602,0.6861224489795912,2.314329268292683,2.311570247933884,0.4875,2.311570247933884,2.347068733153639,2.4681365503080084,2.466371951219512,0.9372244897959179,2.462865853658537,2.4623140495867766,0.4975,2.4623140495867766,2.4694137466307273,395.0924369747925,397.56302521007336,396.8067226890829,392.9075630252013,396.2857142856939,116164005.64705881,48283028.436974786,0,12898407.260504201,36053267.36134454,3615799347.630252,2841935596.638655,1031273876.4369748,4991768971.831933,3920017803.8319325,0,0,0,0,0,15.193277310924369,1.9831932773109242,5.445378151260504,0.907563025210084,16.352941176470587,0,0,0,0,0,60665.54621848739,14800.672268907563,1063961.8151260503,30694.18487394958,70260.16806722688,1558.5378151260504,266.70588235294116,2820.8571428571427,1719.8655462184875,427.0252100840336,1760.3529411764705,377.8151260504202,1889.0756302521008,2109.8991596638657,531.3613445378151,0,0,0,0,0,0,0,0,0,0,0,0,0,0,0,0,0,0,0,0
1693106394,0.40383377411484955,0.42005511123059347,0.2875816993464055,0.08164820510029128,1.6898824324650539,0.4908198509361927,0.13727150014871092,0.21673168617251862,0.16088163133974193,0.10795172398903172,0,0.11165449632656718,0.12735338441619098,0.6792528218959143,0.2966093839793859,2.603486546357788,7.4119618539552405,49.97006276601307,0.44272131834635153,9.842315293436,4.568173281221599,0.3223741380493718,0.6419602875307021,1.1621862969070498,0.9800264935120993,0,0.301386864965052,1.4535138284549938,2.6574854799720304,1.049619036761026,1.7162935399881265,6.620068552994156,49.17647058823528,0.3265928204011651,7.387200347632963,3.7447736775131837,0.43469308380425076,0.48162596927226253,1.02562039979085,0.7988427575188358,0,0.17864719412250724,1.0188270753295203,1.2985715712716004,0.7044472869510423,50000,100000,50000,50000,50000,50000,10000,50000,50000,20000,50000,0,5947392,2162688,220594176,0,0,2027520,0,0,2973696,0,0,0,0,4595712,14.992328864013777,3.3268364809463002,0,5.388781536619219,173.67163170219442,760.661697873114,0,0,80.96368097172505,2.8499255133104473,0,0,217.13752042960542,0,8.564595962404761,0,0,2162688,0,0,0,0,0,0,0,0,0,0,0,0,225292288,78663680,16838656,439984128,111808512,349663232,39985152,10924032,310304768,93900800,4952064,3993600,305532928,16125952,134160384,207077376,69881856,13246464,199913472,104079360,330756096,35684352,9596928,291962880,83939328,4055040,2568192,296153088,15003648,37036032,0,0,0,0,0,0,0,0,0,0,0,0,0,0,0,209027072,78413824,16576512,425340928,107638784,333541376,39763968,10539008,296189952,93626368,4796416,2912256,298340352,15761408,43597824,190914560,72601600,16576512,212045824,107638784,333541376,37736448,10539008,296189952,90652672,4796416,2912256,298340352,15761408,39002112,1073741824,1073741824,314572800,0,1073741824,1073741824,1073741824,314572800,1073741824,0,0,0,1073741824,314572800,2147483648,10.703004234155522,0,4.804502505204878,0,0,13.99625530652726,41964.11049129646,0,18238.44059575831,0,0,45302.930871475444,10.703004234155522,0,4.804502505204878,0,0,13.99625530652726,41964.11049129646,0,18238.44059575831,0,0,45302.930871475444,101.9293377324273,50.97697046614315,482.10716358243593,21.229404309252217,34.078432184955766,38.828741323351736,17.535615354174915,60.29595366258008,48.36547056570042,96.35156440832279,0,0,0,0,0,0,0,0,0,0,120016.3436537243,120787.55188916212,1580216.1325681861,100206.6962399662,332899.1734167512,548411.8831584185,3177.03798971112,9002.9063222743,588836.451283361,124828.9698665423,0,0,0,0,0,0,0,0,0,0,121.02606681670198,41.45844900980937,467.9863305177638,28.136882129277566,46.881150172981705,55.29364383691455,15.334388603086666,72.98552978980332,62.73145192184906,129.39399995558813,0,0,0,0,0,0,0,0,0,0,24200.843402451548,6880.754078422041,143752.1654093322,5872.581326573722,12415.36326158563,6701.546990121059,2916.674910961615,10378.763380339346,14106.244413229473,24382.896986654232,0,0,0,0,0,0,0,0,0,0,24,22,46,10,10,2,10,88,0,0,0,0,0.009573578595317727,0.003961073825503356,0.031587712805329383,0.016143973214285717,0.0014869565217391304,0.003,0.003016638935108153,0.0032017948096046567,0.021797382198952883,0.04103571428571428,0.07220754716981133,0.024300223214285717,0.004306666666666667,0.0046,0.004635274542429285,0.0049632306572883825,0.023422251308900525,0.04760119047619044,0.08671698113207543,0.036369047619047565,0.004659130434782609,0.0048,0.004837603993344426,0.007405216284987274,0.02472214659685864,0.08424285714285705,0.09832452830188677,0.08397368421052637,0.0049411014492753615,0.00496,0.004999467554076539,0.009715139949109417,0.45867486338797814,0.3760416666666666,0.3858177322500883,0.4597107438016529,0.8739837398373984,0.375,0.4576502732240438,0.4919144981412639,2.1813655030800825,2.163719512195122,0.49447191805015894,2.128658536585366,2.1231404958677684,0.475,2.1231404958677684,2.194137466307278,2.340682751540041,2.3318597560975602,0.6861224489795912,2.314329268292683,2.311570247933884,0.4875,2.311570247933884,2.347068733153639,2.4681365503080084,2.466371951219512,0.9372244897959179,2.462865853658537,2.4623140495867766,0.4975,2.4623140495867766,2.4694137466307273,395.0924369747791,397.59663865544195,396.87394957983076,393.1764705882141,396.23529411765077,116163936.80672269,48283028.436974786,0,12898407.260504201,36053267.36134454,3615695467.563025,2841934632.8739495,1031255702.5882353,4991826315.831933,3920082307.2268906,0,0,0,0,0,15.159663865546218,1.9831932773109242,5.46218487394958,0.907563025210084,16.403361344537814,0,0,0,0,0,60570.89075630252,14800.672268907563,1064099.4957983193,30694.18487394958,70415.05882352941,1548,266.48739495798316,2820.655462184874,1713.4117647058824,424.9243697478991,1749.4957983193278,377.7647058823529,1888.0672268907563,2103.2100840336134,529.3949579831933,0,0,0,0,0,0,0,0,0,0,0,0,0,0,0,0,0,0,0,0
1693106395,0.4120343604567731,0.42993234222614435,0.2875816993464055,0.08164820510029128,1.6898824324650539,0.43938934790294304,0.13727150014871092,0.21673168617251862,0.16088163133974193,0.10795172398903172,0,0.11165449632656718,0.12735338441619098,0.6792528218959143,0.2966093839793859,2.656355121454658,7.493589640893358,49.97006276601307,0.44272131834635153,9.842315293436,4.422400897347352,0.3223741380493718,0.6419602875307021,1.1621862969070498,0.9800264935120993,0,0.301386864965052,1.4535138284549938,2.6574854799720304,1.049619036761026,1.7511460319413017,6.65263729549929,49.17647058823528,0.3265928204011651,7.387200347632963,3.7128399897799076,0.43469308380425076,0.48162596927226253,1.02562039979085,0.7988427575188358,0,0.17864719412250724,1.0188270753295203,1.2985715712716004,0.7044472869510423,50000,100000,50000,50000,50000,50000,10000,50000,50000,20000,50000,0,5947392,2162688,220594176,0,0,2027520,0,0,2973696,0,0,0,0,4595712,15.296775631957686,2.9868983775711087,0,5.388781536619219,173.67163170219442,755.4421058495326,0,0,80.96368097172505,2.8499255133104473,0,0,217.13752042960542,0,8.564595962404761,0,0,2162688,0,0,0,0,0,0,0,0,0,0,0,0,225292288,78663680,16838656,439984128,111808512,349663232,39985152,10924032,310304768,93900800,4952064,3993600,305532928,16125952,134160384,207077376,69881856,13246464,199913472,104079360,330756096,35684352,9596928,291962880,83939328,4055040,2568192,296153088,15003648,37036032,0,0,0,0,0,0,0,0,0,0,0,0,0,0,0,209027072,78413824,16576512,425340928,107638784,333541376,39763968,10539008,296189952,93626368,4796416,2912256,298340352,15761408,43597824,190914560,72601600,16576512,212045824,107638784,333541376,37736448,10539008,296189952,90652672,4796416,2912256,298340352,15761408,39002112,1073741824,1073741824,314572800,0,1073741824,1073741824,1073741824,314572800,1073741824,0,0,0,1073741824,314572800,2147483648,11.042472789808341,0,4.804502505204878,0,0,13.99625530652726,44198.855022288604,0,18238.44059575831,0,0,45302.930871475444,11.042472789808341,0,4.804502505204878,0,0,13.99625530652726,44198.855022288604,0,18238.44059575831,0,0,45302.930871475444,101.74787095391977,50.97697046614315,482.10716358243593,21.229404309252217,34.078432184955766,38.828741323351736,17.535615354174915,60.29595366258008,48.36547056570042,96.35156440832279,0,0,0,0,0,0,0,0,0,0,119409.02679830747,120787.55188916212,1580216.1325681861,100206.6962399662,332899.1734167512,548411.8831584185,3177.03798971112,9002.9063222743,588836.451283361,124828.9698665423,0,0,0,0,0,0,0,0,0,0,120.65487136455339,41.45844900980937,467.9863305177638,28.136882129277566,46.881150172981705,55.29364383691455,15.334388603086666,72.98552978980332,62.73145192184906,129.39399995558813,0,0,0,0,0,0,0,0,0,0,24145.721376158253,6880.754078422041,143752.1654093322,5872.581326573722,12415.36326158563,6701.546990121059,2916.674910961615,10378.763380339346,14106.244413229473,24382.896986654232,0,0,0,0,0,0,0,0,0,0,34,24,46,14,14,2,14,106,0,0,0,0,0.009573578595317727,0.003961073825503356,0.031587712805329383,0.016143973214285717,0.0014869565217391304,0.003,0.003016638935108153,0.0032095531587057013,0.021797382198952883,0.04103571428571428,0.07220754716981133,0.024300223214285717,0.004306666666666667,0.0046,0.004635274542429285,0.004977195685670262,0.023422251308900525,0.04760119047619044,0.08671698113207543,0.036369047619047565,0.004659130434782609,0.0048,0.004837603993344426,0.0075051948051948056,0.02472214659685864,0.08424285714285705,0.09832452830188677,0.08397368421052637,0.0049411014492753615,0.00496,0.004999467554076539,0.009740000000000006,0.45867486338797814,0.3760416666666666,0.3858177322500883,0.4597107438016529,0.8739837398373984,0.375,0.4576502732240438,0.4715355805243446,2.1813655030800825,2.163719512195122,0.49447191805015894,2.128658536585366,2.1231404958677684,0.475,2.1231404958677684,2.1771885942971485,2.340682751540041,2.3318597560975602,0.6861224489795912,2.314329268292683,2.311570247933884,0.4875,2.311570247933884,2.338594297148574,2.4681365503080084,2.466371951219512,0.9372244897959179,2.462865853658537,2.4623140495867766,0.4975,2.4623140495867766,2.467718859429715,395.12605042017304,397.6806722689086,396.92436974788654,393.05882352940705,396.2016806722433,116164005.64705881,38626794.48739496,0,12898407.260504201,36053267.36134454,3473846581.7815123,2898754689.07563,1031275872.8067226,5084251970.689075,3998471555.2268906,0,0,0,0,0,15.22689075630252,2.033613445378151,5.46218487394958,0.907563025210084,16.521008403361343,0,0,0,0,0,60639.731092436974,19275.29411764706,1064099.4957983193,30694.18487394958,70871.12605042016,1551.6974789915967,266.65546218487395,2820.016806722689,1713.4621848739496,425.781512605042,1753.159663865546,377.79831932773106,1887.2941176470588,2102.890756302521,530.2521008403361,0,0,0,0,0,0,0,0,0,0,0,0,0,0,0,0,0,0,0,0
1693106396,0.3919316039269231,0.42993234222614435,0.2875816993464055,0.08164820510029128,1.6898824324650539,0.44830224218710385,0.13727150014871092,0.21673168617251862,0.16088163133974193,0.10795172398903172,0,0.11165449632656718,0.1415698065036288,0.6792528218959143,0.2966093839793859,2.6942172918894363,7.493589640893358,49.97006276601307,0.44272131834635153,9.842315293436,4.512108105472347,0.3223741380493718,0.6419602875307021,1.1621862969070498,0.9800264935120993,0.00005177361675662276,0.301386864965052,1.4521740891297763,2.6574854799720304,1.049619036761026,1.8420785384565603,6.65263729549929,49.17647058823528,0.3265928204011651,7.387200347632963,3.7881539464810676,0.43469308380425076,0.48162596927226253,1.02562039979085,0.7988427575188358,0,0.17864719412250724,1.1042444907283004,1.2985715712716004,0.7044472869510423,50000,100000,50000,50000,50000,50000,10000,50000,50000,20000,50000,0,5947392,2162688,220594176,0,0,2027520,0,0,2973696,0,0,0,0,4595712,14.227117222547298,2.9868983775711087,0,5.388781536619219,173.67163170219442,770.7660449922904,0,0,80.96368097172505,2.8499255133104473,0,0,263.4897238645525,0,8.564595962404761,0,0,2162688,0,0,0,0,0,0,0,0,0,0,0,0,225292288,78663680,16838656,439984128,111808512,349663232,39985152,10924032,310304768,93900800,4952064,3993600,305532928,16125952,134160384,207077376,69881856,13246464,199913472,104079360,330756096,35684352,9596928,291962880,83939328,4055040,2568192,296153088,15003648,37036032,0,0,0,0,0,0,0,0,0,0,0,0,0,0,0,209084416,78413824,16576512,425340928,107638784,333541376,39763968,10539008,296189952,93626368,4796416,2912256,298340352,15761408,43597824,190971904,72601600,16576512,212045824,107638784,333541376,37736448,10539008,296189952,90652672,4796416,2912256,298340352,15761408,39002112,1073741824,1073741824,314572800,0,1073741824,1073741824,1073741824,314572800,1073741824,0,0,0,1073741824,314572800,2147483648,11.042472789808341,0,4.804502505204878,0,0,13.99625530652726,44198.855022288604,0,18238.44059575831,0,0,45302.930871475444,11.042472789808341,0,4.804502505204878,0,0,13.99625530652726,44198.855022288604,0,18238.44059575831,0,0,45302.930871475444,101.74787095391977,50.97697046614315,482.10716358243593,21.229404309252217,34.078432184955766,38.828741323351736,17.535615354174915,60.29595366258008,48.36547056570042,94.2393686979395,0,0,0,0,0,0,0,0,0,0,119409.02679830747,120787.55188916212,1580216.1325681861,100206.6962399662,332899.1734167512,548411.8831584185,3177.03798971112,9002.9063222743,588836.451283361,124044.55940377027,0,0,0,0,0,0,0,0,0,0,120.65487136455339,41.45844900980937,467.9863305177638,28.136882129277566,46.881150172981705,55.29364383691455,15.334388603086666,72.98552978980332,62.73145192184906,126.71635247698377,0,0,0,0,0,0,0,0,0,0,24145.721376158253,6880.754078422041,143752.1654093322,5872.581326573722,12415.36326158563,6701.546990121059,2916.674910961615,10378.763380339346,14106.244413229473,23899.8334064007,0,0,0,0,0,0,0,0,0,0,44,18,56,10,12,2,10,118,0,0,0,0,0.009573578595317727,0.003961073825503356,0.031587712805329383,0.016143973214285717,0.0014869565217391304,0.003,0.003016638935108153,0.0032003929273084477,0.021797382198952883,0.04103571428571428,0.07220754716981133,0.024300223214285717,0.004306666666666667,0.0046,0.004635274542429285,0.004960707269155206,0.023422251308900525,0.04760119047619044,0.08671698113207543,0.036369047619047565,0.004659130434782609,0.0048,0.004837603993344426,0.007389610389610383,0.02472214659685864,0.08424285714285705,0.09832452830188677,0.08397368421052637,0.0049411014492753615,0.00496,0.004999467554076539,0.009716883116883112,0.45867486338797814,0.3760416666666666,0.3858177322500883,0.4597107438016529,0.8739837398373984,0.375,0.4576502732240438,0.48643122676579925,2.1813655030800825,2.163719512195122,0.49447191805015894,2.128658536585366,2.1231404958677684,0.475,2.1231404958677684,2.189893862482695,2.340682751540041,2.3318597560975602,0.6861224489795912,2.314329268292683,2.311570247933884,0.4875,2.311570247933884,2.3449469312413473,2.4681365503080084,2.466371951219512,0.9372244897959179,2.462865853658537,2.4623140495867766,0.4975,2.4623140495867766,2.4689893862482695,395.02521008403784,397.6470588235255,397.04201680672446,392.8571428571414,396.21848739495914,116164005.64705881,38626794.48739496,0,12898407.260504201,36053267.36134454,3332078170.352941,2898752623.865546,1031274427.1596638,4899537859.764706,4076873125.6470585,0,0,0,0,0,15.34453781512605,2,3.546218487394958,0.8235294117647058,16.53781512605042,0,0,0,0,0,60992.537815126045,19085.98319327731,619838.3865546219,30160.67226890756,70939.96638655462,1558.3865546218487,266.85714285714283,2821.09243697479,1717.747899159664,426.3865546218487,1759.7310924369747,377.99999999999994,1888.6386554621847,2107.1932773109243,530.9411764705883,0,0,0,0,0,0,0,0,0,0,0,0,0,0,0,0,0,0,0,0
1693106397,0.3997334373577794,0.42993234222614435,0.2875816993464055,0.08164820510029128,1.6898824324650539,0.4572151364712647,0.13727150014871092,0.2167316861725186,0.16088163133974193,0.10795172398903172,0,0.11165449632656718,0.1679656006449888,0.6792528218959143,0.24410619106191084,2.747848676363788,7.493589640893358,49.97006276601307,0.44272131834635153,9.842315293436,4.601815313597342,0.3223741380493718,0.641960287530702,1.1621862969070498,0.9800264935120993,0.00005177361675662276,0.301386864965052,1.7229330119591582,2.6574854799720304,0.9034036105166056,1.8787471555815856,6.65263729549929,49.17647058823528,0.3265928204011651,7.387200347632963,3.863467903182228,0.43469308380425076,0.4816259692722625,1.02562039979085,0.7988427575188358,0,0.17864719412250724,1.3101316850309075,1.2985715712716004,0.5991697416974181,50000,100000,50000,50000,50000,50000,10000,50000,50000,20000,50000,0,5947392,2162688,220594176,0,0,2027520,0,0,2973696,0,0,0,0,4595712,14.510323776087379,2.9868983775711087,0,5.388781536619219,173.67163170219442,786.0899841350482,0,0,80.96368097172505,2.8499255133104473,0,0,312.6175759204515,0,7.323185731857319,0,0,2162688,0,0,0,0,0,0,0,0,0,0,0,0,225292288,78663680,16838656,439984128,111808512,349663232,39985152,10924032,310304768,93900800,4952064,3993600,305532928,16125952,134160384,207077376,69881856,13246464,199913472,104079360,330756096,35684352,9596928,291962880,83939328,4055040,2568192,296153088,15003648,37036032,0,0,0,0,0,0,0,0,0,0,0,0,0,0,0,209084416,78413824,16576512,425340928,107638784,333541376,39763968,10539008,296189952,93626368,4796416,2912256,298340352,15761408,43597824,190971904,72601600,16576512,212045824,107638784,333541376,37736448,10539008,296189952,90652672,4796416,2912256,298340352,15761408,39002112,1073741824,1073741824,314572800,0,1073741824,1073741824,1073741824,314572800,1073741824,0,0,0,1073741824,314572800,2147483648,11.042472789808341,0,4.804502505204878,0,0,11.939011890118902,44198.855022288604,0,18238.44059575831,0,0,39948.91020910209,11.042472789808341,0,4.804502505204878,0,0,11.939011890118902,44198.855022288604,0,18238.44059575831,0,0,39948.91020910209,101.74787095391977,50.97697046614315,482.10716358243593,21.229404309252217,34.078432184955766,38.828741323351736,17.535615354174915,60.295953662580075,48.36547056570042,94.2393686979395,0,0,0,0,0,0,0,0,0,0,119409.02679830747,120787.55188916212,1580216.1325681861,100206.6962399662,332899.1734167512,548411.8831584185,3177.03798971112,9002.906322274299,588836.451283361,124044.55940377027,0,0,0,0,0,0,0,0,0,0,120.65487136455339,41.45844900980937,467.9863305177638,28.136882129277566,46.881150172981705,55.29364383691455,15.334388603086666,72.98552978980331,62.73145192184906,126.71635247698377,0,0,0,0,0,0,0,0,0,0,24145.721376158253,6880.754078422041,143752.1654093322,5872.581326573722,12415.36326158563,6701.546990121059,2916.674910961615,10378.763380339344,14106.244413229473,23899.8334064007,0,0,0,0,0,0,0,0,0,0,46,26,74,14,8,2,14,96,0,0,0,0,0.009650900900900901,0.003994565217391304,0.03147222222222222,0.01614864864864865,0.001608955223880597,0.003,0.003032085561497326,0.003202214022140221,0.021845520082389294,0.04191943127962084,0.07208571428571432,0.02433783783783784,0.00433134328358209,0.0046,0.004657754010695187,0.004963985239852398,0.02344593202883625,0.048447867298578175,0.08675714285714287,0.03663043478260865,0.0046716417910447755,0.0048,0.00486096256684492,0.007412371134020608,0.02472626158599382,0.08688095238095232,0.09849428571428574,0.0831666666666666,0.004943880597014926,0.00496,0.0083,0.009719587628865977,0.4573002754820936,0.375,0.3858944954128441,0.4586776859504132,0.860082304526749,0.375,0.4518413597733711,0.48675373134328354,2.180903490759754,2.163340122199593,0.49461009174311926,2.125925925925926,2.1059907834101383,0.475,2.1059907834101383,2.1901707429626214,2.3404517453798768,2.331670061099796,0.6881578947368422,2.312962962962963,2.302995391705069,0.4875,2.302995391705069,2.3450853714813102,2.4680903490759754,2.466334012219959,0.9376315789473684,2.4625925925925927,2.4605990783410143,0.4975,2.4605990783410143,2.4690170742962625,394.9915966386494,397.69747899159813,396.9915966386595,392.9747899159623,396.30252100840755,116164005.64705881,38626794.48739496,0,12898407.260504201,36053267.36134454,3332096137.680672,2898742779.697479,971652225.0756302,4807193367.663865,4076897013.243697,0,0,0,0,0,15.310924369747898,2,3.546218487394958,0.8235294117647058,16.621848739495796,0,0,0,0,0,61026.95798319327,19085.98319327731,619838.3865546219,30160.67226890756,71232.53781512605,1559.7310924369747,265.8319327731092,2823.478991596639,1723.3445378151262,427.14285714285705,1760.957983193277,376.9579831932773,1890.9579831932772,2112.8235294117644,531.6806722689075,0,0,0,0,0,0,0,0,0,0,0,0,0,0,0,0,0,0,0,0
1693106398,0.4681100058513755,0.42993234222614435,0.32677365478178805,0.08164820510029128,1.6898824324650539,0.4661280307554256,0.13727150014871092,0.2167316861725186,0.2072968490878934,0.10795172398903172,0,0.1016277375971816,0.1679656006449888,0.6792528218959143,0.24890411138153956,3.2178830684610826,7.493589640893358,50.014107829859846,0.44272131834635153,9.842315293436,4.691522521722337,0.3223741380493718,0.641960287530702,1.176804261430946,0.9800264935120993,0.00005177361675662276,0.2985929233218718,1.7229330119591582,2.6574854799720304,0.9211600570895817,2.2001170275014905,6.65263729549929,49.197589136591375,0.3265928204011651,7.387200347632963,3.938781859883388,0.43469308380425076,0.4816259692722625,1.0364842454394734,0.7988427575188358,0,0.16937956266196916,1.3101316850309075,1.2985715712716004,0.6109464552092339,50000,100000,50000,50000,50000,50000,10000,50000,50000,20000,50000,0,5947392,2162688,220594176,0,0,2027520,0,0,2973696,0,0,0,0,4595712,16.992393212404913,2.9868983775711087,0,5.388781536619219,173.67163170219442,801.4139232778061,0,0,115.31627576403696,2.8499255133104473,0,0,312.6175759204515,0,7.46712334144618,0,0,2162688,0,0,0,0,0,0,0,0,0,0,0,0,225292288,78663680,16973824,439984128,111808512,349663232,39985152,10924032,310304768,93900800,4952064,3993600,305532928,16125952,134160384,207077376,69881856,13246464,199913472,104079360,330756096,35684352,9596928,291962880,83939328,4055040,2568192,296153088,15003648,37036032,0,0,0,0,0,0,0,0,0,0,0,0,0,0,0,209084416,78413824,16588800,425340928,107638784,333541376,39763968,10539008,296189952,93626368,4796416,2912256,298340352,15761408,43597824,190971904,72601600,16588800,212045824,107638784,333541376,37736448,10539008,296189952,90652672,4796416,2912256,298340352,15761408,39002112,1073741824,1073741824,314572800,0,1073741824,1073741824,1073741824,314572800,1073741824,0,0,0,1073741824,314572800,2147483648,11.042472789808341,0,4.804502505204878,0,0,12.173673811206196,44198.855022288604,0,18238.44059575831,0,0,40734.10818874146,11.042472789808341,0,4.804502505204878,0,0,12.173673811206196,44198.855022288604,0,18238.44059575831,0,0,40734.10818874146,101.74787095391977,44.25948018296714,482.10716358243593,21.229404309252217,34.078432184955766,38.828741323351736,17.23671497584541,60.295953662580075,40.419023751755844,94.2393686979395,0,0,0,0,0,0,0,0,0,0,119409.02679830747,104870.77223896778,1580216.1325681861,100206.6962399662,332899.1734167512,548411.8831584185,3125.8164251207727,9002.906322274299,492090.6223375048,124044.55940377027,0,0,0,0,0,0,0,0,0,0,120.65487136455339,35.99526189154174,467.9863305177638,28.136882129277566,46.881150172981705,55.29364383691455,15.207729468599034,72.98552978980331,52.42467437108926,126.71635247698377,0,0,0,0,0,0,0,0,0,0,24145.721376158253,5974.042709737977,143752.1654093322,5872.581326573722,12415.36326158563,6701.546990121059,2881.951690821256,10378.763380339344,11788.58845613587,23899.8334064007,0,0,0,0,0,0,0,0,0,0,26,14,36,6,6,2,6,60,0,0,0,0,0.009650900900900901,0.003994565217391304,0.03147222222222222,0.01614864864864865,0.0015159420289855073,0.003,0.0030545144804088585,0.003202214022140221,0.021845520082389294,0.04191943127962084,0.07208571428571432,0.02433783783783784,0.004312463768115941,0.0046,0.004698126064735946,0.004963985239852398,0.02344593202883625,0.048447867298578175,0.08675714285714287,0.03663043478260865,0.0046620289855072465,0.0048,0.004903577512776831,0.007412371134020608,0.02472626158599382,0.08688095238095232,0.09849428571428574,0.0831666666666666,0.004941681159420289,0.00496,0.033208333333333076,0.009719587628865977,0.4573002754820936,0.375,0.3858944954128441,0.4586776859504132,0.8734567901234568,0.375,0.4576446280991736,0.48675373134328354,2.180903490759754,2.163340122199593,0.49461009174311926,2.125925925925926,2.123125,0.475,2.123125,2.1901707429626214,2.3404517453798768,2.331670061099796,0.6881578947368422,2.312962962962963,2.3115625,0.4875,2.3115625,2.3450853714813102,2.4680903490759754,2.466334012219959,0.9376315789473684,2.4625925925925927,2.4623125,0.4975,2.4623125,2.4690170742962625,394.9411764705903,397.71428571428027,397.1428571428596,392.8907563025329,396.2689075630078,116164005.64705881,38626794.48739496,0,12898407.260504201,36053267.36134454,3402969397.7815123,2841895462.722689,971643000.4705882,4899641877.512605,4076877944.470588,0,0,0,0,0,15.327731092436974,2.0504201680672267,3.546218487394958,0.9411764705882353,16.672268907563023,0,0,0,0,0,61061.3781512605,19326.9243697479,619838.3865546219,31236.3025210084,71430.4537815126,1555.3613445378153,267.17647058823525,2824.7731092436975,1718.9243697478994,427.34453781512605,1757.0084033613443,378.2016806722689,1892.033613445378,2107.4453781512602,531.8823529411764,0,0,0,0,0,0,0,0,0,0,0,0,0,0,0,0,0,0,0,0
1693106399,0.4681100058513755,0.42993234222614435,0.32677365478178805,0.0765403750478378,1.6898824324650539,0.5347736570496519,0.11850547664595651,0.2167316861725186,0.2072968490878934,0.10795172398903172,0,0.08233502120126802,0.1679656006449888,0.6792528218959143,0.28787521917772396,3.2178830684610826,7.493589640893358,50.014107829859846,0.44132609452736365,9.842315293436,5.382432487499693,0.3262734700096501,0.641960287530702,1.176804261430946,0.9800264935120993,0.00005177361675662276,0.29531885883660647,1.7229330119591582,2.6574854799720304,1.0653867943785824,2.2001170275014905,6.65263729549929,49.197589136591375,0.3635667814772291,7.387200347632963,4.518837402069606,0.44016319897069567,0.4816259692722625,1.0364842454394734,0.7988427575188358,0,0.16467004240253605,1.3101316850309075,1.2985715712716004,0.7066028107089594,50000,100000,50000,50000,50000,50000,10000,50000,50000,20000,50000,0,5947392,2162688,220594176,0,0,2297856,0,0,2973696,0,0,0,0,4595712,16.992393212404913,2.9868983775711087,0,5.05166475315729,173.67163170219442,919.4363485654698,0,0,115.31627576403696,2.8499255133104473,0,0,312.6175759204515,0,8.63625657533171,0,0,2162688,0,0,0,0,0,0,0,0,0,0,0,0,225292288,78663680,16973824,439984128,111808512,349663232,40038400,10924032,310304768,93900800,4952064,3993600,305532928,16125952,134160384,207077376,69881856,13246464,199913472,104079360,330756096,35819520,9596928,291962880,83939328,4055040,2568192,296153088,15003648,37036032,0,0,0,0,0,0,0,0,0,0,0,0,0,0,0,209084416,78413824,16588800,425340928,107638784,333541376,39907328,10539008,296189952,93626368,4796416,2912256,298340352,15761408,43597824,190971904,72601600,16588800,212045824,107638784,333541376,37609472,10539008,296189952,90652672,4796416,2912256,298340352,15761408,39002112,1073741824,1073741824,314572800,0,1073741824,1073741824,1073741824,314572800,1073741824,0,0,0,1073741824,314572800,2147483648,11.042472789808341,0,4.875653896290778,0,0,14.079715265237759,44198.855022288604,0,20178.7062587821,0,0,47111.878778362254,11.042472789808341,0,4.875653896290778,0,0,14.079715265237759,44198.855022288604,0,20178.7062587821,0,0,47111.878778362254,100.66967216702412,43.40986400853142,482.10716358243593,21.229404309252217,27.65520105045635,38.76604385164211,17.23671497584541,60.295953662580075,39.61293257566084,94.09952447927132,0,0,0,0,0,0,0,0,0,0,118757.58305247953,102857.64637414842,1580216.1325681861,100206.6962399662,270462.2126925837,549293.8842420969,3125.8164251207727,9002.906322274299,482276.6814827822,123494.94340633582,0,0,0,0,0,0,0,0,0,0,119.6437168993741,35.30428774137825,467.9863305177638,28.136882129277566,38.210408702141095,55.36409530373876,15.207729468599034,72.98552978980331,51.37915017239178,126.80552764940951,0,0,0,0,0,0,0,0,0,0,23888.51928043069,5859.36347509761,143752.1654093322,5872.581326573722,10202.541175449172,6667.703656787318,2881.951690821256,10378.763380339344,11553.484382582046,23801.04034112473,0,0,0,0,0,0,0,0,0,0,30,12,50,12,10,2,14,80,0,0,0,0,0.009650900900900901,0.003994565217391304,0.03147222222222222,0.01614864864864865,0.0015159420289855073,0.003,0.0030545144804088585,0.003202214022140221,0.021845520082389294,0.04191943127962084,0.07208571428571432,0.02433783783783784,0.004312463768115941,0.0046,0.004698126064735946,0.004963985239852398,0.02344593202883625,0.048447867298578175,0.08675714285714287,0.03663043478260865,0.0046620289855072465,0.0048,0.004903577512776831,0.007412371134020608,0.02472626158599382,0.08688095238095232,0.09849428571428574,0.0831666666666666,0.004941681159420289,0.00496,0.033208333333333076,0.009719587628865977,0.4573002754820936,0.375,0.3858944954128441,0.4586776859504132,0.8734567901234568,0.375,0.4576446280991736,0.48675373134328354,2.180903490759754,2.163340122199593,0.49461009174311926,2.125925925925926,2.123125,0.475,2.123125,2.1901707429626214,2.3404517453798768,2.331670061099796,0.6881578947368422,2.312962962962963,2.3115625,0.4875,2.3115625,2.3450853714813102,2.4680903490759754,2.466334012219959,0.9376315789473684,2.4625925925925927,2.4623125,0.4975,2.4623125,2.4690170742962625,394.97478991596154,397.78151260504694,397.1764705882491,392.8067226890746,396.3025210084086,116164005.64705881,38626794.48739496,0,12898407.260504201,36053267.36134454,3402945923.2268906,2728252114.8235292,971654290.2857143,4899863405.714286,4076927647.1932774,0,0,0,0,0,15.277310924369747,2.0504201680672267,5.445378151260504,0.9411764705882353,16.655462184873947,0,0,0,0,0,60897.882352941175,19326.9243697479,1076594.0168067226,31236.3025210084,71430.4537815126,1545.5294117647059,262.8739495798319,2824.3865546218485,1720.5882352941176,428.30252100840335,1747.5126050420167,374.11764705882354,1892.1680672268906,2108.7394957983192,532.7731092436974,0,0,0,0,0,0,0,0,0,0,0,0,0,0,0,0,0,0,0,0
1693106400,0.4681100058513755,0.42993234222614435,0.32677365478178805,0.0765403750478378,1.6898824324650539,0.5347736570496519,0.09931466813781517,0.2167316861725186,0.2072968490878934,0.10795172398903172,0,0.08233502120126802,0.14019808743169476,0.7073005719908974,0.28787521917772396,3.2178830684610826,7.493589640893358,50.014107829859846,0.44132609452736365,9.842315293436,5.382432487499693,0.27251906601554554,0.641960287530702,1.176804261430946,0.9800264935120993,0.00005177361675662276,0.29531885883660647,1.43810346953211,2.6546478873239443,1.0653867943785824,2.2001170275014905,6.65263729549929,49.197589136591375,0.3635667814772291,7.387200347632963,4.518837402069606,0.37739573892369715,0.4816259692722625,1.0364842454394734,0.7988427575188358,0,0.16467004240253605,1.093545081967215,1.2915923488529428,0.7066028107089594,50000,100000,50000,50000,50000,50000,10000,50000,50000,20000,50000,0,5947392,2162688,220594176,0,0,2297856,0,0,2973696,0,0,0,0,4595712,16.992393212404913,2.9868983775711087,0,5.05166475315729,173.67163170219442,919.4363485654698,0,0,115.31627576403696,2.8499255133104473,0,0,260.9366803278689,0,8.63625657533171,0,0,2162688,0,0,0,0,0,0,0,0,0,0,0,0,225292288,78663680,16973824,439984128,111808512,349663232,40038400,10924032,310304768,93900800,4952064,3993600,305532928,16125952,134160384,207077376,69881856,13246464,199913472,104079360,330756096,35819520,9596928,291962880,83939328,4055040,2568192,296153088,15003648,37036032,0,0,0,0,0,0,0,0,0,0,0,0,0,0,0,209084416,78413824,16588800,425340928,107638784,333541376,39907328,10539008,296189952,93626368,4796416,2912256,298340352,15761408,43597824,190971904,72601600,16588800,212045824,107638784,333541376,37609472,10539008,296189952,90652672,4796416,2912256,298340352,15761408,39002112,1073741824,1073741824,314572800,0,1073741824,1073741824,1073741824,314572800,1073741824,0,0,0,1073741824,314572800,2147483648,11.042472789808341,0,4.191078995415796,0,0,14.079715265237759,44198.855022288604,0,17898.886750469585,0,0,47111.878778362254,11.042472789808341,0,4.191078995415796,0,0,14.079715265237759,44198.855022288604,0,17898.886750469585,0,0,47111.878778362254,100.66967216702412,42.5602478340957,482.10716358243593,21.229404309252217,28.22520277251593,38.76604385164211,17.23671497584541,45.989173094566574,47.56141116710981,94.09952447927132,0,0,0,0,0,0,0,0,0,0,118757.58305247953,100844.52050932903,1580216.1325681861,100206.6962399662,276036.7130082946,549293.8842420969,3125.8164251207727,6857.883721839001,594995.8133259257,123494.94340633582,0,0,0,0,0,0,0,0,0,0,119.6437168993741,34.613313591214755,467.9863305177638,28.136882129277566,38.99796395155273,55.36409530373876,15.207729468599034,56.2482963233545,61.5699035676019,126.80552764940951,0,0,0,0,0,0,0,0,0,0,23888.51928043069,5744.684240457242,143752.1654093322,5872.581326573722,10412.825889300271,6667.703656787318,2881.951690821256,7956.943321213767,13407.555855391089,23801.04034112473,0,0,0,0,0,0,0,0,0,0,44,16,52,16,16,2,14,100,0,0,0,0,0.009650900900900901,0.003994565217391304,0.03147222222222222,0.01614864864864865,0.0015159420289855073,0.003,0.0030545144804088585,0.0032104992279979416,0.021845520082389294,0.04191943127962084,0.07208571428571432,0.02433783783783784,0.004312463768115941,0.0046,0.004698126064735946,0.004978898610396294,0.02344593202883625,0.048447867298578175,0.08675714285714287,0.03663043478260865,0.0046620289855072465,0.0048,0.004903577512776831,0.0075161917098445575,0.02472626158599382,0.08688095238095232,0.09849428571428574,0.0831666666666666,0.004941681159420289,0.00496,0.033208333333333076,0.009741580310880824,0.4573002754820936,0.375,0.3858944954128441,0.4586776859504132,0.8734567901234568,0.375,0.4576446280991736,0.47152255639097745,2.180903490759754,2.163340122199593,0.49461009174311926,2.125925925925926,2.123125,0.475,2.123125,2.177229458917836,2.3404517453798768,2.331670061099796,0.6881578947368422,2.312962962962963,2.3115625,0.4875,2.3115625,2.3386147294589184,2.4680903490759754,2.466334012219959,0.9376315789473684,2.4625925925925927,2.4623125,0.4975,2.4623125,2.4677229458917838,394.94117647059414,397.73109243697553,397.1932773109242,392.8067226890735,396.386554621862,116164005.64705881,38626794.48739496,0,12898407.260504201,36053267.36134454,3402943995.697479,2614682839.1260505,971646855.5294117,4992205694.92437,4076965234.0168066,0,0,0,0,0,15.193277310924369,3.0252100840336134,5.445378151260504,0.9411764705882353,16.705882352941178,0,0,0,0,0,57972.168067226885,24008.067226890755,1076594.0168067226,31236.3025210084,71602.55462184874,1550.268907563025,266.7226890756302,2824.90756302521,1719.142857142857,428.08403361344534,1751.7310924369747,377.8319327731092,1892.3529411764705,2106.268907563025,532.5210084033613,0,0,0,0,0,0,0,0,0,0,0,0,0,0,0,0,0,0,0,0
1693106401,0.4681100058513755,0.42993234222614435,0.32677365478178805,0.0765403750478378,1.4518014683200675,0.5347736570496519,0.10128495619392897,0.2167316861725186,0.2072968490878934,0.08863676653075665,0,0.08233502120126802,0.14650174755656076,0.7073005719908974,0.28787521917772396,3.2178830684610826,7.493589640893358,50.014107829859846,0.44132609452736365,8.455669767414388,5.382432487499693,0.2779255288362099,0.641960287530702,1.176804261430946,0.9627941428824665,0.00005177361675662276,0.29531885883660647,3.1635437265858934,2.6546478873239443,1.0653867943785824,2.2001170275014905,6.65263729549929,49.197589136591375,0.3635667814772291,6.346446418656307,4.518837402069606,0.3848828335369296,0.4816259692722625,1.0364842454394734,0.7268214855522074,0,0.16467004240253605,2.7416755614156307,1.2915923488529428,0.7066028107089594,50000,100000,50000,50000,50000,50000,10000,50000,50000,20000,50000,0,5947392,2162688,220594176,0,0,2297856,0,0,2973696,0,0,0,0,4595712,16.992393212404913,2.9868983775711087,0,5.05166475315729,149.2037109013511,919.4363485654698,0,0,115.31627576403696,2.340010636411984,0,0,646.4494255038614,0,8.63625657533171,0,0,2162688,0,0,0,0,0,0,0,0,0,0,0,0,225292288,78663680,16973824,439984128,111808512,349663232,40038400,10924032,310304768,94015488,4952064,3993600,305532928,16125952,134160384,207077376,69881856,13246464,199913472,104079360,330756096,35819520,9596928,291962880,83939328,4055040,2568192,296558592,15003648,37036032,0,0,0,0,0,0,0,0,0,0,0,0,0,0,0,209084416,78413824,16588800,425340928,107638784,333541376,39907328,10539008,296189952,93626368,4796416,2912256,299020288,15761408,43597824,190971904,72601600,16588800,212045824,107638784,333541376,37609472,10539008,296189952,90652672,4796416,2912256,299020288,15761408,39002112,1073741824,1073741824,314572800,0,1073741824,1073741824,1073741824,314572800,1073741824,0,0,0,1073741824,314572800,2147483648,11.042472789808341,0,4.274225151383798,0,0,14.079715265237759,44198.855022288604,0,18253.979945094638,0,0,47111.878778362254,11.042472789808341,0,4.274225151383798,0,0,14.079715265237759,44198.855022288604,0,18253.979945094638,0,0,47111.878778362254,100.66967216702412,50.335756701259776,482.10716358243593,21.229404309252217,28.795204494575515,38.76604385164211,17.23671497584541,46.94627889723289,47.56141116710981,94.09952447927132,0,0,0,0,0,0,0,0,0,0,118757.58305247953,120925.39356605064,1580216.1325681861,100206.6962399662,281611.21332400554,549293.8842420969,3125.8164251207727,7000.606886064766,594995.8133259257,123494.94340633582,0,0,0,0,0,0,0,0,0,0,119.6437168993741,40.93826886434689,467.9863305177638,28.136882129277566,39.78551920096436,55.36409530373876,15.207729468599034,57.418910343538684,61.5699035676019,126.80552764940951,0,0,0,0,0,0,0,0,0,0,23888.51928043069,6750.26361063322,143752.1654093322,5872.581326573722,10623.11060315137,6667.703656787318,2881.951690821256,8122.539615118873,13407.555855391089,23801.04034112473,0,0,0,0,0,0,0,0,0,0,40,18,60,18,18,2,18,150,0,0,0,0,0.009650900900900901,0.003994565217391304,0.03147222222222222,0.01614864864864865,0.0015159420289855073,0.003,0.0030545144804088585,0.003205090553108174,0.021845520082389294,0.04191943127962084,0.07208571428571432,0.02433783783783784,0.004312463768115941,0.0046,0.004698126064735946,0.0049691629955947135,0.02344593202883625,0.048447867298578175,0.08675714285714287,0.03663043478260865,0.0046620289855072465,0.0048,0.004903577512776831,0.007452531645569614,0.02472626158599382,0.08688095238095232,0.09849428571428574,0.0831666666666666,0.004941681159420289,0.00496,0.033208333333333076,0.009733544303797472,0.4573002754820936,0.375,0.3858944954128441,0.4586776859504132,0.8734567901234568,0.375,0.4576446280991736,0.4894589552238806,2.180903490759754,2.163340122199593,0.49461009174311926,2.125925925925926,2.123125,0.475,2.123125,2.192281420765027,2.3404517453798768,2.331670061099796,0.6881578947368422,2.312962962962963,2.3115625,0.4875,2.3115625,2.346140710382513,2.4680903490759754,2.466334012219959,0.9376315789473684,2.4625925925925927,2.4623125,0.4975,2.4623125,2.469228142076503,394.85714285712737,397.69747899160535,397.243697479007,392.8403361344596,396.3193277310771,116163936.80672269,38626794.48739496,0,12898407.260504201,54079935.46218487,3402906064.672269,2671588119.6638656,971591989.7815126,4992241078.857142,4155371485.5798316,0,0,0,0,0,15.159663865546218,3.0252100840336134,5.445378151260504,0.9411764705882353,16.6890756302521,0,0,0,0,0,57860.3025210084,24008.067226890755,1076594.0168067226,31236.3025210084,71439.05882352941,1557.9495798319329,267.7142857142857,2824.5378151260506,1720.420168067227,428,1759.142857142857,378.7394957983193,1891.8151260504198,2107.6638655462184,532.4201680672268,0,0,0,0,0,0,0,0,0,0,0,0,0,0,0,0,0,0,0,0
1693106402,0.4681100058513755,0.42993234222614435,0.32677365478178805,0.0765403750478378,1.4236367611123166,0.5347736570496519,0.11821728336682832,0.18556566970091046,0.2072968490878934,0.08863676653075665,0,0.08233502120126802,0.14650174755656076,0.7073005719908974,0.2435559163791356,3.2178830684610826,7.493589640893358,50.014107829859846,0.44132609452736365,8.291631179190453,5.382432487499693,0.32438776923986284,0.5496463981837871,1.176804261430946,0.9627941428824665,0.00005177361675662276,0.29531885883660647,3.1635437265858934,2.6546478873239443,1.07243183275827,2.2001170275014905,6.65263729549929,49.197589136591375,0.3635667814772291,6.2233264128624235,4.518837402069606,0.44922567679394715,0.41236815489091116,1.0364842454394734,0.7268214855522074,0,0.16467004240253605,2.7416755614156307,1.2915923488529428,0.7103714227724792,50000,100000,50000,50000,50000,50000,10000,50000,50000,20000,50000,0,5947392,2162688,220594176,0,0,2297856,0,0,2973696,0,0,0,0,4595712,16.992393212404913,2.9868983775711087,0,5.05166475315729,146.3091837063145,919.4363485654698,0,0,115.31627576403696,2.340010636411984,0,0,646.4494255038614,0,10.716460320681955,0,0,2162688,0,0,0,0,0,0,0,0,0,0,0,0,225292288,78663680,16973824,439984128,111808512,349663232,40038400,10924032,310304768,94015488,4952064,3993600,305532928,16125952,134160384,207077376,69881856,13246464,199913472,104079360,330756096,35819520,9596928,291962880,83939328,4055040,2568192,296558592,15003648,37306368,0,0,0,0,0,0,0,0,0,0,0,0,0,0,0,209084416,78413824,16588800,425340928,107638784,333541376,39907328,10539008,296189952,93626368,4796416,2912256,299020288,15761408,43769856,190971904,72601600,16588800,212045824,107638784,333541376,37609472,10539008,296189952,90652672,4796416,2912256,299020288,15761408,39174144,1073741824,1073741824,314572800,0,1073741824,1073741824,1073741824,314572800,1073741824,0,0,0,1073741824,314572800,2147483648,11.042472789808341,0,4.988769358080151,0,0,13.963872539070426,44198.855022288604,0,21305.59167750325,0,0,45578.079967525875,11.042472789808341,0,4.988769358080151,0,0,13.963872539070426,44198.855022288604,0,21305.59167750325,0,0,45578.079967525875,100.66967216702412,50.335756701259776,482.10716358243593,21.229404309252217,34.20010332357499,38.76604385164211,17.23671497584541,47.903384699899185,47.56141116710981,94.09952447927132,0,0,0,0,0,0,0,0,0,0,118757.58305247953,120925.39356605064,1580216.1325681861,100206.6962399662,334470.0189426554,549293.8842420969,3125.8164251207727,7143.330050290529,594995.8133259257,123494.94340633582,0,0,0,0,0,0,0,0,0,0,119.6437168993741,40.93826886434689,467.9863305177638,28.136882129277566,47.25331496469778,55.36409530373876,15.207729468599034,58.58952436372285,61.5699035676019,126.80552764940951,0,0,0,0,0,0,0,0,0,0,23888.51928043069,6750.26361063322,143752.1654093322,5872.581326573722,12617.082831065954,6667.703656787318,2881.951690821256,8288.135909023977,13407.555855391089,23801.04034112473,0,0,0,0,0,0,0,0,0,0,12,6,22,6,8,2,6,48,0,0,0,0,0.00963157498368219,0.004081171428254311,0.031435643564356436,0.016337148247993094,0.001588235294117647,0.003,0.0030601769911504425,0.003206415221753544,0.0218349252950489,0.04227471962766127,0.07274621212121214,0.024669678759454382,0.004327058823529411,0.0046,0.004708318584070796,0.00497154739915638,0.023440827383067936,0.04839912510593365,0.08713068181818179,0.042583518026335775,0.004669411764705883,0.004799999999999999,0.004914336283185839,0.007473571971267713,0.02472554905348317,0.08646100570281123,0.09863825757575756,0.08595463713065973,0.004943294117647058,0.00496,0.03408333333333316,0.009745389435745815,0.45854324879714226,0.3765637956053068,0.3857219442458899,0.4587799931645102,0.8649193548387097,0.375,0.45321229050279327,0.48723581542937017,2.1811264934730086,2.1631227937078097,0.49429949964260184,2.1261995520436177,2.110267857142857,0.475,2.110267857142857,2.1906182270888874,2.340563246736504,2.3315613968539046,0.6835416666666654,2.313099776021809,2.3051339285714283,0.4875,2.3051339285714283,2.345309113544444,2.468112649347301,2.4663122793707806,0.9367083333333329,2.462619955204362,2.461026785714285,0.4975,2.461026785714285,2.469061822708889,394.789915966386,397.63025210084874,397.115945653092,392.70588235294986,396.3193277310995,116164074.48739496,38626794.48739496,0,12898407.260504201,54079935.46218487,3332024750.2521005,2671602094.252101,963430549.3706759,5084694269.84874,4233773744.4033613,0,0,0,0,0,15.058823529411764,3.0252100840336134,5.401350337584396,0.9411764705882353,16.722689075630253,0,0,0,0,0,58436.84033613445,24008.067226890755,1067889.3723430857,31236.3025210084,71533.71428571429,1552.3529411764705,267.3781512605042,2824.7228473785117,1717.0420168067228,427.3781512605042,1753.647058823529,378.3529411764706,1891.8562974076851,2103.9327731092435,531.7478991596638,0,0,0,0,0,0,0,0,0,0,0,0,0,0,0,0,0,0,0,0
1693106403,0.4681100058513755,0.42993234222614435,0.3392226148409897,0.0765403750478378,1.395472053904566,0.5347736570496519,0.11821728336682832,0.18195347493136846,0.20260140200170115,0.08863676653075665,0,0.08233502120126802,0.14650174755656076,0.7073005719908974,0.2435559163791356,3.2178830684610826,7.493589640893358,50.02963317879859,0.44132609452736365,8.127592590966522,5.382432487499693,0.32438776923986284,0.5389470600582754,2.429386648567613,0.9627941428824665,0.00005177361675662276,0.29531885883660647,3.1635437265858934,2.6546478873239443,1.07243183275827,2.2001170275014905,6.65263729549929,49.27208480565371,0.3635667814772291,6.100206407068542,4.518837402069606,0.44922567679394715,0.4043410554030401,2.289395842619236,0.7268214855522074,0,0.16467004240253605,2.7416755614156307,1.2915923488529428,0.7103714227724792,50000,100000,50000,50000,50000,50000,10000,50000,50000,20000,50000,0,5947392,2162688,220594176,0,0,2297856,0,0,2973696,0,0,0,0,4595712,16.992393212404913,2.9868983775711087,0,5.05166475315729,143.41465651127797,919.4363485654698,0,0,600.3889946918433,2.340010636411984,0,0,646.4494255038614,0,10.716460320681955,0,0,2162688,0,0,0,0,0,0,0,0,0,0,0,0,225292288,78663680,16973824,439984128,111808512,349663232,40038400,10924032,310304768,94015488,4952064,3993600,305532928,16125952,134160384,207077376,69881856,13246464,199913472,104079360,330756096,35819520,9596928,292638720,83939328,4055040,2568192,296558592,15003648,37306368,0,0,0,0,0,0,0,0,0,0,0,0,0,0,0,209084416,78413824,16588800,425340928,107638784,333541376,39907328,10539008,296706048,93626368,4796416,2912256,299020288,15761408,43769856,190971904,72601600,16588800,212045824,107638784,333541376,37609472,10539008,296706048,90652672,4796416,2912256,299020288,15761408,39174144,1073741824,1073741824,314572800,0,1073741824,1073741824,1073741824,314572800,1073741824,0,0,0,1073741824,314572800,2147483648,11.042472789808341,0,4.988769358080151,0,0,13.963872539070426,44198.855022288604,0,21305.59167750325,0,0,45578.079967525875,11.042472789808341,0,4.988769358080151,0,0,13.963872539070426,44198.855022288604,0,21305.59167750325,0,0,45578.079967525875,100.6696721670241,50.335756701259776,482.10716358243593,21.277975997405125,34.31557041333658,38.76604385164211,17.23671497584541,48.86049050256549,47.56141116710981,94.09952447927132,0,0,0,0,0,0,0,0,0,0,118757.58305247952,120925.39356605064,1580216.1325681861,100420.36976970483,337127.0561668401,549293.8842420969,3125.8164251207727,7286.053214516292,594995.8133259257,123494.94340633582,0,0,0,0,0,0,0,0,0,0,119.64371689937408,40.93826886434689,467.9863305177638,28.024651313655532,47.532599791892665,55.36409530373876,15.207729468599034,59.76013838390703,61.5699035676019,126.80552764940951,0,0,0,0,0,0,0,0,0,0,23888.519280430686,6750.26361063322,143752.1654093322,5839.344794031787,12500.121764927273,6667.703656787318,2881.951690821256,8453.732202929083,13407.555855391089,23801.04034112473,0,0,0,0,0,0,0,0,0,0,34,24,54,6,4,2,6,54,0,0,0,0,0.009631519274376417,0.0040810810810810805,0.031435643564356436,0.01633707865168539,0.0014857142857142853,0.003033898305084746,0.0030566666666666667,0.0032064767470172876,0.021834890965732087,0.04227375565610857,0.07274621212121213,0.024669662921348312,0.004306285714285714,0.0046610169491525435,0.004702,0.004971658144631118,0.023440809968847346,0.048399321266968304,0.0871306818181818,0.04258333333333327,0.0046588571428571425,0.004864406779661017,0.004907666666666668,0.007474310776942351,0.024725545171339562,0.08646249999999991,0.09863825757575759,0.08595454545454531,0.004940914285714285,0.01600000000000006,0.032625000000000265,0.009745488721804507,0.4585597826086956,0.3760416666666666,0.38572194424588996,0.45878378378378376,0.8800403225806451,0.375,0.4595788043478261,0.487091381872214,2.1811340206185568,2.162966804979253,0.49429949964260184,2.1262096774193546,2.1283132530120485,0.475,2.1283132530120485,2.1905054644808746,2.340567010309278,2.3314834024896265,0.6835416666666665,2.3131048387096773,2.3141566265060236,0.4875,2.314156626506024,2.345252732240437,2.4681134020618556,2.466296680497925,0.9367083333333337,2.4626209677419353,2.4628313253012046,0.4975,2.4628313253012046,2.4690505464480874,394.77310924370653,397.57983193277164,397.27731092436215,392.6722689075602,396.2184873949522,116164074.48739496,38626794.48739496,0,12898407.260504201,54079935.46218487,3402949640.605042,2671639474.5546217,1033208221.0420167,5084770682.621848,4312134285.983193,0,0,0,0,0,15.109243697478991,2.369747899159664,5.445378151260504,0.9411764705882353,16.60504201680672,0,0,0,0,0,58617.54621848739,19326.9243697479,1076594.0168067226,31236.3025210084,71103.46218487395,1553.7142857142858,267.04201680672264,2824.18487394958,1710.638655462185,425.6470588235294,1754.7731092436973,378.1008403361344,1891.394957983193,2098.1008403361343,529.9495798319327,0,0,0,0,0,0,0,0,0,0,0,0,0,0,0,0,0,0,0,0
1693106404,0.4681100058513755,0.42993234222614435,0.3392226148409897,0.0765403750478378,1.3673073466968149,0.45961270503370394,0.11821728336682832,0.1867921003922636,0.20260140200170115,0.08863676653075665,0,0.08233502120126802,0.14650174755656076,0.7073005719908974,0.2435559163791356,3.2178830684610826,7.493589640893358,50.02963317879859,0.44132609452736365,7.963554002742587,4.625946552582965,0.32438776923986284,0.6359091052658391,2.429386648567613,0.9627941428824665,0.00005177361675662276,0.29531885883660647,3.1635437265858934,2.6546478873239443,1.07243183275827,2.2001170275014905,6.65263729549929,49.27208480565371,0.3635667814772291,5.977086401274658,3.88372735753484,0.44922567679394715,0.44150860092716776,2.289395842619236,0.7268214855522074,0,0.16467004240253605,2.7416755614156307,1.2915923488529428,0.7103714227724792,50000,100000,50000,50000,50000,50000,10000,50000,50000,20000,50000,0,5947392,2162688,220594176,0,0,2297856,0,0,2973696,0,0,0,0,4595712,16.992393212404913,2.9868983775711087,0,5.05166475315729,140.52012931624137,790.21212376445,0,0,600.3889946918433,2.340010636411984,0,0,646.4494255038614,0,10.716460320681955,0,0,2162688,0,0,0,0,0,0,0,0,0,0,0,0,225292288,78663680,16973824,439984128,111808512,349663232,40038400,10924032,310304768,94015488,4952064,3993600,305532928,16125952,134160384,207077376,69881856,13246464,199913472,104079360,330756096,35819520,9596928,292638720,83939328,4055040,2568192,296558592,15003648,37306368,0,0,0,0,0,0,0,0,0,0,0,0,0,0,0,209084416,78413824,16588800,425340928,107638784,333541376,39907328,10543104,296706048,93626368,4796416,2912256,299020288,15761408,43769856,190971904,72601600,16588800,212045824,107638784,333541376,37609472,10543104,296706048,90652672,4796416,2912256,299020288,15761408,39174144,1073741824,1073741824,314572800,0,1073741824,1073741824,1073741824,314572800,1073741824,0,0,0,1073741824,314572800,2147483648,11.042472789808341,0,4.988769358080151,0,0,13.963872539070426,44198.855022288604,0,21305.59167750325,0,0,45578.079967525875,11.042472789808341,0,4.988769358080151,0,0,13.963872539070426,44198.855022288604,0,21305.59167750325,0,0,45578.079967525875,100.6696721670241,50.335756701259776,482.10716358243593,21.277975997405125,34.31557041333658,38.76604385164211,17.23671497584541,57.42634815997825,47.56141116710981,94.09952447927132,0,0,0,0,0,0,0,0,0,0,118757.58305247952,120925.39356605064,1580216.1325681861,100420.36976970483,337127.0561668401,549293.8842420969,3125.8164251207727,8563.389853545821,594995.8133259257,123494.94340633582,0,0,0,0,0,0,0,0,0,0,119.64371689937408,40.93826886434689,467.9863305177638,28.024651313655532,47.532599791892665,55.36409530373876,15.207729468599034,70.23684121105032,61.5699035676019,126.80552764940951,0,0,0,0,0,0,0,0,0,0,23888.519280430686,6750.26361063322,143752.1654093322,5839.344794031787,12500.121764927273,6667.703656787318,2881.951690821256,9935.777634306296,13407.555855391089,23801.04034112473,0,0,0,0,0,0,0,0,0,0,34,20,54,2,2,2,2,26,0,0,0,0,0.009631519274376417,0.0040810810810810805,0.031435643564356436,0.01633707865168539,0.0014857142857142853,0.003033898305084746,0.0030566666666666667,0.0032064767470172876,0.021834890965732087,0.04227375565610857,0.07274621212121213,0.024669662921348312,0.004306285714285714,0.0046610169491525435,0.004702,0.004971658144631118,0.023440809968847346,0.048399321266968304,0.0871306818181818,0.04258333333333327,0.0046588571428571425,0.004864406779661017,0.004907666666666668,0.007474310776942351,0.024725545171339562,0.08646249999999991,0.09863825757575759,0.08595454545454531,0.004940914285714285,0.01600000000000006,0.032625000000000265,0.009745488721804507,0.4585597826086956,0.3760416666666666,0.38572194424588996,0.45878378378378376,0.8800403225806451,0.375,0.4595788043478261,0.487091381872214,2.1811340206185568,2.162966804979253,0.49429949964260184,2.1262096774193546,2.1283132530120485,0.475,2.1283132530120485,2.1905054644808746,2.340567010309278,2.3314834024896265,0.6835416666666665,2.3131048387096773,2.3141566265060236,0.4875,2.314156626506024,2.345252732240437,2.4681134020618556,2.466296680497925,0.9367083333333337,2.4626209677419353,2.4628313253012046,0.4975,2.4628313253012046,2.4690505464480874,394.73949579831043,397.4789915966491,397.10924369746346,392.58823529409386,396.28571428570694,99569491.89915965,38626794.48739496,17222062.25210084,12898407.260504201,54079935.46218487,3332049739.2941175,2671658405.6470585,1095308262.1848738,5084825066.487394,4155353105.210084,0,0,0,0,0,15.193277310924369,2.369747899159664,5.445378151260504,0.9411764705882353,16.672268907563023,0,0,0,0,0,58832.67226890756,19326.9243697479,1076594.0168067226,31236.3025210084,71361.61344537814,1554.1680672268908,266.63865546218483,2825.5126050420167,1721.747899159664,427.78151260504205,1755.4621848739494,377.7310924369748,1892.2857142857142,2110.235294117647,532.0504201680671,0,0,0,0,0,0,0,0,0,0,0,0,0,0,0,0,0,0,0,0
1693106405,0.4681100058513755,0.42993234222614435,0.3392226148409897,0.0765403750478378,1.5752449182167376,0.4506998107495432,0.11821728336682832,0.20343120634705383,0.20260140200170115,0.06889108319746436,0,0.08233502120126802,0.14650174755656076,0.7073005719908974,0.2435559163791356,3.2178830684610826,7.493589640893358,50.02963317879859,0.44132609452736365,9.877280374174608,4.536239344457971,0.32438776923986284,0.6285934608168907,2.429386648567613,0.9766943210783738,0.00005177361675662276,0.29531885883660647,3.1635437265858934,2.6546478873239443,1.07243183275827,2.2001170275014905,6.65263729549929,49.27208480565371,0.3635667814772291,7.574122825946238,3.8084134008336803,0.44922567679394715,0.429465880066002,2.289395842619236,0.7348382207729586,0,0.16467004240253605,2.7416755614156307,1.2915923488529428,0.7103714227724792,50000,100000,50000,50000,50000,50000,10000,50000,50000,20000,50000,0,5947392,2162688,220594176,0,0,2297856,0,0,2973696,0,0,0,0,4595712,16.992393212404913,2.9868983775711087,0,5.05166475315729,183.7210305985931,774.8881846216923,0,0,600.3889946918433,3.0312076606884513,0,0,646.4494255038614,0,10.716460320681955,0,0,2162688,0,0,0,0,0,0,0,0,0,0,0,0,225292288,78663680,16973824,439984128,111808512,349663232,40038400,10924032,310304768,94015488,4952064,3993600,305532928,16125952,134160384,207077376,69881856,13246464,199913472,103809024,330756096,35819520,9596928,292638720,83939328,4055040,2568192,296558592,15003648,37306368,0,0,0,0,0,0,0,0,0,0,0,0,0,0,0,209084416,78413824,16588800,425340928,107417600,333541376,39907328,10543104,296706048,93626368,4796416,2912256,299020288,15761408,43769856,190971904,72601600,16588800,212045824,107417600,333541376,37609472,10543104,296706048,90652672,4796416,2912256,299020288,15761408,39174144,1073741824,1073741824,314572800,0,1073741824,1073741824,1073741824,314572800,1073741824,0,0,0,1073741824,314572800,2147483648,11.042472789808341,0,4.988769358080151,0,0,13.963872539070426,44198.855022288604,0,21305.59167750325,0,0,45578.079967525875,11.042472789808341,0,4.988769358080151,0,0,13.963872539070426,44198.855022288604,0,21305.59167750325,0,0,45578.079967525875,100.6696721670241,50.335756701259776,388.85742917682575,21.277975997405125,34.31557041333658,39.128480518558824,17.23671497584541,48.901646052080146,47.56141116710981,94.09952447927132,0,0,0,0,0,0,0,0,0,0,118757.58305247952,120925.39356605064,1308869.2902705213,100420.36976970483,337127.0561668401,554138.8422322633,3125.8164251207727,7292.190310578001,594995.8133259257,123494.94340633582,0,0,0,0,0,0,0,0,0,0,119.64371689937408,40.93826886434689,377.82145738999185,28.024651313655532,47.532599791892665,55.73561070237279,15.207729468599034,59.81047478677495,61.5699035676019,126.80552764940951,0,0,0,0,0,0,0,0,0,0,23888.519280430686,6750.26361063322,116141.16569139673,5839.344794031787,12500.121764927273,6714.839961202716,2881.951690821256,8460.852843567003,13407.555855391089,23801.04034112473,0,0,0,0,0,0,0,0,0,0,56,20,68,2,2,2,2,46,0,0,0,0,0.009631519274376417,0.0040810810810810805,0.031435643564356436,0.01633707865168539,0.0014857142857142853,0.003033898305084746,0.0030566666666666667,0.0032127767879867645,0.021834890965732087,0.04227375565610857,0.07274621212121213,0.024669662921348312,0.004306285714285714,0.0046610169491525435,0.004702,0.004982998218376177,0.023440809968847346,0.048399321266968304,0.0871306818181818,0.04258333333333327,0.0046588571428571425,0.004864406779661017,0.004907666666666668,0.007539873417721509,0.024725545171339562,0.08646249999999991,0.09863825757575759,0.08595454545454531,0.004940914285714285,0.01600000000000006,0.032625000000000265,0.009740886075949359,0.4585597826086956,0.3760416666666666,0.38572194424588996,0.45878378378378376,0.8800403225806451,0.375,0.4595788043478261,0.4716504491017964,2.1811340206185568,2.162966804979253,0.49429949964260184,2.1262096774193546,2.1283132530120485,0.475,2.1283132530120485,2.1775222551928786,2.340567010309278,2.3314834024896265,0.6835416666666665,2.3131048387096773,2.3141566265060236,0.4875,2.314156626506024,2.338761127596439,2.4681134020618556,2.466296680497925,0.9367083333333337,2.4626209677419353,2.4628313253012046,0.4975,2.4628313253012046,2.467752225519288,394.62184873950616,397.5462184874119,397.2100840336099,392.453781512612,396.31932773107485,99569285.37815125,38627138.68907563,17222131.092436973,12898407.260504201,54079935.46218487,3403005125.915966,2785314557.848739,1034995453.8487395,5177287826.285714,4155391105.07563,0,0,0,0,0,15.210084033613445,3.042016806722689,5.445378151260504,0.7899159663865546,16.6890756302521,0,0,0,0,0,58927.32773109243,24283.42857142857,1076594.0168067226,21736.33613445378,71396.03361344537,1554.9579831932772,267.0084033613445,2825.6470588235297,1718.5210084033613,427.8487394957983,1756.1680672268906,377.99999999999994,1891.9831932773109,2106.2857142857147,531.9663865546217,0,0,0,0,0,0,0,0,0,0,0,0,0,0,0,0,0,0,0,0
1693106406,0.4681100058513755,0.42837254132010183,0.3392226148409897,0.0765403750478378,1.5752449182167376,0.4417869164653823,0.11821728336682832,0.20343120634705383,0.20260140200170115,0.06889108319746436,0,0.08233502120126802,0.14650174755656076,0.7073005719908974,0.2435559163791356,3.2178830684610826,7.63065715025167,50.02963317879859,0.44132609452736365,9.877280374174608,4.4465321363329755,0.32438776923986284,0.6285934608168907,2.429386648567613,0.9766943210783738,0.00005177361675662276,0.29531885883660647,3.1635437265858934,2.6546478873239443,1.07243183275827,2.2001170275014905,6.72901866990326,49.27208480565371,0.3635667814772291,7.574122825946238,3.73309944413252,0.44922567679394715,0.429465880066002,2.289395842619236,0.7348382207729586,0,0.16467004240253605,2.7416755614156307,1.2915923488529428,0.7103714227724792,50000,100000,50000,50000,50000,50000,10000,50000,50000,20000,50000,0,5947392,2162688,220594176,0,0,2297856,0,0,2973696,0,0,0,0,4595712,16.992393212404913,5.8901224431513945,0,5.05166475315729,183.7210305985931,759.5642454789345,0,0,600.3889946918433,3.0312076606884513,0,0,646.4494255038614,0,10.716460320681955,0,0,2162688,0,0,0,0,0,0,0,0,0,0,0,0,225292288,79007744,16973824,439984128,111808512,349663232,40038400,10924032,310304768,94015488,4952064,3993600,305532928,16125952,134160384,207077376,70287360,13246464,199913472,103809024,330756096,35819520,9596928,292638720,83939328,4055040,2568192,296558592,15003648,37306368,0,0,0,0,0,0,0,0,0,0,0,0,0,0,0,209084416,78876672,16588800,425340928,107417600,333541376,39907328,10543104,296706048,93626368,4796416,2912256,299020288,15761408,43769856,190971904,73064448,16588800,212045824,107417600,333541376,37609472,10543104,296706048,90652672,4796416,2912256,299020288,15761408,39174144,1073741824,1073741824,314572800,0,1073741824,1073741824,1073741824,314572800,1073741824,0,0,0,1073741824,314572800,2147483648,10.941348659550924,0,4.988769358080151,0,0,13.963872539070426,42978.90265233999,0,21305.59167750325,0,0,45578.079967525875,10.941348659550924,0,4.988769358080151,0,0,13.963872539070426,42978.90265233999,0,21305.59167750325,0,0,45578.079967525875,100.6696721670241,49.77097794777353,396.58934604667365,21.277975997405125,34.31557041333658,39.128480518558824,14.179056453112189,58.1905827666351,47.56141116710981,94.09952447927132,0,0,0,0,0,0,0,0,0,0,118757.58305247952,121216.20153940597,1334894.4290142807,100420.36976970483,337127.0561668401,554138.8422322633,2582.8197325311703,8682.878540070586,594995.8133259257,123494.94340633582,0,0,0,0,0,0,0,0,0,0,119.64371689937408,40.30315908768948,385.33393852316266,28.024651313655532,47.532599791892665,55.73561070237279,12.598440323912797,70.69381079452526,61.5699035676019,126.80552764940951,0,0,0,0,0,0,0,0,0,0,23888.519280430686,6593.0254521414745,118450.47951933125,5839.344794031787,12500.121764927273,6714.839961202716,2379.5246050903193,10023.026598949815,13407.555855391089,23801.04034112473,0,0,0,0,0,0,0,0,0,0,18,20,60,6,4,2,2,58,0,0,0,0,0.009631519274376417,0.0040810810810810805,0.031435643564356436,0.01633707865168539,0.0014857142857142853,0.003033898305084746,0.0030566666666666667,0.0032065773447015836,0.021834890965732087,0.04227375565610857,0.07274621212121213,0.024669662921348312,0.004306285714285714,0.0046610169491525435,0.004702,0.004971839220462851,0.023440809968847346,0.048399321266968304,0.0871306818181818,0.04258333333333327,0.0046588571428571425,0.004864406779661017,0.004907666666666668,0.007469374999999996,0.024725545171339562,0.08646249999999991,0.09863825757575759,0.08595454545454531,0.004940914285714285,0.01600000000000006,0.032625000000000265,0.009733874999999996,0.4585597826086956,0.3760416666666666,0.38572194424588996,0.45878378378378376,0.8800403225806451,0.375,0.4595788043478261,0.486905646359584,2.1811340206185568,2.162966804979253,0.49429949964260184,2.1262096774193546,2.1283132530120485,0.475,2.1283132530120485,2.1903600729261625,2.340567010309278,2.3314834024896265,0.6835416666666665,2.3131048387096773,2.3141566265060236,0.4875,2.314156626506024,2.3451800364630806,2.4681134020618556,2.466296680497925,0.9367083333333337,2.4626209677419353,2.4628313253012046,0.4975,2.4628313253012046,2.469036007292616,394.48739495798793,397.5294117647148,397.15966386554345,392.2521008403268,396.38655462183647,99569285.37815125,38627207.52941176,17222131.092436973,12898407.260504201,54079935.46218487,3403090763.2941175,2728468824.2016807,1036790534.4537815,5177345239.12605,4155453680.9411764,0,0,0,0,0,15.176470588235293,3.042016806722689,5.445378151260504,0.7899159663865546,16.63865546218487,0,0,0,0,0,58849.882352941175,24283.42857142857,1076594.0168067226,21736.33613445378,71060.43697478992,1558.2857142857142,266.77310924369743,2826.016806722689,1723.5126050420165,428.890756302521,1760.1512605042017,377.8319327731092,1891.3277310924368,2111.6974789915967,533.0084033613444,0,0,0,0,0,0,0,0,0,0,0,0,0,0,0,0,0,0,0,0
1693106407,0.4681100058513755,0.42837254132010183,0.3392226148409897,0.0753114254690234,1.5752449182167376,0.47695045218571674,0.11821728336682832,0.20343120634705383,0.20260140200170115,0.06889108319746436,0,0.08233502120126802,0.14650174755656076,0.6381226842321944,0.2435559163791356,3.2178830684610826,7.63065715025167,50.02963317879859,0.36751776053605856,9.877280374174608,4.783132606901124,0.32438776923986284,0.6285934608168907,2.429386648567613,0.9766943210783738,0.00005177361675662276,0.29531885883660647,3.1635437265858934,2.6430815808974892,1.07243183275827,2.2001170275014905,6.72901866990326,49.27208480565371,0.3765571273451165,7.574122825946238,3.9440133546126717,0.44922567679394715,0.429465880066002,2.289395842619236,0.7348382207729586,0,0.16467004240253605,2.7416755614156307,1.2556607657472236,0.7103714227724792,50000,100000,50000,50000,50000,50000,10000,50000,50000,20000,50000,0,5947392,2162688,220594176,0,0,2297856,0,0,2973696,0,0,0,0,4595712,16.992393212404913,5.8901224431513945,0,3.313702720637027,183.7210305985931,826.9220186010676,0,0,600.3889946918433,3.0312076606884513,0,0,646.4494255038614,0,10.716460320681955,0,0,2162688,0,0,0,0,0,0,0,0,0,0,0,0,225292288,79007744,16973824,439984128,111808512,349663232,40038400,10924032,310304768,94015488,4952064,3993600,305532928,16125952,134160384,207077376,70287360,13246464,199913472,103809024,331026432,35819520,9596928,292638720,83939328,4055040,2568192,296558592,15003648,37306368,0,0,0,0,0,0,0,0,0,0,0,0,0,0,0,209084416,78876672,16588800,425340928,107417600,333828096,39907328,10543104,296706048,93626368,4796416,2912256,299020288,15765504,43769856,190971904,73064448,16588800,212045824,107417600,333828096,37609472,10543104,296706048,90652672,4796416,2912256,299020288,15765504,39174144,1073741824,1073741824,314572800,0,1073741824,1073741824,1073741824,314572800,1073741824,0,0,0,1073741824,314572800,2147483648,10.941348659550924,0,4.988769358080151,0,0,13.963872539070426,42978.90265233999,0,21305.59167750325,0,0,45578.079967525875,10.941348659550924,0,4.988769358080151,0,0,13.963872539070426,42978.90265233999,0,21305.59167750325,0,0,45578.079967525875,100.6696721670241,49.77097794777353,392.56874927435274,17.77508919883231,34.31557041333658,39.128480518558824,14.45792379454639,58.1905827666351,47.56141116710981,94.09952447927132,0,0,0,0,0,0,0,0,0,0,118757.58305247952,121216.20153940597,1321361.356867526,83888.66639636717,337127.0561668401,554138.8422322633,2633.617475991503,8682.878540070586,594995.8133259257,123494.94340633582,0,0,0,0,0,0,0,0,0,0,119.64371689937408,40.30315908768948,381.42744833391384,23.41109309114499,47.532599791892665,55.73561070237279,12.846220814170728,70.69381079452526,61.5699035676019,126.80552764940951,0,0,0,0,0,0,0,0,0,0,23888.519280430686,6593.0254521414745,117249.6363288053,4878.042657314305,12500.121764927273,6714.839961202716,2426.3240308978916,10023.026598949815,13407.555855391089,23801.04034112473,0,0,0,0,0,0,0,0,0,0,24,18,50,14,6,2,6,120,0,0,0,0,0.00956953642384106,0.004127478753541076,0.03150802752293578,0.01630337078651685,0.001532544378698225,0.003037037037037037,0.0030595446584938705,0.003205839416058394,0.021794178794178796,0.04267932489451475,0.07377917414721721,0.02460898876404494,0.0043159763313609465,0.004666666666666666,0.0047071803852889674,0.00497051094890511,0.023420478170478164,0.04850210970464133,0.08760771992818668,0.04214285714285708,0.004663905325443787,0.00487037037037037,0.004913134851138354,0.007454374999999997,0.02472151767151767,0.08653658536585355,0.09867055655296228,0.08599999999999995,0.004942248520710059,0.01675,0.033833333333333514,0.009720874999999988,0.45923913043478265,0.375,0.3852739726027397,0.45923913043478265,0.870967741935484,0.375,0.45530726256983245,0.4865541543026707,2.181688708036623,2.163414634146341,0.4934931506849315,2.1274193548387097,2.116521739130435,0.475,2.116521739130435,2.1900865998176853,2.340844354018311,2.331707317073171,0.670833333333333,2.313709677419355,2.3082608695652174,0.4875,2.308260869565217,2.3450432999088426,2.4681688708036624,2.4663414634146337,0.9341666666666664,2.462741935483871,2.461652173913043,0.4975,2.461652173913043,2.4690086599817684,394.75630252101485,397.49579831934545,397.1428571428575,392.31932773110964,396.33613445377847,99569285.37815125,38627207.52941176,17222131.092436973,12898407.260504201,54079935.46218487,3473907367.7983193,2728428621.445378,1098880662.5882351,5269781701.915966,4233790541.445378,0,0,0,0,0,15.193277310924369,3.042016806722689,5.34453781512605,0.8739495798319328,16.722689075630253,0,0,0,0,0,60923.69747899159,24283.42857142857,1075767.9327731093,38120.33613445378,71344.40336134454,1566.1344537815128,267.1428571428571,2823.831932773109,1733.7983193277312,429.3949579831933,1767.546218487395,378.1512605042017,1889.394957983193,2123.378151260504,533.3781512605042,0,0,0,0,0,0,0,0,0,0,0,0,0,0,0,0,0,0,0,0
1693106408,0.4681100058513755,0.42837254132010183,0.3392226148409897,0.09048681908668645,1.5752449182167376,0.47695045218571674,0.11821728336682832,0.20343120634705383,0.20260140200170115,0.06889108319746436,0,0.08233502120126802,0.14650174755656076,0.6381226842321944,0.2435559163791356,3.2178830684610826,7.63065715025167,50.02963317879859,0.4415732792423231,9.877280374174608,4.783132606901124,0.32438776923986284,0.6285934608168907,2.429386648567613,0.9766943210783738,0.00005177361675662276,0.29531885883660647,3.1635437265858934,2.6430815808974892,1.07243183275827,2.2001170275014905,6.72901866990326,49.27208480565371,0.45243409543343155,7.574122825946238,3.9440133546126717,0.44922567679394715,0.429465880066002,2.289395842619236,0.7348382207729586,0,0.16467004240253605,2.7416755614156307,1.2556607657472236,0.7103714227724792,50000,100000,50000,50000,50000,50000,10000,50000,50000,20000,50000,0,5947392,2162688,220594176,0,0,2297856,0,0,2973696,0,0,0,0,4595712,16.992393212404913,5.8901224431513945,0,3.9814200398142,183.7210305985931,826.9220186010676,0,0,600.3889946918433,3.0312076606884513,0,0,646.4494255038614,0,10.716460320681955,0,0,2162688,0,0,0,0,0,0,0,0,0,0,0,0,225292288,79007744,16973824,439984128,111808512,349663232,40038400,10924032,310304768,94015488,4952064,3993600,305532928,16125952,134160384,207077376,70287360,13246464,199913472,103809024,331026432,35819520,9596928,292638720,83939328,4055040,2568192,296558592,15003648,37306368,0,0,0,0,0,0,0,0,0,0,0,0,0,0,0,209084416,78876672,16588800,425340928,107417600,333828096,39907328,10543104,296706048,93626368,4796416,2912256,299020288,15765504,43769856,190971904,73064448,16588800,212045824,107417600,333828096,37609472,10543104,296706048,90652672,4796416,2912256,299020288,15765504,39174144,1073741824,1073741824,314572800,0,1073741824,1073741824,1073741824,314572800,1073741824,0,0,0,1073741824,314572800,2147483648,10.941348659550924,0,4.988769358080151,0,0,13.963872539070426,42978.90265233999,0,21305.59167750325,0,0,45578.079967525875,10.941348659550924,0,4.988769358080151,0,0,13.963872539070426,42978.90265233999,0,21305.59167750325,0,0,45578.079967525875,100.6696721670241,49.77097794777353,473.8941815090144,17.420456265542224,34.31557041333658,39.128480518558824,16.73204048605206,58.1905827666351,47.56141116710981,94.09952447927132,0,0,0,0,0,0,0,0,0,0,118757.58305247952,121216.20153940597,1576206.7537223953,82214.9935668721,337127.0561668401,554138.8422322633,3047.8646076199357,8682.878540070586,594995.8133259257,123494.94340633582,0,0,0,0,0,0,0,0,0,0,119.64371689937408,40.30315908768948,459.6150073030891,22.944015569250734,47.532599791892665,55.73561070237279,14.866829415475765,70.69381079452526,61.5699035676019,126.80552764940951,0,0,0,0,0,0,0,0,0,0,23888.519280430686,6593.0254521414745,140914.3467550304,4780.720244080442,12500.121764927273,6714.839961202716,2807.965548454343,10023.026598949815,13407.555855391089,23801.04034112473,0,0,0,0,0,0,0,0,0,0,26,24,48,6,6,2,6,56,0,0,0,0,0.00956953642384106,0.004127478753541076,0.03150802752293578,0.01630337078651685,0.0014827586206896553,0.003033898305084746,0.003053691275167785,0.003205839416058394,0.021794178794178796,0.04267932489451475,0.07377917414721721,0.02460898876404494,0.004305747126436782,0.0046610169491525435,0.004702013422818792,0.00497051094890511,0.023420478170478164,0.04850210970464133,0.08760771992818668,0.04214285714285708,0.004658620689655173,0.004864406779661017,0.004908053691275167,0.007454374999999997,0.02472151767151767,0.08653658536585355,0.09867055655296228,0.08599999999999995,0.0049409195402298845,0.01600000000000006,0.032750000000000085,0.009720874999999988,0.45923913043478265,0.375,0.3852739726027397,0.45923913043478265,0.877016129032258,0.375,0.4585597826086956,0.4865541543026707,2.181688708036623,2.163414634146341,0.4934931506849315,2.1274193548387097,2.125609756097561,0.475,2.125609756097561,2.1900865998176853,2.340844354018311,2.331707317073171,0.670833333333333,2.313709677419355,2.3128048780487807,0.4875,2.3128048780487807,2.3450432999088426,2.4681688708036624,2.4663414634146337,0.9341666666666664,2.462741935483871,2.4625609756097564,0.4975,2.4625609756097564,2.4690086599817684,394.6890756302418,397.49579831932596,397.2605042016767,392.1512605042128,396.4537815126023,99569285.37815125,38627207.52941176,17222131.092436973,12898407.260504201,54079935.46218487,3473906335.1932774,2728333139.8991594,1161015330.420168,5269771651.226891,4155437641.142857,0,0,0,0,0,14.6890756302521,3.042016806722689,5.34453781512605,0.8739495798319328,16.168067226890756,0,0,0,0,0,56320,24283.42857142857,1075767.9327731093,38120.33613445378,66430.9243697479,1554.1344537815128,266.8235294117647,2823.4285714285716,1720.689075630252,427.9831932773109,1756.7563025210084,377.74789915966386,1888.924369747899,2108.5546218487398,531.9999999999999,0,0,0,0,0,0,0,0,0,0,0,0,0,0,0,0,0,0,0,0
1693106409,0.4681100058513755,0.42837254132010183,0.3392226148409897,0.09048681908668645,1.5752449182167376,0.47695045218571674,0.11821728336682832,0.20343120634705383,0.20260140200170115,0.06889108319746436,0,0.08233502120126802,0.14650174755656076,0.6381226842321944,0.2435559163791356,3.2178830684610826,7.63065715025167,50.02963317879859,0.4415732792423231,9.877280374174608,4.783132606901124,0.32438776923986284,0.6285934608168907,2.429386648567613,0.9766943210783738,0.00004054585304759104,0.29531885883660647,3.1635437265858934,2.6430815808974892,1.07243183275827,2.2001170275014905,6.72901866990326,49.27208480565371,0.45243409543343155,7.574122825946238,3.9440133546126717,0.44922567679394715,0.429465880066002,2.289395842619236,0.7348382207729586,0,0.16467004240253605,2.7416755614156307,1.2556607657472236,0.7103714227724792,50000,100000,50000,50000,50000,50000,10000,50000,50000,20000,50000,0,5947392,2162688,220594176,0,0,2297856,0,0,2973696,0,0,0,0,4595712,16.992393212404913,5.8901224431513945,0,3.9814200398142,183.7210305985931,826.9220186010676,0,0,600.3889946918433,3.0312076606884513,0,0,646.4494255038614,0,10.716460320681955,0,0,2162688,0,0,0,0,0,0,0,0,0,0,0,0,225292288,79007744,16973824,439984128,111808512,349663232,40038400,10924032,310304768,94015488,4952064,3993600,305532928,16125952,134160384,207077376,70287360,13246464,199913472,103809024,331026432,35819520,9596928,292638720,83939328,4055040,2568192,296558592,15003648,37306368,0,0,0,0,0,0,0,0,0,0,0,0,0,0,0,209084416,78876672,16588800,425340928,107417600,333828096,39907328,10543104,296706048,93626368,4796416,2912256,299020288,15765504,43769856,190971904,73064448,16588800,212045824,107417600,333828096,37609472,10543104,296706048,90652672,4796416,2912256,299020288,15765504,39174144,1073741824,1073741824,314572800,0,1073741824,1073741824,1073741824,314572800,1073741824,0,0,0,1073741824,314572800,2147483648,10.941348659550924,0,4.988769358080151,0,0,13.963872539070426,42978.90265233999,0,21305.59167750325,0,0,45578.079967525875,10.941348659550924,0,4.988769358080151,0,0,13.963872539070426,42978.90265233999,0,21305.59167750325,0,0,45578.079967525875,98.76880984952122,49.77097794777353,473.8941815090144,20.871920495508952,34.31557041333658,39.128480518558824,16.73204048605206,58.1905827666351,46.31452786576492,94.07420130539333,0,0,0,0,0,0,0,0,0,0,117904.2749658003,121216.20153940597,1576206.7537223953,99426.18151401087,337127.0561668401,554138.8422322633,3047.8646076199357,8682.878540070586,592224.010501384,123711.1473720371,0,0,0,0,0,0,0,0,0,0,117.23666210670316,40.30315908768948,459.6150073030891,27.484017446376292,47.532599791892665,55.73561070237279,14.866829415475765,70.69381079452526,60.04052164483635,126.3998625901752,0,0,0,0,0,0,0,0,0,0,23389.363885088922,6593.0254521414745,140914.3467550304,5703.0531158511085,12500.121764927273,6714.839961202716,2807.965548454343,10023.026598949815,12720.429186998832,23799.845413947096,0,0,0,0,0,0,0,0,0,0,28,12,28,8,12,2,10,50,0,0,0,0,0.00956953642384106,0.004127478753541076,0.03150802752293578,0.01630337078651685,0.0014827586206896553,0.003033898305084746,0.003053691275167785,0.003205839416058394,0.021794178794178796,0.04267932489451475,0.07377917414721721,0.02460898876404494,0.004305747126436782,0.0046610169491525435,0.004702013422818792,0.00497051094890511,0.023420478170478164,0.04850210970464133,0.08760771992818668,0.04214285714285708,0.004658620689655173,0.004864406779661017,0.004908053691275167,0.007454374999999997,0.02472151767151767,0.08653658536585355,0.09867055655296228,0.08599999999999995,0.0049409195402298845,0.01600000000000006,0.032750000000000085,0.009720874999999988,0.45923913043478265,0.375,0.3852739726027397,0.45923913043478265,0.877016129032258,0.375,0.4585597826086956,0.4865541543026707,2.181688708036623,2.163414634146341,0.4934931506849315,2.1274193548387097,2.125609756097561,0.475,2.125609756097561,2.1900865998176853,2.340844354018311,2.331707317073171,0.670833333333333,2.313709677419355,2.3128048780487807,0.4875,2.3128048780487807,2.3450432999088426,2.4681688708036624,2.4663414634146337,0.9341666666666664,2.462741935483871,2.4625609756097564,0.4975,2.4625609756097564,2.4690086599817684,394.8067226890851,397.52941176470495,397.22689075630694,392.28571428570683,396.4537815126017,99569285.37815125,38627138.68907563,17222131.092436973,12898407.260504201,54079935.46218487,3473896835.2268906,2728287842.957983,1040271446.0504202,5177365615.865546,4155435162.890756,0,0,0,0,0,14.756302521008402,3.042016806722689,5.495798319327731,0.8739495798319328,15.983193277310924,0,0,0,0,0,56483.49579831932,24283.42857142857,1077222.1848739495,38120.33613445378,65785.54621848739,1549.932773109244,261.93277310924367,2824.6890756302523,1712.5714285714287,426.26890756302515,1751.8991596638655,373.1428571428571,1889.4117647058822,2100.7731092436975,530.2689075630251,0,0,0,0,0,0,0,0,0,0,0,0,0,0,0,0,0,0,0,0
1693106410,0.4555329735790887,0.4049038353391074,0.3392226148409897,0.09048681908668645,1.5752449182167376,0.47695045218571674,0.09493070058857042,0.20343120634705383,0.20260140200170115,0.06889108319746436,0,0.09498179515592851,0.14650174755656076,0.6381226842321944,0.2435559163791356,3.2160590160487876,7.591561320436396,50.02963317879859,0.4415732792423231,9.877280374174608,4.783132606901124,0.32084963926333715,0.6285934608168907,2.429386648567613,0.9766943210783738,0.00004054585304759104,0.28518183948076675,3.1635437265858934,2.6430815808974892,1.07243183275827,2.1375008760249723,6.703407940614106,49.27208480565371,0.45243409543343155,7.574122825946238,3.9440133546126717,0.4556673628251372,0.429465880066002,2.289395842619236,0.7348382207729586,0,0.18996359031185703,2.7416755614156307,1.2556607657472236,0.7103714227724792,50000,100000,50000,50000,50000,50000,10000,50000,50000,20000,50000,0,5947392,2162688,220594176,0,0,2297856,0,0,2973696,0,0,0,0,4595712,16.18894106104142,5.9385895849735695,0,3.9814200398142,183.7210305985931,826.9220186010676,0,0,600.3889946918433,3.0312076606884513,0,0,646.4494255038614,0,10.716460320681955,0,0,2162688,0,0,0,0,0,0,0,0,0,0,0,0,225292288,79007744,16973824,439984128,111808512,349663232,40169472,10924032,310304768,94015488,4952064,3993600,305532928,16125952,134160384,207212544,70287360,13246464,199913472,103809024,331026432,35819520,9596928,292638720,83939328,4055040,2568192,296558592,15003648,37306368,0,0,0,0,0,0,0,0,0,0,0,0,0,0,0,209174528,78876672,16588800,425340928,107417600,333828096,39931904,10543104,296706048,93626368,4796416,2912256,299020288,15765504,43769856,191062016,73064448,16588800,212045824,107417600,333828096,37634048,10543104,296706048,90652672,4796416,2912256,299020288,15765504,39174144,1073741824,1073741824,314572800,0,1073741824,1073741824,1073741824,314572800,1073741824,0,0,0,1073741824,314572800,2147483648,10.887414239118211,0,4.803493449781659,0,0,13.963872539070426,43869.261050500514,0,20122.270742358076,0,0,45578.079967525875,10.887414239118211,0,4.803493449781659,0,0,13.963872539070426,43869.261050500514,0,20122.270742358076,0,0,45578.079967525875,98.76880984952122,49.77097794777353,473.8941815090144,20.871920495508952,34.31557041333658,34.954042270902825,16.73204048605206,58.1905827666351,46.31452786576492,94.07420130539333,0,0,0,0,0,0,0,0,0,0,117904.2749658003,121216.20153940597,1576206.7537223953,99426.18151401087,337127.0561668401,495020.30895753,3047.8646076199357,8682.878540070586,592224.010501384,123711.1473720371,0,0,0,0,0,0,0,0,0,0,117.23666210670316,40.30315908768948,459.6150073030891,27.484017446376292,47.532599791892665,49.78943385141902,14.866829415475765,70.69381079452526,60.04052164483635,126.3998625901752,0,0,0,0,0,0,0,0,0,0,23389.363885088922,6593.0254521414745,140914.3467550304,5703.0531158511085,12500.121764927273,5998.464462091821,2807.965548454343,10023.026598949815,12720.429186998832,23799.845413947096,0,0,0,0,0,0,0,0,0,0,30,2,30,14,16,2,14,88,0,0,0,0,0.00956953642384106,0.004127478753541076,0.03150802752293578,0.01630337078651685,0.0014827586206896553,0.003033898305084746,0.003053691275167785,0.0032124935995903737,0.021794178794178796,0.04267932489451475,0.07377917414721721,0.02460898876404494,0.004305747126436782,0.0046610169491525435,0.004702013422818792,0.004982488479262672,0.023420478170478164,0.04850210970464133,0.08760771992818668,0.04214285714285708,0.004658620689655173,0.004864406779661017,0.004908053691275167,0.007531170483460553,0.02472151767151767,0.08653658536585355,0.09867055655296228,0.08599999999999995,0.0049409195402298845,0.01600000000000006,0.032750000000000085,0.009730152671755723,0.45923913043478265,0.375,0.3852739726027397,0.45923913043478265,0.877016129032258,0.375,0.4585597826086956,0.46851644245142,2.181688708036623,2.163414634146341,0.4934931506849315,2.1274193548387097,2.125609756097561,0.475,2.125609756097561,2.1746234939759033,2.340844354018311,2.331707317073171,0.670833333333333,2.313709677419355,2.3128048780487807,0.4875,2.3128048780487807,2.3373117469879516,2.4681688708036624,2.4663414634146337,0.9341666666666664,2.462741935483871,2.4625609756097564,0.4975,2.4625609756097564,2.4674623493975907,394.75630252099654,397.64705882351876,397.24369747900283,392.36974789915257,396.4705882352965,99569285.37815125,38627138.68907563,17222131.092436973,12898407.260504201,54079935.46218487,3544807682.1512604,2785095920.9411764,1102401776.9411764,5177362173.84874,4155452854.8571424,0,0,0,0,0,14.991596638655462,3.042016806722689,5.495798319327731,0.8739495798319328,16.504201680672267,0,0,0,0,0,60252.50420168067,24283.42857142857,1077222.1848739495,38120.33613445378,71129.27731092437,1544.2184873949582,266.3361344537815,2823.949579831933,1709.1932773109245,424.5882352941176,1745.81512605042,377.327731092437,1889.3781512605042,2097.512605042017,528.6386554621849,0,0,0,0,0,0,0,0,0,0,0,0,0,0,0,0,0,0,0,0
1693106411,0.4555329735790887,0.4049038353391074,0.3392226148409897,0.08869572930063424,1.5752449182167376,0.47695045218571674,0.09493070058857042,0.20343120634705383,0.20260140200170115,0.05562766549230449,0,0.09498179515592851,0.14650174755656076,0.6381226842321944,0.2435559163791356,3.2160590160487876,7.591561320436396,50.02963317879859,0.43885466096057435,9.877280374174608,4.783132606901124,0.32084963926333715,0.6285934608168907,2.429386648567613,0.967666104209159,0.000060115025532571144,0.28518183948076675,3.1635437265858934,2.6430815808974892,1.07243183275827,2.1375008760249723,6.703407940614106,49.27208480565371,0.3991307818528541,7.574122825946238,3.9440133546126717,0.4556673628251372,0.429465880066002,2.289395842619236,0.7231596513999641,0,0.18996359031185703,2.7416755614156307,1.2556607657472236,0.7103714227724792,50000,100000,50000,50000,50000,50000,10000,50000,50000,20000,50000,0,5947392,2162688,220594176,0,0,2297856,0,0,2973696,0,0,0,0,4595712,16.18894106104142,5.9385895849735695,0,4.390438600381391,183.7210305985931,826.9220186010676,0,0,600.3889946918433,2.4476172816614135,0,0,646.4494255038614,0,10.716460320681955,0,0,2162688,0,0,0,0,0,0,0,0,0,0,0,0,225292288,79007744,16973824,439984128,111808512,349663232,40169472,10924032,310304768,94015488,4952064,3993600,305532928,16125952,134160384,207212544,70287360,13246464,200048640,103809024,331026432,35819520,9596928,292638720,83939328,4055040,2568192,296558592,15003648,37306368,0,0,0,0,0,0,0,0,0,0,0,0,0,0,0,209174528,78876672,16588800,425435136,107417600,333828096,39931904,10543104,296706048,93630464,4796416,2912256,299020288,15765504,43769856,191062016,73064448,16588800,212140032,107417600,333828096,37634048,10543104,296706048,90656768,4796416,2912256,299020288,15765504,39174144,1073741824,1073741824,314572800,0,1073741824,1073741824,1073741824,314572800,1073741824,0,0,0,1073741824,314572800,2147483648,10.887414239118211,0,4.803493449781659,0,0,13.963872539070426,43869.261050500514,0,20122.270742358076,0,0,45578.079967525875,10.887414239118211,0,4.803493449781659,0,0,13.963872539070426,43869.261050500514,0,20122.270742358076,0,0,45578.079967525875,82.89007751937986,49.77097794777353,473.8941815090144,20.871920495508952,34.31557041333658,34.30190092892684,16.73204048605206,58.1905827666351,46.31452786576492,74.38039516131278,0,0,0,0,0,0,0,0,0,0,98949.19769379846,121216.20153940597,1576206.7537223953,99426.18151401087,337127.0561668401,485784.6615869922,3047.8646076199357,8682.878540070586,592224.010501384,100331.52326795094,0,0,0,0,0,0,0,0,0,0,98.38891472868218,40.30315908768948,459.6150073030891,27.484017446376292,47.532599791892665,48.86050700637947,14.866829415475765,70.69381079452526,60.04052164483635,99.77907644925419,0,0,0,0,0,0,0,0,0,0,19629.13381782946,6593.0254521414745,140914.3467550304,5703.0531158511085,12500.121764927273,5886.550462738442,2807.965548454343,10023.026598949815,12720.429186998832,18826.4817968887,0,0,0,0,0,0,0,0,0,0,36,12,40,10,10,2,10,54,0,0,0,0,0.00956953642384106,0.004127478753541076,0.03150802752293578,0.01630337078651685,0.0014827586206896553,0.003033898305084746,0.003053691275167785,0.0032062561094819164,0.021794178794178796,0.04267932489451475,0.07377917414721721,0.02460898876404494,0.004305747126436782,0.0046610169491525435,0.004702013422818792,0.004971260997067449,0.023420478170478164,0.04850210970464133,0.08760771992818668,0.04214285714285708,0.004658620689655173,0.004864406779661017,0.004908053691275167,0.007459899749373439,0.02472151767151767,0.08653658536585355,0.09867055655296228,0.08599999999999995,0.0049409195402298845,0.01600000000000006,0.032750000000000085,0.009722556390977445,0.45923913043478265,0.375,0.3852739726027397,0.45923913043478265,0.877016129032258,0.375,0.4585597826086956,0.4847922848664689,2.181688708036623,2.163414634146341,0.4934931506849315,2.1274193548387097,2.125609756097561,0.475,2.125609756097561,2.1886896551724138,2.340844354018311,2.331707317073171,0.670833333333333,2.313709677419355,2.3128048780487807,0.4875,2.3128048780487807,2.344344827586207,2.4681688708036624,2.4663414634146337,0.9341666666666664,2.462741935483871,2.4625609756097564,0.4975,2.4625609756097564,2.4688689655172413,394.8571428571294,397.5630252100769,397.2941176470482,392.45378151262315,396.5210084033695,99569285.37815125,38627138.68907563,17222131.092436973,12898407.260504201,54079935.46218487,3544755570.0168066,2728264919.1260505,1042001403.6974789,5177334568.873949,4312253517.445378,0,0,0,0,0,14.924369747899158,3.042016806722689,5.495798319327731,0.8739495798319328,16.352941176470587,0,0,0,0,0,59968.537815126045,24283.42857142857,1077222.1848739495,38120.33613445378,70716.23529411765,1537.848739495798,266.70588235294116,2824.0672268907565,1696.9411764705883,421.2268907563025,1739.2605042016805,377.68067226890753,1889.8823529411764,2084.9579831932774,525.2941176470588,0,0,0,0,0,0,0,0,0,0,0,0,0,0,0,0,0,0,0,0
1693106412,0.4555329735790887,0.4049038353391074,0.3392226148409897,0.08869572930063424,1.5752449182167376,0.4657770325345261,0.09493070058857042,0.20343120634705383,0.20260140200170115,0.05562766549230449,0,0.09498179515592851,0.11912460433613609,0.6381226842321944,0.2435559163791356,3.2160590160487876,7.591561320436396,50.02963317879859,0.43885466096057435,9.877280374174608,4.855447744474711,0.32084963926333715,0.6285934608168907,2.429386648567613,0.967666104209159,0.000060115025532571144,0.28518183948076675,2.7279498128041926,2.6430815808974892,1.07243183275827,2.1375008760249723,6.703407940614106,49.27208480565371,0.3991307818528541,7.574122825946238,4.122126737930543,0.4556673628251372,0.429465880066002,2.289395842619236,0.7231596513999641,0,0.18996359031185703,2.3144208842449316,1.2556607657472236,0.7103714227724792,50000,100000,50000,50000,50000,50000,10000,50000,50000,20000,50000,0,5947392,2162688,220594176,0,0,2297856,0,0,2973696,0,0,0,0,4595712,16.18894106104142,5.9385895849735695,0,4.390438600381391,183.7210305985931,748.5502689862362,0,0,600.3889946918433,2.4476172816614135,0,0,525.6458255335081,0,10.716460320681955,0,0,2162688,0,0,0,0,0,0,0,0,0,0,0,0,225292288,79007744,16973824,439984128,111808512,349663232,40169472,10924032,310304768,94015488,4952064,3993600,305532928,16125952,134160384,207212544,70287360,13246464,200048640,103809024,331026432,35819520,9596928,292638720,83939328,4055040,2568192,296558592,15003648,37306368,0,0,0,0,0,0,0,0,0,0,0,0,0,0,0,209174528,78876672,16588800,425435136,107417600,333828096,39931904,10543104,296706048,93630464,4796416,2912256,299020288,15765504,43769856,191062016,73064448,16588800,212140032,107417600,333828096,37634048,10543104,296706048,90656768,4796416,2912256,299020288,15765504,39174144,1073741824,1073741824,314572800,0,1073741824,1073741824,1073741824,314572800,1073741824,0,0,0,1073741824,314572800,2147483648,10.887414239118211,0,4.803493449781659,0,0,13.963872539070426,43869.261050500514,0,20122.270742358076,0,0,45578.079967525875,10.887414239118211,0,4.803493449781659,0,0,13.963872539070426,43869.261050500514,0,20122.270742358076,0,0,45578.079967525875,81.2439306885545,49.77097794777353,473.8941815090144,20.871920495508952,34.31557041333658,33.649759586950864,14.435335539890222,58.1905827666351,46.31452786576492,75.90264438265264,0,0,0,0,0,0,0,0,0,0,96984.12644436845,121216.20153940597,1576206.7537223953,99426.18151401087,337127.0561668401,476549.0142164545,2629.5028587712163,8682.878540070586,592224.010501384,102384.88131800227,0,0,0,0,0,0,0,0,0,0,96.43497036023713,40.30315908768948,459.6150073030891,27.484017446376292,47.532599791892665,47.93158016133992,12.826150594459836,70.69381079452526,60.04052164483635,101.82112827085959,0,0,0,0,0,0,0,0,0,0,19239.31108641131,6593.0254521414745,140914.3467550304,5703.0531158511085,12500.121764927273,5774.6364633850635,2422.5332774074786,10023.026598949815,12720.429186998832,19211.779524787693,0,0,0,0,0,0,0,0,0,0,36,16,42,22,18,2,18,154,0,0,0,0,0.009485210466439135,0.004106569343065694,0.03147163120567376,0.016286516853932582,0.001566371681415929,0.003037037037037037,0.0030529100529100525,0.003206896551724138,0.021717627856365617,0.042262443438914034,0.07390221402214023,0.024578651685393253,0.004322713864306785,0.004666666666666666,0.004700881834215167,0.0049724137931034485,0.02336697497279652,0.04828054298642535,0.08773523985239852,0.04189814814814808,0.004667256637168141,0.00487037037037037,0.0049068783068783066,0.00746851385390428,0.02468645266594124,0.08599999999999997,0.09880166051660515,0.08602272727272728,0.004942890855457227,0.01675,0.034000000000000086,0.009725440806045337,0.46140710382513656,0.37500000000000006,0.3856768005790807,0.45833333333333337,0.8699186991869919,0.375,0.45505617977528084,0.4877543330821401,2.182232704402516,2.1618644067796606,0.49421824104234524,2.125,2.1157894736842104,0.475,2.1157894736842104,2.1910344827586203,2.341116352201258,2.3309322033898305,0.6823093220338983,2.3125,2.3078947368421048,0.4875,2.3078947368421048,2.3455172413793104,2.468223270440251,2.466186440677966,0.9364618644067795,2.4625,2.4615789473684213,0.4975,2.4615789473684213,2.4691034482758623,394.7226890756349,397.57983193278454,397.22689075629205,392.48739495797065,396.3529411764747,99569285.37815125,38627138.68907563,17222131.092436973,12898407.260504201,54079935.46218487,3544675990.5882354,2728259205.378151,1041996102.9915966,5177361210.084033,4233872805.6470585,0,0,0,0,0,14.957983193277311,3.042016806722689,5.495798319327731,0.9411764705882353,16.33613445378151,0,0,0,0,0,60114.82352941176,24283.42857142857,1077222.1848739495,38602.21848739496,70707.63025210083,1547.7647058823527,266.01680672268907,2825.294117647059,1701.8991596638655,421.6302521008403,1749.2268907563023,377.12605042016804,1891.4621848739494,2089.5798319327732,525.7815126050419,0,0,0,0,0,0,0,0,0,0,0,0,0,0,0,0,0,0,0,0
1693106413,0.352283878963247,0.4049038353391074,0.3392226148409897,0.08869572930063424,1.5752449182167376,0.4657770325345261,0.09493070058857042,0.20343120634705383,0.20260140200170115,0.05562766549230449,0,0.09498179515592851,0.07990735980641114,0.6381226842321944,0.271969938988487,2.627928810890462,7.591561320436396,50.02963317879859,0.43885466096057435,9.877280374174608,4.855447744474711,0.32084963926333715,0.6285934608168907,2.429386648567613,0.967666104209159,0.000060115025532571144,0.28518183948076675,2.4488029007379013,2.6430815808974892,0.9130704249412425,1.782141975931749,6.703407940614106,49.27208480565371,0.3991307818528541,7.574122825946238,4.122126737930543,0.4556673628251372,0.429465880066002,2.289395842619236,0.7231596513999641,0,0.18996359031185703,2.097568194918299,1.2556607657472236,0.5686644178850189,50000,100000,50000,50000,50000,50000,10000,50000,50000,20000,50000,0,5947392,2162688,220594176,0,0,2297856,0,0,2973696,0,0,0,0,4595712,9.573832475354127,5.9385895849735695,0,4.390438600381391,183.7210305985931,748.5502689862362,0,0,600.3889946918433,2.4476172816614135,0,0,433.7771027091025,0,9.790917803585524,0,0,2162688,0,0,0,0,0,0,0,0,0,0,0,0,225292288,79007744,16973824,439984128,111808512,349663232,40169472,10924032,310304768,94015488,4952064,3993600,305532928,16125952,134160384,207212544,70287360,13246464,200048640,103809024,331026432,35819520,9596928,292638720,83939328,4055040,2568192,296558592,15003648,37306368,0,0,0,0,0,0,0,0,0,0,0,0,0,0,0,209174528,78876672,16588800,425435136,107417600,333828096,39931904,10543104,296706048,93630464,4796416,2912256,299020288,15765504,43769856,191062016,73064448,16588800,212140032,107417600,333828096,37634048,10543104,296706048,90656768,4796416,2912256,299020288,15765504,39174144,1073741824,1073741824,314572800,0,1073741824,1073741824,1073741824,314572800,1073741824,0,0,0,1073741824,314572800,2147483648,10.887414239118211,0,4.803493449781659,0,0,12.485892653562347,43869.261050500514,0,20122.270742358076,0,0,42179.669490484965,10.887414239118211,0,4.803493449781659,0,0,12.485892653562347,43869.261050500514,0,20122.270742358076,0,0,42179.669490484965,79.59778385772914,49.77097794777353,473.8941815090144,20.871920495508952,34.31557041333658,32.99761824497488,14.156468198456018,58.1905827666351,46.31452786576492,77.42489360399253,0,0,0,0,0,0,0,0,0,0,95019.05519493844,121216.20153940597,1576206.7537223953,99426.18151401087,337127.0561668401,467313.3668459168,2578.7051153108832,8682.878540070586,592224.010501384,104438.23936805365,0,0,0,0,0,0,0,0,0,0,94.48102599179207,40.30315908768948,459.6150073030891,27.484017446376292,47.532599791892665,47.002653316300375,12.578370104201905,70.69381079452526,60.04052164483635,103.86318009246503,0,0,0,0,0,0,0,0,0,0,18849.48835499316,6593.0254521414745,140914.3467550304,5703.0531158511085,12500.121764927273,5662.722464031684,2375.733851599906,10023.026598949815,12720.429186998832,19597.07725268669,0,0,0,0,0,0,0,0,0,0,40,20,46,8,14,2,10,60,0,0,0,0,0.009485210466439135,0.004106569343065694,0.03147163120567376,0.016286516853932582,0.0014871060171919765,0.003033898305084746,0.0030501672240802677,0.003206896551724138,0.021717627856365617,0.042262443438914034,0.07390221402214023,0.024578651685393253,0.004306590257879656,0.0046610169491525435,0.0046956521739130435,0.0049724137931034485,0.02336697497279652,0.04828054298642535,0.08773523985239852,0.04189814814814808,0.004659025787965616,0.004864406779661017,0.00490133779264214,0.00746851385390428,0.02468645266594124,0.08599999999999997,0.09880166051660515,0.08602272727272728,0.004940974212034384,0.01600000000000006,0.032708333333333776,0.009725440806045337,0.46140710382513656,0.37500000000000006,0.3856768005790807,0.45833333333333337,0.8810975609756098,0.375,0.46004098360655743,0.4877543330821401,2.182232704402516,2.1618644067796606,0.49421824104234524,2.125,2.1295180722891565,0.475,2.129518072289157,2.1910344827586203,2.341116352201258,2.3309322033898305,0.6823093220338983,2.3125,2.314759036144578,0.4875,2.314759036144578,2.3455172413793104,2.468223270440251,2.466186440677966,0.9364618644067795,2.4625,2.4629518072289156,0.4975,2.4629518072289156,2.4691034482758623,394.82352941177453,397.6470588235209,397.24369747899607,392.31932773111413,396.52100840336186,99569285.37815125,38627138.68907563,17222131.092436973,12898407.260504201,54079935.46218487,3544634273.3445377,2671421594.890756,1104215788.6386554,5084978373.915966,4077094378.487395,0,0,0,0,0,14.957983193277311,3.042016806722689,5.495798319327731,0.9411764705882353,16.369747899159663,0,0,0,0,0,60132.033613445376,24283.42857142857,1077222.1848739495,38602.21848739496,70853.91596638656,1545.2268907563025,266.77310924369743,2824.5042016806724,1703.512605042017,422.2521008403361,1746.6890756302519,377.9495798319328,1891.142857142857,2090.9411764705883,526.4201680672269,0,0,0,0,0,0,0,0,0,0,0,0,0,0,0,0,0,0,0,0
1693106414,0.3594337056850935,0.4049038353391074,0.3392226148409897,0.08869572930063424,1.5752449182167376,0.4657770325345261,0.09493070058857042,0.20343120634705383,0.20467836257309896,0.05562766549230449,0,0.09498179515592851,0.09347104734308556,0.6381226842321944,0.31006877889277284,2.6812643075090143,7.591561320436396,50.02963317879859,0.43885466096057435,9.877280374174608,4.855447744474711,0.32084963926333715,0.6285934608168907,2.996720663742692,0.967666104209159,0.000060115025532571144,0.28518183948076675,2.864469210637004,2.6430815808974892,1.0409776637726902,1.8183116875834435,6.703407940614106,49.27208480565371,0.3991307818528541,7.574122825946238,4.122126737930543,0.4556673628251372,0.429465880066002,2.836257309941517,0.7231596513999641,0,0.18996359031185703,2.453614992756004,1.2556607657472236,0.6483256285939802,50000,100000,50000,50000,50000,50000,10000,50000,50000,20000,50000,0,5947392,2162688,220594176,0,0,2297856,0,0,2973696,0,0,0,0,4595712,9.768139530971366,5.9385895849735695,0,4.390438600381391,183.7210305985931,748.5502689862362,0,0,862.6315789473684,2.4476172816614135,0,0,507.4075805019395,0,11.162476040139813,0,0,2162688,0,0,0,0,0,0,0,0,0,0,0,0,225292288,79007744,16973824,439984128,111808512,349663232,40169472,10924032,310304768,94015488,4952064,3993600,305532928,16125952,134160384,207212544,70287360,13246464,200048640,103809024,331026432,35819520,9596928,292638720,83939328,4055040,2568192,296558592,15003648,37306368,0,0,0,0,0,0,0,0,0,0,0,0,0,0,0,209174528,78876672,16588800,425435136,107417600,333828096,39931904,10543104,296706048,93630464,4796416,2912256,299020288,15765504,43769856,191062016,73064448,16588800,212140032,107417600,333828096,37634048,10543104,296706048,90656768,4796416,2912256,299020288,15765504,39174144,1073741824,1073741824,314572800,0,1073741824,1073741824,1073741824,314572800,1073741824,0,0,0,1073741824,314572800,2147483648,10.887414239118211,0,4.803493449781659,0,0,14.234975758259106,43869.261050500514,0,20122.270742358076,0,0,48088.39779005525,10.887414239118211,0,4.803493449781659,0,0,14.234975758259106,43869.261050500514,0,20122.270742358076,0,0,48088.39779005525,100.06845478872361,49.77097794777353,473.8941815090144,20.871920495508952,34.31557041333658,32.3454769029989,13.877600857021818,58.1905827666351,46.31452786576492,78.9471428253324,0,0,0,0,0,0,0,0,0,0,118645.03080465492,121216.20153940597,1576206.7537223953,99426.18151401087,337127.0561668401,458077.71947537904,2527.9073718505515,8682.878540070586,592224.010501384,106491.597418105,0,0,0,0,0,0,0,0,0,0,118.50975999336195,40.30315908768948,459.6150073030891,27.484017446376292,47.532599791892665,46.07372647126083,12.330589613943976,70.69381079452526,60.04052164483635,105.90523191407044,0,0,0,0,0,0,0,0,0,0,23709.274586678283,6593.0254521414745,140914.3467550304,5703.0531158511085,12500.121764927273,5550.8084646783045,2328.9344257923335,10023.026598949815,12720.429186998832,19982.374980585686,0,0,0,0,0,0,0,0,0,0,40,18,50,6,6,2,6,48,0,0,0,0,0.009485210466439135,0.004106569343065694,0.03147163120567376,0.016286516853932582,0.0014871060171919765,0.003033898305084746,0.0030501672240802677,0.003206896551724138,0.021717627856365617,0.042262443438914034,0.07390221402214023,0.024578651685393253,0.004306590257879656,0.0046610169491525435,0.0046956521739130435,0.0049724137931034485,0.02336697497279652,0.04828054298642535,0.08773523985239852,0.04189814814814808,0.004659025787965616,0.004864406779661017,0.00490133779264214,0.00746851385390428,0.02468645266594124,0.08599999999999997,0.09880166051660515,0.08602272727272728,0.004940974212034384,0.01600000000000006,0.032708333333333776,0.009725440806045337,0.46140710382513656,0.37500000000000006,0.3856768005790807,0.45833333333333337,0.8810975609756098,0.375,0.46004098360655743,0.4877543330821401,2.182232704402516,2.1618644067796606,0.49421824104234524,2.125,2.1295180722891565,0.475,2.129518072289157,2.1910344827586203,2.341116352201258,2.3309322033898305,0.6823093220338983,2.3125,2.314759036144578,0.4875,2.314759036144578,2.3455172413793104,2.468223270440251,2.466186440677966,0.9364618644067795,2.4625,2.4629518072289156,0.4975,2.4629518072289156,2.4691034482758623,394.8571428571378,397.630252100825,397.3109243697472,392.53781512607264,396.5210084033508,99569285.37815125,38627138.68907563,34444055.663865544,12898407.260504201,54079935.46218487,3473825792,2728274763.2941175,1043750361.2773108,4992609581.176471,4077129762.420168,0,0,0,0,0,14.991596638655462,2.436974789915966,5.546218487394958,0.9411764705882353,16.319327731092436,0,0,0,0,0,60218.08403361344,20084.16806722689,1077428.705882353,38602.21848739496,70733.44537815126,1544.436974789916,266.5210084033613,2824.7899159663866,1696.9579831932772,419.99999999999994,1745.8991596638657,377.71428571428567,1891.1092436974789,2084.4201680672268,524.1344537815125,0,0,0,0,0,0,0,0,0,0,0,0,0,0,0,0,0,0,0,0
1693106415,0.36658353240693997,0.4049038353391074,0.3392226148409897,0.08869572930063424,1.5752449182167376,0.4657770325345261,0.09493070058857042,0.20343120634705383,0.20467836257309896,0.05562766549230449,0,0.09498179515592851,0.09347104734308556,0.6381226842321944,0.2722076583856381,2.7345998041275674,7.591561320436396,50.02963317879859,0.43885466096057435,9.877280374174608,4.855447744474711,0.32084963926333715,0.6285934608168907,2.996720663742692,0.967666104209159,0.000060115025532571144,0.28518183948076675,2.864469210637004,2.6430815808974892,0.9138685078168014,1.854481399235138,6.703407940614106,49.27208480565371,0.3991307818528541,7.574122825946238,4.122126737930543,0.4556673628251372,0.429465880066002,2.836257309941517,0.7231596513999641,0,0.18996359031185703,2.453614992756004,1.2556607657472236,0.5691614675336074,50000,100000,50000,50000,50000,50000,10000,50000,50000,20000,50000,0,5947392,2162688,220594176,0,0,2297856,0,0,2973696,0,0,0,0,4595712,9.962446586588607,5.9385895849735695,0,4.390438600381391,183.7210305985931,748.5502689862362,0,0,862.6315789473684,2.4476172816614135,0,0,507.4075805019395,0,9.799475701882963,0,0,2162688,0,0,0,0,0,0,0,0,0,0,0,0,225292288,79007744,16973824,439984128,111808512,349663232,40169472,10924032,310304768,94015488,4952064,3993600,305532928,16125952,134160384,207212544,70287360,13246464,200048640,103809024,331026432,35819520,9596928,292638720,83939328,4055040,2568192,296558592,15003648,37306368,0,0,0,0,0,0,0,0,0,0,0,0,0,0,0,209174528,78876672,16588800,425435136,107417600,333828096,39931904,10543104,296706048,93630464,4796416,2912256,299020288,15765504,43769856,191062016,73064448,16588800,212140032,107417600,333828096,37634048,10543104,296706048,90656768,4796416,2912256,299020288,15765504,39174144,1073741824,1073741824,314572800,0,1073741824,1073741824,1073741824,314572800,1073741824,0,0,0,1073741824,314572800,2147483648,10.887414239118211,0,4.803493449781659,0,0,12.49680613497701,43869.261050500514,0,20122.270742358076,0,0,42216.537262124,10.887414239118211,0,4.803493449781659,0,0,12.49680613497701,43869.261050500514,0,20122.270742358076,0,0,42216.537262124,100.06845478872361,49.77097794777353,473.8941815090144,20.871920495508952,34.31557041333658,31.693335561022927,13.598733515587616,58.1905827666351,46.31452786576492,91.3349532803928,0,0,0,0,0,0,0,0,0,0,118645.03080465492,121216.20153940597,1576206.7537223953,99426.18151401087,337127.0561668401,448842.0721048414,2477.109628390219,8682.878540070586,592224.010501384,123201.48300308124,0,0,0,0,0,0,0,0,0,0,118.50975999336195,40.30315908768948,459.6150073030891,27.484017446376292,47.532599791892665,45.144799626221285,12.082809123686046,70.69381079452526,60.04052164483635,122.52310929632506,0,0,0,0,0,0,0,0,0,0,23709.274586678283,6593.0254521414745,140914.3467550304,5703.0531158511085,12500.121764927273,5438.894465324927,2282.134999984761,10023.026598949815,12720.429186998832,23117.863673939726,0,0,0,0,0,0,0,0,0,0,34,18,52,6,6,2,6,54,0,0,0,0,0.009485210466439135,0.004106569343065694,0.03147163120567376,0.016286516853932582,0.0014871060171919765,0.003033898305084746,0.0030501672240802677,0.003212525667351129,0.021717627856365617,0.042262443438914034,0.07390221402214023,0.024578651685393253,0.004306590257879656,0.0046610169491525435,0.0046956521739130435,0.004982546201232033,0.02336697497279652,0.04828054298642535,0.08773523985239852,0.04189814814814808,0.004659025787965616,0.004864406779661017,0.00490133779264214,0.007538363171355493,0.02468645266594124,0.08599999999999997,0.09880166051660515,0.08602272727272728,0.004940974212034384,0.01600000000000006,0.032708333333333776,0.009742966751918151,0.46140710382513656,0.37500000000000006,0.3856768005790807,0.45833333333333337,0.8810975609756098,0.375,0.46004098360655743,0.473424449506454,2.182232704402516,2.1618644067796606,0.49421824104234524,2.125,2.1295180722891565,0.475,2.129518072289157,2.1791563275434247,2.341116352201258,2.3309322033898305,0.6823093220338983,2.3125,2.314759036144578,0.4875,2.314759036144578,2.3395781637717117,2.468223270440251,2.466186440677966,0.9364618644067795,2.4625,2.4629518072289156,0.4975,2.4629518072289156,2.4679156327543423,394.73949579831856,397.6470588235336,397.2436974789761,392.5210084033519,396.53781512605354,99569285.37815125,48283648,34444055.663865544,12898407.260504201,54079935.46218487,3474062946.957983,2671524373.5126047,1106011695.3277311,5085219108.571428,4155577111.6638656,0,0,0,0,0,15.109243697478991,3.0252100840336134,5.546218487394958,0.9411764705882353,16.33613445378151,0,0,0,0,0,60613.91596638655,24283.42857142857,1077428.705882353,38602.21848739496,70785.0756302521,1533.4957983193276,265.9159663865546,2826.1008403361343,1695.09243697479,420.11764705882354,1735.4453781512602,377.12605042016804,1892.016806722689,2082.470588235294,524.2184873949578,0,0,0,0,0,0,0,0,0,0,0,0,0,0,0,0,0,0,0,0
1693106416,0.4289896033107902,0.4049038353391074,0.3392226148409897,0.08869572930063424,1.6649323621227876,0.4657770325345261,0.09493070058857042,0.20343120634705383,0.20467836257309896,0.05562766549230449,0,0.1421666192777937,0.09347104734308556,0.6381226842321944,0.26703984540409187,3.2001297971131692,7.591561320436396,50.02963317879859,0.43885466096057435,9.99310433402704,4.855447744474711,0.32084963926333715,0.6285934608168907,2.996720663742692,0.967666104209159,0.000060115025532571144,0.2895926337381696,2.864469210637004,2.6430815808974892,0.8965188800872566,2.17018269910168,6.703407940614106,49.27208480565371,0.3991307818528541,7.821713492889362,4.122126737930543,0.4556673628251372,0.429465880066002,2.836257309941517,0.7231596513999641,0,0.1624761363174785,2.453614992756004,1.2556607657472236,0.5583560403903745,50000,100000,50000,50000,50000,50000,10000,50000,50000,20000,50000,0,5947392,2162688,220594176,0,0,2297856,0,0,2973696,0,0,0,0,4595712,11.65842333703442,5.9385895849735695,0,4.390438600381391,183.1425598335068,748.5502689862362,0,0,862.6315789473684,2.4476172816614135,0,0,507.4075805019395,0,9.6134344345473,0,0,2162688,0,0,0,0,0,0,0,0,0,0,0,0,225292288,79007744,16973824,439984128,111808512,349663232,40169472,10924032,310304768,94015488,4952064,3993600,305532928,16125952,134160384,207212544,70287360,13246464,200048640,105025536,331026432,35819520,9596928,292638720,83939328,4055040,2568192,296558592,15003648,37306368,0,0,0,0,0,0,0,0,0,0,0,0,0,0,0,209174528,78876672,16588800,425435136,108826624,333828096,39931904,10543104,296706048,93630464,4796416,2912256,299020288,15765504,43769856,191062016,73064448,16588800,212140032,108826624,333828096,37634048,10543104,296706048,90656768,4796416,2912256,299020288,15765504,39174144,1073741824,1073741824,314572800,0,1073741824,1073741824,1073741824,314572800,1073741824,0,0,0,1073741824,314572800,2147483648,10.887414239118211,0,4.803493449781659,0,0,12.259556539006025,43869.261050500514,0,20122.270742358076,0,0,41415.06396562308,10.887414239118211,0,4.803493449781659,0,0,12.259556539006025,43869.261050500514,0,20122.270742358076,0,0,41415.06396562308,100.06845478872361,42.37584014103351,473.8941815090144,20.871920495508952,34.31557041333658,31.041194219046943,13.319866174153418,58.1905827666351,46.01849323085327,91.3349532803928,0,0,0,0,0,0,0,0,0,0,118645.03080465492,103205.49426067587,1576206.7537223953,99426.18151401087,337127.0561668401,439606.4247343036,2426.311884929887,8682.878540070586,589817.2915610004,123201.48300308124,0,0,0,0,0,0,0,0,0,0,118.50975999336195,34.314781366576945,459.6150073030891,27.484017446376292,47.532599791892665,44.21587278118174,11.835028633428118,70.69381079452526,59.400725683742344,122.52310929632506,0,0,0,0,0,0,0,0,0,0,23709.274586678283,5613.411753710786,140914.3467550304,5703.0531158511085,12500.121764927273,5326.980465971548,2235.335574177189,10023.026598949815,12650.735437556084,23117.863673939726,0,0,0,0,0,0,0,0,0,0,36,18,44,10,8,2,10,82,0,0,0,0,0.009485210466439135,0.004106569343065694,0.03147163120567376,0.016286516853932582,0.0014871060171919765,0.003033898305084746,0.0030501672240802677,0.0032058968058968056,0.021717627856365617,0.042262443438914034,0.07390221402214023,0.024578651685393253,0.004306590257879656,0.0046610169491525435,0.0046956521739130435,0.004970614250614251,0.02336697497279652,0.04828054298642535,0.08773523985239852,0.04189814814814808,0.004659025787965616,0.004864406779661017,0.00490133779264214,0.007456439393939385,0.02468645266594124,0.08599999999999997,0.09880166051660515,0.08602272727272728,0.004940974212034384,0.01600000000000006,0.032708333333333776,0.009723611111111101,0.46140710382513656,0.37500000000000006,0.3856768005790807,0.45833333333333337,0.8810975609756098,0.375,0.46004098360655743,0.4886021100226074,2.182232704402516,2.1618644067796606,0.49421824104234524,2.125,2.1295180722891565,0.475,2.129518072289157,2.1916895604395603,2.341116352201258,2.3309322033898305,0.6823093220338983,2.3125,2.314759036144578,0.4875,2.314759036144578,2.34584478021978,2.468223270440251,2.466186440677966,0.9364618644067795,2.4625,2.4629518072289156,0.4975,2.4629518072289156,2.469168956043956,394.87394957982514,397.69747899158466,397.27731092435164,392.55462184874534,396.42016806722825,99569285.37815125,48283716.84033613,34444055.663865544,12898407.260504201,54079935.46218487,3544946120.067227,2728336375.394958,1105958412.907563,5177711263.193277,4155608296.3361344,0,0,0,0,0,15.22689075630252,3.0252100840336134,5.546218487394958,0.9411764705882353,16.436974789915965,0,0,0,0,0,60958.11764705882,24283.42857142857,1077428.705882353,38602.21848739496,71137.88235294117,1536.268907563025,266,2828.168067226891,1700.3193277310925,420.85714285714283,1738.1680672268906,377.2268907563025,1893.6302521008402,2087.3949579831933,525.0252100840336,0,0,0,0,0,0,0,0,0,0,0,0,0,0,0,0,0,0,0,0
1693106417,0.4289896033107902,0.4049038353391074,0.27801978798586596,0.08869572930063424,1.6649323621227876,0.4657770325345261,0.07072302505952528,0.20343120634705383,0.20467836257309896,0.04452520050576371,0,0.1421666192777937,0.09347104734308556,0.6381226842321944,0.26187203242254564,3.2001297971131692,7.591561320436396,41.00324506931877,0.43885466096057435,9.99310433402704,4.855447744474711,0.3197901223508326,0.6285934608168907,2.996720663742692,0.7525389139687227,0.000060115025532571144,0.2895926337381696,2.864469210637004,2.6430815808974892,0.8791692523577118,2.17018269910168,6.703407940614106,40.382374204947,0.3991307818528541,7.821713492889362,4.122126737930543,0.4714868337301675,0.429465880066002,2.836257309941517,0.556565006322046,0,0.1624761363174785,2.453614992756004,1.2556607657472236,0.5475506132471415,50000,100000,50000,50000,50000,50000,10000,50000,50000,20000,50000,0,5947392,2162688,220594176,0,0,2297856,0,0,2973696,0,0,0,0,4595712,11.65842333703442,5.9385895849735695,0,4.390438600381391,183.1425598335068,748.5502689862362,0,0,862.6315789473684,1.4693316166902013,0,0,507.4075805019395,0,9.427393167211635,0,0,2162688,0,0,0,0,0,0,0,0,0,0,0,0,225292288,79007744,16973824,439984128,111808512,349663232,40169472,10924032,310304768,94015488,4952064,3993600,305532928,16125952,134160384,207212544,70287360,13246464,200048640,105025536,331026432,35819520,9596928,292638720,83939328,4055040,2568192,296558592,15003648,37306368,0,0,0,0,0,0,0,0,0,0,0,0,0,0,0,209174528,78876672,16588800,425435136,108826624,333828096,39931904,10543104,296706048,93630464,4796416,2912256,299020288,15765504,43769856,191062016,73064448,16588800,212140032,108826624,333828096,37634048,10543104,296706048,90656768,4796416,2912256,299020288,15765504,39174144,1073741824,1073741824,314572800,0,1073741824,1073741824,1073741824,314572800,1073741824,0,0,0,1073741824,314572800,2147483648,10.887414239118211,0,4.714868337301681,0,0,12.02230694303504,43869.261050500514,0,20193.215304462625,0,0,40613.59066912216,10.887414239118211,0,4.714868337301681,0,0,12.02230694303504,43869.261050500514,0,20193.215304462625,0,0,40613.59066912216,100.06845478872361,41.54632384190394,473.8941815090144,20.871920495508952,34.331863415952824,38.71831774206444,13.040998832719216,57.895014693719546,46.01849323085327,91.3349532803928,0,0,0,0,0,0,0,0,0,0,118645.03080465492,101185.22423501911,1576206.7537223953,99426.18151401087,336395.5936269789,550840.9290797154,2375.5141414695545,8638.904042092669,589817.2915610004,123201.48300308124,0,0,0,0,0,0,0,0,0,0,118.50975999336195,33.64306204844878,459.6150073030891,27.484017446376292,47.61180664672985,54.409530662828814,11.587248143170187,70.40667288436836,59.400725683742344,122.52310929632506,0,0,0,0,0,0,0,0,0,0,23709.274586678283,5503.527996175095,140914.3467550304,5703.0531158511085,12400.37508236606,6561.085791956504,2188.5361483696165,9986.344519330602,12650.735437556084,23117.863673939726,0,0,0,0,0,0,0,0,0,0,14,8,30,6,6,2,6,48,0,0,0,0,0.009513651877133107,0.004119883040935673,0.03154901960784314,0.01632217090069284,0.001583333333333333,0.003037037037037037,0.0030535714285714285,0.003215841584158416,0.02173709677419355,0.04169999999999999,0.07401098901098904,0.024733256351039262,0.004326190476190476,0.004666666666666666,0.004702142857142856,0.004988514851485148,0.023376612903225805,0.047627777777777755,0.08778388278388274,0.04326612903225802,0.0046690476190476195,0.00487037037037037,0.004908214285714285,0.007569007263922511,0.02468822580645161,0.08332812499999977,0.09880219780219777,0.08620454545454535,0.004943333333333333,0.01675,0.034291666666666484,0.0097365617433414,0.45833333333333337,0.3760416666666667,0.38613323678493844,0.45844780219780223,0.8662551440329218,0.375,0.45432011331444755,0.48984198645598187,2.1810146443514644,2.1623417721518985,0.4950398262128892,2.125308641975309,2.1125560538116592,0.475,2.1136160714285714,2.1925824175824173,2.340507322175732,2.3311708860759492,0.6943089430894301,2.3126543209876544,2.3062780269058294,0.4875,2.3068080357142855,2.3462912087912082,2.468101464435146,2.4662341772151892,0.938861788617886,2.4625308641975305,2.461255605381166,0.4975,2.461361607142857,2.469258241758242,394.7899159663875,397.5798319327708,397.2941176470532,392.6554621848743,396.3865546218529,99569285.37815125,48283716.84033613,34444055.663865544,12898407.260504201,54079935.46218487,3615817452.638655,2671556177.747899,1105955590.4537814,5177797382.453781,4234021500.773109,0,0,0,0,0,15.176470588235293,3.0252100840336134,4.823529411764706,0.9411764705882353,16.369747899159663,0,0,0,0,0,60803.2268907563,24283.42857142857,1073849.0084033613,38602.21848739496,70862.52100840336,1536.3529411764705,266.0504201680672,2827.327731092437,1697.8991596638655,419.6302521008403,1738.1344537815125,377.12605042016804,1893.378151260504,2085.344537815126,523.8487394957982,0,0,0,0,0,0,0,0,0,0,0,0,0,0,0,0,0,0,0,0
1693106418,0.4289896033107902,0.4049038353391074,0.2711153686265298,0.08869572930063424,1.738909152599878,0.4657770325345261,0.07072302505952528,0.20343120634705383,0.16201875367073756,0.04544812692084064,0,0.1421666192777937,0.09347104734308556,0.6169031462060462,0.25670421944099947,3.2001297971131692,7.591561320436396,49.97562815984964,0.43885466096057435,10.016526361438626,4.855447744474711,0.3197901223508326,0.6285934608168907,2.3221309881118715,0.7681376767858633,0.000060115025532571144,0.2895926337381696,2.864469210637004,2.5976384723234784,0.8618196246281669,2.17018269910168,6.703407940614106,49.252625300486216,0.3991307818528541,7.931122232589708,4.122126737930543,0.4714868337301675,0.429465880066002,2.1872531745549515,0.5681015865105075,0,0.1624761363174785,2.453614992756004,1.3459705008131917,0.5367451861039084,50000,100000,50000,50000,50000,50000,10000,50000,50000,20000,50000,0,5947392,2162688,220594176,0,0,2297856,0,0,2973696,0,0,0,0,4595712,11.65842333703442,5.9385895849735695,7.157445731740381,4.390438600381391,197.3449826109085,748.5502689862362,0,0,597.4846588492618,1.4997881883877398,0,0,507.4075805019395,0,9.241351899875973,0,0,2162688,0,0,0,0,0,0,0,0,0,0,0,0,225292288,79007744,17739776,439984128,111808512,349663232,40169472,10924032,310304768,94015488,4952064,3993600,305532928,16125952,134160384,207212544,70287360,13922304,200048640,105025536,331026432,35819520,9596928,292638720,83939328,4055040,2568192,296558592,15003648,37306368,0,0,0,0,0,0,0,0,0,0,0,0,0,0,0,209174528,78876672,17371136,425435136,108826624,333828096,39931904,10543104,296706048,93630464,4796416,2912256,299020288,15765504,43769856,191062016,73064448,17371136,212140032,108826624,333828096,37634048,10543104,296706048,90656768,4796416,2912256,299020288,15765504,39174144,1073741824,1073741824,314572800,0,1073741824,1073741824,1073741824,314572800,1073741824,0,0,0,1073741824,314572800,2147483648,10.887414239118211,0,4.714868337301681,0,0,11.785057347064056,43869.261050500514,0,20193.215304462625,0,0,39812.11737262124,10.887414239118211,0,4.714868337301681,0,0,11.785057347064056,43869.261050500514,0,20193.215304462625,0,0,39812.11737262124,100.06845478872361,49.884323014211745,473.8941815090144,20.871920495508952,27.402022221125428,38.71831774206444,16.64816870144284,57.895014693719546,46.01849323085327,91.3349532803928,0,0,0,0,0,0,0,0,0,0,118645.03080465492,119773.22904043186,1576206.7537223953,99426.18151401087,269429.56818957056,550840.9290797154,3045.522895707279,8638.904042092669,589817.2915610004,123201.48300308124,0,0,0,0,0,0,0,0,0,0,118.50975999336195,40.233557342734386,459.6150073030891,27.484017446376292,38.41851010973463,54.409530662828814,14.786438007948158,70.40667288436836,59.400725683742344,122.52310929632506,0,0,0,0,0,0,0,0,0,0,23709.274586678283,6687.848408064338,140914.3467550304,5703.0531158511085,9845.87668097988,6561.085791956504,2801.1528409294333,9986.344519330602,12650.735437556084,23117.863673939726,0,0,0,0,0,0,0,0,0,0,46,24,48,10,10,2,10,64,0,0,0,0,0.009513651877133107,0.004119883040935673,0.03154901960784314,0.01632217090069284,0.0015202312138728321,0.003033898305084746,0.003051020408163265,0.003215841584158416,0.02173709677419355,0.04169999999999999,0.07401098901098904,0.024733256351039262,0.004313294797687862,0.0046610169491525435,0.004697278911564625,0.004988514851485148,0.023376612903225805,0.047627777777777755,0.08778388278388274,0.04326612903225802,0.00466242774566474,0.004864406779661017,0.004903061224489796,0.007569007263922511,0.02468822580645161,0.08332812499999977,0.09880219780219777,0.08620454545454535,0.004941734104046243,0.01600000000000006,0.033125,0.0097365617433414,0.45833333333333337,0.3760416666666667,0.38613323678493844,0.45844780219780223,0.874485596707819,0.375,0.45833333333333337,0.48984198645598187,2.1810146443514644,2.1623417721518985,0.4950398262128892,2.125308641975309,2.124066390041494,0.475,2.125,2.1925824175824173,2.340507322175732,2.3311708860759492,0.6943089430894301,2.3126543209876544,2.312033195020747,0.4875,2.3125,2.3462912087912082,2.468101464435146,2.4662341772151892,0.938861788617886,2.4625308641975305,2.4624066390041497,0.4975,2.4625,2.469258241758242,394.8067226890755,397.5126050420405,397.3445378151235,392.63865546218983,396.4033613445349,99569285.37815125,48283716.84033613,34444055.663865544,12898407.260504201,54079935.46218487,3686704411.9663863,2728359299.2268906,1168248246.857143,5177853762.689075,4155620894.1176467,0,0,0,0,0,15.243697478991596,3.0252100840336134,4.823529411764706,0.9411764705882353,16.30252100840336,0,0,0,0,0,61052.773109243695,24283.42857142857,1073849.0084033613,38602.21848739496,70647.3949579832,1541.2605042016805,266.2857142857143,2826.621848739496,1697.6470588235293,420.77310924369743,1743.3277310924368,377.39495798319325,1892.8907563025207,2085.3109243697477,524.7563025210084,0,0,0,0,0,0,0,0,0,0,0,0,0,0,0,0,0,0,0,0
1693106419,0.4289896033107902,0.4049038353391074,0.2711153686265298,0.08869572930063424,1.738909152599878,0.4657770325345261,0.07072302505952528,0.20343120634705383,0.16201875367073756,0.04637105333591757,0,0.1421666192777937,0.09347104734308556,0.6169031462060462,0.25153640645945324,3.2001297971131692,7.591561320436396,49.97562815984964,0.43885466096057435,10.016526361438626,4.855447744474711,0.3197901223508326,0.6285934608168907,2.3221309881118715,0.783736439603004,0.000060115025532571144,0.2895926337381696,2.864469210637004,2.5976384723234784,0.8444699968986221,2.17018269910168,6.703407940614106,49.252625300486216,0.3991307818528541,7.931122232589708,4.122126737930543,0.4714868337301675,0.429465880066002,2.1872531745549515,0.5796381666989691,0,0.1624761363174785,2.453614992756004,1.3459705008131917,0.5259397589606755,50000,100000,50000,50000,50000,50000,10000,50000,50000,20000,50000,0,5947392,2162688,220594176,0,0,2297856,0,0,2973696,0,0,0,0,4595712,11.65842333703442,5.9385895849735695,7.157445731740381,4.390438600381391,197.3449826109085,748.5502689862362,0,0,597.4846588492618,1.5302447600852784,0,0,507.4075805019395,0,9.055310632540309,0,0,2162688,0,0,0,0,0,0,0,0,0,0,0,0,225292288,79007744,17739776,439984128,111808512,349663232,40169472,10924032,310304768,94015488,4952064,3993600,305532928,16125952,134160384,207212544,70287360,13922304,200048640,105025536,331026432,35819520,9596928,292638720,83939328,4055040,2568192,296558592,15003648,37306368,0,0,0,0,0,0,0,0,0,0,0,0,0,0,0,209174528,78876672,17371136,425435136,108826624,333828096,39931904,10543104,296706048,93630464,4796416,2912256,299020288,15765504,43769856,191062016,73064448,17371136,212140032,108826624,333828096,37634048,10543104,296706048,90656768,4796416,2912256,299020288,15765504,39174144,1073741824,1073741824,314572800,0,1073741824,1073741824,1073741824,314572800,1073741824,0,0,0,1073741824,314572800,2147483648,10.887414239118211,0,4.714868337301681,0,0,11.547807751093071,43869.261050500514,0,20193.215304462625,0,0,39010.64407612032,10.887414239118211,0,4.714868337301681,0,0,11.547807751093071,43869.261050500514,0,20193.215304462625,0,0,39010.64407612032,100.06845478872361,49.884323014211745,473.8941815090144,17.038818501519305,27.968792535193508,38.71831774206444,16.64816870144284,57.895014693719546,46.01849323085327,91.3349532803928,0,0,0,0,0,0,0,0,0,0,118645.03080465492,119773.22904043186,1576206.7537223953,81258.02041791505,275002.3204393773,550840.9290797154,3045.522895707279,8638.904042092669,589817.2915610004,123201.48300308124,0,0,0,0,0,0,0,0,0,0,118.50975999336195,40.233557342734386,459.6150073030891,22.39462585792907,39.21314018722341,54.409530662828814,14.786438007948158,70.40667288436836,59.400725683742344,122.52310929632506,0,0,0,0,0,0,0,0,0,0,23709.274586678283,6687.848408064338,140914.3467550304,4640.912090159581,10049.52408239146,6561.085791956504,2801.1528409294333,9986.344519330602,12650.735437556084,23117.863673939726,0,0,0,0,0,0,0,0,0,0,42,12,38,10,14,2,14,76,0,0,0,0,0.009513651877133107,0.004119883040935673,0.03154901960784314,0.01632217090069284,0.0015202312138728321,0.003033898305084746,0.003051020408163265,0.003215841584158416,0.02173709677419355,0.04169999999999999,0.07401098901098904,0.024733256351039262,0.004313294797687862,0.0046610169491525435,0.004697278911564625,0.004988514851485148,0.023376612903225805,0.047627777777777755,0.08778388278388274,0.04326612903225802,0.00466242774566474,0.004864406779661017,0.004903061224489796,0.007569007263922511,0.02468822580645161,0.08332812499999977,0.09880219780219777,0.08620454545454535,0.004941734104046243,0.01600000000000006,0.033125,0.0097365617433414,0.45833333333333337,0.3760416666666667,0.38613323678493844,0.45844780219780223,0.874485596707819,0.375,0.45833333333333337,0.48984198645598187,2.1810146443514644,2.1623417721518985,0.4950398262128892,2.125308641975309,2.124066390041494,0.475,2.125,2.1925824175824173,2.340507322175732,2.3311708860759492,0.6943089430894301,2.3126543209876544,2.312033195020747,0.4875,2.3125,2.3462912087912082,2.468101464435146,2.4662341772151892,0.938861788617886,2.4625308641975305,2.4624066390041497,0.4975,2.4625,2.469258241758242,394.8739495798444,397.4957983193396,397.31092436973745,392.7899159663892,396.48739495798486,99569285.37815125,48283579.15966386,34444055.663865544,25796608,54079935.46218487,3615843956.168067,2785166138.0840335,1168267453.3109243,5085526893.714286,4234037678.2521005,0,0,0,0,0,15.159663865546218,3.0252100840336134,4.823529411764706,0.9411764705882353,16.30252100840336,0,0,0,0,0,60794.621848739494,24283.42857142857,1073849.0084033613,38602.21848739496,70750.65546218488,1528.6050420168067,262.16806722689074,2826.9411764705883,1689.0252100840335,419.57983193277306,1730.5042016806722,373.47899159663865,1893.1092436974789,2075.7310924369744,523.5630252100841,0,0,0,0,0,0,0,0,0,0,0,0,0,0,0,0,0,0,0,0
1693106420,0.4289896033107902,0.361079110713733,0.2711153686265298,0.08869572930063424,1.738909152599878,0.4657770325345261,0.07072302505952528,0.11434059777264527,0.16201875367073756,0.047293979750994496,0,0.1421666192777937,0.09347104734308558,0.6169031462060462,0.24636859347790702,3.2001297971131692,7.298142258291924,49.97562815984964,0.43885466096057435,10.016526361438626,4.855447744474711,0.3197901223508326,0.6387287795284604,2.3221309881118715,0.7993352024201446,0.000060115025532571144,0.2895926337381696,2.864469210637005,2.5976384723234784,0.8271203691690772,2.17018269910168,6.533812479581837,49.252625300486216,0.3991307818528541,7.931122232589708,4.122126737930543,0.4714868337301675,0.5259667497541677,2.1872531745549515,0.5911747468874307,0,0.1624761363174785,2.4536149927560045,1.3459705008131917,0.5151343318174424,50000,100000,50000,50000,50000,50000,10000,50000,50000,20000,50000,0,6082560,2162688,220594176,0,0,2297856,0,0,2973696,0,0,0,0,4595712,11.65842333703442,4.539280248972644,7.157445731740381,4.390438600381391,197.3449826109085,748.5502689862362,0,0,597.4846588492618,1.560701331782817,0,0,507.4075805019396,0,8.869269365204644,0,0,2162688,0,0,0,0,0,0,0,0,0,0,0,0,225292288,79314944,17739776,439984128,111808512,349663232,40169472,10924032,310304768,94015488,4952064,3993600,305532928,16125952,134160384,207212544,70422528,13922304,200048640,105025536,331026432,35819520,9596928,292638720,83939328,4055040,2568192,296558592,15003648,37306368,0,0,0,0,0,0,0,0,0,0,0,0,0,0,0,209174528,79056896,17371136,425435136,108826624,333828096,39931904,10678272,296706048,93630464,4796416,2912256,299020288,15765504,43769856,191062016,72974336,17371136,212140032,108826624,333828096,37634048,10678272,296706048,90656768,4796416,2912256,299020288,15765504,39174144,1073741824,1073741824,314572800,0,1073741824,1073741824,1073741824,314572800,1073741824,0,0,0,1073741824,314572800,2147483648,10.626042401004144,0,4.714868337301681,0,0,11.310558155122084,41886.82749015629,0,20193.215304462625,0,0,38209.170779619395,10.626042401004144,0,4.714868337301681,0,0,11.310558155122084,41886.82749015629,0,20193.215304462625,0,0,38209.170779619395,100.06845478872361,49.884323014211745,473.8941815090144,17.38358380612397,28.535562849261584,38.71831774206444,16.64816870144284,46.73771189411867,46.01849323085327,92.46237111365701,0,0,0,0,0,0,0,0,0,0,118645.03080465492,119773.22904043186,1576206.7537223953,82902.20403067298,280575.072689184,550840.9290797154,3045.522895707279,6980.280442194758,589817.2915610004,124136.47137834314,0,0,0,0,0,0,0,0,0,0,118.50975999336195,40.233557342734386,459.6150073030891,22.847761150421796,40.00777026471218,54.409530662828814,14.786438007948158,56.60949455108539,59.400725683742344,124.42223363489116,0,0,0,0,0,0,0,0,0,0,23709.274586678283,6687.848408064338,140914.3467550304,4734.816809566309,10253.171483803038,6561.085791956504,2801.1528409294333,8054.317712040201,12650.735437556084,23398.03658199344,0,0,0,0,0,0,0,0,0,0,34,22,46,4,2,2,2,48,0,0,0,0,0.009513651877133107,0.004119883040935673,0.03154901960784314,0.01632217090069284,0.0015202312138728321,0.003033898305084746,0.003051020408163265,0.0032273562614859542,0.02173709677419355,0.04169999999999999,0.07401098901098904,0.024733256351039262,0.004313294797687862,0.0046610169491525435,0.004697278911564625,0.005107317073170731,0.023376612903225805,0.047627777777777755,0.08778388278388274,0.04326612903225802,0.00466242774566474,0.004864406779661017,0.004903061224489796,0.007693902439024382,0.02468822580645161,0.08332812499999977,0.09880219780219777,0.08620454545454535,0.004941734104046243,0.01600000000000006,0.033125,0.009763170731707299,0.45833333333333337,0.3760416666666667,0.38613323678493844,0.45844780219780223,0.874485596707819,0.375,0.45833333333333337,0.46948445792266863,2.1810146443514644,2.1623417721518985,0.4950398262128892,2.125308641975309,2.124066390041494,0.475,2.125,2.175357142857143,2.340507322175732,2.3311708860759492,0.6943089430894301,2.3126543209876544,2.312033195020747,0.4875,2.3125,2.3376785714285715,2.468101464435146,2.4662341772151892,0.938861788617886,2.4625308641975305,2.4624066390041497,0.4975,2.4625,2.467535714285714,394.73949579831856,397.5630252100993,397.24369747898265,392.77310924368544,396.35294117648,99569285.37815125,48283579.15966386,34444055.663865544,25796608,36053473.88235294,3615857104.672269,2728362259.3613443,1107678457.5462184,5085576596.436975,4155642096.9411764,0,0,0,0,0,15.243697478991596,3.0252100840336134,4.823529411764706,0.9411764705882353,16.319327731092436,0,0,0,0,0,61069.98319327731,24283.42857142857,1073849.0084033613,38602.21848739496,70767.86554621848,1529.7983193277312,266.2857142857143,2827.8655462184875,1694.487394957983,420.62184873949576,1731.378151260504,377.34453781512605,1893.5126050420165,2081.2100840336134,524.5210084033613,0,0,0,0,0,0,0,0,0,0,0,0,0,0,0,0,0,0,0,0
1693106421,0.4289896033107902,0.39277297721916715,0.2711153686265298,0.08869572930063424,1.738909152599878,0.4657770325345261,0.07072302505952528,0.11434059777264527,0.16201875367073756,0.04821690616607142,0,0.1421666192777937,0.09347104734308558,0.6169031462060462,0.2606251279855541,3.2001297971131692,7.339670551268426,49.97562815984964,0.43885466096057435,10.016526361438626,4.855447744474711,0.3197901223508326,0.6387287795284604,2.3221309881118715,0.814933965237285,0.000060115025532571144,0.2895926337381696,2.864469210637005,2.5976384723234784,1.0347575367202182,2.17018269910168,6.584723441615456,49.252625300486216,0.3991307818528541,7.931122232589708,4.122126737930543,0.4714868337301675,0.5259667497541677,2.1872531745549515,0.6027113270758921,0,0.1624761363174785,2.4536149927560045,1.3459705008131917,0.5957145782526951,50000,100000,50000,50000,50000,50000,10000,50000,50000,20000,50000,0,6082560,2162688,220594176,0,0,2297856,0,0,2973696,0,0,0,0,4866048,11.65842333703442,6.0995332932858926,7.157445731740381,4.390438600381391,197.3449826109085,748.5502689862362,0,0,597.4846588492618,1.5911579034803554,0,0,507.4075805019396,0,14.743935811754191,0,0,2162688,0,0,0,0,0,0,0,0,0,0,0,0,225292288,79314944,17739776,439984128,111808512,349663232,40169472,10924032,310304768,94015488,4952064,3993600,305532928,16125952,134160384,207212544,70422528,13922304,200048640,105025536,331026432,35819520,9596928,292638720,83939328,4055040,2568192,296558592,15003648,37576704,0,0,0,0,0,0,0,0,0,0,0,0,0,0,0,209174528,79056896,17371136,425435136,108826624,333828096,39931904,10678272,296706048,93630464,4796416,2912256,299020288,15765504,44232704,191062016,72974336,17371136,212140032,108826624,333828096,37634048,10678272,296706048,90656768,4796416,2912256,299020288,15765504,39366656,1073741824,1073741824,314572800,0,1073741824,1073741824,1073741824,314572800,1073741824,0,0,0,1073741824,314572800,2147483648,10.8359133126935,0,4.714868337301681,0,0,14.259917716923876,43827.91922739245,0,20193.215304462625,0,0,46113.07407338458,10.8359133126935,0,4.714868337301681,0,0,14.259917716923876,43827.91922739245,0,20193.215304462625,0,0,46113.07407338458,100.06845478872361,49.884323014211745,473.8941815090144,20.685918276279722,29.10233316332966,38.71831774206444,16.64816870144284,47.70668375843632,46.01849323085327,92.46237111365701,0,0,0,0,0,0,0,0,0,0,118645.03080465492,119773.22904043186,1576206.7537223953,98651.0167654746,286147.82493899064,550840.9290797154,3045.522895707279,7124.996455868174,589817.2915610004,124136.47137834314,0,0,0,0,0,0,0,0,0,0,118.50975999336195,40.233557342734386,459.6150073030891,27.188117549563334,40.80240034220095,54.409530662828814,14.786438007948158,57.783129400765475,59.400725683742344,124.42223363489116,0,0,0,0,0,0,0,0,0,0,23709.274586678283,6687.848408064338,140914.3467550304,5634.283164403646,10456.818885214616,6561.085791956504,2801.1528409294333,8221.300795570747,12650.735437556084,23398.03658199344,0,0,0,0,0,0,0,0,0,0,40,16,60,14,14,2,14,96,0,0,0,0,0.009513651877133107,0.004119883040935673,0.03154901960784314,0.01632217090069284,0.0015202312138728321,0.003033898305084746,0.003051020408163265,0.0032201697453819273,0.02173709677419355,0.04169999999999999,0.07401098901098904,0.024733256351039262,0.004313294797687862,0.0046610169491525435,0.004697278911564625,0.0049963055416874695,0.023376612903225805,0.047627777777777755,0.08778388278388274,0.04326612903225802,0.00466242774566474,0.004864406779661017,0.004903061224489796,0.007621702637889679,0.02468822580645161,0.08332812499999977,0.09880219780219777,0.08620454545454535,0.004941734104046243,0.01600000000000006,0.033125,0.00975455635491607,0.45833333333333337,0.3760416666666667,0.38613323678493844,0.45844780219780223,0.874485596707819,0.375,0.45833333333333337,0.48711437170805116,2.1810146443514644,2.1623417721518985,0.4950398262128892,2.125308641975309,2.124066390041494,0.475,2.125,2.1904640371229704,2.340507322175732,2.3311708860759492,0.6943089430894301,2.3126543209876544,2.312033195020747,0.4875,2.3125,2.3452320185614846,2.468101464435146,2.4662341772151892,0.938861788617886,2.4625308641975305,2.4624066390041497,0.4975,2.4625,2.4690464037122974,394.6554621848713,397.42857142856235,397.294117647033,392.7731092436839,396.3529411764624,99569078.85714285,48283579.15966386,34444055.663865544,25796608,36053405.042016804,3544999609.0084033,2785172953.277311,1107687062.5882351,4993198854.453781,4155684502.588235,0,0,0,0,0,15.22689075630252,3.6638655462184873,4.823529411764706,0.9411764705882353,16.18487394957983,0,0,0,0,0,60932.3025210084,27863.126050420167,1073849.0084033613,38602.21848739496,70036.43697478992,1531.2268907563025,266.03361344537814,2826.1344537815125,1690.90756302521,419.89915966386553,1732.6890756302519,377.1764705882353,1892.1680672268906,2077.4957983193276,523.7815126050419,0,0,0,0,0,0,0,0,0,0,0,0,0,0,0,0,0,0,0,0
1693106422,0.4289896033107902,0.39277297721916715,0.27184254879573777,0.08869572930063424,1.738909152599878,0.4657770325345261,0.07327886271205077,0.11434059777264527,0.16201875367073756,0.05537558490461562,0,0.1421666192777937,0.09347104734308558,0.6169031462060462,0.2606251279855541,3.2001297971131692,7.339670551268426,49.98710162561845,0.43885466096057435,10.016526361438626,4.855447744474711,0.3164937932803276,0.6387287795284604,2.3221309881118715,0.9359257690284364,0.000060115025532571144,0.2895926337381696,2.864469210637005,2.5976384723234784,1.0347575367202182,2.17018269910168,6.584723441615456,49.23068558690809,0.3991307818528541,7.931122232589708,4.122126737930543,0.45799289195031695,0.5259667497541677,2.1872531745549515,0.6921948113076946,0,0.1624761363174785,2.4536149927560045,1.3459705008131917,0.5957145782526951,50000,100000,50000,50000,50000,50000,10000,50000,50000,20000,50000,0,6082560,2162688,220594176,0,0,2297856,0,0,2973696,0,0,0,0,4866048,11.65842333703442,6.0995332932858926,10.764964932311205,4.390438600381391,197.3449826109085,748.5502689862362,0,0,597.4846588492618,1.8273943018523136,0,0,507.4075805019396,0,14.743935811754191,0,0,2162688,0,0,0,0,0,0,0,0,0,0,0,0,225292288,79314944,17739776,439984128,111808512,349663232,40222720,10924032,310304768,94015488,4952064,3993600,305532928,16125952,134160384,207212544,70422528,13922304,200048640,105025536,331026432,35819520,9596928,292638720,83939328,4055040,2568192,296558592,15003648,37576704,0,0,0,0,0,0,0,0,0,0,0,0,0,0,0,209174528,79056896,17371136,425435136,108826624,333828096,39964672,10678272,296706048,93630464,4796416,2912256,299020288,15765504,44232704,191062016,72974336,17371136,212140032,108826624,333828096,37666816,10678272,296706048,90656768,4796416,2912256,299020288,15765504,39366656,1073741824,1073741824,314572800,0,1073741824,1073741824,1073741824,314572800,1073741824,0,0,0,1073741824,314572800,2147483648,10.8359133126935,0,4.6898472135712455,0,0,14.259917716923876,43827.91922739245,0,19575.42226944638,0,0,46113.07407338458,10.8359133126935,0,4.6898472135712455,0,0,14.259917716923876,43827.91922739245,0,19575.42226944638,0,0,46113.07407338458,100.06845478872361,49.884323014211745,475.59421398075574,21.015004212108103,34.00621884408469,38.71831774206444,16.55208652625126,48.675655622753965,46.01849323085327,92.46237111365701,0,0,0,0,0,0,0,0,0,0,118645.03080465492,119773.22904043186,1574147.4542789778,98919.24136517839,334365.1349884014,550840.9290797154,3028.112273941411,7269.7124695415905,589817.2915610004,124136.47137834314,0,0,0,0,0,0,0,0,0,0,118.50975999336195,40.233557342734386,460.61938443892177,27.57223196193165,47.67780464932629,54.409530662828814,14.77864868415291,58.95676425044556,59.400725683742344,124.42223363489116,0,0,0,0,0,0,0,0,0,0,23709.274586678283,6687.848408064338,140710.38042439302,5726.3723503563215,12218.844084694734,6561.085791956504,2790.3840259228446,8388.283879101295,12650.735437556084,23398.03658199344,0,0,0,0,0,0,0,0,0,0,42,24,58,14,14,2,14,106,0,0,0,0,0.009447250280583614,0.0040998593530239096,0.031609642301710726,0.016194895591647333,0.0016107784431137727,0.003037037037037037,0.003050724637681159,0.0032145000000000003,0.021692516268980475,0.04149999999999999,0.07413669064748202,0.02451972157772622,0.0043317365269461075,0.004666666666666666,0.004697101449275362,0.0049861,0.02335439262472885,0.047489130434782596,0.08778776978417263,0.04048076923076927,0.004671856287425149,0.00487037037037037,0.004902898550724638,0.007575062034739457,0.024683893709327547,0.08278124999999995,0.09870863309352515,0.08504999999999993,0.004943952095808383,0.01675,0.0346666666666664,0.009773076923076924,0.4577513966480447,0.375,0.385778175313059,0.45763888888888893,0.865546218487395,0.375,0.45402298850574707,0.48869680851063835,2.1811134235171696,2.163340122199593,0.4944007155635063,2.123109243697479,2.112727272727273,0.475,2.112727272727273,2.1917169373549887,2.3405567117585844,2.331670061099796,0.6850622406638998,2.3115546218487397,2.306363636363636,0.4875,2.306363636363636,2.3458584686774944,2.4681113423517167,2.466334012219959,0.9370124481327796,2.462310924369748,2.461272727272727,0.4975,2.461272727272727,2.4691716937354986,394.6050420168011,397.47899159663456,397.3613445378134,392.7563025210007,396.5210084033679,99569216.53781512,48283579.15966386,34444055.663865544,25796608,36053405.042016804,3474149892.3025208,2728373480.3361344,1047074248.0672269,4993235133.310925,4234131782.991596,0,0,0,0,0,15.277310924369747,3.6638655462184873,4.823529411764706,0.9411764705882353,16.369747899159663,0,0,0,0,0,61138.82352941176,27863.126050420167,1073849.0084033613,38602.21848739496,70647.3949579832,1543.5126050420167,266.1848739495798,2825.8487394957983,1704.504201680672,422.8235294117647,1744.941176470588,377.4621848739495,1891.4789915966385,2091.529411764706,526.7563025210084,0,0,0,0,0,0,0,0,0,0,0,0,0,0,0,0,0,0,0,0
1693106423,0.4289896033107902,0.39277297721916715,0.27184254879573777,0.08869572930063424,1.738909152599878,0.4613886088279013,0.07327886271205077,0.11434059777264527,0.16201875367073756,0.05537558490461562,0,0.1421666192777937,0.09347104734308558,0.6169031462060462,0.2606251279855541,3.2001297971131692,7.339670551268426,49.98710162561845,0.43885466096057435,10.016526361438626,4.355901524291243,0.3164937932803276,0.6387287795284604,2.3221309881118715,0.9359257690284364,0.000060115025532571144,0.2895926337381696,2.864469210637005,2.5976384723234784,1.0347575367202182,2.17018269910168,6.584723441615456,49.23068558690809,0.3991307818528541,7.931122232589708,3.4860472666996905,0.45799289195031695,0.5259667497541677,2.1872531745549515,0.6921948113076946,0,0.1624761363174785,2.4536149927560045,1.3459705008131917,0.5957145782526951,50000,100000,50000,50000,50000,50000,10000,50000,50000,20000,50000,0,6082560,2162688,220594176,0,0,2297856,0,0,2973696,0,0,0,0,4866048,11.65842333703442,6.0995332932858926,10.764964932311205,4.390438600381391,197.3449826109085,690.2373588065415,0,0,597.4846588492618,1.8273943018523136,0,0,507.4075805019396,0,14.743935811754191,0,0,2162688,0,0,0,0,0,0,0,0,0,0,0,0,225292288,79314944,17739776,439984128,111808512,349663232,40222720,10924032,310304768,94015488,4952064,3993600,305532928,16125952,134160384,207212544,70422528,13922304,200048640,105025536,330891264,35819520,9596928,292638720,83939328,4055040,2568192,296558592,15003648,37576704,0,0,0,0,0,0,0,0,0,0,0,0,0,0,0,209174528,79056896,17371136,425435136,108826624,333828096,39964672,10678272,296706048,93630464,4796416,2912256,299020288,15765504,44232704,191062016,72974336,17371136,212140032,108826624,333828096,37666816,10678272,296706048,90656768,4796416,2912256,299020288,15765504,39366656,1073741824,1073741824,314572800,0,1073741824,1073741824,1073741824,314572800,1073741824,0,0,0,1073741824,314572800,2147483648,10.8359133126935,0,4.6898472135712455,0,0,14.259917716923876,43827.91922739245,0,19575.42226944638,0,0,46113.07407338458,10.8359133126935,0,4.6898472135712455,0,0,14.259917716923876,43827.91922739245,0,19575.42226944638,0,0,46113.07407338458,100.06845478872361,49.884323014211745,475.59421398075574,21.015004212108103,34.00621884408469,38.71831774206444,16.55208652625126,49.64462748707161,46.01849323085327,92.46237111365701,0,0,0,0,0,0,0,0,0,0,118645.03080465492,119773.22904043186,1574147.4542789778,98919.24136517839,334365.1349884014,550840.9290797154,3028.112273941411,7414.428483215005,589817.2915610004,124136.47137834314,0,0,0,0,0,0,0,0,0,0,118.50975999336195,40.233557342734386,460.61938443892177,27.57223196193165,47.67780464932629,54.409530662828814,14.77864868415291,60.13039910012563,59.400725683742344,124.42223363489116,0,0,0,0,0,0,0,0,0,0,23709.274586678283,6687.848408064338,140710.38042439302,5726.3723503563215,12218.844084694734,6561.085791956504,2790.3840259228446,8555.26696263184,12650.735437556084,23398.03658199344,0,0,0,0,0,0,0,0,0,0,16,28,54,4,2,2,2,40,0,0,0,0,0.009447250280583614,0.0040998593530239096,0.031609642301710726,0.016194895591647333,0.0015290697674418606,0.003033898305084746,0.00304802744425386,0.0032145000000000003,0.021692516268980475,0.04149999999999999,0.07413669064748202,0.02451972157772622,0.004315116279069768,0.0046610169491525435,0.004691938250428817,0.0049861,0.02335439262472885,0.047489130434782596,0.08778776978417263,0.04048076923076927,0.004663372093023256,0.004864406779661017,0.004897427101200686,0.007575062034739457,0.024683893709327547,0.08278124999999995,0.09870863309352515,0.08504999999999993,0.004941976744186047,0.01600000000000006,0.033375000000000085,0.009773076923076924,0.4577513966480447,0.375,0.385778175313059,0.45763888888888893,0.8771008403361346,0.375,0.45914804469273746,0.48869680851063835,2.1811134235171696,2.163340122199593,0.4944007155635063,2.123109243697479,2.1271784232365145,0.475,2.1271784232365145,2.1917169373549887,2.3405567117585844,2.331670061099796,0.6850622406638998,2.3115546218487397,2.313589211618257,0.4875,2.313589211618257,2.3458584686774944,2.4681113423517167,2.466334012219959,0.9370124481327796,2.462310924369748,2.4627178423236518,0.4975,2.4627178423236518,2.4691716937354986,394.6722689075669,397.4453781512603,397.4789915966395,392.89075630253103,396.5042016806876,99569216.53781512,48283579.15966386,34444055.663865544,25796608,36053405.042016804,3544995753.9495797,2728362810.0840335,1047067501.7142856,5178122997.243697,4155805455.0588236,0,0,0,0,0,15.394957983193276,3.6638655462184873,4.756302521008403,0.9411764705882353,16.386554621848738,0,0,0,0,0,61491.63025210084,27863.126050420167,1073367.12605042,38602.21848739496,70922.75630252101,1541.142857142857,265.88235294117646,2827.361344537815,1708.1176470588234,423.4285714285714,1742.3361344537811,377.1596638655462,1892.1344537815123,2096.050420168067,527.2605042016805,0,0,0,0,0,0,0,0,0,0,0,0,0,0,0,0,0,0,0,0
1693106424,0.4289896033107902,0.39277297721916715,0.27184254879573777,0.08869572930063424,1.738909152599878,0.5023698752812169,0.07327886271205077,0.11434059777264527,0.16201875367073756,0.05537558490461562,0,0.1421666192777937,0.09347104734308558,0.6236652618449154,0.2606251279855541,3.2001297971131692,7.339670551268426,49.98710162561845,0.43885466096057435,10.016526361438626,4.949342168490492,0.3164937932803276,0.6387287795284604,2.3221309881118715,0.9359257690284364,0.000060115025532571144,0.2895926337381696,2.864469210637005,2.6487385992100223,1.0347575367202182,2.17018269910168,6.584723441615456,49.23068558690809,0.3991307818528541,7.931122232589708,3.9752746652687527,0.45799289195031695,0.5259667497541677,2.1872531745549515,0.6921948113076946,0,0.1624761363174785,2.4536149927560045,1.304027365675731,0.5957145782526951,50000,100000,50000,50000,50000,50000,10000,50000,50000,20000,50000,0,6082560,2162688,220594176,0,0,2297856,0,0,2973696,0,0,0,0,4866048,11.65842333703442,6.0995332932858926,10.764964932311205,4.390438600381391,197.3449826109085,810.1697136491711,0,0,597.4846588492618,1.8273943018523136,0,0,507.4075805019396,0,14.743935811754191,0,0,2162688,0,0,0,0,0,0,0,0,0,0,0,0,225292288,79314944,17739776,439984128,111808512,349663232,40222720,10924032,310304768,94015488,4952064,3993600,305532928,16125952,134160384,207212544,70422528,13922304,200048640,105025536,330891264,35819520,9596928,292638720,83939328,4055040,2568192,296558592,15003648,37576704,0,0,0,0,0,0,0,0,0,0,0,0,0,0,0,209174528,79056896,17371136,425435136,108826624,333828096,39964672,10678272,296706048,93630464,4796416,2912256,299020288,15773696,44232704,191062016,72974336,17371136,212140032,108826624,333828096,37666816,10678272,296706048,90656768,4796416,2912256,299020288,15773696,39366656,1073741824,1073741824,314572800,0,1073741824,1073741824,1073741824,314572800,1073741824,0,0,0,1073741824,314572800,2147483648,10.8359133126935,0,4.6898472135712455,0,0,14.259917716923876,43827.91922739245,0,19575.42226944638,0,0,46113.07407338458,10.8359133126935,0,4.6898472135712455,0,0,14.259917716923876,43827.91922739245,0,19575.42226944638,0,0,46113.07407338458,100.06845478872361,49.884323014211745,475.59421398075574,21.015004212108103,34.00621884408469,38.71831774206444,16.55208652625126,50.613599351389254,46.01849323085327,92.46237111365701,0,0,0,0,0,0,0,0,0,0,118645.03080465492,119773.22904043186,1574147.4542789778,98919.24136517839,334365.1349884014,550840.9290797154,3028.112273941411,7559.144496888422,589817.2915610004,124136.47137834314,0,0,0,0,0,0,0,0,0,0,118.50975999336195,40.233557342734386,460.61938443892177,27.57223196193165,47.67780464932629,54.409530662828814,14.77864868415291,61.304033949805714,59.400725683742344,124.42223363489116,0,0,0,0,0,0,0,0,0,0,23709.274586678283,6687.848408064338,140710.38042439302,5726.3723503563215,12218.844084694734,6561.085791956504,2790.3840259228446,8722.250046162388,12650.735437556084,23398.03658199344,0,0,0,0,0,0,0,0,0,0,20,16,30,4,2,2,2,42,0,0,0,0,0.009447250280583614,0.0040998593530239096,0.031609642301710726,0.016194895591647333,0.0015290697674418606,0.003033898305084746,0.00304802744425386,0.0032145000000000003,0.021692516268980475,0.04149999999999999,0.07413669064748202,0.02451972157772622,0.004315116279069768,0.0046610169491525435,0.004691938250428817,0.0049861,0.02335439262472885,0.047489130434782596,0.08778776978417263,0.04048076923076927,0.004663372093023256,0.004864406779661017,0.004897427101200686,0.007575062034739457,0.024683893709327547,0.08278124999999995,0.09870863309352515,0.08504999999999993,0.004941976744186047,0.01600000000000006,0.033375000000000085,0.009773076923076924,0.4577513966480447,0.375,0.385778175313059,0.45763888888888893,0.8771008403361346,0.375,0.45914804469273746,0.48869680851063835,2.1811134235171696,2.163340122199593,0.4944007155635063,2.123109243697479,2.1271784232365145,0.475,2.1271784232365145,2.1917169373549887,2.3405567117585844,2.331670061099796,0.6850622406638998,2.3115546218487397,2.313589211618257,0.4875,2.313589211618257,2.3458584686774944,2.4681113423517167,2.466334012219959,0.9370124481327796,2.462310924369748,2.4627178423236518,0.4975,2.4627178423236518,2.4691716937354986,394.7563025210087,397.4789915966414,397.4789915966453,392.8067226890698,396.4033613445445,99569216.53781512,48283579.15966386,34444055.663865544,25796608,36053405.042016804,3474142664.067227,2728374099.8991594,986447458.9579831,5085683918.5210085,4077413522.285714,0,0,0,0,0,15.495798319327731,3.0588235294117645,4.773109243697479,0.9411764705882353,16.33613445378151,0,0,0,0,0,61775.59663865546,23113.142857142855,1073642.487394958,38602.21848739496,70716.23529411765,1541.1596638655462,265.31092436974785,2827.310924369748,1705.2100840336134,423.327731092437,1742.3025210084033,376.75630252100837,1892.1176470588232,2093.361344537815,527.1596638655461,0,0,0,0,0,0,0,0,0,0,0,0,0,0,0,0,0,0,0,0
1693106425,0.36868558146316277,0.39277297721916715,0.27184254879573777,0.08869572930063424,1.738909152599878,0.5023698752812169,0.07327886271205077,0.11434059777264527,0.16201875367073756,0.047911417522680966,0,0.1421666192777937,0.09347104734308558,0.6236652618449154,0.2606251279855541,2.7502804401334213,7.339670551268426,49.98710162561845,0.43885466096057435,10.016526361438626,4.949342168490492,0.3164937932803276,0.6387287795284604,2.3221309881118715,0.8097707747448118,0.00004216076402705772,0.2895926337381696,2.864469210637005,2.6487385992100223,1.0347575367202182,1.865115294460736,6.584723441615456,49.23068558690809,0.3991307818528541,7.931122232589708,3.9752746652687527,0.45799289195031695,0.5259667497541677,2.1872531745549515,0.5988927190335116,0,0.1624761363174785,2.4536149927560045,1.304027365675731,0.5957145782526951,50000,100000,50000,50000,50000,50000,10000,50000,50000,20000,50000,0,6082560,2162688,220594176,0,0,2297856,0,0,2973696,0,0,0,0,4866048,10.019572860940075,6.0995332932858926,10.764964932311205,4.390438600381391,197.3449826109085,810.1697136491711,0,0,597.4846588492618,1.5810767782484705,0,0,507.4075805019396,0,14.743935811754191,0,0,2162688,0,0,0,0,0,0,0,0,0,0,0,0,225292288,79314944,17739776,439984128,111808512,349663232,40222720,10924032,310304768,94015488,4952064,3993600,305532928,16125952,134160384,207212544,70422528,13922304,200048640,105025536,330891264,35819520,9596928,292638720,83939328,4055040,2568192,296558592,15003648,37576704,0,0,0,0,0,0,0,0,0,0,0,0,0,0,0,209174528,79056896,17371136,425435136,108826624,333828096,39964672,10678272,296706048,93630464,4796416,2912256,299020288,15773696,44232704,191062016,72974336,17371136,212140032,108826624,333828096,37666816,10678272,296706048,90656768,4796416,2912256,299020288,15773696,39366656,1073741824,1073741824,314572800,0,1073741824,1073741824,1073741824,314572800,1073741824,0,0,0,1073741824,314572800,2147483648,10.8359133126935,0,4.6898472135712455,0,0,14.259917716923876,43827.91922739245,0,19575.42226944638,0,0,46113.07407338458,10.8359133126935,0,4.6898472135712455,0,0,14.259917716923876,43827.91922739245,0,19575.42226944638,0,0,46113.07407338458,81.85987208764918,49.884323014211745,475.59421398075574,21.015004212108103,34.00621884408469,38.71831774206444,16.55208652625126,58.13831185905863,45.84478508486102,92.46237111365701,0,0,0,0,0,0,0,0,0,0,94927.43698787483,119773.22904043186,1574147.4542789778,98919.24136517839,334365.1349884014,550840.9290797154,3028.112273941411,8682.960820404944,595693.0269458533,124136.47137834314,0,0,0,0,0,0,0,0,0,0,96.44624011092081,40.233557342734386,460.61938443892177,27.57223196193165,47.67780464932629,54.409530662828814,14.77864868415291,70.41809098080462,58.9068653840705,124.42223363489116,0,0,0,0,0,0,0,0,0,0,19428.631047630697,6687.848408064338,140710.38042439302,5726.3723503563215,12218.844084694734,6561.085791956504,2790.3840259228446,10018.985011832763,12370.441730654804,23398.03658199344,0,0,0,0,0,0,0,0,0,0,24,6,24,8,12,2,10,50,0,0,0,0,0.009447250280583614,0.0040998593530239096,0.031609642301710726,0.016194895591647333,0.0015290697674418606,0.003033898305084746,0.00304802744425386,0.0032215804673142562,0.021692516268980475,0.04149999999999999,0.07413669064748202,0.02451972157772622,0.004315116279069768,0.0046610169491525435,0.004691938250428817,0.004998844841165662,0.02335439262472885,0.047489130434782596,0.08778776978417263,0.04048076923076927,0.004663372093023256,0.004864406779661017,0.004897427101200686,0.0076571969696969736,0.024683893709327547,0.08278124999999995,0.09870863309352515,0.08504999999999993,0.004941976744186047,0.01600000000000006,0.033375000000000085,0.009794065656565662,0.4577513966480447,0.375,0.385778175313059,0.45763888888888893,0.8771008403361346,0.375,0.45914804469273746,0.4715735068912711,2.1811134235171696,2.163340122199593,0.4944007155635063,2.123109243697479,2.1271784232365145,0.475,2.1271784232365145,2.1773512963904422,2.3405567117585844,2.331670061099796,0.6850622406638998,2.3115546218487397,2.313589211618257,0.4875,2.313589211618257,2.338675648195221,2.4681113423517167,2.466334012219959,0.9370124481327796,2.462310924369748,2.4627178423236518,0.4975,2.4627178423236518,2.4677351296390437,394.7731092437062,397.54621848740413,397.5630252100642,392.82352941178095,396.38655462184937,99569216.53781512,38626863.32773109,34444055.663865544,25796608,36053405.042016804,3403271124.9747896,2728381947.697479,986446150.9915966,5178125268.97479,3999085060.3025208,0,0,0,0,0,15.327731092436974,3.0588235294117645,4.773109243697479,0.9411764705882353,16.218487394957982,0,0,0,0,0,61250.68907563025,23113.142857142855,1073642.487394958,38602.21848739496,70329.00840336134,1530.8403361344535,265.68067226890753,2826.420168067227,1693.327731092437,421.327731092437,1732.2857142857142,376.90756302521004,1891.0588235294115,2080.9411764705883,525.0756302521008,0,0,0,0,0,0,0,0,0,0,0,0,0,0,0,0,0,0,0,0
1693106426,0.36153575474131633,0.39277297721916715,0.27184254879573777,0.05000000000000006,1.738909152599878,0.5023698752812169,0.07327886271205077,0.11434059777264527,0.16201875367073756,0.04698849110760404,0,0.1421666192777937,0.09347104734308558,0.6236652618449154,0.2606251279855541,2.696944943514869,7.339670551268426,49.98710162561845,0.29870848250000087,10.016526361438626,4.949342168490492,0.3164937932803276,0.6387287795284604,2.3221309881118715,0.7941720119276711,0.00004216076402705772,0.2895926337381696,2.864469210637005,2.6487385992100223,1.0347575367202182,1.828945582809042,6.584723441615456,49.23068558690809,0.2500000000000003,7.931122232589708,3.9752746652687527,0.45799289195031695,0.5259667497541677,2.1872531745549515,0.5873561388450499,0,0.1624761363174785,2.4536149927560045,1.304027365675731,0.5957145782526951,50000,100000,50000,50000,50000,50000,10000,50000,50000,20000,50000,0,6082560,2162688,220594176,0,0,2297856,0,0,2973696,0,0,0,0,4866048,9.825265805322836,6.0995332932858926,10.764964932311205,3.3000000000000007,197.3449826109085,810.1697136491711,0,0,597.4846588492618,1.5506202065509318,0,0,507.4075805019396,0,14.743935811754191,0,0,2162688,0,0,0,0,0,0,0,0,0,0,0,0,225292288,79314944,17739776,439984128,111808512,349663232,40222720,10924032,310304768,94015488,4952064,3993600,305532928,16125952,134160384,207212544,70422528,13922304,200048640,105025536,330891264,35819520,9596928,292638720,83939328,4055040,2568192,296558592,15003648,37576704,0,0,0,0,0,0,0,0,0,0,0,0,0,0,0,209174528,79056896,17371136,425435136,108826624,333828096,39964672,10678272,296706048,93630464,4796416,2912256,299020288,15773696,44232704,191062016,72974336,17371136,212140032,108826624,333828096,37666816,10678272,296706048,90656768,4796416,2912256,299020288,15773696,39366656,1073741824,1073741824,314572800,0,1073741824,1073741824,1073741824,314572800,1073741824,0,0,0,1073741824,314572800,2147483648,10.8359133126935,0,4.6898472135712455,0,0,14.259917716923876,43827.91922739245,0,19575.42226944638,0,0,46113.07407338458,10.8359133126935,0,4.6898472135712455,0,0,14.259917716923876,43827.91922739245,0,19575.42226944638,0,0,46113.07407338458,83.56487167985212,49.884323014211745,393.1776999830073,21.015004212108103,34.00621884408469,38.71831774206444,16.55208652625126,58.13831185905863,45.84478508486102,92.46237111365701,0,0,0,0,0,0,0,0,0,0,96904.61136190633,119773.22904043186,1301360.8183478834,98919.24136517839,334365.1349884014,550840.9290797154,3028.112273941411,8682.960820404944,595693.0269458533,124136.47137834314,0,0,0,0,0,0,0,0,0,0,98.45504852785255,40.233557342734386,380.797883610527,27.57223196193165,47.67780464932629,54.409530662828814,14.77864868415291,70.41809098080462,58.9068653840705,124.42223363489116,0,0,0,0,0,0,0,0,0,0,19833.2958384308,6687.848408064338,116326.44408334927,5726.3723503563215,12218.844084694734,6561.085791956504,2790.3840259228446,10018.985011832763,12370.441730654804,23398.03658199344,0,0,0,0,0,0,0,0,0,0,48,20,56,2,2,2,2,52,0,0,0,0,0.009447250280583614,0.0040998593530239096,0.031609642301710726,0.016194895591647333,0.0015290697674418606,0.003033898305084746,0.00304802744425386,0.0032137826961770627,0.021692516268980475,0.04149999999999999,0.07413669064748202,0.02451972157772622,0.004315116279069768,0.0046610169491525435,0.004691938250428817,0.004984808853118713,0.02335439262472885,0.047489130434782596,0.08778776978417263,0.04048076923076927,0.004663372093023256,0.004864406779661017,0.004897427101200686,0.007568295739348369,0.024683893709327547,0.08278124999999995,0.09870863309352515,0.08504999999999993,0.004941976744186047,0.01600000000000006,0.033375000000000085,0.009774310776942354,0.4577513966480447,0.375,0.385778175313059,0.45763888888888893,0.8771008403361346,0.375,0.45914804469273746,0.4860372340425532,2.1811134235171696,2.163340122199593,0.4944007155635063,2.123109243697479,2.1271784232365145,0.475,2.1271784232365145,2.189633286318759,2.3405567117585844,2.331670061099796,0.6850622406638998,2.3115546218487397,2.313589211618257,0.4875,2.313589211618257,2.344816643159379,2.4681113423517167,2.466334012219959,0.9370124481327796,2.462310924369748,2.4627178423236518,0.4975,2.4627178423236518,2.468963328631876,394.7226890756253,397.57983193277653,397.4789915966177,392.8571428571557,396.3025210084118,99569216.53781512,38626863.32773109,34444055.663865544,25796608,36053405.042016804,3332382651.1596637,2671570427.697479,988243503.327731,5270532818.823529,3999147360.8067226,0,0,0,0,0,15.428571428571427,3.0588235294117645,4.773109243697479,0.9411764705882353,16.168067226890756,0,0,0,0,0,61328.13445378151,23113.142857142855,1073642.487394958,38602.21848739496,70182.72268907563,1527.8991596638655,265.6638655462185,2825.0420168067226,1687.2941176470588,419.563025210084,1729.3109243697477,376.7058823529411,1890.3361344537814,2074.6050420168067,523.2941176470588,0,0,0,0,0,0,0,0,0,0,0,0,0,0,0,0,0,0,0,0
1693106427,0.3543859280194698,0.39277297721916715,0.27184254879573777,0.05000000000000006,1.738909152599878,0.5023698752812169,0.04374351397463638,0.11434059777264527,0.16201875367073756,0.046065564692527115,0,0.15668578233211133,0.09347104734308558,0.6236652618449154,0.2345875950079762,2.6436094468963156,7.339670551268426,49.98710162561845,0.29870848250000087,10.016526361438626,4.949342168490492,0.26403845746433785,0.6387287795284604,2.3221309881118715,0.7785732491105306,0.00004216076402705772,0.29405897966218464,2.864469210637005,2.6487385992100223,1.042891963028994,1.792775871157347,6.584723441615456,49.23068558690809,0.2500000000000003,7.931122232589708,3.9752746652687527,0.3718198687844098,0.5259667497541677,2.1872531745549515,0.5758195586565884,0,0.12534862586568907,2.4536149927560045,1.304027365675731,0.58646898751994,50000,100000,50000,50000,50000,50000,10000,50000,50000,20000,50000,0,6082560,2162688,220594176,0,0,2297856,0,0,2973696,0,0,0,0,4866048,9.630958749705593,6.0995332932858926,10.764964932311205,3.3000000000000007,197.3449826109085,810.1697136491711,0,0,597.4846588492618,1.5201636348533933,0,0,507.4075805019396,0,17.031059397579057,0,0,2162688,0,0,0,0,0,0,0,0,0,0,0,0,225292288,79314944,17739776,439984128,111808512,349663232,40222720,10924032,310304768,94015488,4952064,3993600,305532928,16125952,134160384,207212544,70422528,13922304,200048640,105025536,330891264,35819520,9596928,292638720,83939328,4055040,2568192,296558592,15003648,37576704,0,0,0,0,0,0,0,0,0,0,0,0,0,0,0,209174528,79056896,17371136,425435136,108826624,333828096,39964672,10678272,296706048,93630464,4796416,2912256,299020288,15773696,44232704,191062016,72974336,17371136,212140032,108826624,333828096,37666816,10678272,296706048,90656768,4796416,2912256,299020288,15773696,39366656,1073741824,1073741824,314572800,0,1073741824,1073741824,1073741824,314572800,1073741824,0,0,0,1073741824,314572800,2147483648,10.8359133126935,0,3.8494292297679986,0,0,14.450595852491322,43827.91922739245,0,16741.517668372824,0,0,47875.38706953177,10.8359133126935,0,3.8494292297679986,0,0,14.450595852491322,43827.91922739245,0,16741.517668372824,0,0,47875.38706953177,85.26987127205503,49.884323014211745,385.2511297499947,21.015004212108103,34.00621884408469,38.607229761934626,16.55208652625126,58.13831185905863,45.84478508486102,92.46237111365701,0,0,0,0,0,0,0,0,0,0,98881.7857359378,119773.22904043186,1275125.0274432336,98919.24136517839,334365.1349884014,546161.3526327672,3028.112273941411,8682.960820404944,595693.0269458533,124136.47137834314,0,0,0,0,0,0,0,0,0,0,100.46385694478428,40.233557342734386,373.1208938698783,27.57223196193165,47.67780464932629,54.536788500614605,14.77864868415291,70.41809098080462,58.9068653840705,124.42223363489116,0,0,0,0,0,0,0,0,0,0,20237.960629230896,6687.848408064338,113981.27107627605,5726.3723503563215,12218.844084694734,6600.481649650052,2790.3840259228446,10018.985011832763,12370.441730654804,23398.03658199344,0,0,0,0,0,0,0,0,0,0,42,12,50,12,12,2,10,96,0,0,0,0,0.009447904869762174,0.004106685633001423,0.031492248062015504,0.016165865384615386,0.0016177370030581043,0.003037037037037037,0.003051660516605166,0.003212182741116752,0.0216806768558952,0.04117391304347825,0.07363802559414992,0.024588942307692308,0.004343119266055046,0.004666666666666666,0.00469889298892989,0.004981928934010154,0.023340338427947596,0.0471086956521739,0.08750457038391224,0.04148148148148158,0.004683792048929664,0.00487037037037037,0.00490479704797048,0.007545801526717563,0.02466806768558952,0.08049999999999993,0.0985978062157221,0.0854000000000002,0.0049563302752293585,0.01675,0.03508333333333333,0.009763613231552164,0.45762108262108264,0.3729166666666667,0.385640200286123,0.4567988668555241,0.8647186147186149,0.375,0.4545454545454546,0.48994586233565357,2.1812893081761007,2.1622680412371134,0.4941523605150215,2.120779220779221,2.1131944444444444,0.475,2.1142857142857143,2.1926657263751768,2.34064465408805,2.3311340206185567,0.6813025210084032,2.31038961038961,2.306597222222222,0.4875,2.307142857142857,2.346332863187588,2.46812893081761,2.466226804123711,0.9362605042016803,2.4620779220779223,2.4613194444444444,0.4975,2.4614285714285713,2.4692665726375176,394.72268907562835,397.4285714285727,397.5294117647055,392.75630252100393,396.2857142857154,99569216.53781512,38626863.32773109,34444055.663865544,12898200.739495797,36053405.042016804,3403307472.672269,2671608496.4033613,988233177.2773108,5085623201.344538,4077594365.848739,0,0,0,0,0,15.529411764705882,2.9747899159663866,4.773109243697479,0.9243697478991596,16.201680672268907,0,0,0,0,0,61637.91596638655,22132.16806722689,1073642.487394958,38498.95798319328,70225.74789915966,1528.285714285714,264.3697478991597,2826.4873949579833,1692.672268907563,420.38655462184875,1729.5294117647054,375.26050420168065,1891.5966386554621,2079.596638655462,524.0840336134453,0,0,0,0,0,0,0,0,0,0,0,0,0,0,0,0,0,0,0,0
1693106428,0.34723610129762333,0.39277297721916715,0.27184254879573777,0.05985974048043899,1.8095721292068299,0.5023698752812169,0.04462297504089498,0.11434059777264527,0.16201875367073756,0.04514263827745019,0,0.15668578233211133,0.08577653497109299,0.6236652618449154,0.2345875950079762,2.5902739502777634,7.339670551268426,49.98710162561845,0.35761224483511567,10.072028121089135,4.949342168490492,0.26934693687615424,0.6387287795284604,2.3221309881118715,0.7629744862933899,0.00004216076402705772,0.29405897966218464,2.3160486112779095,2.6487385992100223,1.042891963028994,1.7566061595056521,6.584723441615456,49.23068558690809,0.2992987024021949,7.999323524437674,3.9752746652687527,0.37929528784760785,0.5259667497541677,2.1872531745549515,0.5642829784681268,0,0.12534862586568907,1.9385496903467125,1.304027365675731,0.58646898751994,50000,100000,50000,50000,50000,50000,10000,50000,50000,20000,50000,0,6082560,2162688,220594176,0,0,2297856,0,0,2973696,0,0,0,0,4866048,9.436651694088354,6.0995332932858926,10.764964932311205,3.9507428717089694,184.1704718417047,810.1697136491711,0,0,597.4846588492618,1.4897070631558549,0,0,377.0393371189377,0,17.031059397579057,0,0,2162688,0,0,0,0,0,0,0,0,0,0,0,0,225292288,79314944,17739776,439984128,111808512,349663232,40222720,10924032,310304768,94015488,4952064,3993600,305532928,16125952,134160384,207212544,70422528,13922304,200048640,104620032,330891264,35819520,9596928,292638720,83939328,4055040,2568192,296558592,15003648,37576704,0,0,0,0,0,0,0,0,0,0,0,0,0,0,0,209174528,79056896,17371136,425435136,108507136,333828096,39964672,10678272,296706048,93630464,4796416,2912256,299024384,15773696,44232704,191062016,72974336,17371136,212140032,108507136,333828096,37666816,10678272,296706048,90656768,4796416,2912256,299024384,15773696,39366656,1073741824,1073741824,314572800,0,1073741824,1073741824,1073741824,314572800,1073741824,0,0,0,1073741824,314572800,2147483648,10.8359133126935,0,3.926821803598755,0,0,14.450595852491322,43827.91922739245,0,17078.105007651313,0,0,47875.38706953177,10.8359133126935,0,3.926821803598755,0,0,14.450595852491322,43827.91922739245,0,17078.105007651313,0,0,47875.38706953177,86.97487086425794,49.884323014211745,474.12691861721987,21.015004212108103,34.00621884408469,38.607229761934626,16.55208652625126,58.87865699616983,45.84478508486102,92.46237111365701,0,0,0,0,0,0,0,0,0,0,100858.96010996927,119773.22904043186,1571977.6153135623,98919.24136517839,334365.1349884014,546161.3526327672,3028.112273941411,8795.59530600603,595693.0269458533,124136.47137834314,0,0,0,0,0,0,0,0,0,0,102.47266536171601,40.233557342734386,459.85889196784774,27.57223196193165,47.67780464932629,54.536788500614605,14.77864868415291,70.91924048569798,58.9068653840705,124.42223363489116,0,0,0,0,0,0,0,0,0,0,20642.625420030992,6687.848408064338,140372.01029813493,5726.3723503563215,12218.844084694734,6600.481649650052,2790.3840259228446,10120.140982804987,12370.441730654804,23398.03658199344,0,0,0,0,0,0,0,0,0,0,54,12,50,12,18,2,18,100,0,0,0,0,0.009447904869762174,0.004106685633001423,0.031492248062015504,0.016165865384615386,0.0015697329376854602,0.003033898305084746,0.003049382716049383,0.003212182741116752,0.0216806768558952,0.04117391304347825,0.07363802559414992,0.024588942307692308,0.004332937685459941,0.0046610169491525435,0.004694532627865963,0.004981928934010154,0.023340338427947596,0.0471086956521739,0.08750457038391224,0.04148148148148158,0.004678338278931751,0.004864406779661017,0.004900176366843034,0.007545801526717563,0.02466806768558952,0.08049999999999993,0.0985978062157221,0.0854000000000002,0.004954658753709198,0.01600000000000006,0.03404166666666696,0.009763613231552164,0.45762108262108264,0.3729166666666667,0.385640200286123,0.4567988668555241,0.8701298701298701,0.375,0.4576210826210827,0.48994586233565357,2.1812893081761007,2.1622680412371134,0.4941523605150215,2.120779220779221,2.1220779220779225,0.475,2.123060344827586,2.1926657263751768,2.34064465408805,2.3311340206185567,0.6813025210084032,2.31038961038961,2.3110389610389612,0.4875,2.3115301724137933,2.346332863187588,2.46812893081761,2.466226804123711,0.9362605042016803,2.4620779220779223,2.462207792207792,0.4975,2.4623060344827583,2.4692665726375176,394.7226890756333,397.36134453781034,397.42857142857724,392.92436974788177,396.352941176464,99569216.53781512,38626863.32773109,34444055.663865544,12898200.739495797,36053405.042016804,3403292327.7983193,2671649869.445378,927571279.5966386,5178076667.697478,4077635050.487395,0,0,0,0,0,15.512605042016807,2.9747899159663866,2.7394957983193278,0.9411764705882353,16.504201680672267,0,0,0,0,0,61827.2268907563,22132.16806722689,600296.3361344538,39049.68067226891,71680,1529.361344537815,265.7647058823529,2825.9327731092435,1691.764705882353,421.5798319327731,1730.9075630252098,376.6890756302521,1891.1764705882354,2078.3865546218485,525.3277310924369,0,0,0,0,0,0,0,0,0,0,0,0,0,0,0,0,0,0,0,0
1693106429,0.3580074329162262,0.39277297721916715,0.27184254879573777,0.0586458978187248,1.5068514347780944,0.5023698752812169,0.04550243610715358,0.11434059777264527,0.10745874909264266,0.04421971186237326,0,0.15668578233211133,0.06742936773729474,0.6236652618449154,0.2345875950079762,3.315106761226088,7.339670551268426,49.98710162561845,0.3503605428456275,8.617196853441706,4.949342168490492,0.2746554162879707,0.6387287795284604,2.4807753538294515,0.7473757234762493,0.00004216076402705772,0.29405897966218464,2.7294106942977323,2.6487385992100223,1.042891963028994,2.3526202734495034,6.584723441615456,49.23068558690809,0.293229489093624,6.991790657370352,3.9752746652687527,0.3867707069108059,0.5259667497541677,2.390957167311299,0.5527463982796652,0,0.12534862586568907,2.360027870805341,1.304027365675731,0.58646898751994,50000,100000,50000,50000,50000,50000,10000,50000,50000,20000,50000,0,6082560,2162688,220594176,0,0,2297856,0,0,2973696,0,0,0,0,4866048,11.251662177367113,6.0995332932858926,10.764964932311205,3.870629256035833,153.81939446214787,810.1697136491711,0,0,691.4970504111549,1.4592504914583162,0,0,491.0206558629835,0,17.031059397579057,0,0,2162688,0,0,0,0,0,0,0,0,0,0,0,0,225292288,79314944,17739776,439984128,111808512,349663232,40222720,10924032,310304768,94015488,4952064,3993600,305532928,16125952,134160384,207212544,70422528,13922304,200048640,104620032,330891264,35819520,9596928,292638720,83939328,4055040,2568192,296558592,15003648,37576704,0,0,0,0,0,0,0,0,0,0,0,0,0,0,0,209297408,79056896,17371136,425435136,108507136,333828096,39964672,10678272,296706048,93630464,4796416,2912256,299024384,15773696,44232704,191184896,72974336,17371136,212140032,108507136,333828096,37666816,10678272,296706048,90656768,4796416,2912256,299024384,15773696,39366656,1073741824,1073741824,314572800,0,1073741824,1073741824,1073741824,314572800,1073741824,0,0,0,1073741824,314572800,2147483648,10.8359133126935,0,4.004214377429511,0,0,14.450595852491322,43827.91922739245,0,17414.6923469298,0,0,47875.38706953177,10.8359133126935,0,4.004214377429511,0,0,14.450595852491322,43827.91922739245,0,17414.6923469298,0,0,47875.38706953177,102.29997553217518,49.884323014211745,474.12691861721987,21.015004212108103,34.00621884408469,38.607229761934626,16.55208652625126,58.87865699616983,45.84478508486102,79.51999483289966,0,0,0,0,0,0,0,0,0,0,118630.46244188891,119773.22904043186,1571977.6153135623,98919.24136517839,334365.1349884014,546161.3526327672,3028.112273941411,8795.59530600603,595693.0269458533,107142.57286995515,0,0,0,0,0,0,0,0,0,0,120.52850501590409,40.233557342734386,459.85889196784774,27.57223196193165,47.67780464932629,54.536788500614605,14.77864868415291,70.91924048569798,58.9068653840705,107.06083337946815,0,0,0,0,0,0,0,0,0,0,24279.887448005873,6687.848408064338,140372.01029813493,5726.3723503563215,12218.844084694734,6600.481649650052,2790.3840259228446,10120.140982804987,12370.441730654804,20191.849780398235,0,0,0,0,0,0,0,0,0,0,30,26,56,8,10,2,10,68,0,0,0,0,0.009447904869762174,0.004106685633001423,0.031492248062015504,0.016165865384615386,0.0015697329376854602,0.003033898305084746,0.003049382716049383,0.003212182741116752,0.0216806768558952,0.04117391304347825,0.07363802559414992,0.024588942307692308,0.004332937685459941,0.0046610169491525435,0.004694532627865963,0.004981928934010154,0.023340338427947596,0.0471086956521739,0.08750457038391224,0.04148148148148158,0.004678338278931751,0.004864406779661017,0.004900176366843034,0.007545801526717563,0.02466806768558952,0.08049999999999993,0.0985978062157221,0.0854000000000002,0.004954658753709198,0.01600000000000006,0.03404166666666696,0.009763613231552164,0.45762108262108264,0.3729166666666667,0.385640200286123,0.4567988668555241,0.8701298701298701,0.375,0.4576210826210827,0.48994586233565357,2.1812893081761007,2.1622680412371134,0.4941523605150215,2.120779220779221,2.1220779220779225,0.475,2.123060344827586,2.1926657263751768,2.34064465408805,2.3311340206185567,0.6813025210084032,2.31038961038961,2.3110389610389612,0.4875,2.3115301724137933,2.346332863187588,2.46812893081761,2.466226804123711,0.9362605042016803,2.4620779220779223,2.462207792207792,0.4975,2.4623060344827583,2.4692665726375176,394.5714285714296,397.3445378151121,397.5294117647231,392.90756302520293,396.45378151261673,99569216.53781512,38626863.32773109,34444055.663865544,12898200.739495797,36053405.042016804,3332388777.9495797,2728515360.2689075,927568457.1428571,5085672422.184874,4077666923.563025,0,0,0,0,0,15.529411764705882,3.0252100840336134,2.7394957983193278,0.9747899159663865,16.621848739495796,0,0,0,0,0,61913.277310924364,22811.96638655462,600296.3361344538,39170.1512605042,72247.93277310923,1533.9327731092435,264.8235294117647,2827.5630252100837,1700.420168067227,423.781512605042,1735.0252100840332,375.6806722689076,1892.218487394958,2086.302521008403,527.5126050420167,0,0,0,0,0,0,0,0,0,0,0,0,0,0,0,0,0,0,0,0
1693106430,0.3580074329162262,0.39277297721916715,0.27184254879573777,0.04314063848144956,1.5368008801143667,0.5023698752812169,0.05276766397551585,0.11434059777264527,0.109625572854032,0.043296785447296336,0,0.15668578233211133,0.06742936773729474,0.6236652618449154,0.2345875950079762,3.315106761226088,7.339670551268426,49.98710162561845,0.4567413934426239,8.788468061841929,4.949342168490492,0.31850876470898626,0.6387287795284604,2.5307982977845542,0.7317769606591087,0,0.29405897966218464,2.7294106942977323,2.6487385992100223,1.042891963028994,2.3526202734495034,6.584723441615456,49.23068558690809,0.43140638481449567,7.130756083730656,3.9752746652687527,0.4485251437918853,0.5259667497541677,2.439168996002212,0.5412098180912037,0,0.12534862586568907,2.360027870805341,1.304027365675731,0.58646898751994,50000,100000,50000,50000,50000,50000,10000,50000,50000,20000,50000,0,6082560,2162688,220594176,0,0,2297856,0,0,2973696,0,0,0,0,4866048,11.251662177367113,6.0995332932858926,10.764964932311205,4.270923209663503,156.87663384207457,810.1697136491711,0,0,705.4405613156954,1.4287939197607777,0,0,491.0206558629835,0,17.031059397579057,0,0,2162688,0,0,0,0,0,0,0,0,0,0,0,0,225292288,79314944,17739776,439984128,111808512,349663232,40222720,10924032,310304768,94015488,4952064,3993600,305532928,16125952,134160384,207212544,70422528,13922304,200048640,104620032,330891264,35819520,9596928,292638720,83939328,4055040,2568192,296558592,15003648,37576704,0,0,0,0,0,0,0,0,0,0,0,0,0,0,0,209297408,79056896,17371136,425435136,108507136,333828096,39964672,10678272,296706048,93630464,4796416,2912256,299024384,15773696,44232704,191184896,72974336,17371136,212140032,108507136,333828096,37666816,10678272,296706048,90656768,4796416,2912256,299024384,15773696,39366656,1073741824,1073741824,314572800,0,1073741824,1073741824,1073741824,314572800,1073741824,0,0,0,1073741824,314572800,2147483648,10.8359133126935,0,4.64355442984539,0,0,14.450595852491322,43827.91922739245,0,20195.240356709408,0,0,47875.38706953177,10.8359133126935,0,4.64355442984539,0,0,14.450595852491322,43827.91922739245,0,20195.240356709408,0,0,47875.38706953177,102.29997553217518,49.884323014211745,474.12691861721987,21.015004212108103,34.00621884408469,38.77137169541032,16.55208652625126,58.87865699616983,45.84478508486102,81.05720718226947,0,0,0,0,0,0,0,0,0,0,118630.46244188891,119773.22904043186,1571977.6153135623,98919.24136517839,334365.1349884014,548582.1287045823,3028.112273941411,8795.59530600603,595693.0269458533,109213.76121076233,0,0,0,0,0,0,0,0,0,0,120.52850501590409,40.233557342734386,459.85889196784774,27.57223196193165,47.67780464932629,54.34317501069748,14.77864868415291,70.91924048569798,58.9068653840705,109.13044160253926,0,0,0,0,0,0,0,0,0,0,24279.887448005873,6687.848408064338,140372.01029813493,5726.3723503563215,12218.844084694734,6591.8401518111295,2790.3840259228446,10120.140982804987,12370.441730654804,20582.181305246453,0,0,0,0,0,0,0,0,0,0,26,18,44,8,8,2,10,76,0,0,0,0,0.009447904869762174,0.004106685633001423,0.031492248062015504,0.016165865384615386,0.0015697329376854602,0.003033898305084746,0.003049382716049383,0.0032218649517684887,0.0216806768558952,0.04117391304347825,0.07363802559414992,0.024588942307692308,0.004332937685459941,0.0046610169491525435,0.004694532627865963,0.00499935691318328,0.023340338427947596,0.0471086956521739,0.08750457038391224,0.04148148148148158,0.004678338278931751,0.004864406779661017,0.004900176366843034,0.007656812339331616,0.02466806768558952,0.08049999999999993,0.0985978062157221,0.0854000000000002,0.004954658753709198,0.01600000000000006,0.03404166666666696,0.009788431876606676,0.45762108262108264,0.3729166666666667,0.385640200286123,0.4567988668555241,0.8701298701298701,0.375,0.4576210826210827,0.47116134060795,2.1812893081761007,2.1622680412371134,0.4941523605150215,2.120779220779221,2.1220779220779225,0.475,2.123060344827586,2.1769350649350647,2.34064465408805,2.3311340206185567,0.6813025210084032,2.31038961038961,2.3110389610389612,0.4875,2.3115301724137933,2.338467532467533,2.46812893081761,2.466226804123711,0.9362605042016803,2.4620779220779223,2.462207792207792,0.4975,2.4623060344827583,2.4676935064935064,394.4705882352882,397.42857142858463,397.52941176470506,392.84033613446076,396.50420168067586,99569216.53781512,38626863.32773109,34444055.663865544,12898407.260504201,36053405.042016804,3332402064.134454,2671687249.747899,866896026.8907562,5178075497.411764,4077718071.932773,0,0,0,0,0,15.34453781512605,3.0252100840336134,4.991596638655462,0.9747899159663865,16.554621848739494,0,0,0,0,0,61388.36974789916,22811.96638655462,1131261.8487394957,39170.1512605042,71938.1512605042,1530.4705882352944,262.0672268907563,2827.2605042016808,1702.3361344537816,423.34453781512605,1731.8319327731092,373.17647058823525,1891.3109243697477,2089.0252100840335,527.0420168067226,0,0,0,0,0,0,0,0,0,0,0,0,0,0,0,0,0,0,0,0
1693106431,0.321189318160963,0.39277297721916715,0.27184254879573777,0.04314063848144956,1.7969667201763424,0.5023698752812169,0.05276766397551585,0.11434059777264527,0.13000942568336216,0.07185714798979635,0,0.15668578233211133,0.06742936773729474,0.4692656270324897,0.2345875950079762,3.396617273102682,7.339670551268426,49.98710162561845,0.4567413934426239,10.276272504013246,4.949342168490492,0.31850876470898626,0.6387287795284604,3.0013766373062003,0.9613144971796093,0,0.29405897966218464,2.7294106942977323,2.212779719223414,1.042891963028994,2.4318619803615724,6.584723441615456,49.23068558690809,0.43140638481449567,8.33792558161822,3.9752746652687527,0.4485251437918853,0.5259667497541677,2.8927097214548074,0.6826429059030629,0,0.12534862586568907,2.360027870805341,0.987927635857874,0.58646898751994,50000,100000,50000,50000,50000,50000,10000,50000,50000,20000,50000,0,6082560,2162688,220594176,0,0,2297856,0,0,2973696,0,0,0,0,4866048,12.113425713499128,6.0995332932858926,10.764964932311205,4.270923209663503,183.43436279560103,810.1697136491711,0,0,836.6106542724348,2.3712858836632775,0,0,491.0206558629835,0,17.031059397579057,0,0,2162688,0,0,0,0,0,0,0,0,0,0,0,0,225292288,79314944,17739776,439984128,111808512,349663232,40222720,10924032,310304768,94081024,4952064,3993600,305532928,16125952,134160384,207212544,70422528,13922304,200048640,104620032,330891264,35819520,9596928,292638720,84074496,4055040,2568192,296558592,15003648,37576704,0,0,0,0,0,0,0,0,0,0,0,0,0,0,0,209297408,79056896,17371136,425435136,108507136,333828096,39964672,10678272,296706048,93749248,4796416,2912256,299024384,15773696,44232704,191184896,72974336,17371136,212140032,108507136,333828096,37666816,10678272,296706048,90775552,4796416,2912256,299024384,15773696,39366656,1073741824,1073741824,314572800,0,1073741824,1073741824,1073741824,314572800,1073741824,0,0,0,1073741824,314572800,2147483648,10.8359133126935,0,4.64355442984539,0,0,14.450595852491322,43827.91922739245,0,20195.240356709408,0,0,47875.38706953177,10.8359133126935,0,4.64355442984539,0,0,14.450595852491322,43827.91922739245,0,20195.240356709408,0,0,47875.38706953177,102.29997553217518,49.884323014211745,474.12691861721987,21.015004212108103,34.00621884408469,38.77137169541032,16.55208652625126,58.87865699616983,45.84478508486102,92.2327409621879,0,0,0,0,0,0,0,0,0,0,118630.46244188891,119773.22904043186,1571977.6153135623,98919.24136517839,334365.1349884014,548582.1287045823,3028.112273941411,8795.59530600603,595693.0269458533,124271.3004484305,0,0,0,0,0,0,0,0,0,0,120.52850501590409,40.233557342734386,459.85889196784774,27.57223196193165,47.67780464932629,54.34317501069748,14.77864868415291,70.91924048569798,58.9068653840705,124.1764933842662,0,0,0,0,0,0,0,0,0,0,24279.887448005873,6687.848408064338,140372.01029813493,5726.3723503563215,12218.844084694734,6591.8401518111295,2790.3840259228446,10120.140982804987,12370.441730654804,23419.891490892987,0,0,0,0,0,0,0,0,0,0,46,30,72,18,18,2,18,128,0,0,0,0,0.009447904869762174,0.004106685633001423,0.031492248062015504,0.016165865384615386,0.0015697329376854602,0.003033898305084746,0.003049382716049383,0.0032148298628745554,0.0216806768558952,0.04117391304347825,0.07363802559414992,0.024588942307692308,0.004332937685459941,0.0046610169491525435,0.004694532627865963,0.0049866937531742,0.023340338427947596,0.0471086956521739,0.08750457038391224,0.04148148148148158,0.004678338278931751,0.004864406779661017,0.004900176366843034,0.0075747487437185885,0.02466806768558952,0.08049999999999993,0.0985978062157221,0.0854000000000002,0.004954658753709198,0.01600000000000006,0.03404166666666696,0.009766206030150755,0.45762108262108264,0.3729166666666667,0.385640200286123,0.4567988668555241,0.8701298701298701,0.375,0.4576210826210827,0.4902358855375097,2.1812893081761007,2.1622680412371134,0.4941523605150215,2.120779220779221,2.1220779220779225,0.475,2.123060344827586,2.192887323943662,2.34064465408805,2.3311340206185567,0.6813025210084032,2.31038961038961,2.3110389610389612,0.4875,2.3115301724137933,2.346443661971831,2.46812893081761,2.466226804123711,0.9362605042016803,2.4620779220779223,2.462207792207792,0.4975,2.4623060344827583,2.469288732394366,394.40336134454964,397.39495798318967,397.52941176470154,392.7731092436904,396.4705882352993,99569147.697479,38626863.32773109,34444055.663865544,12898476.100840336,36053405.042016804,3403270230.05042,2671709760.537815,866926247.7983193,5085630429.579832,4156161772.638655,0,0,0,0,0,14.907563025210083,3.0252100840336134,4.991596638655462,0.9747899159663865,16.655462184873947,0,0,0,0,0,56535.126050420164,22811.96638655462,1131261.8487394957,39170.1512605042,72144.67226890755,1544.2689075630249,266.43697478991595,2826.9747899159665,1711.8487394957986,426.1008403361344,1745.3949579831933,377.2268907563025,1891.344537815126,2097.7647058823527,529.7310924369748,0,0,0,0,0,0,0,0,0,0,0,0,0,0,0,0,0,0,0,0
1693106432,0.321189318160963,0.39277297721916715,0.27184254879573777,0.04314063848144956,1.7969667201763424,0.5023698752812169,0.05276766397551585,0.12552676409934557,0.13000942568336216,0.07185714798979635,0,0.15668578233211133,0.06742936773729474,0.570347912226458,0.20319196098714368,3.396617273102682,7.339670551268426,49.98710162561845,0.4567413934426239,10.276272504013246,4.949342168490492,0.31850876470898626,0.6365698753698567,3.0013766373062003,0.9613144971796093,0,0.29405897966218464,2.7294106942977323,2.6894241137093626,1.0507286777744929,2.4318619803615724,6.584723441615456,49.23068558690809,0.43140638481449567,8.33792558161822,3.9752746652687527,0.4485251437918853,0.520039451268717,2.8927097214548074,0.6826429059030629,0,0.12534862586568907,2.360027870805341,1.2007324467925444,0.5911038865080527,50000,100000,50000,50000,50000,50000,10000,50000,50000,20000,50000,0,6082560,2162688,220594176,0,0,2297856,0,0,2973696,0,0,0,0,5001216,12.113425713499128,6.0995332932858926,10.764964932311205,4.270923209663503,183.43436279560103,810.1697136491711,0,0,836.6106542724348,2.3712858836632775,0,0,491.0206558629835,0,17.068124722920054,0,0,2162688,0,0,0,0,0,0,0,0,0,0,0,0,225292288,79314944,17739776,439984128,111808512,349663232,40222720,10924032,310304768,94081024,4952064,3993600,305532928,16125952,134160384,207212544,70422528,13922304,200048640,104620032,330891264,35819520,9596928,292638720,84074496,4055040,2568192,296558592,15003648,37847040,0,0,0,0,0,0,0,0,0,0,0,0,0,0,0,209297408,79056896,17371136,425435136,108507136,333828096,39964672,10678272,296706048,93749248,4796416,2912256,299024384,15773696,44548096,191184896,72974336,17371136,212140032,108507136,333828096,37666816,10678272,296706048,90775552,4796416,2912256,299024384,15773696,39682048,1073741824,1073741824,314572800,0,1073741824,1073741824,1073741824,314572800,1073741824,0,0,0,1073741824,314572800,2147483648,10.8359133126935,0,4.64355442984539,0,0,14.315797251366927,43827.91922739245,0,20195.240356709408,0,0,46389.83301315206,10.8359133126935,0,4.64355442984539,0,0,14.315797251366927,43827.91922739245,0,20195.240356709408,0,0,46389.83301315206,102.29997553217518,49.83171000506359,474.12691861721987,21.015004212108103,29.291634448228397,38.77137169541032,16.372099078865997,58.87865699616983,45.9442456650808,92.2327409621879,0,0,0,0,0,0,0,0,0,0,118630.46244188891,120141.36359574659,1571977.6153135623,98919.24136517839,288009.1241904261,548582.1287045823,3004.914884614133,8795.59530600603,593926.6700743128,124271.3004484305,0,0,0,0,0,0,0,0,0,0,120.52850501590409,40.12152622643195,459.85889196784774,27.57223196193165,41.067806788082194,54.34317501069748,14.679556032939491,70.91924048569798,59.627255927338496,124.1764933842662,0,0,0,0,0,0,0,0,0,0,24279.887448005873,6681.291514014238,140372.01029813493,5726.3723503563215,10524.837117286084,6591.8401518111295,2777.1376493181006,10120.140982804987,12522.136594188652,23419.891490892987,0,0,0,0,0,0,0,0,0,0,25.359,22,60,8,11.394,2,10,42.216,0,0,0,0,0.009435960680865491,0.0040906555090655505,0.03158194233687405,0.016229411764705885,0.0016350191216704427,0.003037037037037037,0.003051376146788991,0.0032195555708907776,0.02167209281668709,0.040811403508771917,0.07353901996370238,0.024629411764705886,0.0043463435974847395,0.004666666666666666,0.004698348623853212,0.0049952000276034005,0.023336046408343542,0.046885964912280684,0.0874954627949183,0.04159482758620693,0.004685259156961525,0.00487037037037037,0.004904220183486238,0.0076230458303351714,0.02466720928166871,0.07948148148148156,0.09866061705989108,0.08512500000000009,0.004956391604542954,0.01675,0.034958333333333244,0.009767866003822135,0.45645630847715024,0.3770833333333333,0.3858657243816255,0.4577513966480447,0.8596290986099923,0.375,0.4520893371757925,0.48573478493710587,2.1808231114028347,2.164242424242424,0.49455830388692584,2.1234177215189876,2.106661230660489,0.475,2.1067757009345796,2.1893664989939645,2.340411555701417,2.332121212121212,0.6873983739837393,2.3117088607594938,2.3033306153302435,0.4875,2.3033878504672898,2.3446832494969816,2.4680823111402836,2.466424242424243,0.9374796747967475,2.462341772151899,2.4606661230660483,0.4975,2.4606775700934578,2.4689366498993968,394.47940263446344,397.3749222728295,397.6101694915168,392.6218487394874,396.4952918072599,99410493.90049501,38624915.85298221,34735954.44067796,12898476.100840336,36006807.99637444,3327048665.424952,2671592956.8593183,874231703.8644068,4993219300.033613,4150842894.1369996,0,0,0,0,0,14.74955952680594,3.0250575601230194,5.033898305084746,0.9747899159663865,16.701075918559177,0,0,0,0,0,56092.75945968622,22810.816261364977,1140848.813559322,39170.1512605042,72335.02861842657,1550.9522610957297,266.54118279750605,2827.0338983050847,1718.453781512605,426.15438843849137,1751.9926168302711,376.8549484899921,1891.7966101694915,2106.1512605042017,529.7178441344814,0,0,0,0,0,0,0,0,0,0,0,0,0,0,0,0,0,0,0,0
1693106433,0.321189318160963,0.39277297721916715,0.27184254879573777,0.04314063848144956,1.7969667201763424,0.5023698752812169,0.05276766397551585,0.12552676409934557,0.13161935682007647,0.07185714798979635,0,0.15668578233211133,0.06742936773729474,0.570347912226458,0.20319196098714368,3.396617273102682,7.339670551268426,49.98710162561845,0.4567413934426239,10.276272504013246,4.949342168490492,0.31850876470898626,0.6365698753698567,2.3469702408634143,0.9613144971796093,0,0.29405897966218464,2.7294106942977323,2.6894241137093626,1.0507286777744929,2.4318619803615724,6.584723441615456,49.23068558690809,0.43140638481449567,8.33792558161822,3.9752746652687527,0.4485251437918853,0.520039451268717,2.2155925064712965,0.6826429059030629,0,0.12534862586568907,2.360027870805341,1.2007324467925444,0.5911038865080527,50000,100000,50000,50000,50000,50000,10000,50000,50000,20000,50000,0,6082560,2162688,220594176,0,0,2297856,0,0,2973696,0,0,0,0,5001216,12.113425713499128,6.0995332932858926,10.764964932311205,4.270923209663503,183.43436279560103,810.1697136491711,0,0,564.6470407581276,2.3712858836632775,0,0,491.0206558629835,0,17.068124722920054,0,0,2162688,0,0,0,0,0,0,0,0,0,0,0,0,225292288,79314944,17739776,439984128,111808512,349663232,40222720,10924032,310304768,94081024,4952064,3993600,305532928,16125952,134160384,207212544,70422528,13922304,200048640,104620032,330891264,35819520,9596928,292638720,84074496,4055040,2568192,296558592,15003648,37847040,0,0,0,0,0,0,0,0,0,0,0,0,0,0,0,209297408,79056896,17371136,425435136,108507136,333828096,39964672,10678272,296714240,93749248,4796416,2912256,299024384,15773696,44548096,191184896,72974336,17371136,212140032,108507136,333828096,37666816,10678272,296714240,90775552,4796416,2912256,299024384,15773696,39682048,1073741824,1073741824,314572800,0,1073741824,1073741824,1073741824,314572800,1073741824,0,0,0,1073741824,314572800,2147483648,10.8359133126935,0,4.64355442984539,0,0,14.315797251366927,43827.91922739245,0,20195.240356709408,0,0,46389.83301315206,10.8359133126935,0,4.64355442984539,0,0,14.315797251366927,43827.91922739245,0,20195.240356709408,0,0,46389.83301315206,102.29997553217518,49.83171000506359,474.12691861721987,21.015004212108103,28.724864134160317,38.77137169541032,16.372099078865997,58.87865699616983,45.9442456650808,80.60834117625348,0,0,0,0,0,0,0,0,0,0,118630.46244188891,120141.36359574659,1571977.6153135623,98919.24136517839,282436.37194061937,548582.1287045823,3004.914884614133,8795.59530600603,593926.6700743128,108608.97421524664,0,0,0,0,0,0,0,0,0,0,120.52850501590409,40.12152622643195,459.85889196784774,27.57223196193165,40.27317671059342,54.34317501069748,14.679556032939491,70.91924048569798,59.627255927338496,108.5261160014025,0,0,0,0,0,0,0,0,0,0,24279.887448005873,6681.291514014238,140372.01029813493,5726.3723503563215,10321.189715874505,6591.8401518111295,2777.1376493181006,10120.140982804987,12522.136594188652,20468.204499990774,0,0,0,0,0,0,0,0,0,0,38,18,50,6,8,2,6,65.113,0,0,0,0,0.009435840707964601,0.0040906555090655505,0.03158194233687405,0.016229411764705885,0.0015219941348973607,0.003033898305084746,0.003048192771084337,0.0032194815001258498,0.02167202572347267,0.040811403508771917,0.07353901996370238,0.024629411764705886,0.00432316715542522,0.0046610169491525435,0.004692254733218588,0.004995066700226529,0.023336012861736328,0.046885964912280684,0.0874954627949183,0.04159482758620693,0.004673313782991203,0.004864406779661017,0.004897762478485369,0.007622262773722626,0.024667202572347266,0.07948148148148156,0.09866061705989108,0.08512500000000009,0.004953431085043988,0.01600000000000006,0.03345833333333316,0.009767761557177616,0.45658263305322133,0.3770833333333333,0.3858657243816255,0.4577513966480447,0.8765822784810128,0.375,0.4590336134453782,0.4859114977307111,2.180883864337102,2.164242424242424,0.49455830388692584,2.1234177215189876,2.126875,0.475,2.126875,2.189507042253521,2.3404419321685506,2.332121212121212,0.6873983739837393,2.3117088607594938,2.3134375,0.4875,2.3134375,2.3447535211267603,2.46808838643371,2.466424242424243,0.9374796747967475,2.462341772151899,2.4626875,0.4975,2.4626875,2.468950704225352,394.5042016806778,397.3613445378035,397.59663865545104,392.5714285714156,396.588235294118,99569216.53781512,38626863.32773109,34444055.663865544,12898476.100840336,36053405.042016804,3261442409.4117646,2558118593.6134453,806159368.605042,4900771960.470588,4156213678.2521005,0,0,0,0,0,14.873949579831931,3.0252100840336134,4.436974789915967,0.9747899159663865,16.60504201680672,0,0,0,0,0,57369.81512605042,22811.96638655462,990208,39170.1512605042,72041.41176470587,1541.5462184873952,265.07563025210084,2824.7394957983192,1707.0252100840337,424.48739495798316,1742.2857142857144,375.7647058823529,1890.268907563025,2093.579831932773,528.2521008403362,0,0,0,0,0,0,0,0,0,0,0,0,0,0,0,0,0,0,0,0
1693106434,0.321189318160963,0.39277297721916715,0.3368893879842784,0.04314063848144956,1.7969667201763424,0.5023698752812169,0.05276766397551585,0.12552676409934557,0.13161935682007647,0.07185714798979635,0,0.1290901517762946,0.06742936773729474,0.570347912226458,0.20319196098714368,3.396617273102682,7.339670551268426,50.03616289163391,0.4567413934426239,10.276272504013246,4.949342168490492,0.31850876470898626,0.6365698753698567,2.3469702408634143,0.9613144971796093,0,0.24226906711493087,2.7294106942977323,2.6894241137093626,1.0507286777744929,2.4318619803615724,6.584723441615456,49.27943103125586,0.43140638481449567,8.33792558161822,3.9752746652687527,0.4485251437918853,0.520039451268717,2.2155925064712965,0.6826429059030629,0,0.10327212142103566,2.360027870805341,1.2007324467925444,0.5911038865080527,50000,100000,50000,50000,50000,50000,10000,50000,50000,20000,50000,0,6082560,2162688,220594176,0,0,2297856,0,0,2973696,0,0,0,0,5001216,12.113425713499128,6.0995332932858926,7.411566535654127,4.270923209663503,183.43436279560103,810.1697136491711,0,0,564.6470407581276,2.3712858836632775,0,0,491.0206558629835,0,17.068124722920054,0,0,2162688,0,0,0,0,0,0,0,0,0,0,0,0,225292288,79314944,17739776,439984128,111808512,349663232,40222720,10924032,310304768,94081024,4952064,3993600,305532928,16125952,134160384,207212544,70422528,13922304,200048640,104620032,330891264,35819520,9596928,292638720,84074496,4055040,2568192,296558592,15003648,37847040,0,0,0,0,0,0,0,0,0,0,0,0,0,0,0,209297408,79056896,17383424,425435136,108507136,333828096,39964672,10678272,296714240,93749248,4796416,2912256,299024384,15773696,44548096,191184896,72974336,17383424,212140032,108507136,333828096,37666816,10678272,296714240,90775552,4796416,2912256,299024384,15773696,39682048,1073741824,1073741824,314572800,0,1073741824,1073741824,1073741824,314572800,1073741824,0,0,0,1073741824,314572800,2147483648,10.8359133126935,0,4.64355442984539,0,0,14.315797251366927,43827.91922739245,0,20195.240356709408,0,0,46389.83301315206,10.8359133126935,0,4.64355442984539,0,0,14.315797251366927,43827.91922739245,0,20195.240356709408,0,0,46389.83301315206,102.29997553217518,49.83171000506359,474.12691861721987,21.015004212108103,33.952605644838336,38.77137169541032,13.85454776009287,58.87865699616983,45.9442456650808,92.79282900554706,0,0,0,0,0,0,0,0,0,0,118630.46244188891,120141.36359574659,1571977.6153135623,98919.24136517839,332133.56432712905,548582.1287045823,2542.84661871128,8795.59530600603,593926.6700743128,123890.70664844441,0,0,0,0,0,0,0,0,0,0,120.52850501590409,40.12152622643195,459.85889196784774,27.57223196193165,47.20282764264448,54.34317501069748,12.422268468791025,70.91924048569798,59.627255927338496,124.40710668060133,0,0,0,0,0,0,0,0,0,0,24279.887448005873,6681.291514014238,140372.01029813493,5726.3723503563215,12218.602545574846,6591.8401518111295,2350.0948787010816,10120.140982804987,12522.136594188652,23631.180159176783,0,0,0,0,0,0,0,0,0,0,42,8,38,8,10,2,10,78,0,0,0,0,0.009435840707964601,0.0040906555090655505,0.03158194233687405,0.016229411764705885,0.0015219941348973607,0.003033898305084746,0.003048192771084337,0.0032194815001258498,0.02167202572347267,0.040811403508771917,0.07353901996370238,0.024629411764705886,0.00432316715542522,0.0046610169491525435,0.004692254733218588,0.004995066700226529,0.023336012861736328,0.046885964912280684,0.0874954627949183,0.04159482758620693,0.004673313782991203,0.004864406779661017,0.004897762478485369,0.007622262773722626,0.024667202572347266,0.07948148148148156,0.09866061705989108,0.08512500000000009,0.004953431085043988,0.01600000000000006,0.03345833333333316,0.009767761557177616,0.45658263305322133,0.3770833333333333,0.3858657243816255,0.4577513966480447,0.8765822784810128,0.375,0.4590336134453782,0.4859114977307111,2.180883864337102,2.164242424242424,0.49455830388692584,2.1234177215189876,2.126875,0.475,2.126875,2.189507042253521,2.3404419321685506,2.332121212121212,0.6873983739837393,2.3117088607594938,2.3134375,0.4875,2.3134375,2.3447535211267603,2.46808838643371,2.466424242424243,0.9374796747967475,2.462341772151899,2.4626875,0.4975,2.4626875,2.468950704225352,394.4537815125909,397.27731092437,397.5126050420214,392.5042016806754,396.6554621848785,82974496.26890756,38626863.32773109,34444055.663865544,12898476.100840336,36053405.042016804,3261442684.773109,2558209325.1764703,806152897.6134454,4900818427.697479,4156209754.352941,0,0,0,0,0,15.025210084033613,3.0252100840336134,4.436974789915967,0.9747899159663865,16.705882352941178,0,0,0,0,0,57774.252100840335,22811.96638655462,990208,39170.1512605042,72359.79831932773,1540.016806722689,266.6050420168067,2825.344537815126,1712.4873949579833,427.2436974789915,1741.546218487395,377.3109243697479,1892.3361344537814,2097.6302521008406,530.9915966386554,0,0,0,0,0,0,0,0,0,0,0,0,0,0,0,0,0,0,0,0
1693106435,0.321189318160963,0.3759205782341981,0.3368893879842784,0.04314063848144956,1.7969667201763424,0.5023698752812169,0.059423591165692825,0.12552676409934557,0.13161935682007647,0.04268484974668613,0,0.1264787220707594,0.06742936773729476,0.570347912226458,0.20319196098714368,3.396617273102682,7.4022298258804184,50.03616289163391,0.4567413934426239,10.276272504013246,4.949342168490492,0.3125510904228978,0.6365698753698567,2.3469702408634143,0.8170554171265967,0,0.23736808412056115,2.729410694297733,2.6894241137093626,1.0507286777744929,2.4318619803615724,6.6811339131623475,49.27943103125586,0.43140638481449567,8.33792558161822,3.9752746652687527,0.43577300188174745,0.520039451268717,2.2155925064712965,0.5122181969602336,0,0.10118297765660753,2.3600278708053413,1.2007324467925444,0.5911038865080527,50000,100000,50000,50000,50000,50000,10000,50000,50000,20000,50000,0,6082560,2162688,220594176,0,0,2297856,0,0,2973696,0,0,0,0,5001216,12.113425713499128,4.511046938810383,7.411566535654127,4.270923209663503,183.43436279560103,810.1697136491711,0,0,564.6470407581276,1.4086000416406412,0,0,491.0206558629836,0,17.068124722920054,0,0,2162688,0,0,0,0,0,0,0,0,0,0,0,0,225292288,79433728,17739776,439984128,111808512,349663232,40251392,10924032,310304768,94081024,4952064,3993600,305532928,16125952,134160384,207212544,70422528,13922304,200048640,104620032,330891264,35819520,9596928,292638720,84074496,4055040,2568192,296558592,15003648,37847040,0,0,0,0,0,0,0,0,0,0,0,0,0,0,0,209297408,79200256,17383424,425435136,108507136,333828096,40009728,10678272,296714240,93749248,4796416,2912256,299024384,15773696,44548096,191184896,73117696,17383424,212140032,108507136,333828096,37711872,10678272,296714240,90775552,4796416,2912256,299024384,15773696,39682048,1073741824,1073741824,314572800,0,1073741824,1073741824,1073741824,314572800,1073741824,0,0,0,1073741824,314572800,2147483648,10.782085675717239,0,4.734079429533525,0,0,14.315797251366927,42387.437417767374,0,19948.578785777954,0,0,46389.83301315206,10.782085675717239,0,4.734079429533525,0,0,14.315797251366927,42387.437417767374,0,19948.578785777954,0,0,46389.83301315206,102.29997553217518,49.83171000506359,474.12691861721987,21.015004212108103,33.952605644838336,38.77137169541032,13.58167944211177,58.87865699616983,45.9442456650808,92.79282900554706,0,0,0,0,0,0,0,0,0,0,118630.46244188891,120141.36359574659,1571977.6153135623,98919.24136517839,332133.56432712905,548582.1287045823,2492.7647039677113,8795.59530600603,593926.6700743128,123890.70664844441,0,0,0,0,0,0,0,0,0,0,120.52850501590409,40.12152622643195,459.85889196784774,27.57223196193165,47.20282764264448,54.34317501069748,12.177609201575365,70.91924048569798,59.627255927338496,124.40710668060133,0,0,0,0,0,0,0,0,0,0,24279.887448005873,6681.291514014238,140372.01029813493,5726.3723503563215,12218.602545574846,6591.8401518111295,2303.8092512124463,10120.140982804987,12522.136594188652,23631.180159176783,0,0,0,0,0,0,0,0,0,0,22,8,22,6,6,2,6,46,0,0,0,0,0.009435840707964601,0.0040906555090655505,0.03158194233687405,0.016229411764705885,0.0015219941348973607,0.003033898305084746,0.003048192771084337,0.0032245540398740816,0.02167202572347267,0.040811403508771917,0.07353901996370238,0.024629411764705886,0.00432316715542522,0.0046610169491525435,0.004692254733218588,0.005049261083743843,0.023336012861736328,0.046885964912280684,0.0874954627949183,0.04159482758620693,0.004673313782991203,0.004864406779661017,0.004897762478485369,0.007660098522167493,0.024667202572347266,0.07948148148148156,0.09866061705989108,0.08512500000000009,0.004953431085043988,0.01600000000000006,0.03345833333333316,0.009748768472906415,0.45658263305322133,0.3770833333333333,0.3858657243816255,0.4577513966480447,0.8765822784810128,0.375,0.4590336134453782,0.4716082317073171,2.180883864337102,2.164242424242424,0.49455830388692584,2.1234177215189876,2.126875,0.475,2.126875,2.1773211567732114,2.3404419321685506,2.332121212121212,0.6873983739837393,2.3117088607594938,2.3134375,0.4875,2.3134375,2.3386605783866057,2.46808838643371,2.466424242424243,0.9374796747967475,2.462341772151899,2.4626875,0.4975,2.4626875,2.4677321156773213,394.50420168067984,397.2941176470606,397.41176470588664,392.55462184874193,396.60504201680016,82974427.42857142,28970285.176470585,51665773.71428571,25797089.88235294,36053405.042016804,3332337423.0588236,2558190807.1260505,684666226.0168067,4900873224.6050415,4156200392.067227,0,0,0,0,0,15.025210084033613,3.0252100840336134,4.436974789915967,0.9747899159663865,16.73949579831933,0,0,0,0,0,57808.67226890756,22811.96638655462,990208,39170.1512605042,72557.71428571428,1542.689075630252,266.672268907563,2826.7731092436975,1715.8151260504203,427.68067226890753,1743.9495798319329,377.327731092437,1894.2016806722688,2100.3697478991594,531.4621848739496,0,0,0,0,0,0,0,0,0,0,0,0,0,0,0,0,0,0,0,0
1693106436,0.321189318160963,0.26182636606884957,0.3368893879842784,0.04314063848144956,1.7969667201763424,0.4692711213903838,0.059423591165692825,0.11094346321114769,0.13161935682007647,0.049968769519050646,0,0.13521344407958288,0.06742936773729476,0.5256472031188405,0.20319196098714368,3.396617273102682,6.01890202290897,50.03616289163391,0.4567413934426239,10.276272504013246,4.398646541639438,0.3125510904228978,0.6381544488328756,2.3469702408634143,0.9564811417863861,0,0.30157012748696155,2.729410694297733,2.6986063406193876,1.0507286777744929,2.4318619803615724,5.458072708050633,49.27943103125586,0.43140638481449567,8.33792558161822,3.4692543617074656,0.43577300188174745,0.44377385284459075,2.2155925064712965,0.5996252342286077,0,0.11589723778249962,2.3600278708053413,1.1827062070173922,0.5911038865080527,50000,100000,50000,50000,50000,50000,10000,50000,50000,20000,50000,0,6082560,2162688,220594176,0,0,2297856,0,0,2973696,0,0,0,0,5001216,12.113425713499128,3.987816960125558,7.411566535654127,4.270923209663503,183.43436279560103,689.1246417617779,0,0,564.6470407581276,1.6489693941286696,0,0,491.0206558629836,0,17.068124722920054,0,0,2162688,0,0,0,0,0,0,0,0,0,0,0,0,225292288,79433728,17739776,439984128,111808512,349663232,40251392,10924032,310304768,94081024,4952064,3993600,305532928,16125952,134160384,207212544,70422528,13922304,200048640,104620032,330891264,35819520,9596928,292638720,84074496,4055040,2568192,296558592,15003648,37847040,0,0,0,0,0,0,0,0,0,0,0,0,0,0,0,209297408,79200256,17383424,425435136,108507136,333570048,40009728,10678272,296714240,93749248,4796416,2912256,299024384,15781888,44548096,191184896,73117696,17383424,212140032,108507136,333570048,37711872,10678272,296714240,90775552,4796416,2912256,299024384,15781888,39682048,1073741824,1073741824,314572800,0,1073741824,1073741824,1073741824,314572800,1073741824,0,0,0,1073741824,314572800,2147483648,8.479146162691212,0,4.734079429533525,0,0,14.315797251366927,30698.6177688405,0,19948.578785777954,0,0,46389.83301315206,8.479146162691212,0,4.734079429533525,0,0,14.315797251366927,30698.6177688405,0,19948.578785777954,0,0,46389.83301315206,102.29997553217518,50.92063737923289,474.12691861721987,21.015004212108103,33.952605644838336,38.77137169541032,13.30881112413067,58.87865699616983,45.9442456650808,92.79282900554706,0,0,0,0,0,0,0,0,0,0,118630.46244188891,121643.05214040929,1571977.6153135623,98919.24136517839,332133.56432712905,548582.1287045823,2442.682789224142,8795.59530600603,593926.6700743128,123890.70664844441,0,0,0,0,0,0,0,0,0,0,120.52850501590409,41.10437762589788,459.85889196784774,27.57223196193165,47.20282764264448,54.34317501069748,11.932949934359707,70.91924048569798,59.627255927338496,124.40710668060133,0,0,0,0,0,0,0,0,0,0,24279.887448005873,6803.965226819492,140372.01029813493,5726.3723503563215,12218.602545574846,6591.8401518111295,2257.5236237238114,10120.140982804987,12522.136594188652,23631.180159176783,0,0,0,0,0,0,0,0,0,0,22,22,60,10,6,2,6,82,0,0,0,0,0.009435840707964601,0.0040906555090655505,0.03158194233687405,0.016229411764705885,0.0015219941348973607,0.003033898305084746,0.003048192771084337,0.0032196762141967618,0.02167202572347267,0.040811403508771917,0.07353901996370238,0.024629411764705886,0.00432316715542522,0.0046610169491525435,0.004692254733218588,0.004995417185554171,0.023336012861736328,0.046885964912280684,0.0874954627949183,0.04159482758620693,0.004673313782991203,0.004864406779661017,0.004897762478485369,0.007622596153846148,0.024667202572347266,0.07948148148148156,0.09866061705989108,0.08512500000000009,0.004953431085043988,0.01600000000000006,0.03345833333333316,0.009764903846153838,0.45658263305322133,0.3770833333333333,0.3858657243816255,0.4577513966480447,0.8765822784810128,0.375,0.4590336134453782,0.49035552193645987,2.180883864337102,2.164242424242424,0.49455830388692584,2.1234177215189876,2.126875,0.475,2.126875,2.1929719797887,2.3404419321685506,2.332121212121212,0.6873983739837393,2.3117088607594938,2.3134375,0.4875,2.3134375,2.34648598989435,2.46808838643371,2.466424242424243,0.9374796747967475,2.462341772151899,2.4626875,0.4975,2.4626875,2.46929719797887,394.47058823530676,397.34453781510757,397.4117647058749,392.60504201680715,396.7226890756236,82974427.42857142,28970285.176470585,51665773.71428571,25797089.88235294,36053405.042016804,3332302796.3697476,2558258683.697479,686543364.302521,4900941376.537815,3999474214.7226887,0,0,0,0,0,15.042016806722689,3.0252100840336134,4.436974789915967,0.8235294117647058,16.840336134453782,0,0,0,0,0,57894.72268907563,22811.96638655462,990208,21615.865546218487,72876.10084033613,1544.3865546218487,266.5882352941176,2827.344537815126,1720.1344537815125,428.53781512605036,1745.563025210084,377.2268907563025,1895.3949579831933,2104.5042016806724,532.2857142857142,0,0,0,0,0,0,0,0,0,0,0,0,0,0,0,0,0,0,0,0
1693106437,0.321189318160963,0.26713968861205095,0.3368893879842784,0.04314063848144956,1.7969667201763424,0.38644853793636613,0.059423591165692825,0.11094346321114769,0.13161935682007647,0.049968769519050646,0,0.13521344407958288,0.06742936773729476,0.5256472031188405,0.20319196098714368,3.396617273102682,6.141045442931203,50.03616289163391,0.4567413934426239,10.276272504013246,3.0426071643264994,0.3125510904228978,0.6381544488328756,2.3469702408634143,0.9564811417863861,0,0.30157012748696155,2.729410694297733,2.6986063406193876,1.0507286777744929,2.4318619803615724,5.568835047220445,49.27943103125586,0.43140638481449567,8.33792558161822,2.1039975954312973,0.43577300188174745,0.44377385284459075,2.2155925064712965,0.5996252342286077,0,0.11589723778249962,2.3600278708053413,1.1827062070173922,0.5911038865080527,50000,100000,50000,50000,50000,50000,10000,50000,50000,20000,50000,0,6082560,2162688,220594176,0,0,2297856,0,0,2973696,0,0,0,0,5001216,12.113425713499128,4.068742949629702,7.411566535654127,4.270923209663503,183.43436279560103,493.10833440680153,0,0,564.6470407581276,1.6489693941286696,0,0,491.0206558629836,0,17.068124722920054,0,0,2162688,0,0,0,0,0,0,0,0,0,0,0,0,225292288,79433728,17739776,439984128,111808512,349663232,40251392,10924032,310304768,94081024,4952064,3993600,305532928,16125952,134160384,207212544,70422528,13922304,200048640,104620032,330891264,35819520,9596928,292638720,84074496,4055040,2568192,296558592,15003648,37847040,0,0,0,0,0,0,0,0,0,0,0,0,0,0,0,209297408,79200256,17383424,425435136,108507136,333570048,40009728,10678272,296714240,93749248,4796416,2912256,299024384,15781888,44548096,191184896,73117696,17383424,212140032,108507136,333570048,37711872,10678272,296714240,90775552,4796416,2912256,299024384,15781888,39682048,1073741824,1073741824,314572800,0,1073741824,1073741824,1073741824,314572800,1073741824,0,0,0,1073741824,314572800,2147483648,8.651216069667194,0,4.734079429533525,0,0,14.315797251366927,31321.59421038577,0,19948.578785777954,0,0,46389.83301315206,8.651216069667194,0,4.734079429533525,0,0,14.315797251366927,31321.59421038577,0,19948.578785777954,0,0,46389.83301315206,102.29997553217518,50.92063737923289,480.57722734464505,21.015004212108103,34.23071202430784,38.77101449275362,16.5667121904875,58.87865699616983,45.9442456650808,92.79282900554706,0,0,0,0,0,0,0,0,0,0,118630.46244188891,121643.05214040929,1583611.2444759668,98919.24136517839,334130.67590251367,549548.1507246377,3020.663856065554,8795.59530600603,593926.6700743128,123890.70664844441,0,0,0,0,0,0,0,0,0,0,120.52850501590409,41.10437762589788,466.0374270282066,27.57223196193165,47.277054161443175,54.12173913043478,14.805138253864575,70.91924048569798,59.627255927338496,124.40710668060133,0,0,0,0,0,0,0,0,0,0,24279.887448005873,6803.965226819492,142180.99732664082,5726.3723503563215,12201.155897414104,6551.257971014493,2793.361439344457,10120.140982804987,12522.136594188652,23631.180159176783,0,0,0,0,0,0,0,0,0,0,22,10,32,10,10,2,10,64,0,0,0,0,0.009343952483801295,0.004064788732394365,0.03135424940428912,0.01626470588235294,0.0016287425149700604,0.003037037037037037,0.0030507246376811595,0.0032217792175429855,0.02160207423580786,0.04053240740740739,0.07440285204991089,0.02469294117647059,0.0043449101796407185,0.004666666666666666,0.004697101449275363,0.004999202591577374,0.023301037117903926,0.04682870370370369,0.08791443850267376,0.0410227272727273,0.004684431137724551,0.00487037037037037,0.004902898550724638,0.0076377672209026175,0.024660207423580785,0.07985185185185194,0.09872370766488411,0.08341666666666664,0.004956047904191616,0.01675,0.0346666666666664,0.009755581947743468,0.45693277310924374,0.375,0.3864290856731461,0.4584497206703911,0.8660337552742617,0.375,0.45402298850574707,0.49020346646571217,2.18109631147541,2.162809917355372,0.49557235421166307,2.125313807531381,2.113409090909091,0.475,2.112727272727273,2.1928341754708316,2.3405481557377046,2.331404958677686,0.7015748031496056,2.3126569037656903,2.3067045454545454,0.4875,2.306363636363636,2.346417087735416,2.468109631147541,2.4662809917355375,0.9403149606299209,2.4625313807531377,2.461340909090909,0.4975,2.461272727272727,2.4692834175470835,394.45378151260815,397.34453781512406,397.3949579831976,392.4705882353004,396.7226890756152,82974427.42857142,28970285.176470585,51665773.71428571,25797089.88235294,36053405.042016804,3332292745.680672,2558338056.605042,749101744.4033613,4993456661.512605,4077880328.605042,0,0,0,0,0,14.941176470588236,3.0252100840336134,4.436974789915967,0.8235294117647058,16.6890756302521,0,0,0,0,0,57567.731092436974,22811.96638655462,990208,21615.865546218487,72316.77310924369,1535.5294117647059,266.78991596638656,2827.983193277311,1706.2521008403362,424.92436974789905,1736.7226890756301,377.5126050420168,1895.8487394957983,2090.168067226891,528.6386554621849,0,0,0,0,0,0,0,0,0,0,0,0,0,0,0,0,0,0,0,0
1693106438,0.321189318160963,0.27245301115525233,0.3368893879842784,0.04314063848144956,1.7969667201763424,0.38644853793636613,0.059423591165692825,0.11094346321114769,0.13161935682007647,0.049968769519050646,0,0.13521344407958288,0.06742936773729476,0.5256472031188405,0.12252499509900029,3.396617273102682,6.263188862953438,50.03616289163391,0.4567413934426239,10.276272504013246,3.0426071643264994,0.3125510904228978,0.6381544488328756,2.3469702408634143,0.9564811417863861,0,0.30157012748696155,2.729410694297733,2.6986063406193876,1.0588467383846298,2.4318619803615724,5.67959738639026,49.27943103125586,0.43140638481449567,8.33792558161822,2.1039975954312973,0.43577300188174745,0.44377385284459075,2.2155925064712965,0.5996252342286077,0,0.11589723778249962,2.3600278708053413,1.1827062070173922,0.5881199764751993,50000,100000,50000,50000,50000,50000,10000,50000,50000,20000,50000,0,6082560,2162688,220594176,0,0,2297856,0,0,2973696,0,0,0,0,5001216,12.113425713499128,4.149668939133847,7.411566535654127,4.270923209663503,183.43436279560103,493.10833440680153,0,0,564.6470407581276,1.6489693941286696,0,0,491.0206558629836,0,19.40795922368163,0,0,2162688,0,0,0,0,0,0,0,0,0,0,0,0,225292288,79433728,17739776,439984128,111808512,349663232,40251392,10924032,310304768,94081024,4952064,3993600,305532928,16125952,134160384,207212544,70422528,13922304,200048640,104620032,330891264,35819520,9596928,292638720,84074496,4055040,2568192,296558592,15003648,37847040,0,0,0,0,0,0,0,0,0,0,0,0,0,0,0,209297408,79200256,17383424,425435136,108507136,333570048,40009728,10678272,296714240,93749248,4796416,2912256,299024384,15781888,44548096,191184896,73117696,17383424,212140032,108507136,333570048,37711872,10678272,296714240,90775552,4796416,2912256,299024384,15781888,39682048,1073741824,1073741824,314572800,0,1073741824,1073741824,1073741824,314572800,1073741824,0,0,0,1073741824,314572800,2147483648,8.82328597664318,0,4.734079429533525,0,0,13.967849441286022,31944.570651931055,0,19948.578785777954,0,0,41340.91354636346,8.82328597664318,0,4.734079429533525,0,0,13.967849441286022,31944.570651931055,0,19948.578785777954,0,0,41340.91354636346,102.29997553217518,50.92063737923289,480.57722734464505,20.862741841733786,34.23071202430784,38.77101449275362,16.5667121904875,58.87865699616983,45.9442456650808,92.79282900554706,0,0,0,0,0,0,0,0,0,0,118630.46244188891,121643.05214040929,1583611.2444759668,99485.6555675496,334130.67590251367,549548.1507246377,3020.663856065554,8795.59530600603,593926.6700743128,123890.70664844441,0,0,0,0,0,0,0,0,0,0,120.52850501590409,41.10437762589788,466.0374270282066,27.588640704143483,47.277054161443175,54.12173913043478,14.805138253864575,70.91924048569798,59.627255927338496,124.40710668060133,0,0,0,0,0,0,0,0,0,0,24279.887448005873,6803.965226819492,142180.99732664082,5662.376484264718,12201.155897414104,6551.257971014493,2793.361439344457,10120.140982804987,12522.136594188652,23631.180159176783,0,0,0,0,0,0,0,0,0,0,26,20,44,2,4,2,2,44,0,0,0,0,0.009343952483801295,0.004064788732394365,0.03135424940428912,0.01626470588235294,0.0015697674418604654,0.003033898305084746,0.0030483592400690845,0.0032217792175429855,0.02160207423580786,0.04053240740740739,0.07440285204991089,0.02469294117647059,0.004332558139534884,0.0046610169491525435,0.004692573402417961,0.004999202591577374,0.023301037117903926,0.04682870370370369,0.08791443850267376,0.0410227272727273,0.004677906976744186,0.004864406779661017,0.004898100172711571,0.0076377672209026175,0.024660207423580785,0.07985185185185194,0.09872370766488411,0.08341666666666664,0.004954186046511628,0.01600000000000006,0.033541666666666664,0.009755581947743468,0.45693277310924374,0.375,0.3864290856731461,0.4584497206703911,0.8734177215189872,0.375,0.45775139664804476,0.49020346646571217,2.18109631147541,2.162809917355372,0.49557235421166307,2.125313807531381,2.124050632911392,0.475,2.1234177215189876,2.1928341754708316,2.3405481557377046,2.331404958677686,0.7015748031496056,2.3126569037656903,2.312025316455696,0.4875,2.3117088607594938,2.346417087735416,2.468109631147541,2.4662809917355375,0.9403149606299209,2.4625313807531377,2.4624050632911394,0.4975,2.462341772151899,2.4692834175470835,394.4537815126088,397.3109243697589,397.4453781512525,392.38655462184437,396.7563025210238,82974427.42857142,28970147.49579832,51665773.71428571,25797089.88235294,36053405.042016804,3261386924.10084,2558434708.4369745,749111037.8487395,4993473183.193277,3999478345.142857,0,0,0,0,0,14.739495798319327,3.0252100840336134,4.386554621848739,0.9243697478991596,16.77310924369748,0,0,0,0,0,56225.34453781512,22811.96638655462,989794.9579831932,38412.90756302521,72738.42016806723,1529.3445378151262,266.4201680672269,2828.18487394958,1704.7394957983195,426.25210084033614,1730.6722689075632,377.21008403361344,1895.3781512605042,2088.72268907563,529.9999999999999,0,0,0,0,0,0,0,0,0,0,0,0,0,0,0,0,0,0,0,0
1693106439,0.321189318160963,0.31879935259208375,0.3368893879842784,0.04314063848144956,1.7969667201763424,0.38644853793636613,0.059423591165692825,0.11094346321114769,0.13161935682007647,0.049968769519050646,0,0.13521344407958288,0.10787292569353311,0.5256472031188405,0.12252499509900029,3.396617273102682,7.328605201334046,50.03616289163391,0.4567413934426239,10.276272504013246,3.0426071643264994,0.3125510904228978,0.6381544488328756,2.3469702408634143,0.9564811417863861,0,0.30157012748696155,2.496558821308504,2.6986063406193876,1.0588467383846298,2.4318619803615724,6.645740350188821,49.27943103125586,0.43140638481449567,8.33792558161822,2.1039975954312973,0.43577300188174745,0.44377385284459075,2.2155925064712965,0.5996252342286077,0,0.11589723778249962,2.139479692921747,1.1827062070173922,0.5881199764751993,50000,100000,50000,50000,50000,50000,10000,50000,50000,20000,50000,0,6082560,2162688,220594176,0,0,2297856,0,0,2973696,0,0,0,0,5001216,12.113425713499128,4.855559370248664,7.411566535654127,4.270923209663503,183.43436279560103,493.10833440680153,0,0,564.6470407581276,1.6489693941286696,0,0,430.73659229427733,0,19.40795922368163,0,0,2162688,0,0,0,0,0,0,0,0,0,0,0,0,225292288,79433728,17739776,439984128,111808512,349663232,40251392,10924032,310304768,94081024,4952064,3993600,305532928,16125952,134160384,207212544,70422528,13922304,200048640,104620032,330891264,35819520,9596928,292638720,84074496,4055040,2568192,296423424,15003648,37847040,0,0,0,0,0,0,0,0,0,0,0,0,0,0,0,209297408,79200256,17383424,425435136,108507136,333570048,40009728,10678272,296714240,93749248,4796416,2912256,298950656,15781888,44548096,191184896,73117696,17383424,212140032,108507136,333570048,37711872,10678272,296714240,90775552,4796416,2912256,298950656,15781888,39682048,1073741824,1073741824,314572800,0,1073741824,1073741824,1073741824,314572800,1073741824,0,0,0,1073741824,314572800,2147483648,10.324194418559028,0,4.734079429533525,0,0,13.967849441286022,37378.58649271666,0,19948.578785777954,0,0,41340.91354636346,10.324194418559028,0,4.734079429533525,0,0,13.967849441286022,37378.58649271666,0,19948.578785777954,0,0,41340.91354636346,102.29997553217518,50.92063737923289,480.57722734464505,20.862741841733786,34.23071202430784,38.77101449275362,16.5667121904875,59.26869863726204,45.9442456650808,92.79282900554706,0,0,0,0,0,0,0,0,0,0,118630.46244188891,121643.05214040929,1583611.2444759668,99485.6555675496,334130.67590251367,549548.1507246377,3020.663856065554,8853.14157911162,593926.6700743128,123890.70664844441,0,0,0,0,0,0,0,0,0,0,120.52850501590409,41.10437762589788,466.0374270282066,27.588640704143483,47.277054161443175,54.12173913043478,14.805138253864575,71.17965255383335,59.627255927338496,124.40710668060133,0,0,0,0,0,0,0,0,0,0,24279.887448005873,6803.965226819492,142180.99732664082,5662.376484264718,12201.155897414104,6551.257971014493,2793.361439344457,10163.55456153126,12522.136594188652,23631.180159176783,0,0,0,0,0,0,0,0,0,0,34,28,62,14,14,2,14,106,0,0,0,0,0.009343952483801295,0.004064788732394365,0.03135424940428912,0.01626470588235294,0.0015697674418604654,0.003033898305084746,0.0030483592400690845,0.0032217792175429855,0.02160207423580786,0.04053240740740739,0.07440285204991089,0.02469294117647059,0.004332558139534884,0.0046610169491525435,0.004692573402417961,0.004999202591577374,0.023301037117903926,0.04682870370370369,0.08791443850267376,0.0410227272727273,0.004677906976744186,0.004864406779661017,0.004898100172711571,0.0076377672209026175,0.024660207423580785,0.07985185185185194,0.09872370766488411,0.08341666666666664,0.004954186046511628,0.01600000000000006,0.033541666666666664,0.009755581947743468,0.45693277310924374,0.375,0.3864290856731461,0.4584497206703911,0.8734177215189872,0.375,0.45775139664804476,0.49020346646571217,2.18109631147541,2.162809917355372,0.49557235421166307,2.125313807531381,2.124050632911392,0.475,2.1234177215189876,2.1928341754708316,2.3405481557377046,2.331404958677686,0.7015748031496056,2.3126569037656903,2.312025316455696,0.4875,2.3117088607594938,2.346417087735416,2.468109631147541,2.4662809917355375,0.9403149606299209,2.4625313807531377,2.4624050632911394,0.4975,2.462341772151899,2.4692834175470835,394.42016806721904,397.378151260507,397.2941176470449,392.4873949579836,396.6554621848712,82974427.42857142,28970147.49579832,51665773.71428571,25797089.88235294,36053405.042016804,3119657338.6218486,2672161972.705882,749114617.5462185,4993579266.15126,4077891343.0588236,0,0,0,0,0,14.705882352941176,3.0252100840336134,4.386554621848739,0.9243697478991596,16.436974789915965,0,0,0,0,0,56130.68907563025,22811.96638655462,989794.9579831932,38412.90756302521,69855.73109243697,1524.7394957983192,264.7563025210084,2828.1512605042017,1698.7731092436975,426.40336134453776,1726.1176470588234,375.4117647058824,1894.6554621848738,2081.983193277311,530.1512605042017,0,0,0,0,0,0,0,0,0,0,0,0,0,0,0,0,0,0,0,0
1693106440,0.321189318160963,0.31879935259208375,0.3368893879842784,0.035145678838786804,1.7969667201763424,0.38644853793636613,0.059423591165692825,0.11094346321114769,0.13161935682007647,0.049968769519050646,0,0.13521344407958288,0.10787292569353311,0.5256472031188405,0.12252499509900029,3.396617273102682,7.328605201334046,50.03616289163391,0.4510722296418664,10.276272504013246,3.0426071643264994,0.3125510904228978,0.6381544488328756,2.3469702408634143,0.9564811417863861,0,0.30157012748696155,2.496558821308504,2.6986063406193876,1.0588467383846298,2.4318619803615724,6.645740350188821,49.27943103125586,0.40417530664604784,8.33792558161822,2.1039975954312973,0.43577300188174745,0.44377385284459075,2.2155925064712965,0.5996252342286077,0,0.11589723778249962,2.139479692921747,1.1827062070173922,0.5881199764751993,50000,100000,50000,50000,50000,50000,10000,50000,50000,20000,50000,0,6082560,2162688,220594176,0,0,2297856,0,0,2973696,0,0,0,0,5001216,12.113425713499128,4.855559370248664,7.411566535654127,4.639229606719853,183.43436279560103,493.10833440680153,0,0,564.6470407581276,1.6489693941286696,0,0,430.73659229427733,0,19.40795922368163,0,0,2162688,0,0,0,0,0,0,0,0,0,0,0,0,225292288,79433728,17739776,439984128,111808512,349663232,40251392,10924032,310304768,94081024,4952064,3993600,305532928,16125952,134160384,207212544,70422528,13922304,200048640,104620032,330891264,35819520,9596928,292638720,84074496,4055040,2568192,296423424,15003648,37847040,0,0,0,0,0,0,0,0,0,0,0,0,0,0,0,209297408,79200256,17383424,425435136,108507136,333570048,40009728,10678272,296714240,93749248,4796416,2912256,298950656,15781888,44548096,191184896,73117696,17383424,212140032,108507136,333570048,37711872,10678272,296714240,90775552,4796416,2912256,298950656,15781888,39682048,1073741824,1073741824,314572800,0,1073741824,1073741824,1073741824,314572800,1073741824,0,0,0,1073741824,314572800,2147483648,10.324194418559028,0,4.734079429533525,0,0,13.967849441286022,37378.58649271666,0,19948.578785777954,0,0,41340.91354636346,10.324194418559028,0,4.734079429533525,0,0,13.967849441286022,37378.58649271666,0,19948.578785777954,0,0,41340.91354636346,87.77622067259331,50.92063737923289,480.57722734464505,20.862741841733786,34.23071202430784,38.77101449275362,16.5667121904875,59.26869863726204,45.9442456650808,92.79282900554706,0,0,0,0,0,0,0,0,0,0,101788.23206576407,121643.05214040929,1583611.2444759668,99485.6555675496,334130.67590251367,549548.1507246377,3020.663856065554,8853.14157911162,593926.6700743128,123890.70664844441,0,0,0,0,0,0,0,0,0,0,103.41680531767392,41.10437762589788,466.0374270282066,27.588640704143483,47.277054161443175,54.12173913043478,14.805138253864575,71.17965255383335,59.627255927338496,124.40710668060133,0,0,0,0,0,0,0,0,0,0,20832.817871707037,6803.965226819492,142180.99732664082,5662.376484264718,12201.155897414104,6551.257971014493,2793.361439344457,10163.55456153126,12522.136594188652,23631.180159176783,0,0,0,0,0,0,0,0,0,0,36,26,54,14,12,2,14,92,0,0,0,0,0.009343952483801295,0.004064788732394365,0.03135424940428912,0.01626470588235294,0.0015697674418604654,0.003033898305084746,0.0030483592400690845,0.0032288713910761154,0.02160207423580786,0.04053240740740739,0.07440285204991089,0.02469294117647059,0.004332558139534884,0.0046610169491525435,0.004692573402417961,0.0051380145278450305,0.023301037117903926,0.04682870370370369,0.08791443850267376,0.0410227272727273,0.004677906976744186,0.004864406779661017,0.004898100172711571,0.007708232445520571,0.024660207423580785,0.07985185185185194,0.09872370766488411,0.08341666666666664,0.004954186046511628,0.01600000000000006,0.033541666666666664,0.009764406779661006,0.45693277310924374,0.375,0.3864290856731461,0.4584497206703911,0.8734177215189872,0.375,0.45775139664804476,0.47190584662110846,2.18109631147541,2.162809917355372,0.49557235421166307,2.125313807531381,2.124050632911392,0.475,2.1234177215189876,2.177518987341772,2.3405481557377046,2.331404958677686,0.7015748031496056,2.3126569037656903,2.312025316455696,0.4875,2.3117088607594938,2.3387594936708855,2.468109631147541,2.4662809917355375,0.9403149606299209,2.4625313807531377,2.4624050632911394,0.4975,2.462341772151899,2.4677518987341767,394.4369747899211,397.34453781512167,397.32773109242913,392.47058823529153,396.7394957983184,82974427.42857142,28970147.49579832,51665773.71428571,25797089.88235294,36053405.042016804,3048783596.638655,2728987398.4537816,749116063.1932772,4993702903.394958,3999537754.352941,0,0,0,0,0,15.159663865546218,3.0252100840336134,4.436974789915967,0.9243697478991596,16.789915966386555,0,0,0,0,0,59942.72268907563,22811.96638655462,990242.4201680672,38412.90756302521,73865.6806722689,1529.3109243697477,262.2016806722689,2823.81512605042,1704.7058823529412,427.4117647058824,1731.1764705882351,373.327731092437,1890.9747899159663,2088.53781512605,531.1764705882352,0,0,0,0,0,0,0,0,0,0,0,0,0,0,0,0,0,0,0,0
1693106441,0.321189318160963,0.31879935259208375,0.3005792982839651,0.035145678838786804,1.7969667201763424,0.38644853793636613,0.059423591165692825,0.11094346321114769,0.13161935682007647,0.049968769519050646,0,0.13521344407958288,0.10787292569353311,0.5256472031188405,0.12252499509900029,3.396617273102682,7.328605201334046,50.00027239042516,0.4510722296418664,10.276272504013246,3.0426071643264994,0.3125510904228978,0.6381544488328756,2.3469702408634143,0.9564811417863861,0,0.30157012748696155,2.496558821308504,2.6986063406193876,1.0588467383846298,2.4318619803615724,6.645740350188821,49.29500491857035,0.40417530664604784,8.33792558161822,2.1039975954312973,0.43577300188174745,0.44377385284459075,2.2155925064712965,0.5996252342286077,0,0.11589723778249962,2.139479692921747,1.1827062070173922,0.5881199764751993,50000,100000,50000,50000,50000,50000,10000,50000,50000,20000,50000,0,6082560,2162688,220594176,0,0,2297856,0,0,2973696,0,0,0,0,5001216,12.113425713499128,4.855559370248664,10.820854738222756,4.639229606719853,183.43436279560103,493.10833440680153,0,0,564.6470407581276,1.6489693941286696,0,0,430.73659229427733,0,19.40795922368163,0,0,2162688,0,0,0,0,0,0,0,0,0,0,0,0,225292288,79433728,17739776,439984128,111808512,349663232,40251392,10924032,310304768,94081024,4952064,3993600,305532928,16125952,134160384,207212544,70422528,13922304,200048640,104620032,330891264,35819520,9596928,292638720,84074496,4055040,2568192,296423424,15003648,37847040,0,0,0,0,0,0,0,0,0,0,0,0,0,0,0,209297408,79200256,17383424,425435136,108507136,333570048,40009728,10678272,296714240,93749248,4796416,2912256,298950656,15781888,44548096,191184896,73117696,17383424,212140032,108507136,333570048,37711872,10678272,296714240,90775552,4796416,2912256,298950656,15781888,39682048,1073741824,1073741824,314572800,0,1073741824,1073741824,1073741824,314572800,1073741824,0,0,0,1073741824,314572800,2147483648,10.324194418559028,0,4.734079429533525,0,0,13.967849441286022,37378.58649271666,0,19948.578785777954,0,0,41340.91354636346,10.324194418559028,0,4.734079429533525,0,0,13.967849441286022,37378.58649271666,0,19948.578785777954,0,0,41340.91354636346,86.07122108039039,50.92063737923289,480.57722734464505,20.862741841733786,34.23071202430784,38.77101449275362,16.5667121904875,60.825222011090865,37.80519470306995,92.79282900554706,0,0,0,0,0,0,0,0,0,0,99811.05769173258,121643.05214040929,1583611.2444759668,99485.6555675496,334130.67590251367,549548.1507246377,3020.663856065554,9089.172839027418,485070.2166394061,123890.70664844441,0,0,0,0,0,0,0,0,0,0,101.40799690074218,41.10437762589788,466.0374270282066,27.588640704143483,47.277054161443175,54.12173913043478,14.805138253864575,73.02128979718464,49.237693444891796,124.40710668060133,0,0,0,0,0,0,0,0,0,0,20428.153080906937,6803.965226819492,142180.99732664082,5662.376484264718,12201.155897414104,6551.257971014493,2793.361439344457,10427.579788265406,10473.75380756165,23631.180159176783,0,0,0,0,0,0,0,0,0,0,42,34,84,22,24,2,22,160,0,0,0,0,0.009343952483801295,0.004064788732394365,0.03135424940428912,0.01626470588235294,0.0015697674418604654,0.003033898305084746,0.0030483592400690845,0.003220603015075377,0.02160207423580786,0.04053240740740739,0.07440285204991089,0.02469294117647059,0.004332558139534884,0.0046610169491525435,0.004692573402417961,0.00499708542713568,0.023301037117903926,0.04682870370370369,0.08791443850267376,0.0410227272727273,0.004677906976744186,0.004864406779661017,0.004898100172711571,0.007620793269230773,0.024660207423580785,0.07985185185185194,0.09872370766488411,0.08341666666666664,0.004954186046511628,0.01600000000000006,0.033541666666666664,0.009745312500000004,0.45693277310924374,0.375,0.3864290856731461,0.4584497206703911,0.8734177215189872,0.375,0.45775139664804476,0.4865297663903542,2.18109631147541,2.162809917355372,0.49557235421166307,2.125313807531381,2.124050632911392,0.475,2.1234177215189876,2.189967259120674,2.3405481557377046,2.331404958677686,0.7015748031496056,2.3126569037656903,2.312025316455696,0.4875,2.3117088607594938,2.3449836295603363,2.468109631147541,2.4662809917355375,0.9403149606299209,2.4625313807531377,2.4624050632911394,0.4975,2.462341772151899,2.4689967259120675,394.3529411764636,397.27731092435937,397.3109243697386,392.4201680672416,396.7058823529269,82974427.42857142,28970147.49579832,51665773.71428571,25797089.88235294,36053405.042016804,3048869509.378151,2672210160.9411764,749196950.5882353,5086332463.327731,4156403677.5798316,0,0,0,0,0,15.22689075630252,3.0252100840336134,4.436974789915967,0.47058823529411764,16.991596638655462,0,0,0,0,0,60011.56302521008,22811.96638655462,990242.4201680672,36003.49579831932,74640.13445378152,1555.2941176470588,266.43697478991595,2823.81512605042,1727.7647058823532,431.5126050420168,1756.90756302521,377.327731092437,1890.7899159663866,2112.235294117647,535.3277310924369,0,0,0,0,0,0,0,0,0,0,0,0,0,0,0,0,0,0,0,0
1693106442,0.3413521136882205,0.31879935259208375,0.3005792982839651,0.035145678838786804,1.7969667201763424,0.38644853793636613,0.059423591165692825,0.11094346321114769,0.13161935682007647,0.049968769519050646,0,0.13521344407958288,0.10787292569353311,0.5256472031188405,0.12252499509900029,3.4404804477102418,7.328605201334046,50.00027239042516,0.4510722296418664,10.276272504013246,3.0426071643264994,0.3125510904228978,0.6381544488328756,2.3469702408634143,0.9564811417863861,0,0.30157012748696155,2.496558821308504,2.6986063406193876,1.0588467383846298,2.461328398699277,6.645740350188821,49.29500491857035,0.40417530664604784,8.33792558161822,2.1039975954312973,0.43577300188174745,0.44377385284459075,2.2155925064712965,0.5996252342286077,0,0.11589723778249962,2.139479692921747,1.1827062070173922,0.5881199764751993,50000,100000,50000,50000,50000,50000,10000,50000,50000,20000,50000,0,6082560,2162688,220594176,0,0,2297856,0,0,2973696,0,0,0,0,5001216,11.85749447548553,4.855559370248664,10.820854738222756,4.639229606719853,183.43436279560103,493.10833440680153,0,0,564.6470407581276,1.6489693941286696,0,0,430.73659229427733,0,19.40795922368163,0,0,2162688,0,0,0,0,0,0,0,0,0,0,0,0,225292288,79433728,17739776,439984128,111808512,349663232,40251392,10924032,310304768,94081024,4952064,3993600,305532928,16125952,134160384,207347712,70422528,13922304,200048640,104620032,330891264,35819520,9596928,292638720,84074496,4055040,2568192,296423424,15003648,37847040,0,0,0,0,0,0,0,0,0,0,0,0,0,0,0,209391616,79200256,17383424,425435136,108507136,333570048,40009728,10678272,296714240,93749248,4796416,2912256,298950656,15781888,44548096,191279104,73117696,17383424,212140032,108507136,333570048,37711872,10678272,296714240,90775552,4796416,2912256,298950656,15781888,39682048,1073741824,1073741824,314572800,0,1073741824,1073741824,1073741824,314572800,1073741824,0,0,0,1073741824,314572800,2147483648,10.324194418559028,0,4.734079429533525,0,0,13.967849441286022,37378.58649271666,0,19948.578785777954,0,0,41340.91354636346,10.324194418559028,0,4.734079429533525,0,0,13.967849441286022,37378.58649271666,0,19948.578785777954,0,0,41340.91354636346,84.36622148818748,50.92063737923289,487.065823433221,20.86274184173379,34.23071202430784,38.77101449275362,16.5667121904875,60.825222011090865,45.76623049823855,92.79282900554706,0,0,0,0,0,0,0,0,0,0,97833.8833177011,121643.05214040929,1582517.6034832634,99485.65556754962,334130.67590251367,549548.1507246377,3020.663856065554,9089.172839027418,587216.5324609965,123890.70664844441,0,0,0,0,0,0,0,0,0,0,99.39918848381045,41.10437762589788,473.13671020745903,27.58864070414349,47.277054161443175,54.12173913043478,14.805138253864575,73.02128979718464,59.60619023653749,124.40710668060133,0,0,0,0,0,0,0,0,0,0,20023.48829010684,6803.965226819492,145153.18084205134,5662.376484264719,12201.155897414104,6551.257971014493,2793.361439344457,10427.579788265406,12679.321841972824,23631.180159176783,0,0,0,0,0,0,0,0,0,0,52,12,48,12,14,2,14,92,0,0,0,0,0.009319620253164556,0.004044444444444444,0.03135826771653543,0.01609797297297297,0.0016804733727810647,0.003037037037037037,0.0030437158469945355,0.0032218898030416357,0.021582974137931036,0.04035046728971962,0.0742832167832168,0.024219594594594593,0.0043455621301775145,0.004666666666666666,0.004684517304189435,0.004999401645474944,0.023291487068965513,0.046752336448598115,0.08766608391608391,0.030604838709677402,0.004678698224852071,0.00487037037037037,0.004889617486338798,0.007614117647058831,0.0246582974137931,0.07970370370370347,0.09837237762237763,0.049991935483870945,0.004945207100591716,0.01675,0.03487499999999974,0.009711058823529418,0.4575208913649025,0.375,0.38630698005698,0.4581024930747923,0.8572916666666667,0.375,0.45107142857142857,0.48324646314221886,2.1816265060240965,2.1631147540983604,0.49535256410256406,2.124375,2.103521126760563,0.475,2.1035211267605636,2.1873713751169315,2.340813253012048,2.33155737704918,0.6986220472440943,2.3121875,2.3017605633802813,0.4875,2.3017605633802813,2.343685687558466,2.4681626506024097,2.466311475409836,0.939724409448819,2.4624375,2.460352112676056,0.4975,2.460352112676056,2.4687371375116927,394.3865546218494,397.3445378151301,397.3613445378184,392.31932773109963,396.6050420168035,82974427.42857142,28970147.49579832,51665773.71428571,25797089.88235294,36053405.042016804,3048970291.630252,2729020028.773109,749184765.8487395,5086436481.07563,3999658982.1848736,0,0,0,0,0,15.34453781512605,3.0252100840336134,4.436974789915967,0.47058823529411764,16.95798319327731,0,0,0,0,0,60347.15966386555,22811.96638655462,990242.4201680672,36003.49579831932,74605.71428571428,1554.436974789916,265.6134453781512,2825.09243697479,1727.0084033613446,431.57983193277306,1755.764705882353,376.4705882352941,1891.6974789915967,2111.6974789915967,535.3613445378152,0,0,0,0,0,0,0,0,0,0,0,0,0,0,0,0,0,0,0,0
1693106443,0.3413521136882205,0.31879935259208375,0.3005792982839651,0.020695179341800447,1.5374897173571012,0.38644853793636613,0.059423591165692825,0.11094346321114769,0.13161935682007647,0.049968769519050646,0,0.13521344407958288,0.08618024533787146,0.5256472031188405,0.12252499509900029,3.4404804477102418,7.328605201334046,50.00027239042516,0.39055785170482804,8.792407299635133,3.0426071643264994,0.3125510904228978,0.6381544488328756,2.3469702408634143,0.9564811417863861,0,0.30157012748696155,0.840086869347301,2.6986063406193876,1.0588467383846298,2.461328398699277,6.645740350188821,49.29500491857035,0.33112286946880715,7.1339522885369435,2.1039975954312973,0.43577300188174745,0.44377385284459075,2.2155925064712965,0.5996252342286077,0,0.11589723778249962,0.5817166560306385,1.1827062070173922,0.5881199764751993,50000,100000,50000,50000,50000,50000,10000,50000,50000,20000,50000,0,6082560,2162688,220594176,0,0,2297856,0,0,2973696,0,0,0,0,5001216,11.85749447548553,4.855559370248664,10.820854738222756,4.097645509676484,156.9469503478129,493.10833440680153,0,0,564.6470407581276,1.6489693941286696,0,0,51.1910657306956,0,19.40795922368163,0,0,2162688,0,0,0,0,0,0,0,0,0,0,0,0,225292288,79433728,17739776,439984128,111808512,349663232,40251392,10924032,310304768,94081024,4952064,3993600,305532928,16125952,134160384,207347712,70422528,13922304,200048640,104620032,330891264,35819520,9596928,292638720,84074496,4055040,2568192,296423424,15003648,37847040,0,0,0,0,0,0,0,0,0,0,0,0,0,0,0,209391616,79200256,17383424,425435136,108507136,333570048,40009728,10678272,296714240,93749248,4796416,2912256,298950656,15781888,44548096,191279104,73117696,17383424,212140032,108507136,333570048,37711872,10678272,296714240,90775552,4796416,2912256,298950656,15781888,39682048,1073741824,1073741824,314572800,0,1073741824,1073741824,1073741824,314572800,1073741824,0,0,0,1073741824,314572800,2147483648,10.324194418559028,0,4.734079429533525,0,0,13.967849441286022,37378.58649271666,0,19948.578785777954,0,0,41340.91354636346,10.324194418559028,0,4.734079429533525,0,0,13.967849441286022,37378.58649271666,0,19948.578785777954,0,0,41340.91354636346,106.28762768044373,50.92063737923289,487.065823433221,20.86274184173379,34.23071202430784,38.77101449275362,16.5667121904875,60.825222011090865,45.76623049823855,92.79282900554706,0,0,0,0,0,0,0,0,0,0,120235.18568626123,121643.05214040929,1582517.6034832634,99485.65556754962,334130.67590251367,549548.1507246377,3020.663856065554,9089.172839027418,587216.5324609965,123890.70664844441,0,0,0,0,0,0,0,0,0,0,125.27903673138063,41.10437762589788,473.13671020745903,27.58864070414349,47.277054161443175,54.12173913043478,14.805138253864575,73.02128979718464,59.60619023653749,124.40710668060133,0,0,0,0,0,0,0,0,0,0,25301.900832036794,6803.965226819492,145153.18084205134,5662.376484264719,12201.155897414104,6551.257971014493,2793.361439344457,10427.579788265406,12679.321841972824,23631.180159176783,0,0,0,0,0,0,0,0,0,0,50,22,58,12,10,2,10,112,0,0,0,0,0.009319620253164556,0.004044444444444444,0.03135826771653543,0.01609797297297297,0.001568965517241379,0.003033898305084746,0.0030410256410256407,0.0032218898030416357,0.021582974137931036,0.04035046728971962,0.0742832167832168,0.024219594594594593,0.004322988505747126,0.0046610169491525435,0.004679316239316239,0.004999401645474944,0.023291487068965513,0.046752336448598115,0.08766608391608391,0.030604838709677402,0.004667241379310344,0.004864406779661017,0.0048841025641025645,0.007614117647058831,0.0246582974137931,0.07970370370370347,0.09837237762237763,0.049991935483870945,0.00494264367816092,0.01600000000000006,0.033375000000000085,0.009711058823529418,0.4575208913649025,0.375,0.38630698005698,0.4581024930747923,0.8739583333333333,0.375,0.45798611111111115,0.48324646314221886,2.1816265060240965,2.1631147540983604,0.49535256410256406,2.124375,2.1240585774058576,0.475,2.124058577405858,2.1873713751169315,2.340813253012048,2.33155737704918,0.6986220472440943,2.3121875,2.312029288702929,0.4875,2.312029288702929,2.343685687558466,2.4681626506024097,2.466311475409836,0.939724409448819,2.4624375,2.4624058577405856,0.4975,2.4624058577405856,2.4687371375116927,394.25210084033915,397.3445378151243,397.3445378151494,392.0336134453749,396.57142857142884,82974427.42857142,28970147.49579832,51665773.71428571,25797089.88235294,36053405.042016804,3049070523.1596637,2785870168.2016807,749197776.6722689,4994205988.571428,3921268976.9411764,0,0,0,0,0,15.46218487394958,3.0252100840336134,4.436974789915967,0.47058823529411764,17.159663865546218,0,0,0,0,0,60742.991596638654,22811.96638655462,990242.4201680672,36003.49579831932,75311.32773109243,1559.8823529411764,266.48739495798316,2825.2605042016803,1736.3529411764707,433.9663865546218,1761.2268907563025,377.5126050420168,1892.9411764705883,2120.924369747899,537.7647058823529,0,0,0,0,0,0,0,0,0,0,0,0,0,0,0,0,0,0,0,0
1693106444,0.3413521136882205,0.31879935259208375,0.3005792982839651,0.02416100896373435,1.5075402720208286,0.38644853793636613,0.04831901937524717,0.11094346321114769,0.13161935682007647,0.049968769519050646,0,0.15994881637875893,0.08795291781890385,0.5256472031188405,0.19015021867275123,3.4404804477102418,7.328605201334046,50.00027239042516,0.4559647249269135,8.621136091234911,3.0426071643264994,0.2560218369524546,0.6381544488328756,2.3469702408634143,0.9564811417863861,0,0.3060370841330775,0.8573669184946456,2.6986063406193876,1.0810149001711347,2.461328398699277,6.645740350188821,49.29500491857035,0.3865761434197496,6.9949868621766385,2.1039975954312973,0.3623926453143532,0.44377385284459075,2.2155925064712965,0.5996252342286077,0,0.10663254425250594,0.5936821952776075,1.1827062070173922,0.5894656778855288,50000,100000,50000,50000,50000,50000,10000,50000,50000,20000,50000,0,6082560,2162688,220594176,0,0,2297856,0,0,2973696,0,0,0,0,5136384,11.85749447548553,4.855559370248664,10.820854738222756,4.783879774819397,153.8897109678862,493.10833440680153,0,0,564.6470407581276,1.6489693941286696,0,0,52.24403318442885,0,16.314888762122077,0,0,2162688,0,0,0,0,0,0,0,0,0,0,0,0,225292288,79433728,17739776,439984128,111808512,349663232,40251392,10924032,310304768,94081024,4952064,3993600,305532928,16125952,134160384,207347712,70422528,13922304,200048640,104620032,330891264,35819520,9596928,292638720,84074496,4055040,2568192,296423424,15003648,37982208,0,0,0,0,0,0,0,0,0,0,0,0,0,0,0,209391616,79200256,17383424,425435136,108507136,333570048,40009728,10678272,296714240,93749248,4796416,2912256,298950656,15781888,44728320,191279104,73117696,17383424,212140032,108507136,333570048,37711872,10678272,296714240,90775552,4796416,2912256,298950656,15781888,39591936,1073741824,1073741824,314572800,0,1073741824,1073741824,1073741824,314572800,1073741824,0,0,0,1073741824,314572800,2147483648,10.324194418559028,0,3.889681059707393,0,0,14.014071116181784,37378.58649271666,0,14794.124076235663,0,0,41532.45864232744,10.324194418559028,0,3.889681059707393,0,0,14.014071116181784,37378.58649271666,0,14794.124076235663,0,0,41532.45864232744,107.40877106856489,51.87360573800582,487.065823433221,20.86274184173379,34.23071202430784,38.77101449275362,16.5667121904875,60.825222011090865,45.76623049823854,94.85224022878931,0,0,0,0,0,0,0,0,0,0,120976.84503354607,121824.86657442183,1582517.6034832634,99485.65556754962,334130.67590251367,549548.1507246377,3020.663856065554,9089.172839027418,587216.5324609964,124777.24817286304,0,0,0,0,0,0,0,0,0,0,126.59548355424644,41.73608561827578,473.13671020745903,27.58864070414349,47.277054161443175,54.12173913043478,14.805138253864575,73.02128979718464,59.606190236537486,126.86685732443597,0,0,0,0,0,0,0,0,0,0,25595.769923089512,6967.949623019796,145153.18084205134,5662.376484264719,12201.155897414104,6551.257971014493,2793.361439344457,10427.579788265406,12679.321841972822,24121.915051371674,0,0,0,0,0,0,0,0,0,0,18,20,54,2,4,2,2,16,0,0,0,0,0.009319620253164556,0.004044444444444444,0.03135826771653543,0.01609797297297297,0.001568965517241379,0.003033898305084746,0.0030410256410256407,0.0032218898030416357,0.021582974137931036,0.04035046728971962,0.0742832167832168,0.024219594594594593,0.004322988505747126,0.0046610169491525435,0.004679316239316239,0.004999401645474944,0.023291487068965513,0.046752336448598115,0.08766608391608391,0.030604838709677402,0.004667241379310344,0.004864406779661017,0.0048841025641025645,0.007614117647058831,0.0246582974137931,0.07970370370370347,0.09837237762237763,0.049991935483870945,0.00494264367816092,0.01600000000000006,0.033375000000000085,0.009711058823529418,0.4575208913649025,0.375,0.38630698005698,0.4581024930747923,0.8739583333333333,0.375,0.45798611111111115,0.48324646314221886,2.1816265060240965,2.1631147540983604,0.49535256410256406,2.124375,2.1240585774058576,0.475,2.124058577405858,2.1873713751169315,2.340813253012048,2.33155737704918,0.6986220472440943,2.3121875,2.312029288702929,0.4875,2.312029288702929,2.343685687558466,2.4681626506024097,2.466311475409836,0.939724409448819,2.4624375,2.4624058577405856,0.4975,2.4624058577405856,2.4687371375116927,394.1680672268926,397.19327731092534,397.36134453782637,392.05042016806755,396.5882352941117,66379707.15966386,28970147.49579832,51665773.71428571,25797089.88235294,36053405.042016804,2978369776.9411764,2785859910.9915967,749186899.8991597,4994302089.680672,3842976036.5714283,0,0,0,0,0,15.411764705882351,3.0252100840336134,4.436974789915967,0.47058823529411764,17.26050420168067,0,0,0,0,0,60553.68067226891,22811.96638655462,990242.4201680672,36003.49579831932,75741.57983193277,1560.0168067226891,266.25210084033614,2826.90756302521,1741.3445378151262,434.70588235294116,1761.6302521008404,377.4117647058824,1894.6386554621847,2126.1512605042017,538.5042016806723,0,0,0,0,0,0,0,0,0,0,0,0,0,0,0,0,0,0,0,0
1693106445,0.3413521136882205,0.31879935259208375,0.3005792982839651,0.02416100896373435,1.4775908266845568,0.38644853793636613,0.049268011071569834,0.10280485924301364,0.13161935682007647,0.05516125473467483,0,0.15994881637875893,0.08972559029993626,0.5256472031188405,0.19015021867275123,3.4404804477102418,7.328605201334046,50.00027239042516,0.4559647249269135,8.449864882834692,3.0426071643264994,0.2610501384471165,0.6368239689529327,2.3469702408634143,0.9622969054536085,0,0.3060370841330775,0.8746469676419901,2.6986063406193876,1.0810149001711347,2.461328398699277,6.645740350188821,49.29500491857035,0.3865761434197496,6.856021435816337,2.1039975954312973,0.3695100830367732,0.41121943697205454,2.2155925064712965,0.6619350568160945,0,0.10663254425250594,0.6056477345245763,1.1827062070173922,0.5894656778855288,50000,100000,50000,50000,50000,50000,10000,50000,50000,20000,50000,0,6082560,2162688,220594176,0,0,2297856,0,0,2973696,0,0,0,0,5136384,11.85749447548553,4.855559370248664,10.820854738222756,4.783879774819397,150.83247158795953,493.10833440680153,0,0,564.6470407581276,1.2135476041628361,0,0,53.29700063816209,0,16.314888762122077,0,0,2162688,0,0,0,0,0,0,0,0,0,0,0,0,225292288,79433728,17739776,439984128,111808512,349663232,40251392,10944512,310304768,94081024,4952064,3993600,305532928,16125952,134160384,207347712,70422528,13922304,200048640,104620032,330891264,35819520,9596928,292638720,84074496,4055040,2568192,296423424,15003648,37982208,0,0,0,0,0,0,0,0,0,0,0,0,0,0,0,209391616,79200256,17383424,425435136,108507136,333570048,40009728,10551296,296714240,93790208,4796416,2912256,298950656,15781888,44728320,191279104,73117696,17383424,212140032,108507136,333570048,37711872,10551296,296714240,90816512,4796416,2912256,298950656,15781888,39591936,1073741824,1073741824,314572800,0,1073741824,1073741824,1073741824,314572800,1073741824,0,0,0,1073741824,314572800,2147483648,10.324194418559028,0,3.9660748912613677,0,0,14.014071116181784,37378.58649271666,0,15084.68255784895,0,0,41532.45864232744,10.324194418559028,0,3.9660748912613677,0,0,14.014071116181784,37378.58649271666,0,15084.68255784895,0,0,41532.45864232744,107.40877106856489,51.87360573800582,487.065823433221,20.86274184173379,34.23071202430785,38.77101449275362,16.5667121904875,60.825222011090865,45.76623049823854,94.85224022878931,0,0,0,0,0,0,0,0,0,0,120976.84503354607,121824.86657442183,1582517.6034832634,99485.65556754962,334130.6759025137,549548.1507246377,3020.663856065554,9089.172839027418,587216.5324609964,124777.24817286304,0,0,0,0,0,0,0,0,0,0,126.59548355424644,41.73608561827578,473.13671020745903,27.58864070414349,47.27705416144318,54.12173913043478,14.805138253864575,73.02128979718464,59.606190236537486,126.86685732443597,0,0,0,0,0,0,0,0,0,0,25595.769923089512,6967.949623019796,145153.18084205134,5662.376484264719,12201.155897414106,6551.257971014493,2793.361439344457,10427.579788265406,12679.321841972822,24121.915051371674,0,0,0,0,0,0,0,0,0,0,20,16,40,6,4,2,6,36,0,0,0,0,0.009319620253164556,0.004044444444444444,0.03135826771653543,0.01609797297297297,0.001568965517241379,0.003033898305084746,0.0030410256410256407,0.0032290473711608534,0.021582974137931036,0.04035046728971962,0.0742832167832168,0.024219594594594593,0.004322988505747126,0.0046610169491525435,0.004679316239316239,0.0051401425178147315,0.023291487068965513,0.046752336448598115,0.08766608391608391,0.030604838709677402,0.004667241379310344,0.004864406779661017,0.0048841025641025645,0.007682897862232784,0.0246582974137931,0.07970370370370347,0.09837237762237763,0.049991935483870945,0.00494264367816092,0.01600000000000006,0.033375000000000085,0.009717102137767221,0.4575208913649025,0.375,0.38630698005698,0.4581024930747923,0.8739583333333333,0.375,0.45798611111111115,0.4686796699174794,2.1816265060240965,2.1631147540983604,0.49535256410256406,2.124375,2.1240585774058576,0.475,2.124058577405858,2.1746200607902737,2.340813253012048,2.33155737704918,0.6986220472440943,2.3121875,2.312029288702929,0.4875,2.312029288702929,2.337310030395137,2.4681626506024097,2.466311475409836,0.939724409448819,2.4624375,2.4624058577405856,0.4975,2.4624058577405856,2.4674620060790273,394.1848739495966,397.1932773109243,397.41176470587146,391.81512605041127,396.57142857143225,82974496.26890756,19313431.663865544,51665773.71428571,25797089.88235294,36053405.042016804,3049375761.210084,2785852889.277311,749101744.4033613,4994439770.352941,3921512809.4117646,0,0,0,0,0,15.243697478991596,3.0252100840336134,4.436974789915967,0.47058823529411764,17.092436974789916,0,0,0,0,0,60071.798319327725,22811.96638655462,990242.4201680672,36003.49579831932,75122.01680672269,1550.9747899159663,265.94957983193274,2826.336134453781,1725.6134453781513,431.12605042016804,1752.3193277310925,377.26050420168065,1894,2109.5630252100837,534.9915966386554,0,0,0,0,0,0,0,0,0,0,0,0,0,0,0,0,0,0,0,0
1693106446,0.3300039600475213,0.31879935259208375,0.3005792982839651,0.02416100896373435,1.1999999999999966,0.38644853793636613,0.05021700276789248,0.10280485924301364,0.13635124079629135,0.05516125473467483,0,0.15994881637875893,0.09149826278096868,0.5256472031188405,0.19015021867275123,3.45772313987768,7.328605201334046,50.00027239042516,0.4559647249269135,6.042229362500002,3.0426071643264994,0.2660784399417784,0.6368239689529327,2.03141003374693,0.9622969054536085,0,0.3060370841330775,0.8919270167893347,2.6986063406193876,1.0810149001711347,2.4420293043516508,6.645740350188821,49.29500491857035,0.3865761434197496,4.974999999999988,2.1039975954312973,0.3766275207591931,0.41121943697205454,1.89187346604854,0.6619350568160945,0,0.10663254425250594,0.6176132737715451,1.1827062070173922,0.5894656778855288,50000,100000,50000,50000,50000,50000,10000,50000,50000,20000,50000,0,6082560,2162688,220594176,0,0,2297856,0,0,2973696,0,0,0,0,5136384,11.616139393672723,4.855559370248664,10.820854738222756,4.783879774819397,90.75,493.10833440680153,0,0,439.83501499863644,1.2135476041628361,0,0,54.34996809189534,0,16.314888762122077,0,0,2162688,0,0,0,0,0,0,0,0,0,0,0,0,225292288,79433728,17739776,439984128,111808512,349663232,40251392,10944512,310304768,94081024,4952064,3993600,305532928,16125952,134160384,207347712,70422528,13922304,200048640,104620032,330891264,35819520,9596928,292503552,84074496,4055040,2568192,296423424,15003648,37982208,0,0,0,0,0,0,0,0,0,0,0,0,0,0,0,209391616,79200256,17383424,425435136,108507136,333570048,40009728,10551296,296529920,93790208,4796416,2912256,298950656,15781888,44728320,191279104,73117696,17383424,212140032,108507136,333570048,37711872,10551296,296529920,90816512,4796416,2912256,298950656,15781888,39591936,1073741824,1073741824,314572800,0,1073741824,1073741824,1073741824,314572800,1073741824,0,0,0,1073741824,314572800,2147483648,10.324194418559028,0,4.042468722815341,0,0,14.014071116181784,37378.58649271666,0,15375.241039462237,0,0,41532.45864232744,10.324194418559028,0,4.042468722815341,0,0,14.014071116181784,37378.58649271666,0,15375.241039462237,0,0,41532.45864232744,107.40877106856489,51.87360573800582,487.065823433221,20.86274184173379,34.23071202430785,38.879505945374206,16.5667121904875,60.825222011090865,45.76623049823854,94.85224022878931,0,0,0,0,0,0,0,0,0,0,120976.84503354607,121824.86657442183,1582517.6034832634,99485.65556754962,334130.6759025137,550052.425064401,3020.663856065554,9089.172839027418,587216.5324609964,124777.24817286304,0,0,0,0,0,0,0,0,0,0,126.59548355424644,41.73608561827578,473.13671020745903,27.58864070414349,47.27705416144318,54.574611460838995,14.805138253864575,73.02128979718464,59.606190236537486,126.86685732443597,0,0,0,0,0,0,0,0,0,0,25595.769923089512,6967.949623019796,145153.18084205134,5662.376484264719,12201.155897414106,6607.0082058106,2793.361439344457,10427.579788265406,12679.321841972822,24121.915051371674,0,0,0,0,0,0,0,0,0,0,26,10,36,8,6,2,6,62,0,0,0,0,0.009319620253164556,0.004044444444444444,0.03135826771653543,0.01609797297297297,0.001568965517241379,0.003033898305084746,0.0030410256410256407,0.0032192723697148477,0.021582974137931036,0.04035046728971962,0.0742832167832168,0.024219594594594593,0.004322988505747126,0.0046610169491525435,0.004679316239316239,0.004994690265486726,0.023291487068965513,0.046752336448598115,0.08766608391608391,0.030604838709677402,0.004667241379310344,0.004864406779661017,0.0048841025641025645,0.0075796252927400505,0.0246582974137931,0.07970370370370347,0.09837237762237763,0.049991935483870945,0.00494264367816092,0.01600000000000006,0.033375000000000085,0.009693911007025763,0.4575208913649025,0.375,0.38630698005698,0.4581024930747923,0.8739583333333333,0.375,0.45798611111111115,0.488644825018615,2.1816265060240965,2.1631147540983604,0.49535256410256406,2.124375,2.1240585774058576,0.475,2.124058577405858,2.191666666666667,2.340813253012048,2.33155737704918,0.6986220472440943,2.3121875,2.312029288702929,0.4875,2.312029288702929,2.3458333333333337,2.4681626506024097,2.466311475409836,0.939724409448819,2.4624375,2.4624058577405856,0.4975,2.4624058577405856,2.4691666666666667,394.0672268907426,397.14285714285637,397.27731092436727,391.8655462184899,396.53781512604957,82974496.26890756,19313431.663865544,51665773.71428571,25797089.88235294,36053405.042016804,3120281858.1512604,2842680380.235294,749000686.7899159,4994562099.630252,3921543374.521008,0,0,0,0,0,15.34453781512605,3.0252100840336134,4.436974789915967,0.47058823529411764,16.941176470588236,0,0,0,0,0,60364.36974789916,22811.96638655462,990242.4201680672,36003.49579831932,72815.86554621848,1553.4117647058822,266.453781512605,2826.7731092436975,1730.9915966386557,431.47899159663865,1754.6890756302519,377.7647058823529,1894.3025210084031,2116.285714285714,535.3109243697478,0,0,0,0,0,0,0,0,0,0,0,0,0,0,0,0,0,0,0,0
1693106447,0.3300039600475213,0.31879935259208375,0.3005792982839651,0.02416100896373435,1.6192934196332258,0.38644853793636613,0.05021795175958882,0.0813322493224933,0.13635124079629135,0.05516125473467483,0,0.15994881637875893,0.10636034886194437,0.5256472031188405,0.19015021867275123,3.45772313987768,7.328605201334046,50.00027239042516,0.4559647249269135,8.744733014346542,3.0426071643264994,0.2660834682432731,0.536324146075365,2.03141003374693,0.9622969054536085,0,0.3060370841330775,1.0368029488406711,2.6986063406193876,1.0810149001711347,2.4420293043516508,6.645740350188821,49.29500491857035,0.3865761434197496,6.964912660350141,2.1039975954312973,0.37663463819691556,0.3659951219512199,1.89187346604854,0.6619350568160945,0,0.10663254425250594,0.7179323548181322,1.1827062070173922,0.5894656778855288,50000,100000,50000,50000,50000,50000,10000,50000,50000,20000,50000,0,6082560,2162688,220594176,0,0,2297856,0,0,2973696,0,0,0,0,5136384,11.616139393672723,4.855559370248664,10.820854738222756,4.783879774819397,155.8033403516981,493.10833440680153,0,0,439.83501499863644,1.2135476041628361,0,0,63.178047223994895,0,16.314888762122077,0,0,2162688,0,0,0,0,0,0,0,0,0,0,0,0,225292288,79433728,17739776,439984128,111808512,349663232,40251392,10944512,310304768,94081024,4952064,3993600,305532928,16125952,134160384,207347712,70422528,13922304,200048640,104755200,330891264,35819520,9596928,292503552,84074496,4055040,2568192,296423424,15003648,37982208,0,0,0,0,0,0,0,0,0,0,0,0,0,0,0,209391616,79200256,17383424,425435136,108978176,333570048,40009728,10551296,296529920,93790208,4796416,2912256,298950656,15781888,44728320,191279104,73117696,17383424,212140032,108978176,333570048,37711872,10551296,296529920,90816512,4796416,2912256,298950656,15781888,39591936,1073741824,1073741824,314572800,0,1073741824,1073741824,1073741824,314572800,1073741824,0,0,0,1073741824,314572800,2147483648,10.324194418559028,0,4.042545116646896,0,0,14.014071116181784,37378.58649271666,0,15375.531597943851,0,0,41532.45864232744,10.324194418559028,0,4.042545116646896,0,0,14.014071116181784,37378.58649271666,0,15375.531597943851,0,0,41532.45864232744,107.40877106856486,51.87360573800582,487.065823433221,20.86274184173379,34.07804972679362,38.96324262413303,16.68154572120903,60.825222011090865,45.76623049823854,82.74435176358438,0,0,0,0,0,0,0,0,0,0,120976.84503354605,121824.86657442183,1582517.6034832634,99485.65556754962,330073.29690581653,549447.3031157868,3043.1322535390896,9089.172839027418,587216.5324609964,108849.43244359709,0,0,0,0,0,0,0,0,0,0,126.59548355424641,41.73608561827578,473.13671020745903,27.58864070414349,46.88156746095897,54.3194688951577,14.819538324193344,73.02128979718464,59.606190236537486,110.67230298697173,0,0,0,0,0,0,0,0,0,0,25595.769923089505,6967.949623019796,145153.18084205134,5662.376484264719,12155.000161660577,6622.542261437631,2803.596480040811,10427.579788265406,12679.321841972822,21042.752595064085,0,0,0,0,0,0,0,0,0,0,32,14,54,12,10,2,10,74,0,0,0,0,0.009243455497382199,0.0040403337969401945,0.031215360253365007,0.01610112359550562,0.001621301775147929,0.003037037037037037,0.003042933810375671,0.0032233702337023367,0.021523102310231024,0.039918224299065413,0.074137323943662,0.024217977528089886,0.0043337278106508875,0.004666666666666666,0.004683005366726297,0.00502413793103448,0.02326155115511551,0.046302570093457916,0.08759683098591549,0.03056451612903224,0.004672781065088757,0.00487037037037037,0.004888014311270126,0.007621264367816083,0.024652310231023104,0.07623913043478246,0.09836443661971832,0.0499838709677419,0.0049440236686390535,0.01675,0.03445833333333334,0.009698965517241377,0.4601800554016619,0.3739583333333334,0.38603202846975093,0.45844875346260394,0.8661825726141079,0.375,0.4540598290598291,0.488188244047619,2.1826807228915666,2.1626543209876545,0.4948576512455516,2.125311203319502,2.1128378378378376,0.475,2.1128378378378376,2.191325136612022,2.341340361445783,2.3313271604938266,0.6917338709677417,2.312655601659751,2.3064189189189186,0.4875,2.3064189189189186,2.34566256830601,2.468268072289157,2.466265432098765,0.9383467741935487,2.4625311203319495,2.461283783783783,0.4975,2.461283783783783,2.469132513661202,394.06722689073945,397.10924369747096,397.34453781512696,391.8655462184803,396.5042016806894,82974496.26890756,19313431.663865544,51665773.71428571,25797089.88235294,36053473.88235294,3120345053.5798316,2842705988.840336,748900661.7815126,4902215404.638656,3843179872.8067226,0,0,0,0,0,15.243697478991596,3.0252100840336134,4.436974789915967,0.47058823529411764,17.025210084033613,0,0,0,0,0,60071.798319327725,22811.96638655462,990242.4201680672,36003.49579831932,75466.21848739496,1555.3277310924368,266.3697478991597,2826.5546218487393,1726.7563025210086,428.95798319327724,1756.7563025210084,377.68067226890753,1894.3865546218485,2112.470588235294,532.8571428571428,0,0,0,0,0,0,0,0,0,0,0,0,0,0,0,0,0,0,0,0
1693106448,0.3300039600475213,0.3347591593825556,0.3005792982839651,0.02416100896373435,1.6516558791801514,0.38644853793636613,0.04926896006326615,0.0829582655826559,0.11605775033656811,0.05516125473467483,0,0.162396979416183,0.10636034886194437,0.5256472031188405,0.19015021867275123,3.45772313987768,7.127657978426631,50.00027239042516,0.4559647249269135,8.91950125893655,3.0426071643264994,0.2610551667486112,0.5470464830265844,0.9056113829441494,0.9622969054536085,0,0.3038171613007999,1.0368029488406711,2.6986063406193876,1.0810149001711347,2.4420293043516508,6.304630835038119,49.29500491857035,0.3865761434197496,7.104110227317037,2.1039975954312973,0.3695172004744956,0.3733121951219516,0.7659811522213413,0.6619350568160945,0,0.12179773456213726,0.7179323548181322,1.1827062070173922,0.5894656778855288,50000,100000,50000,50000,50000,50000,10000,50000,50000,20000,50000,0,6488064,2162688,220594176,0,0,2297856,0,0,2973696,0,0,0,0,5136384,11.616139393672723,6.137251255346848,10.820854738222756,4.783879774819397,158.91715483292396,493.10833440680153,0,0,1.5319623044426907,1.2135476041628361,0,0,63.178047223994895,0,16.314888762122077,0,0,2162688,0,0,0,0,0,0,0,0,0,0,0,0,225292288,79966208,17739776,439984128,111808512,349663232,40251392,10944512,310304768,94081024,4952064,3993600,305532928,16125952,134160384,207347712,70692864,13922304,200048640,104755200,330891264,35819520,9596928,292503552,84074496,4055040,2568192,296423424,15003648,37982208,0,0,0,0,0,0,0,0,0,0,0,0,0,0,0,209391616,79642624,17383424,425435136,108978176,333570048,40009728,10551296,296529920,93790208,4796416,2912256,298950656,15781888,44728320,191279104,73289728,17383424,212140032,108978176,333570048,37711872,10551296,296529920,90816512,4796416,2912256,298950656,15781888,39591936,1073741824,1073741824,314572800,0,1073741824,1073741824,1073741824,314572800,1073741824,0,0,0,1073741824,314572800,2147483648,10.730890831318579,0,3.9661512850929217,0,0,14.014071116181784,43220.5318951088,0,15084.973116330564,0,0,41532.45864232744,10.730890831318579,0,3.9661512850929217,0,0,14.014071116181784,43220.5318951088,0,15084.973116330564,0,0,41532.45864232744,107.40877106856486,51.87360573800582,487.065823433221,20.86274184173379,34.195162635529606,38.96324262413303,17.144905314721523,60.825222011090865,45.76623049823854,95.60728510111751,0,0,0,0,0,0,0,0,0,0,120976.84503354605,121824.86657442183,1582517.6034832634,99485.65556754962,332141.2889119311,549447.3031157868,3127.4617176765773,9089.172839027418,587216.5324609964,125050.46208576622,0,0,0,0,0,0,0,0,0,0,126.59548355424641,41.73608561827578,473.13671020745903,27.58864070414349,47.58469896084575,54.3194688951577,15.13371433122922,73.02128979718464,59.606190236537486,127.75994741115967,0,0,0,0,0,0,0,0,0,0,25595.769923089505,6967.949623019796,145153.18084205134,5662.376484264719,12534.386763744562,6622.542261437631,2875.2265078954188,10427.579788265406,12679.321841972822,24231.719577742548,0,0,0,0,0,0,0,0,0,0,34,16,56,8,10,2,10,100,0,0,0,0,0.009243455497382199,0.0040403337969401945,0.031215360253365007,0.01610112359550562,0.0015517241379310342,0.003033898305084746,0.003037478705281091,0.0032233702337023367,0.021523102310231024,0.039918224299065413,0.074137323943662,0.024217977528089886,0.004319540229885057,0.0046610169491525435,0.0046783645655877355,0.00502413793103448,0.02326155115511551,0.046302570093457916,0.08759683098591549,0.03056451612903224,0.004665517241379311,0.004864406779661017,0.0048834752981260655,0.007621264367816083,0.024652310231023104,0.07623913043478246,0.09836443661971832,0.0499838709677419,0.004942298850574712,0.01600000000000006,0.03325000000000012,0.009698965517241377,0.4601800554016619,0.3739583333333334,0.38603202846975093,0.45844875346260394,0.8755186721991701,0.375,0.45844875346260394,0.488188244047619,2.1826807228915666,2.1626543209876545,0.4948576512455516,2.125311203319502,2.125311203319502,0.475,2.125311203319502,2.191325136612022,2.341340361445783,2.3313271604938266,0.6917338709677417,2.312655601659751,2.312655601659751,0.4875,2.312655601659751,2.34566256830601,2.468268072289157,2.466265432098765,0.9383467741935487,2.4625311203319495,2.4625311203319495,0.4975,2.4625311203319495,2.469132513661202,393.9327731092431,397.07563025209896,397.26050420169855,391.7647058823598,396.68907563024607,82974496.26890756,19313431.663865544,51665773.71428571,25797089.88235294,36053473.88235294,3049624137.142857,2956409434.352941,748804354.1512605,5087165431.394958,3764831102.92437,0,0,0,0,0,15.277310924369747,3.7983193277310923,4.436974789915967,0.47058823529411764,17.025210084033613,0,0,0,0,0,60226.68907563025,26262.588235294115,990242.4201680672,36003.49579831932,75423.19327731091,1565.7815126050418,267.1428571428571,2828.9747899159665,1735.983193277311,430.235294117647,1767.4117647058822,378.3697478991596,1896.1680672268906,2123.2773109243694,534.3025210084033,0,0,0,0,0,0,0,0,0,0,0,0,0,0,0,0,0,0,0,0
1693106449,0.3300039600475213,0.3347591593825556,0.29238056254020217,0.02416100896373435,1.9417475728155342,0.38644853793636613,0.048319968366943494,0.09756097560975618,0.11605775033656811,0.05516125473467483,0,0.162396979416183,0.10636034886194437,0.5256472031188405,0.19015021867275123,3.45772313987768,7.127657978426631,50.001050622770585,0.4559647249269135,10.486094675400642,3.0426071643264994,0.25602686525394924,0.6433402170731696,0.9056113829441494,0.9622969054536085,0,0.3038171613007999,1.0368029488406711,2.6986063406193876,1.0810149001711347,2.4420293043516508,6.304630835038119,49.25637876927274,0.3865761434197496,8.351854018013803,2.1039975954312973,0.36239976275207564,0.43902439024390283,0.7659811522213413,0.6619350568160945,0,0.12179773456213726,0.7179323548181322,1.1827062070173922,0.5894656778855288,50000,100000,50000,50000,50000,50000,10000,50000,50000,20000,50000,0,6488064,2162688,220594176,0,0,2297856,0,0,2973696,0,0,0,0,5136384,11.616139393672723,6.137251255346848,11.578270276592011,4.783879774819397,186.82886887355247,493.10833440680153,0,0,1.5319623044426907,1.2135476041628361,0,0,63.178047223994895,0,16.314888762122077,0,0,2162688,0,0,0,0,0,0,0,0,0,0,0,0,225292288,79966208,17977344,439984128,111808512,349663232,40251392,10944512,310304768,94081024,4952064,3993600,305532928,16125952,134160384,207347712,70692864,14327808,200048640,104755200,330891264,35819520,9596928,292503552,84074496,4055040,2568192,296423424,15003648,37982208,0,0,0,0,0,0,0,0,0,0,0,0,0,0,0,209391616,79642624,17715200,425435136,108978176,333570048,40009728,10551296,296529920,93790208,4796416,2912256,298950656,15781888,44728320,191279104,73289728,17715200,212140032,108978176,333570048,37711872,10551296,296529920,90816512,4796416,2912256,298950656,15781888,39591936,1073741824,1073741824,314572800,0,1073741824,1073741824,1073741824,314572800,1073741824,0,0,0,1073741824,314572800,2147483648,10.730890831318579,0,3.889757453538948,0,0,14.014071116181784,43220.5318951088,0,14794.41463471728,0,0,41532.45864232744,10.730890831318579,0,3.889757453538948,0,0,14.014071116181784,43220.5318951088,0,14794.41463471728,0,0,41532.45864232744,107.40877106856486,51.87360573800582,487.065823433221,20.86274184173379,34.195162635529606,38.96324262413303,17.14490531472152,50.18402063928704,46.275811209439524,95.60728510111751,0,0,0,0,0,0,0,0,0,0,120976.84503354605,121824.86657442183,1582517.6034832634,99485.65556754962,332141.2889119311,549447.3031157868,3127.461717676577,7500.442738043532,589026.9174041298,125050.46208576622,0,0,0,0,0,0,0,0,0,0,126.59548355424641,41.73608561827578,473.13671020745903,27.58864070414349,47.58469896084575,54.3194688951577,15.133714331229218,60.23028007013819,61.168469354310055,127.75994741115967,0,0,0,0,0,0,0,0,0,0,25595.769923089505,6967.949623019796,145153.18084205134,5662.376484264719,12534.386763744562,6622.542261437631,2875.2265078954183,8614.773834113541,12966.302032120615,24231.719577742548,0,0,0,0,0,0,0,0,0,0,22,12,30,10,8,2,10,64,0,0,0,0,0.009243455497382199,0.0040403337969401945,0.031215360253365007,0.01610112359550562,0.0015517241379310342,0.003033898305084746,0.003037478705281091,0.0032233702337023367,0.021523102310231024,0.039918224299065413,0.074137323943662,0.024217977528089886,0.004319540229885057,0.0046610169491525435,0.0046783645655877355,0.00502413793103448,0.02326155115511551,0.046302570093457916,0.08759683098591549,0.03056451612903224,0.004665517241379311,0.004864406779661017,0.0048834752981260655,0.007621264367816083,0.024652310231023104,0.07623913043478246,0.09836443661971832,0.0499838709677419,0.004942298850574712,0.01600000000000006,0.03325000000000012,0.009698965517241377,0.4601800554016619,0.3739583333333334,0.38603202846975093,0.45844875346260394,0.8755186721991701,0.375,0.45844875346260394,0.488188244047619,2.1826807228915666,2.1626543209876545,0.4948576512455516,2.125311203319502,2.125311203319502,0.475,2.125311203319502,2.191325136612022,2.341340361445783,2.3313271604938266,0.6917338709677417,2.312655601659751,2.312655601659751,0.4875,2.312655601659751,2.34566256830601,2.468268072289157,2.466265432098765,0.9383467741935487,2.4625311203319495,2.4625311203319495,0.4975,2.4625311203319495,2.469132513661202,393.94957983192984,397.1764705882551,397.2436974789797,391.79831932771,396.7563025209943,82974496.26890756,19313431.663865544,51665773.71428571,25797089.88235294,36053473.88235294,3120710045.0420165,3013246907.1596637,748701437.8487395,5179713759.731092,3921744112.9411764,0,0,0,0,0,14.655462184873949,3.7983193277310923,4.436974789915967,0.47058823529411764,17.07563025210084,0,0,0,0,0,54728.06722689075,26262.588235294115,990242.4201680672,36003.49579831932,76154.6218487395,1562.5042016806722,265.6470588235294,2825.27731092437,1731.7310924369747,430.7731092436975,1763.7478991596638,376.75630252100837,1893.5294117647056,2118.302521008403,534.7563025210084,0,0,0,0,0,0,0,0,0,0,0,0,0,0,0,0,0,0,0,0
1693106450,0.3300039600475213,0.3347591593825556,0.29238056254020217,0.02416100896373435,1.9417475728155342,0.34562856367092076,0.11829186546271846,0.09756097560975618,0.11605775033656811,0.05516125473467483,0,0.162396979416183,0.10636034886194437,0.5288078748824732,0.19015021867275123,3.45772313987768,7.127657978426631,50.001050622770585,0.4559647249269135,10.486094675400642,2.369665184922496,0.308339401048854,0.6433402170731696,0.9056113829441494,0.9622969054536085,0,0.3038171613007999,1.0368029488406711,2.3734675492240975,1.0810149001711347,2.4420293043516508,6.304630835038119,49.25637876927274,0.3865761434197496,8.351854018013803,1.4977237759073105,0.374590907298608,0.43902439024390283,0.7659811522213413,0.6619350568160945,0,0.12179773456213726,0.7179323548181322,1.038030272917446,0.5894656778855288,50000,100000,50000,50000,50000,50000,10000,50000,50000,20000,50000,0,6488064,2162688,220594176,0,0,2433024,0,0,2973696,0,0,0,0,5136384,11.616139393672723,6.137251255346848,11.578270276592011,4.783879774819397,186.82886887355247,353.57802063535166,0,0,1.5319623044426907,1.2135476041628361,0,0,63.178047223994895,0,16.314888762122077,0,0,2162688,0,0,0,0,0,0,0,0,0,0,0,0,225292288,79966208,17977344,439984128,111808512,349663232,40304640,10944512,310304768,94081024,4952064,3993600,305532928,16125952,134160384,207347712,70692864,14327808,200048640,104755200,330891264,35819520,9596928,292503552,84074496,4055040,2568192,296423424,15003648,37982208,0,0,0,0,0,0,0,0,0,0,0,0,0,0,0,209391616,79642624,17715200,425435136,108978176,333570048,40120320,10551296,296529920,93790208,4796416,2912256,298950656,15794176,44728320,191279104,73289728,17715200,212140032,108978176,333570048,37687296,10551296,296529920,90816512,4796416,2912256,298950656,15794176,39591936,1073741824,1073741824,314572800,0,1073741824,1073741824,1073741824,314572800,1073741824,0,0,0,1073741824,314572800,2147483648,10.730890831318579,0,5.0471195930759825,0,0,14.014071116181784,43220.5318951088,0,21197.902290919126,0,0,41532.45864232744,10.730890831318579,0,5.0471195930759825,0,0,14.014071116181784,43220.5318951088,0,21197.902290919126,0,0,41532.45864232744,107.40877106856486,51.87360573800582,487.065823433221,17.104796197105454,34.195162635529606,38.96324262413303,17.14490531472152,51.20858509080964,46.275811209439524,95.60728510111751,0,0,0,0,0,0,0,0,0,0,120976.84503354605,121824.86657442183,1582517.6034832634,79825.32183174399,332141.2889119311,549447.3031157868,3127.461717676577,7653.572895854447,589026.9174041298,125050.46208576622,0,0,0,0,0,0,0,0,0,0,126.59548355424641,41.73608561827578,473.13671020745903,22.96422465216926,47.58469896084575,54.3194688951577,15.133714331229218,61.45995045284172,61.168469354310055,127.75994741115967,0,0,0,0,0,0,0,0,0,0,25595.769923089505,6967.949623019796,145153.18084205134,4796.346629134133,12534.386763744562,6622.542261437631,2875.2265078954183,8790.654341811045,12966.302032120615,24231.719577742548,0,0,0,0,0,0,0,0,0,0,40,16,58,22,22,2,22,154,0,0,0,0,0.009242741201584411,0.0040403337969401945,0.031215360253365007,0.016099699334988178,0.0015523051908124174,0.003033898305084746,0.0030374783741060948,0.0032277062314203264,0.02152249283717421,0.039918224299065413,0.074137323943662,0.02421759320218536,0.004319658520758068,0.0046610169491525435,0.0046783647072407555,0.005112942194412242,0.023261246418587105,0.046302570093457916,0.08759683098591549,0.030559084518963678,0.004665577687001273,0.004864406779661017,0.004883475498882588,0.007661787403511935,0.024652249283717426,0.07623913043478246,0.09836443661971832,0.04998320995940404,0.004942313019995839,0.01600000000000006,0.033250518928258546,0.009700863570791682,0.4602302239981218,0.3739583333333334,0.38603202846975093,0.45852466234938993,0.8754363413401477,0.375,0.4584581302302156,0.47462654324835774,2.1826914657125576,2.1626543209876545,0.4948576512455516,2.1255154050001748,2.125212749962832,0.475,2.1253364477699304,2.1801038477361514,2.3413457328562792,2.3313271604938266,0.6917338709677417,2.312757702500087,2.312606374981416,0.4875,2.3126682238849647,2.3400519238680753,2.468269146571256,2.466265432098765,0.9383467741935487,2.4625515405000176,2.462521274996283,0.4975,2.4625336447769928,2.468010384773615,393.88840277310237,397.1932773109189,397.1757585945869,391.89915966385047,396.7394957983254,83075024.0290772,19313431.663865544,51678801.98369336,25797089.88235294,36053405.042016804,3195507137.1070876,3013209871.0588236,748762640.3967385,5179708803.226891,3843364158.3865542,0,0,0,0,0,15.531399340378272,3.7983193277310923,4.438093637051357,0.47058823529411764,17.126050420168067,0,0,0,0,0,61006.125058894795,26262.588235294115,990492.1240648902,36003.49579831932,76369.74789915966,1564.6496600928856,264.2689075630252,2828.0911154072455,1742.621848739496,432.8067226890756,1766.2549639900385,376.16806722689074,1895.1500378246612,2128.72268907563,536.8403361344538,0,0,0,0,0,0,0,0,0,0,0,0,0,0,0,0,0,0,0,0
1693106451,0.3300039600475213,0.3347591593825556,0.29238056254020217,0.02416100896373435,1.9417475728155342,0.4072766766223191,0.11829186546271846,0.09756097560975618,0.11605775033656811,0.06773079267604418,0,0.162396979416183,0.10636034886194437,0.619166647556585,0.2167055934121496,3.45772313987768,7.127657978426631,50.001050622770585,0.4559647249269135,10.486094675400642,2.792331024300832,0.308339401048854,0.6433402170731696,0.9056113829441494,0.9802033955704044,0,0.3038171613007999,1.0368029488406711,2.7790281032861683,1.0768185692615155,2.4420293043516508,6.304630835038119,49.25637876927274,0.3865761434197496,8.351854018013803,1.764865598696701,0.374590907298608,0.43902439024390283,0.7659811522213413,0.7224617885444659,0,0.12179773456213726,0.7179323548181322,1.2154011970555172,0.5538031831643822,50000,100000,50000,50000,50000,50000,10000,50000,50000,20000,50000,0,6488064,2162688,220594176,0,0,2433024,0,0,2973696,0,0,0,0,5136384,11.616139393672723,6.137251255346848,11.578270276592011,4.783879774819397,186.82886887355247,416.6440401846321,0,0,1.5319623044426907,1.4900774388729594,0,0,63.178047223994895,0,15.891743516890996,0,0,2162688,0,0,0,0,0,0,0,0,0,0,0,0,225292288,79966208,17977344,439984128,111808512,349663232,40304640,10944512,310304768,94081024,4952064,3993600,305532928,16125952,134160384,207347712,70692864,14327808,200048640,104755200,330891264,35819520,9596928,292503552,84074496,4055040,2568192,296423424,15003648,37982208,0,0,0,0,0,0,0,0,0,0,0,0,0,0,0,209391616,79642624,17715200,425435136,108978176,333570048,40120320,10551296,296529920,93790208,4796416,2912256,298950656,15794176,44728320,191279104,73289728,17715200,212140032,108978176,333570048,37687296,10551296,296529920,90816512,4796416,2912256,298950656,15794176,39591936,1073741824,1073741824,314572800,0,1073741824,1073741824,1073741824,314572800,1073741824,0,0,0,1073741824,314572800,2147483648,10.730890831318579,0,5.0471195930759825,0,0,14.13402037032578,43220.5318951088,0,21197.902290919126,0,0,41866.3648840625,10.730890831318579,0,5.0471195930759825,0,0,14.13402037032578,43220.5318951088,0,21197.902290919126,0,0,41866.3648840625,107.40877106856486,51.87360573800582,485.2661031075129,17.46147183208682,34.195162635529606,38.96324262413303,17.14490531472152,52.23314954233225,46.275811209439524,95.60728510111751,0,0,0,0,0,0,0,0,0,0,120976.84503354605,121824.86657442183,1573180.4381473986,81489.86942552048,332141.2889119311,549447.3031157868,3127.461717676577,7806.703053665363,589026.9174041298,125050.46208576622,0,0,0,0,0,0,0,0,0,0,126.59548355424641,41.73608561827578,472.466960352423,23.44308329013732,47.58469896084575,54.3194688951577,15.133714331229218,62.689620835545256,61.168469354310055,127.75994741115967,0,0,0,0,0,0,0,0,0,0,25595.769923089505,6967.949623019796,145305.45303012265,4896.361850585683,12534.386763744562,6622.542261437631,2875.2265078954183,8966.534849508549,12966.302032120615,24231.719577742548,0,0,0,0,0,0,0,0,0,0,50,34,64,8,10,2,10,114,0,0,0,0,0.009243455497382199,0.0040403337969401945,0.031215360253365007,0.01610112359550562,0.0015517241379310342,0.003033898305084746,0.003037478705281091,0.0032201745877788557,0.021523102310231024,0.039918224299065413,0.074137323943662,0.024217977528089886,0.004319540229885057,0.0046610169491525435,0.0046783645655877355,0.00499631425800194,0.02326155115511551,0.046302570093457916,0.08759683098591549,0.03056451612903224,0.004665517241379311,0.004864406779661017,0.0048834752981260655,0.0075814220183486256,0.024652310231023104,0.07623913043478246,0.09836443661971832,0.0499838709677419,0.004942298850574712,0.01600000000000006,0.03325000000000012,0.009681422018348625,0.4601800554016619,0.3739583333333334,0.38603202846975093,0.45844875346260394,0.8755186721991701,0.375,0.45844875346260394,0.4936755952380953,2.1826807228915666,2.1626543209876545,0.4948576512455516,2.125311203319502,2.125311203319502,0.475,2.125311203319502,2.195476718403548,2.341340361445783,2.3313271604938266,0.6917338709677417,2.312655601659751,2.312655601659751,0.4875,2.312655601659751,2.347738359201774,2.468268072289157,2.466265432098765,0.9383467741935487,2.4625311203319495,2.4625311203319495,0.4975,2.4625311203319495,2.4695476718403553,393.7647058823437,397.12605042017105,397.31092436975365,391.882352941169,396.72268907563665,82974496.26890756,19313431.663865544,51665773.71428571,25797089.88235294,18026805.781512603,3120825214.92437,2899511588.5714283,748450721.3445377,5179719266.957983,3921821214.1176467,0,0,0,0,0,15.546218487394958,3.899159663865546,4.436974789915967,0.42016806722689076,17.294117647058822,0,0,0,0,0,61026.95798319327,31494.453781512602,990242.4201680672,35409.747899159665,76963.49579831933,1580.3529411764705,267.88235294117646,2826.672268907563,1755.7983193277312,435.6134453781512,1781.764705882353,378.94117647058823,1894.3025210084033,2141.697478991596,539.5966386554621,0,0,0,0,0,0,0,0,0,0,0,0,0,0,0,0,0,0,0,0
1693106452,0.3300039600475213,0.3347591593825556,0.29238056254020217,0.02416100896373435,1.9417475728155342,0.46771643021002685,0.11829186546271846,0.09756097560975618,0.11605775033656811,0.06773079267604418,0,0.162396979416183,0.10636034886194437,0.619166647556585,0.2167055934121496,3.45772313987768,7.127657978426631,50.001050622770585,0.4559647249269135,10.486094675400642,2.979611089333825,0.308339401048854,0.6433402170731696,0.9056113829441494,0.9802033955704044,0,0.3038171613007999,1.0368029488406711,2.7790281032861683,1.0768185692615155,2.4420293043516508,6.304630835038119,49.25637876927274,0.3865761434197496,8.351854018013803,1.8931379318024775,0.374590907298608,0.43902439024390283,0.7659811522213413,0.7224617885444659,0,0.12179773456213726,0.7179323548181322,1.2154011970555172,0.5538031831643822,50000,100000,50000,50000,50000,50000,10000,50000,50000,20000,50000,0,6488064,2162688,220594176,0,0,2433024,0,0,2973696,0,0,0,0,5136384,11.616139393672723,6.137251255346848,11.578270276592011,4.783879774819397,186.82886887355247,464.5092318314439,0,0,1.5319623044426907,1.4900774388729594,0,0,63.178047223994895,0,15.891743516890996,0,0,2162688,0,0,0,0,0,0,0,0,0,0,0,0,225292288,79966208,17977344,439984128,111808512,349663232,40304640,10944512,310304768,94081024,4952064,3993600,305532928,16125952,134160384,207347712,70692864,14327808,200048640,104755200,330215424,35819520,9596928,292503552,84074496,4055040,2568192,296423424,15003648,37982208,0,0,0,0,0,0,0,0,0,0,0,0,0,0,0,209391616,79642624,17715200,425435136,108978176,333062144,40120320,10551296,296529920,93790208,4796416,2912256,298950656,15794176,44728320,191279104,73289728,17715200,212140032,108978176,333062144,37687296,10551296,296529920,90816512,4796416,2912256,298950656,15794176,39591936,1073741824,1073741824,314572800,0,1073741824,1073741824,1073741824,314572800,1073741824,0,0,0,1073741824,314572800,2147483648,10.730890831318579,0,5.0471195930759825,0,0,14.13402037032578,43220.5318951088,0,21197.902290919126,0,0,41866.3648840625,10.730890831318579,0,5.0471195930759825,0,0,14.13402037032578,43220.5318951088,0,21197.902290919126,0,0,41866.3648840625,107.40877106856486,51.87360573800582,488.07831629143936,17.818147467068187,34.195162635529606,38.96324262413303,17.14490531472152,53.043354156154706,46.275811209439524,95.60728510111751,0,0,0,0,0,0,0,0,0,0,120976.84503354605,121824.86657442183,1575679.1232977214,83154.41701929698,332141.2889119311,549447.3031157868,3127.461717676577,7925.614956919246,589026.9174041298,125050.46208576622,0,0,0,0,0,0,0,0,0,0,126.59548355424641,41.73608561827578,474.57471686001196,23.921941928105383,47.58469896084575,54.3194688951577,15.133714331229218,63.95957772086084,61.168469354310055,127.75994741115967,0,0,0,0,0,0,0,0,0,0,25595.769923089505,6967.949623019796,146487.61978999496,4996.377072037234,12534.386763744562,6622.542261437631,2875.2265078954183,9128.962488482548,12966.302032120615,24231.719577742548,0,0,0,0,0,0,0,0,0,0,46,18,58,8,6,2,6,68,0,0,0,0,0.009154894046417759,0.0040298102981029815,0.03153430994602929,0.01614936440677966,0.0016438746438746442,0.003037037037037037,0.0030311418685121105,0.003220738974970202,0.021445975744211688,0.03977477477477479,0.07433734939759036,0.024119703389830507,0.004337891737891738,0.004666666666666666,0.00466712802768166,0.004997330154946365,0.023222987872105843,0.046069819819819835,0.08768502581755593,0.02814655172413792,0.004674643874643876,0.00487037037037037,0.004871626297577855,0.007579596412556051,0.02464459757442117,0.07338095238095275,0.09836316695352841,0.04976724137931031,0.004944045584045585,0.01675,0.03370833333333324,0.009668385650224213,0.4588903743315508,0.3729166666666667,0.38595722300140256,0.46012064343163533,0.8651574803149608,0.375,0.4529532967032967,0.4866714697406339,2.181786771964462,2.1632530120481923,0.49472300140252456,2.129724409448819,2.1094713656387665,0.475,2.1094713656387665,2.1901552106430153,2.340893385982231,2.3316265060240964,0.6897999999999997,2.3148622047244096,2.3047356828193832,0.4875,2.3047356828193832,2.345077605321508,2.468178677196446,2.4663253012048196,0.9379600000000001,2.4629724409448817,2.4609471365638766,0.4975,2.4609471365638766,2.4690155210643017,393.91596638655295,397.0924369748106,397.2773109243677,391.9831932773204,396.6554621848525,82974496.26890756,19313431.663865544,51665773.71428571,25797089.88235294,18026805.781512603,3191879662.789916,2956392981.5126047,811262227.3613445,5087306967.12605,3843428730.6218486,0,0,0,0,0,15.529411764705882,3.899159663865546,4.436974789915967,0.42016806722689076,17.3781512605042,0,0,0,0,0,61052.773109243695,31494.453781512602,990242.4201680672,35409.747899159665,77170.01680672269,1579.6638655462184,268.16806722689074,2826.5546218487393,1758.1344537815128,436.82352941176464,1780.9579831932772,379.2436974789916,1893.9495798319326,2143.1932773109243,540.8235294117646,0,0,0,0,0,0,0,0,0,0,0,0,0,0,0,0,0,0,0,0
1693106453,0.3300039600475213,0.3347591593825556,0.29238056254020217,0.02416100896373435,1.9417475728155342,0.46771643021002685,0.11829186546271846,0.09756097560975618,0.11605775033656811,0.06773079267604418,0,0.162396979416183,0.09134226760263782,0.619166647556585,0.2167055934121496,3.45772313987768,7.127657978426631,50.001050622770585,0.4559647249269135,10.486094675400642,2.979611089333825,0.308339401048854,0.6433402170731696,0.9056113829441494,0.9802033955704044,0,0.3038171613007999,0.8904063724643683,2.7790281032861683,1.0768185692615155,2.4420293043516508,6.304630835038119,49.25637876927274,0.3865761434197496,8.351854018013803,1.8931379318024775,0.374590907298608,0.43902439024390283,0.7659811522213413,0.7224617885444659,0,0.12179773456213726,0.6165603063178119,1.2154011970555172,0.5538031831643822,50000,100000,50000,50000,50000,50000,10000,50000,50000,20000,50000,0,6488064,2162688,220594176,0,0,2433024,0,0,2973696,0,0,0,0,5136384,11.616139393672723,6.137251255346848,11.578270276592011,4.783879774819397,186.82886887355247,464.5092318314439,0,0,1.5319623044426907,1.4900774388729594,0,0,54.25730695596682,0,15.891743516890996,0,0,2162688,0,0,0,0,0,0,0,0,0,0,0,0,225292288,79966208,17977344,439984128,111808512,349663232,40304640,10944512,310304768,94081024,4952064,3993600,305532928,16125952,134160384,207347712,70692864,14327808,200048640,104755200,330215424,35819520,9596928,292503552,84074496,4055040,2568192,296423424,15003648,37982208,0,0,0,0,0,0,0,0,0,0,0,0,0,0,0,209391616,79642624,17715200,425435136,108978176,333062144,40120320,10551296,296529920,93790208,4796416,2912256,298950656,15794176,44728320,191279104,73289728,17715200,212140032,108978176,333062144,37687296,10551296,296529920,90816512,4796416,2912256,298950656,15794176,39591936,1073741824,1073741824,314572800,0,1073741824,1073741824,1073741824,314572800,1073741824,0,0,0,1073741824,314572800,2147483648,10.730890831318579,0,5.0471195930759825,0,0,14.13402037032578,43220.5318951088,0,21197.902290919126,0,0,41866.3648840625,10.730890831318579,0,5.0471195930759825,0,0,14.13402037032578,43220.5318951088,0,21197.902290919126,0,0,41866.3648840625,107.40877106856486,51.87360573800582,488.07831629143936,18.17482310204955,34.195162635529606,38.96324262413303,17.14490531472152,54.064933838638666,46.275811209439524,95.60728510111751,0,0,0,0,0,0,0,0,0,0,120976.84503354605,121824.86657442183,1575679.1232977214,84818.96461307345,332141.2889119311,549447.3031157868,3127.461717676577,8078.257023771654,589026.9174041298,125050.46208576622,0,0,0,0,0,0,0,0,0,0,126.59548355424641,41.73608561827578,474.57471686001196,24.400800566073443,47.58469896084575,54.3194688951577,15.133714331229218,65.1913966007064,61.168469354310055,127.75994741115967,0,0,0,0,0,0,0,0,0,0,25595.769923089505,6967.949623019796,146487.61978999496,5096.392293488785,12534.386763744562,6622.542261437631,2875.2265078954183,9304.780227551937,12966.302032120615,24231.719577742548,0,0,0,0,0,0,0,0,0,0,8,12,20,2,2,2,2,28,0,0,0,0,0.009154894046417759,0.0040298102981029815,0.03153430994602929,0.01614936440677966,0.0015373961218836563,0.003033898305084746,0.003026101141924959,0.003220738974970202,0.021445975744211688,0.03977477477477479,0.07433734939759036,0.024119703389830507,0.0043163434903047086,0.0046610169491525435,0.004662642740619901,0.004997330154946365,0.023222987872105843,0.046069819819819835,0.08768502581755593,0.02814655172413792,0.004663711911357341,0.004864406779661017,0.0048672104404567694,0.007579596412556051,0.02464459757442117,0.07338095238095275,0.09836316695352841,0.04976724137931031,0.004941606648199447,0.01600000000000006,0.03220833333333316,0.009668385650224213,0.4588903743315508,0.3729166666666667,0.38595722300140256,0.46012064343163533,0.8809055118110236,0.375,0.45955882352941174,0.4866714697406339,2.181786771964462,2.1632530120481923,0.49472300140252456,2.129724409448819,2.1282608695652177,0.475,2.1282608695652177,2.1901552106430153,2.340893385982231,2.3316265060240964,0.6897999999999997,2.3148622047244096,2.314130434782609,0.4875,2.314130434782609,2.345077605321508,2.468178677196446,2.4663253012048196,0.9379600000000001,2.4629724409448817,2.4628260869565217,0.4975,2.4628260869565217,2.4690155210643017,393.83193277311443,397.07563025210845,397.21008403361833,391.9327731092416,396.62184873951486,82974496.26890756,19313431.663865544,51665773.71428571,25797089.88235294,18026805.781512603,3121063127.1260505,2956394977.882353,811260093.3109243,5087365206.05042,3921934387.630252,0,0,0,0,0,15.394957983193276,3.899159663865546,4.42016806722689,0.453781512605042,17.176470588235293,0,0,0,0,0,60631.126050420164,31494.453781512602,990104.7394957982,35547.42857142857,76481.61344537814,1565.848739495798,267.6974789915966,2826.9747899159665,1742.655462184874,433.41176470588226,1767.0252100840337,378.7394957983193,1894.2857142857142,2127.5126050420167,537.3277310924369,0,0,0,0,0,0,0,0,0,0,0,0,0,0,0,0,0,0,0,0
1693106454,0.3300039600475213,0.3099887927128786,0.29238056254020217,0.02416100896373435,1.9417475728155342,0.46771643021002685,0.11829186546271846,0.09756097560975618,0.11605775033656811,0.06773079267604418,0,0.162396979416183,0.08956959512160542,0.619166647556585,0.2167055934121496,3.45772313987768,6.841290006438232,50.001050622770585,0.4559647249269135,10.486094675400642,2.979611089333825,0.308339401048854,0.6433402170731696,0.9056113829441494,0.9802033955704044,0,0.3038171613007999,0.8731263233170238,2.7790281032861683,1.0768185692615155,2.4420293043516508,6.1043946872689965,49.25637876927274,0.3865761434197496,8.351854018013803,1.8931379318024775,0.374590907298608,0.43902439024390283,0.7659811522213413,0.7224617885444659,0,0.12179773456213726,0.604594767070843,1.2154011970555172,0.5538031831643822,50000,100000,50000,50000,50000,50000,10000,50000,50000,20000,50000,0,6488064,2162688,220594176,0,0,2433024,0,0,2973696,0,0,0,0,5136384,11.616139393672723,3.147578510623078,11.578270276592011,4.783879774819397,186.82886887355247,464.5092318314439,0,0,1.5319623044426907,1.4900774388729594,0,0,53.20433950223357,0,15.891743516890996,0,0,2162688,0,0,0,0,0,0,0,0,0,0,0,0,225292288,79966208,17977344,439984128,111808512,349663232,40304640,10944512,310304768,94081024,4952064,3993600,305532928,16125952,134160384,207347712,70692864,14327808,200048640,104755200,330215424,35819520,9596928,292503552,84074496,4055040,2568192,296423424,15003648,37982208,0,0,0,0,0,0,0,0,0,0,0,0,0,0,0,209391616,79642624,17715200,425435136,108978176,333062144,40120320,10551296,296529920,93790208,4796416,2912256,298950656,15794176,44728320,191279104,73289728,17715200,212140032,108978176,333062144,37687296,10551296,296529920,90816512,4796416,2912256,298950656,15794176,39591936,1073741824,1073741824,314572800,0,1073741824,1073741824,1073741824,314572800,1073741824,0,0,0,1073741824,314572800,2147483648,10.778071869709327,0,5.0471195930759825,0,0,14.13402037032578,44574.290006438234,0,21197.902290919126,0,0,41866.3648840625,10.778071869709327,0,5.0471195930759825,0,0,14.13402037032578,44574.290006438234,0,21197.902290919126,0,0,41866.3648840625,107.40877106856486,51.87360573800582,488.07831629143936,21.400538098881842,34.195162635529606,38.96324262413303,17.14490531472152,61.29478094903802,46.275811209439524,95.60728510111751,0,0,0,0,0,0,0,0,0,0,120976.84503354605,121824.86657442183,1575679.1232977214,99872.85562658901,332141.2889119311,549447.3031157868,3127.461717676577,9158.524011144505,589026.9174041298,125050.46208576622,0,0,0,0,0,0,0,0,0,0,126.59548355424641,41.73608561827578,474.57471686001196,28.73151827808358,47.58469896084575,54.3194688951577,15.133714331229218,73.9091327907334,61.168469354310055,127.75994741115967,0,0,0,0,0,0,0,0,0,0,25595.769923089505,6967.949623019796,146487.61978999496,6000.9132870930325,12534.386763744562,6622.542261437631,2875.2265078954183,10549.064344163395,12966.302032120615,24231.719577742548,0,0,0,0,0,0,0,0,0,0,42,14,56,14,12,2,14,94,0,0,0,0,0.009154894046417759,0.0040298102981029815,0.03153430994602929,0.01614936440677966,0.0015373961218836563,0.003033898305084746,0.003026101141924959,0.003220738974970202,0.021445975744211688,0.03977477477477479,0.07433734939759036,0.024119703389830507,0.0043163434903047086,0.0046610169491525435,0.004662642740619901,0.004997330154946365,0.023222987872105843,0.046069819819819835,0.08768502581755593,0.02814655172413792,0.004663711911357341,0.004864406779661017,0.0048672104404567694,0.007579596412556051,0.02464459757442117,0.07338095238095275,0.09836316695352841,0.04976724137931031,0.004941606648199447,0.01600000000000006,0.03220833333333316,0.009668385650224213,0.4588903743315508,0.3729166666666667,0.38595722300140256,0.46012064343163533,0.8809055118110236,0.375,0.45955882352941174,0.4866714697406339,2.181786771964462,2.1632530120481923,0.49472300140252456,2.129724409448819,2.1282608695652177,0.475,2.1282608695652177,2.1901552106430153,2.340893385982231,2.3316265060240964,0.6897999999999997,2.3148622047244096,2.314130434782609,0.4875,2.314130434782609,2.345077605321508,2.468178677196446,2.4663253012048196,0.9379600000000001,2.4629724409448817,2.4628260869565217,0.4975,2.4628260869565217,2.4690155210643017,393.9999999999897,397.00840336134314,397.21008403361105,392.0672268907578,396.70588235294485,66379776,19313431.663865544,51665773.71428571,25797089.88235294,18026805.781512603,3262964882.285714,2956400622.789916,811252658.5546218,4994959652.571428,4000390617.277311,0,0,0,0,0,15.411764705882351,3.848739495798319,4.42016806722689,0.453781512605042,17.142857142857142,0,0,0,0,0,60605.31092436975,27019.831932773108,990104.7394957982,35547.42857142857,76343.93277310923,1561.2605042016805,267.07563025210084,2826.453781512605,1740.3193277310925,433.781512605042,1762.521008403361,378.2352941176471,1893.3277310924368,2124.72268907563,537.7310924369748,0,0,0,0,0,0,0,0,0,0,0,0,0,0,0,0,0,0,0,0
1693106455,0.3300039600475213,0.3099887927128786,0.29238056254020217,0.036002952242083885,1.9417475728155342,0.46771643021002685,0.11829186546271846,0.09756097560975618,0.11605775033656811,0.06773079267604418,0,0.162396979416183,0.08779692264057302,0.619166647556585,0.2167055934121496,3.45772313987768,6.841290006438232,50.001050622770585,0.4573676405465242,10.486094675400642,2.979611089333825,0.308339401048854,0.6433402170731696,0.9056113829441494,0.9802033955704044,0,0.3038171613007999,0.8558462741696794,2.7790281032861683,1.0768185692615155,2.4420293043516508,6.1043946872689965,49.25637876927274,0.3780309985418804,8.351854018013803,1.8931379318024775,0.374590907298608,0.43902439024390283,0.7659811522213413,0.7224617885444659,0,0.12179773456213726,0.5926292278238743,1.2154011970555172,0.5538031831643822,50000,100000,50000,50000,50000,50000,10000,50000,50000,20000,50000,0,6488064,2162688,220594176,0,0,2433024,0,0,2973696,0,0,0,0,5136384,11.616139393672723,3.147578510623078,11.578270276592011,4.752389695955069,186.82886887355247,464.5092318314439,0,0,1.5319623044426907,1.4900774388729594,0,0,52.15137204850033,0,15.891743516890996,0,0,2162688,0,0,0,0,0,0,0,0,0,0,0,0,225292288,79966208,17977344,439984128,111808512,349663232,40304640,10944512,310304768,94081024,4952064,3993600,305532928,16125952,134160384,207347712,70692864,14327808,200048640,104755200,330215424,35819520,9596928,292503552,84074496,4055040,2568192,296423424,15003648,37982208,0,0,0,0,0,0,0,0,0,0,0,0,0,0,0,209391616,79642624,17715200,425447424,108978176,333062144,40120320,10551296,296529920,93790208,4796416,2912256,298950656,15794176,44728320,191279104,73289728,17715200,212152320,108978176,333062144,37687296,10551296,296529920,90816512,4796416,2912256,298950656,15794176,39591936,1073741824,1073741824,314572800,0,1073741824,1073741824,1073741824,314572800,1073741824,0,0,0,1073741824,314572800,2147483648,10.778071869709327,0,5.0471195930759825,0,0,14.13402037032578,44574.290006438234,0,21197.902290919126,0,0,41866.3648840625,10.778071869709327,0,5.0471195930759825,0,0,14.13402037032578,44574.290006438234,0,21197.902290919126,0,0,41866.3648840625,91.34641430767688,42.61611237398696,488.07831629143936,21.400538098881842,34.195162635529606,38.96324262413303,17.14490531472152,61.29478094903802,46.275811209439524,95.60728510111751,0,0,0,0,0,0,0,0,0,0,100365.76361251295,100083.69632338408,1575679.1232977214,99872.85562658901,332141.2889119311,549447.3031157868,3127.461717676577,9158.524011144505,589026.9174041298,125050.46208576622,0,0,0,0,0,0,0,0,0,0,107.57659169145415,34.287759438624235,474.57471686001196,28.73151827808358,47.58469896084575,54.3194688951577,15.133714331229218,73.9091327907334,61.168469354310055,127.75994741115967,0,0,0,0,0,0,0,0,0,0,21831.60013117877,5724.431913421626,146487.61978999496,6000.9132870930325,12534.386763744562,6622.542261437631,2875.2265078954183,10549.064344163395,12966.302032120615,24231.719577742548,0,0,0,0,0,0,0,0,0,0,54,24,76,14,12,2,14,106,0,0,0,0,0.009154894046417759,0.0040298102981029815,0.03153430994602929,0.01614936440677966,0.0015373961218836563,0.003033898305084746,0.003026101141924959,0.003230520288772716,0.021445975744211688,0.03977477477477479,0.07433734939759036,0.024119703389830507,0.0043163434903047086,0.0046610169491525435,0.004662642740619901,0.005168161434977573,0.023222987872105843,0.046069819819819835,0.08768502581755593,0.02814655172413792,0.004663711911357341,0.004864406779661017,0.0048672104404567694,0.007679372197309411,0.02464459757442117,0.07338095238095275,0.09836316695352841,0.04976724137931031,0.004941606648199447,0.01600000000000006,0.03220833333333316,0.009688340807174886,0.4588903743315508,0.3729166666666667,0.38595722300140256,0.46012064343163533,0.8809055118110236,0.375,0.45955882352941174,0.4722423802612481,2.181786771964462,2.1632530120481923,0.49472300140252456,2.129724409448819,2.1282608695652177,0.475,2.1282608695652177,2.178006708193579,2.340893385982231,2.3316265060240964,0.6897999999999997,2.3148622047244096,2.314130434782609,0.4875,2.314130434782609,2.3390033540967896,2.468178677196446,2.4663253012048196,0.9379600000000001,2.4629724409448817,2.4628260869565217,0.4975,2.4628260869565217,2.467800670819358,394.08403361344267,396.9075630252034,397.2268907563074,392.0168067226719,396.67226890757496,66379638.31932773,19313500.50420168,51665773.71428571,38695565.98319328,18026805.781512603,3333911113.142857,2842757206.05042,811264774.4537815,5087480238.252101,3843590643.092437,0,0,0,0,0,15.428571428571427,3.848739495798319,6.453781512605042,0.453781512605042,17.126050420168067,0,0,0,0,0,60708.57142857143,27019.831932773108,1345458.5546218487,35547.42857142857,76223.46218487395,1567.2941176470586,267.17647058823525,2823.344537815126,1745.6638655462184,434.4033613445378,1768.8739495798318,378.30252100840335,1890.3361344537814,2130.268907563025,538.3697478991596,0,0,0,0,0,0,0,0,0,0,0,0,0,0,0,0,0,0,0,0
1693106456,0.2893611548725199,0.3099887927128786,0.29238056254020217,0.036002952242083885,1.9417475728155342,0.46771643021002685,0.11829186546271846,0.09756097560975618,0.11605775033656811,0.05504890177441006,0,0.162396979416183,0.10845398839542333,0.619166647556585,0.2167055934121496,3.571733186509316,6.841290006438232,50.001050622770585,0.4573676405465242,10.486094675400642,2.979611089333825,0.308339401048854,0.6433402170731696,0.9056113829441494,0.9668136025836301,0,0.3038171613007999,1.0976650398568388,2.7790281032861683,1.0768185692615155,2.6685528727132377,6.1043946872689965,49.25637876927274,0.3780309985418804,8.351854018013803,1.8931379318024775,0.374590907298608,0.43902439024390283,0.7659811522213413,0.7706846248417343,0,0.12179773456213726,0.8314805776982465,1.2154011970555172,0.5538031831643822,50000,100000,50000,50000,50000,50000,10000,50000,50000,20000,50000,0,6488064,2162688,220594176,0,0,2433024,0,0,2973696,0,0,0,0,5136384,10.609909011992412,3.147578510623078,11.578270276592011,4.752389695955069,186.82886887355247,464.5092318314439,0,0,1.5319623044426907,1.211075839037011,0,0,75.15861395802831,0,15.891743516890996,0,0,2162688,0,0,0,0,0,0,0,0,0,0,0,0,225292288,79966208,17977344,439984128,111808512,349663232,40304640,10944512,310304768,94117888,4952064,3993600,305532928,16125952,134160384,207347712,70692864,14327808,200048640,104755200,330215424,35819520,9596928,292503552,84074496,4055040,2568192,296558592,15003648,37982208,0,0,0,0,0,0,0,0,0,0,0,0,0,0,0,209391616,79642624,17715200,425447424,108978176,333062144,40120320,10551296,296529920,93859840,4796416,2912256,298823680,15794176,44728320,191279104,73289728,17715200,212152320,108978176,333062144,37687296,10551296,296529920,90886144,4796416,2912256,298823680,15794176,39591936,1073741824,1073741824,314572800,0,1073741824,1073741824,1073741824,314572800,1073741824,0,0,0,1073741824,314572800,2147483648,10.778071869709327,0,5.0471195930759825,0,0,14.13402037032578,44574.290006438234,0,21197.902290919126,0,0,41866.3648840625,10.778071869709327,0,5.0471195930759825,0,0,14.13402037032578,44574.290006438234,0,21197.902290919126,0,0,41866.3648840625,93.19294350121986,51.57770300991179,488.07831629143936,21.400538098881842,34.195162635529606,38.96324262413303,17.14490531472152,61.29478094903802,46.275811209439524,96.17443530487009,0,0,0,0,0,0,0,0,0,0,102394.61514376746,121532.09057015547,1575679.1232977214,99872.85562658901,332141.2889119311,549447.3031157868,3127.461717676577,9158.524011144505,589026.9174041298,125267.1628149889,0,0,0,0,0,0,0,0,0,0,109.75120706749995,41.72046921887787,474.57471686001196,28.73151827808358,47.58469896084575,54.3194688951577,15.133714331229218,73.9091327907334,61.168469354310055,128.71132001566784,0,0,0,0,0,0,0,0,0,0,22272.916709278874,6936.637264708555,146487.61978999496,6000.9132870930325,12534.386763744562,6622.542261437631,2875.2265078954183,10549.064344163395,12966.302032120615,24384.54106280193,0,0,0,0,0,0,0,0,0,0,58,28,82,2,2,2,2,70,0,0,0,0,0.009154894046417759,0.0040298102981029815,0.03153430994602929,0.01614936440677966,0.0015373961218836563,0.003033898305084746,0.003026101141924959,0.0032225399094591373,0.021445975744211688,0.03977477477477479,0.07433734939759036,0.024119703389830507,0.0043163434903047086,0.0046610169491525435,0.004662642740619901,0.005006666666666663,0.023222987872105843,0.046069819819819835,0.08768502581755593,0.02814655172413792,0.004663711911357341,0.004864406779661017,0.0048672104404567694,0.007597777777777773,0.02464459757442117,0.07338095238095275,0.09836316695352841,0.04976724137931031,0.004941606648199447,0.01600000000000006,0.03220833333333316,0.009670666666666659,0.4588903743315508,0.3729166666666667,0.38595722300140256,0.46012064343163533,0.8809055118110236,0.375,0.45955882352941174,0.48721181556195964,2.181786771964462,2.1632530120481923,0.49472300140252456,2.129724409448819,2.1282608695652177,0.475,2.1282608695652177,2.190579389650597,2.340893385982231,2.3316265060240964,0.6897999999999997,2.3148622047244096,2.314130434782609,0.4875,2.314130434782609,2.3452896948252984,2.468178677196446,2.4663253012048196,0.9379600000000001,2.4629724409448817,2.4628260869565217,0.4975,2.4628260869565217,2.4690579389650593,394.0672268907472,396.8907563025411,397.1764705882469,391.9831932773106,396.75630252101996,66379638.31932773,28970216.336134452,51665773.71428571,38695565.98319328,18026805.781512603,3333978438.9915967,2899603215.0588236,811260575.1932772,5179986642.823529,3922080397.983193,0,0,0,0,0,15.495798319327731,4.42016806722689,6.453781512605042,0.453781512605042,17.092436974789916,0,0,0,0,0,60880.67226890756,29704.605042016807,1345458.5546218487,35547.42857142857,76111.59663865546,1568.941176470588,267.26050420168065,2826.201680672269,1743.798319327731,433.3781512605041,1770.3193277310922,378.2689075630252,1891.2268907563025,2129.5126050420167,537.3445378151259,0,0,0,0,0,0,0,0,0,0,0,0,0,0,0,0,0,0,0,0
1693106457,0.2893611548725199,0.3099887927128786,0.29238056254020217,0.036002952242083885,1.9417475728155342,0.46771643021002685,0.11829186546271846,0.09756097560975618,0.11605775033656811,0.05504890177441006,0,0.162396979416183,0.10845398839542333,0.619166647556585,0.2167055934121496,3.571733186509316,6.841290006438232,50.001050622770585,0.4573676405465242,10.486094675400642,2.979611089333825,0.308339401048854,0.6433402170731696,0.9056113829441494,0.9668136025836301,0,0.3038171613007999,1.0976650398568388,2.7790281032861683,1.0768185692615155,2.6685528727132377,6.1043946872689965,49.25637876927274,0.3780309985418804,8.351854018013803,1.8931379318024775,0.374590907298608,0.43902439024390283,0.7659811522213413,0.7706846248417343,0,0.12179773456213726,0.8314805776982465,1.2154011970555172,0.5538031831643822,50000,100000,50000,50000,50000,50000,10000,50000,50000,20000,50000,0,6488064,2162688,220594176,0,0,2433024,0,0,2973696,0,0,0,0,5136384,10.609909011992412,3.147578510623078,11.578270276592011,4.752389695955069,186.82886887355247,464.5092318314439,0,0,1.5319623044426907,1.211075839037011,0,0,75.15861395802831,0,15.891743516890996,0,0,2162688,0,0,0,0,0,0,0,0,0,0,0,0,225292288,79966208,17977344,439984128,111808512,349663232,40304640,10944512,310304768,94117888,4952064,3993600,305532928,16125952,134160384,207347712,70692864,14327808,200048640,104755200,330215424,35819520,9596928,292503552,84074496,4055040,2568192,296558592,15003648,37982208,0,0,0,0,0,0,0,0,0,0,0,0,0,0,0,209391616,79642624,17715200,425447424,108978176,333062144,40120320,10551296,296529920,93859840,4796416,2912256,298823680,15794176,44728320,191279104,73289728,17715200,212152320,108978176,333062144,37687296,10551296,296529920,90886144,4796416,2912256,298823680,15794176,39591936,1073741824,1073741824,314572800,0,1073741824,1073741824,1073741824,314572800,1073741824,0,0,0,1073741824,314572800,2147483648,10.778071869709327,0,5.0471195930759825,0,0,14.13402037032578,44574.290006438234,0,21197.902290919126,0,0,41866.3648840625,10.778071869709327,0,5.0471195930759825,0,0,14.13402037032578,44574.290006438234,0,21197.902290919126,0,0,41866.3648840625,110.79175161257979,51.57770300991179,488.07831629143936,21.400538098881842,34.195162635529606,38.96324262413303,17.14490531472152,61.29478094903802,46.275811209439524,96.17443530487009,0,0,0,0,0,0,0,0,0,0,121731.09187527154,121532.09057015547,1575679.1232977214,99872.85562658901,332141.2889119311,549447.3031157868,3127.461717676577,9158.524011144505,589026.9174041298,125267.1628149889,0,0,0,0,0,0,0,0,0,0,130.47692256274857,41.72046921887787,474.57471686001196,28.73151827808358,47.58469896084575,54.3194688951577,15.133714331229218,73.9091327907334,61.168469354310055,128.71132001566784,0,0,0,0,0,0,0,0,0,0,26478.99468600648,6936.637264708555,146487.61978999496,6000.9132870930325,12534.386763744562,6622.542261437631,2875.2265078954183,10549.064344163395,12966.302032120615,24384.54106280193,0,0,0,0,0,0,0,0,0,0,24,14,32,10,8,2,10,74,0,0,0,0,0.009176049129989766,0.004013550135501354,0.0316045066045066,0.016031914893617022,0.0016167146974063401,0.003037037037037037,0.002993162393162393,0.003220253770648791,0.02151827242524917,0.039112149532710264,0.0745,0.02392127659574468,0.00433256484149856,0.004666666666666666,0.004604102564102564,0.004996456787167825,0.023292358803986717,0.045607476635514003,0.08776724137931032,0.024907446808510637,0.004672046109510086,0.00487037037037037,0.004805470085470086,0.007586734693877555,0.02471162790697675,0.069111111111111,0.09838103448275862,0.04979545454545459,0.004943631123919308,0.01675,0.004966564102564103,0.009689682539682543,0.45810810810810815,0.375,0.3862429178470255,0.45934959349593496,0.8704819277108433,0.375,0.45508356545961004,0.48955305232558133,2.1815109343936383,2.163709677419355,0.4952372521246459,2.1277108433734937,2.1158695652173916,0.475,2.1158695652173916,2.1923706324635117,2.340755467196819,2.331854838709677,0.6970472440944879,2.313855421686747,2.3079347826086956,0.4875,2.3079347826086956,2.3461853162317556,2.468151093439364,2.4663709677419354,0.939409448818898,2.4627710843373487,2.4615869565217396,0.4975,2.4615869565217396,2.4692370632463514,394.1512605042055,396.78991596637616,397.142857142871,392.0000000000008,396.7226890756276,66379638.31932773,28970216.336134452,51665773.71428571,38695565.98319328,36053473.88235294,3404982013.848739,2842790937.815126,811266770.8235294,5180023403.5630245,3922129894.1848736,0,0,0,0,0,15.34453781512605,4.42016806722689,6.453781512605042,0.453781512605042,17.159663865546218,0,0,0,0,0,60372.97478991596,29704.605042016807,1345458.5546218487,35547.42857142857,76292.3025210084,1565.848739495798,266.1176470588235,2825.4453781512607,1745.294117647059,433.2436974789916,1767.3445378151262,377.07563025210084,1889.9159663865548,2130.1008403361343,537.3109243697479,0,0,0,0,0,0,0,0,0,0,0,0,0,0,0,0,0,0,0,0
1693106458,0.2893611548725199,0.3099887927128786,0.30974929029377024,0.036002952242083885,1.9417475728155342,0.46771643021002685,0.11829186546271846,0.09756097560975618,0.11605775033656811,0.05504890177441006,0,0.1063984940997818,0.10845398839542333,0.619166647556585,0.2167055934121496,3.571733186509316,6.841290006438232,40.52554749484562,0.4573676405465242,10.486094675400642,2.979611089333825,0.308339401048854,0.6433402170731696,0.9056113829441494,0.9668136025836301,0,0.25841926066939075,1.0976650398568388,2.7790281032861683,1.0768185692615155,2.6685528727132377,6.1043946872689965,39.880221125322926,0.3780309985418804,8.351854018013803,1.8931379318024775,0.374590907298608,0.43902439024390283,0.7659811522213413,0.7706846248417343,0,0.1063984940997818,0.8314805776982465,1.2154011970555172,0.5538031831643822,50000,100000,50000,50000,50000,50000,10000,50000,50000,20000,50000,0,6488064,2162688,220594176,0,0,2433024,0,0,2973696,0,0,0,0,5136384,10.609909011992412,3.147578510623078,5.110863289847214,4.752389695955069,186.82886887355247,464.5092318314439,0,0,1.5319623044426907,1.211075839037011,0,0,75.15861395802831,0,15.891743516890996,0,0,2162688,0,0,0,0,0,0,0,0,0,0,0,0,225292288,79966208,17977344,439984128,111808512,349663232,40304640,10944512,310304768,94117888,4952064,3993600,305532928,16125952,134160384,207347712,70692864,14327808,200048640,104755200,330215424,35819520,9596928,292503552,84074496,4055040,2568192,296558592,15003648,37982208,0,0,0,0,0,0,0,0,0,0,0,0,0,0,0,209391616,79642624,17715200,425447424,108978176,333062144,40120320,10551296,296529920,93859840,4796416,2912256,298823680,15794176,44728320,191279104,73289728,17715200,212152320,108978176,333062144,37687296,10551296,296529920,90886144,4796416,2912256,298823680,15794176,39591936,1073741824,1073741824,314572800,0,1073741824,1073741824,1073741824,314572800,1073741824,0,0,0,1073741824,314572800,2147483648,10.778071869709327,0,5.0471195930759825,0,0,14.13402037032578,44574.290006438234,0,21197.902290919126,0,0,41866.3648840625,10.778071869709327,0,5.0471195930759825,0,0,14.13402037032578,44574.290006438234,0,21197.902290919126,0,0,41866.3648840625,110.79175161257979,51.57770300991179,488.07831629143936,21.400538098881842,34.195162635529606,38.96324262413303,14.224205718180048,61.29478094903802,46.275811209439524,96.17443530487009,0,0,0,0,0,0,0,0,0,0,121731.09187527154,121532.09057015547,1575679.1232977214,99872.85562658901,332141.2889119311,549447.3031157868,2577.8414965600055,9158.524011144505,589026.9174041298,125267.1628149889,0,0,0,0,0,0,0,0,0,0,130.47692256274857,41.72046921887787,474.57471686001196,28.73151827808358,47.58469896084575,54.3194688951577,12.515197637437529,73.9091327907334,61.168469354310055,128.71132001566784,0,0,0,0,0,0,0,0,0,0,26478.99468600648,6936.637264708555,146487.61978999496,6000.9132870930325,12534.386763744562,6622.542261437631,2373.759639287337,10549.064344163395,12966.302032120615,24384.54106280193,0,0,0,0,0,0,0,0,0,0,30,10,34,10,10,2,10,64,0,0,0,0,0.009176049129989766,0.004013550135501354,0.0316045066045066,0.016031914893617022,0.0015586592178770955,0.003033898305084746,0.0029934853420195444,0.003220253770648791,0.02151827242524917,0.039112149532710264,0.0745,0.02392127659574468,0.004320670391061454,0.0046610169491525435,0.0046039087947882746,0.004996456787167825,0.023292358803986717,0.045607476635514003,0.08776724137931032,0.024907446808510637,0.004665921787709498,0.004864406779661017,0.004805211726384366,0.007586734693877555,0.02471162790697675,0.069111111111111,0.09838103448275862,0.04979545454545459,0.004942122905027934,0.01600000000000006,0.004966254071661238,0.009689682539682543,0.45810810810810815,0.375,0.3862429178470255,0.45934959349593496,0.8795180722891567,0.375,0.45934959349593496,0.48955305232558133,2.1815109343936383,2.163709677419355,0.4952372521246459,2.1277108433734937,2.1277108433734937,0.475,2.1277108433734937,2.1923706324635117,2.340755467196819,2.331854838709677,0.6970472440944879,2.313855421686747,2.313855421686747,0.4875,2.313855421686747,2.3461853162317556,2.468151093439364,2.4663709677419354,0.939409448818898,2.4627710843373487,2.4627710843373487,0.4975,2.4627710843373487,2.4692370632463514,394.2689075630358,396.8235294117757,397.07563025210703,392.08403361343613,396.75630252100916,66379638.31932773,28970216.336134452,51665773.71428571,38695565.98319328,36053542.72268908,3334100286.3865542,2842826872.470588,811250386.8235294,5272461656.20168,3843719443.3613443,0,0,0,0,0,15.3781512605042,4.369747899159663,4.554621848739496,0.36974789915966383,17.008403361344538,0,0,0,0,0,60459.02521008403,29463.663865546216,888702.9243697479,34953.68067226891,75732.97478991597,1563.2436974789914,267.1428571428571,2823.764705882353,1737.327731092437,431.7647058823529,1764.7563025210081,378.01680672268907,1888.3361344537816,2122.1008403361348,535.8151260504201,0,0,0,0,0,0,0,0,0,0,0,0,0,0,0,0,0,0,0,0
1693106459,0.24036146030929456,0.3099887927128786,0.3161286721316702,0.022932098057651316,1.9417475728155342,0.46771643021002685,0.14870994125957332,0.09756097560975618,0.11605775033656811,0.05504890177441006,0,0.12654623683128233,0.10845398839542333,0.619166647556585,0.1849720690568488,2.966904818038795,6.841290006438232,41.36018360140257,0.4645053041942799,10.486094675400642,2.979611089333825,0.3088314199320891,0.6433402170731696,0.9056113829441494,0.9668136025836301,0,0.30735383276914885,1.0976650398568388,2.7790281032861683,0.9191334456066286,2.21666680063016,6.1043946872689965,40.70156653695254,0.4127777650377227,8.351854018013803,1.8931379318024775,0.3469898629390044,0.43902439024390283,0.7659811522213413,0.7706846248417343,0,0.12654623683128233,0.8314805776982465,1.2154011970555172,0.47270639870083564,50000,100000,50000,50000,50000,50000,10000,50000,50000,20000,50000,0,6488064,2162688,220594176,0,0,2433024,0,0,2973696,0,0,0,0,5136384,8.813253544674147,3.147578510623078,5.216123090172563,4.540555415414956,186.82886887355247,464.5092318314439,0,0,1.5319623044426907,1.211075839037011,0,0,75.15861395802831,0,13.564618397502267,0,0,2162688,0,0,0,0,0,0,0,0,0,0,0,0,225292288,79966208,17977344,439984128,111808512,349663232,40304640,10944512,310304768,94117888,4952064,3993600,305532928,16125952,134160384,207347712,70692864,14327808,200048640,104755200,330215424,35819520,9596928,292503552,84074496,4055040,2568192,296558592,15003648,37982208,0,0,0,0,0,0,0,0,0,0,0,0,0,0,0,209391616,79642624,17715200,425447424,108978176,333062144,40120320,10551296,296529920,93859840,4796416,2912256,298823680,15794176,44728320,191279104,73289728,17715200,212152320,108978176,333062144,37687296,10551296,296529920,90886144,4796416,2912256,298823680,15794176,39591936,1073741824,1073741824,314572800,0,1073741824,1073741824,1073741824,314572800,1073741824,0,0,0,1073741824,314572800,2147483648,10.778071869709327,0,5.303987904924777,0,0,12.064289392930046,44574.290006438234,0,22714.947827595606,0,0,35735.61722408161,10.778071869709327,0,5.303987904924777,0,0,12.064289392930046,44574.290006438234,0,22714.947827595606,0,0,35735.61722408161,110.79175161257979,51.577703009911794,488.07831629143936,21.400538098881842,34.195162635529606,32.84716133424098,14.516821628696912,61.29478094903802,46.275811209439524,96.17443530487009,0,0,0,0,0,0,0,0,0,0,121731.09187527154,121532.0905701555,1575679.1232977214,99872.85562658901,332141.2889119311,463577.43392387114,2630.872045444711,9158.524011144505,589026.9174041298,125267.1628149889,0,0,0,0,0,0,0,0,0,0,130.47692256274857,41.720469218877874,474.57471686001196,28.73151827808358,47.58469896084575,45.96321533923304,12.772656368317431,73.9091327907334,61.168469354310055,128.71132001566784,0,0,0,0,0,0,0,0,0,0,26478.99468600648,6936.637264708557,146487.61978999496,6000.9132870930325,12534.386763744562,5587.524545609258,2422.591880043703,10549.064344163395,12966.302032120615,24384.54106280193,0,0,0,0,0,0,0,0,0,0,18,12,40,8,6,2,6,58,0,0,0,0,0.009176049129989766,0.004013550135501354,0.0316045066045066,0.016031914893617022,0.0015586592178770955,0.003033898305084746,0.0029934853420195444,0.003220253770648791,0.02151827242524917,0.039112149532710264,0.0745,0.02392127659574468,0.004320670391061454,0.0046610169491525435,0.0046039087947882746,0.004996456787167825,0.023292358803986717,0.045607476635514003,0.08776724137931032,0.024907446808510637,0.004665921787709498,0.004864406779661017,0.004805211726384366,0.007586734693877555,0.02471162790697675,0.069111111111111,0.09838103448275862,0.04979545454545459,0.004942122905027934,0.01600000000000006,0.004966254071661238,0.009689682539682543,0.45810810810810815,0.375,0.3862429178470255,0.45934959349593496,0.8795180722891567,0.375,0.45934959349593496,0.48955305232558133,2.1815109343936383,2.163709677419355,0.4952372521246459,2.1277108433734937,2.1277108433734937,0.475,2.1277108433734937,2.1923706324635117,2.340755467196819,2.331854838709677,0.6970472440944879,2.313855421686747,2.313855421686747,0.4875,2.313855421686747,2.3461853162317556,2.468151093439364,2.4663709677419354,0.939409448818898,2.4627710843373487,2.4627710843373487,0.4975,2.4627710843373487,2.4692370632463514,394.33613445377904,396.80672268908626,396.95798319326747,392.0840336134514,396.75630252098705,66379638.31932773,28970216.336134452,51665773.71428571,38695565.98319328,54080279.663865544,3476019389.310924,2899706406.722689,811254241.882353,5272453326.5210085,3843766117.1092434,0,0,0,0,0,15.294117647058822,4.470588235294118,4.554621848739496,0.36974789915966383,17.008403361344538,0,0,0,0,0,60209.47899159664,30289.74789915966,888702.9243697479,34953.68067226891,75758.78991596638,1560.705882352941,265.94957983193274,2822.7058823529414,1736.2184873949582,432.13445378151255,1762.033613445378,376.7226890756302,1887.7142857142858,2121.27731092437,536.1512605042016,0,0,0,0,0,0,0,0,0,0,0,0,0,0,0,0,0,0,0,0
1693106460,0.23553877439475257,0.3099887927128786,0.32250805396957005,0.022932098057651316,1.9417475728155342,0.46771643021002685,0.14870994125957332,0.10860711376595175,0.0882643694393452,0.05504890177441006,0,0.12654623683128233,0.10845398839542333,0.619166647556585,0.18136030916664628,2.907375931596973,6.841290006438232,42.1948197079595,0.4645053041942799,10.486094675400642,2.979611089333825,0.3088314199320891,0.6396653507104707,1.078335943016514,0.9668136025836301,0,0.30735383276914885,1.0976650398568388,2.7790281032861683,0.90118646945227,2.1721909194182722,6.1043946872689965,41.522911948582156,0.4127777650377227,8.351854018013803,1.8931379318024775,0.3469898629390044,0.434428455063807,0.9002965682813127,0.7706846248417343,0,0.12654623683128233,0.8314805776982465,1.2154011970555172,0.4634763456480959,50000,100000,50000,50000,50000,50000,10000,50000,50000,20000,50000,0,6488064,2162688,220594176,0,0,2433024,0,0,2973696,0,0,0,0,5136384,8.636421727807607,3.147578510623078,5.321382890497911,4.540555415414956,186.82886887355247,464.5092318314439,0,0,73.40064962575907,1.211075839037011,0,0,75.15861395802831,0,13.299756005554082,0,0,2162688,0,0,0,0,0,0,0,0,0,0,0,0,225292288,79966208,17977344,439984128,111808512,349663232,40304640,10944512,310304768,94117888,4952064,3993600,305532928,16125952,134160384,207347712,70692864,14327808,200048640,104755200,330215424,35819520,9596928,293044224,84074496,4055040,2568192,296558592,15003648,37982208,0,0,0,0,0,0,0,0,0,0,0,0,0,0,0,209391616,79642624,17715200,425447424,108978176,333062144,40120320,10682368,297111552,93859840,4796416,2912256,298823680,15794176,44728320,191279104,73289728,17715200,212152320,108978176,333062144,37687296,10682368,297111552,90886144,4796416,2912256,298823680,15794176,39591936,1073741824,1073741824,314572800,0,1073741824,1073741824,1073741824,314572800,1073741824,0,0,0,1073741824,314572800,2147483648,10.778071869709327,0,5.303987904924777,0,0,11.82872238675795,44574.290006438234,0,22714.947827595606,0,0,35037.844476013895,10.778071869709327,0,5.303987904924777,0,0,11.82872238675795,44574.290006438234,0,22714.947827595606,0,0,35037.844476013895,93.08769133718792,51.577703009911794,488.07831629143936,21.400538098881842,34.16718596991009,33.40635563122013,14.809437539213778,61.29478094903802,46.72209098996841,96.1291215855371,0,0,0,0,0,0,0,0,0,0,102278.97060648596,121532.0905701555,1575679.1232977214,99872.85562658901,333765.4589156949,473056.6086639798,2683.9025943294178,9158.524011144505,591220.9712550235,124616.80875051921,0,0,0,0,0,0,0,0,0,0,109.62725399106536,41.720469218877874,474.57471686001196,28.73151827808358,47.34265111724385,47.10039627390576,13.030115099197335,73.9091327907334,62.73583458600485,128.2512807326384,0,0,0,0,0,0,0,0,0,0,22247.761664327172,6936.637264708557,146487.61978999496,6000.9132870930325,12399.715125077897,5700.233211729553,2471.4241208000694,10549.064344163395,13198.23910175783,24387.91858694147,0,0,0,0,0,0,0,0,0,0,42,34,76,20,18,2,18,130,0,0,0,0,0.009176049129989766,0.004013550135501354,0.0316045066045066,0.016031914893617022,0.0015586592178770955,0.003033898305084746,0.0029934853420195444,0.0032263012320844857,0.02151827242524917,0.039112149532710264,0.0745,0.02392127659574468,0.004320670391061454,0.0046610169491525435,0.0046039087947882746,0.005084490740740748,0.023292358803986717,0.045607476635514003,0.08776724137931032,0.024907446808510637,0.004665921787709498,0.004864406779661017,0.004805211726384366,0.007646412037037036,0.02471162790697675,0.069111111111111,0.09838103448275862,0.04979545454545459,0.004942122905027934,0.01600000000000006,0.004966254071661238,0.009695949074074072,0.45810810810810815,0.375,0.3862429178470255,0.45934959349593496,0.8795180722891567,0.375,0.45934959349593496,0.4720900439238653,2.1815109343936383,2.163709677419355,0.4952372521246459,2.1277108433734937,2.1277108433734937,0.475,2.1277108433734937,2.1778020378457064,2.340755467196819,2.331854838709677,0.6970472440944879,2.313855421686747,2.313855421686747,0.4875,2.313855421686747,2.338901018922853,2.468151093439364,2.4663709677419354,0.939409448818898,2.4627710843373487,2.4627710843373487,0.4975,2.4627710843373487,2.4677802037845704,394.3697478991598,396.77310924369203,397.04201680672304,392.16806722688756,396.8403361344628,66379638.31932773,28970216.336134452,51665773.71428571,38695565.98319328,54080210.82352941,3476026961.747899,2956513452.10084,811262984.605042,5364886622.655462,3843807834.352941,0,0,0,0,0,15.34453781512605,3.495798319327731,5.294117647058823,0.40336134453781514,16.92436974789916,0,0,0,0,0,60364.36974789916,25608.605042016807,1062731.294117647,35074.1512605042,75440.40336134454,1560.436974789916,262.7394957983193,2823.8655462184875,1735.798319327731,431.52941176470586,1763.2436974789914,373.8487394957983,1889.159663865546,2122.1008403361348,535.546218487395,0,0,0,0,0,0,0,0,0,0,0,0,0,0,0,0,0,0,0,0
1693106461,0.4376454673854657,0.2904654709171442,0.38276291027399406,0.022932098057651316,1.9417475728155342,0.46771643021002685,0.14870994125957332,0.10860711376595175,0.0882643694393452,0.06800562179806921,0,0.12654623683128233,0.1353118939154753,0.619166647556585,0.20589900653729323,4.440143619328013,7.011486458862823,50.078166393416446,0.4645053041942799,10.486094675400642,2.979611089333825,0.3088314199320891,0.6396653507104707,1.078335943016514,0.9755251280772567,0,0.30735383276914885,1.1633128613955281,2.7790281032861683,1.0706447933288732,3.3818058843422163,6.299469900515575,49.28072469777675,0.4127777650377227,8.351854018013803,1.8931379318024775,0.3469898629390044,0.434428455063807,0.9002965682813127,0.7933989209774667,0,0.12654623683128233,0.9246312750890726,1.2154011970555172,0.5662222679775556,50000,100000,50000,50000,50000,50000,10000,50000,50000,20000,50000,0,6623232,2162688,220594176,0,0,2433024,0,0,2973696,0,0,0,0,5136384,602.637808589787,2.396340135066444,6.3155880195209075,4.540555415414956,186.82886887355247,464.5092318314439,0,0,73.40064962575907,1.4961236795575101,0,0,93.77114248342428,0,13.589334431461369,0,0,2162688,0,0,0,0,0,0,0,0,0,0,0,0,225292288,80015360,17977344,439984128,111808512,349663232,40304640,10944512,310304768,94117888,4952064,3993600,305532928,16125952,134160384,208969728,70692864,14327808,200048640,104755200,330215424,35819520,9596928,293044224,84074496,4055040,2568192,296558592,15003648,38117376,0,0,0,0,0,0,0,0,0,0,0,0,0,0,0,210681856,79773696,17715200,425447424,108978176,333062144,40120320,10682368,297111552,93859840,4796416,2912256,298823680,15794176,44986368,191893504,73150464,17715200,212152320,108978176,333062144,37687296,10682368,297111552,90886144,4796416,2912256,298823680,15794176,39849984,1073741824,1073741824,314572800,0,1073741824,1073741824,1073741824,314572800,1073741824,0,0,0,1073741824,314572800,2147483648,10.67460605620507,0,5.303987904924777,0,0,14.670304215782158,42840.17137462785,0,22714.947827595606,0,0,47140.44028070898,10.67460605620507,0,5.303987904924777,0,0,14.670304215782158,42840.17137462785,0,22714.947827595606,0,0,47140.44028070898,105.5936906674456,51.95495112622184,488.07831629143936,21.400538098881842,34.16718596991008,39.2143237671693,17.55695463101188,61.29478094903802,46.72209098996841,96.1291215855371,0,0,0,0,0,0,0,0,0,0,120465.62623881157,122649.11814704632,1575679.1232977214,99872.85562658901,333765.45891569473,555301.368911125,3181.8329330823653,9158.524011144505,591220.9712550235,124616.80875051921,0,0,0,0,0,0,0,0,0,0,124.95566358572054,42.28644283892903,474.57471686001196,28.73151827808358,47.342651117243825,55.28918537048618,15.447523852794186,73.9091327907334,62.73583458600485,128.2512807326384,0,0,0,0,0,0,0,0,0,0,25128.711218677625,6952.879303017425,146487.61978999496,6000.9132870930325,12399.715125077893,6691.265374192203,2929.9344453819695,10549.064344163395,13198.23910175783,24387.91858694147,0,0,0,0,0,0,0,0,0,0,22,24,48,12,14,2,14,74,0,0,0,0,0.009176049129989766,0.004013550135501354,0.0316045066045066,0.016031914893617022,0.0015586592178770955,0.003033898305084746,0.0029934853420195444,0.003218742471693568,0.02151827242524917,0.039112149532710264,0.0745,0.02392127659574468,0.004320670391061454,0.0046610169491525435,0.0046039087947882746,0.004993736449048422,0.023292358803986717,0.045607476635514003,0.08776724137931032,0.024907446808510637,0.004665921787709498,0.004864406779661017,0.004805211726384366,0.007565940366972478,0.02471162790697675,0.069111111111111,0.09838103448275862,0.04979545454545459,0.004942122905027934,0.01600000000000006,0.004966254071661238,0.009678325688073393,0.45810810810810815,0.375,0.3862429178470255,0.45934959349593496,0.8795180722891567,0.375,0.45934959349593496,0.4866460755813954,2.1815109343936383,2.163709677419355,0.4952372521246459,2.1277108433734937,2.1277108433734937,0.475,2.1277108433734937,2.190107671601615,2.340755467196819,2.331854838709677,0.6970472440944879,2.313855421686747,2.313855421686747,0.4875,2.313855421686747,2.3450538358008077,2.468151093439364,2.4663709677419354,0.939409448818898,2.4627710843373487,2.4627710843373487,0.4975,2.4627710843373487,2.469010767160161,394.4705882352941,396.8403361344555,397.0924369747933,392.23529411764343,396.73949579832197,66379569.47899159,28970216.336134452,51665773.71428571,38695565.98319328,36053611.56302521,3405222266.6218486,3013354022.722689,811258028.1008403,5364877948.773109,3922251466.2184873,0,0,0,0,0,15.260504201680671,3.495798319327731,5.294117647058823,0.40336134453781514,16.907563025210084,0,0,0,0,0,60063.19327731092,25608.605042016807,1062731.294117647,35074.1512605042,75354.35294117646,1565.529411764706,266.75630252100837,2824.521008403361,1732.4705882352941,430.6554621848739,1766.90756302521,377.79831932773106,1890.3865546218487,2119.176470588235,534.7226890756302,0,0,0,0,0,0,0,0,0,0,0,0,0,0,0,0,0,0,0,0
1693106462,0.4376454673854657,0.29046547091714414,0.38276291027399406,0.022932098057651316,1.9417475728155342,0.46771643021002685,0.14870994125957332,0.10860711376595175,0.0882643694393452,0.06800562179806921,0,0.12654623683128233,0.1353118939154753,0.619166647556585,0.18233516483516454,4.440143619328013,7.011486458862821,50.078166393416446,0.4645053041942799,10.486094675400642,2.979611089333825,0.3088314199320891,0.6396653507104707,1.078335943016514,0.9755251280772567,0,0.30735383276914885,1.1633128613955281,2.7790281032861683,0.8862279575744819,3.3818058843422163,6.299469900515573,49.28072469777675,0.4127777650377227,8.351854018013803,1.8931379318024775,0.3469898629390044,0.434428455063807,0.9002965682813127,0.7933989209774667,0,0.12654623683128233,0.9246312750890726,1.2154011970555172,0.4862271062271048,50000,100000,50000,50000,50000,50000,10000,50000,50000,20000,50000,0,6623232,2162688,220594176,0,0,2433024,0,0,2973696,0,0,0,0,5136384,602.637808589787,2.3963401350664437,6.3155880195209075,4.540555415414956,186.82886887355247,464.5092318314439,0,0,73.40064962575907,1.4961236795575101,0,0,93.77114248342428,0,8.022747252747253,0,0,2162688,0,0,0,0,0,0,0,0,0,0,0,0,225292288,80015360,17977344,439984128,111808512,349663232,40304640,10944512,310304768,94117888,4952064,3993600,305532928,16125952,134160384,208969728,70692864,14327808,200048640,104755200,330215424,35819520,9596928,293044224,84074496,4055040,2568192,296558592,15003648,38117376,0,0,0,0,0,0,0,0,0,0,0,0,0,0,0,210681856,79773696,17715200,425447424,108978176,333062144,40120320,10682368,297111552,93859840,4796416,2912256,298823680,15794176,44986368,191893504,73150464,17715200,212152320,108978176,333062144,37687296,10682368,297111552,90886144,4796416,2912256,298823680,15794176,39849984,1073741824,1073741824,314572800,0,1073741824,1073741824,1073741824,314572800,1073741824,0,0,0,1073741824,314572800,2147483648,10.674606056205068,0,5.303987904924777,0,0,12.034120879120879,42840.17137462784,0,22714.947827595606,0,0,40039.18144078144,10.674606056205068,0,5.303987904924777,0,0,12.034120879120879,42840.17137462784,0,22714.947827595606,0,0,40039.18144078144,105.5936906674456,51.95495112622184,488.07831629143936,21.400538098881842,34.16718596991008,39.2143237671693,17.55695463101188,61.29478094903802,46.72209098996841,96.1291215855371,0,0,0,0,0,0,0,0,0,0,120465.62623881157,122649.11814704632,1575679.1232977214,99872.85562658901,333765.45891569473,555301.368911125,3181.8329330823653,9158.524011144505,591220.9712550235,124616.80875051921,0,0,0,0,0,0,0,0,0,0,124.95566358572054,42.28644283892903,474.57471686001196,28.73151827808358,47.342651117243825,55.28918537048618,15.447523852794186,73.9091327907334,62.73583458600485,128.2512807326384,0,0,0,0,0,0,0,0,0,0,25128.711218677625,6952.879303017425,146487.61978999496,6000.9132870930325,12399.715125077893,6691.265374192203,2929.9344453819695,10549.064344163395,13198.23910175783,24387.91858694147,0,0,0,0,0,0,0,0,0,0,42,20,64,12,10,2,10,98,0,0,0,0,0.009167520491803279,0.003956975228161669,0.03175855513307985,0.016026200873362446,0.0016315789473684208,0.003,0.003,0.0032167272727272726,0.021509486607142858,0.038523809523809516,0.0742967409948542,0.02399126637554585,0.004335672514619884,0.0046,0.004616783216783217,0.0049901090909090905,0.02328822544642857,0.04527380952380952,0.08762006861063465,0.024986899563318773,0.004673684210526316,0.0048,0.004818881118881119,0.0075454545454545375,0.024711216517857147,0.06664705882352917,0.09827873070325902,0.07085714285714241,0.004944093567251461,0.00496,0.00498055944055944,0.009676923076923074,0.45913461538461525,0.3729166666666667,0.38612863652295837,0.45879120879120877,0.8668032786885247,0.375,0.4540960451977401,0.489514348785872,2.1822033898305087,2.1638339920948617,0.49503154574132496,2.1262295081967215,2.1129464285714286,0.475,2.1129464285714286,2.192328398384926,2.3411016949152543,2.331916996047431,0.6941929133858273,2.3131147540983608,2.306473214285714,0.4875,2.306473214285714,2.3461641991924624,2.468220338983051,2.466383399209486,0.9388385826771657,2.462622950819672,2.4612946428571427,0.4975,2.4612946428571427,2.4692328398384924,394.4705882352888,396.85714285714073,397.092436974793,392.1680672269098,396.77310924369937,49784711.52941176,28970216.336134452,51665773.71428571,38695565.98319328,36053611.56302521,3476255305.142857,3013325178.6218486,811254586.0840336,5364898050.15126,3843867381.243697,0,0,0,0,0,15.394957983193276,3.495798319327731,5.294117647058823,0.40336134453781514,17.092436974789916,0,0,0,0,0,59667.361344537814,25608.605042016807,1062731.294117647,35074.1512605042,76016.94117647059,1572.3193277310922,266.52100840336135,2822.6050420168067,1747.9495798319326,433.7310924369748,1773.2268907563025,377.42857142857144,1889.546218487395,2135.09243697479,537.764705882353,0,0,0,0,0,0,0,0,0,0,0,0,0,0,0,0,0,0,0,0
1693106463,0.4376454673854657,0.29046547091714414,0.38276291027399406,0.022932098057651316,1.6490992448759443,0.46771643021002685,0.14870994125957332,0.10860711376595175,0.096452943020424,0.06800562179806921,0,0.12654623683128233,0.1353118939154753,0.619166647556585,0.18608141858141825,4.440143619328013,7.011486458862821,50.078166393416446,0.4645053041942799,8.905694567613939,2.979611089333825,0.3088314199320891,0.6396653507104707,1.1794641894335725,0.9755251280772567,0,0.30735383276914885,1.1633128613955281,2.7790281032861683,0.9044363750736492,3.3818058843422163,6.299469900515573,49.28072469777675,0.4127777650377227,7.093113619526652,1.8931379318024775,0.3469898629390044,0.434428455063807,0.9645294302042356,0.7933989209774667,0,0.12654623683128233,0.9246312750890726,1.2154011970555172,0.4962171162171148,50000,100000,50000,50000,50000,50000,10000,50000,50000,20000,50000,0,6623232,2162688,220594176,0,0,2433024,0,0,2973696,0,0,0,0,5136384,602.637808589787,2.3963401350664437,6.3155880195209075,4.540555415414956,158.6711634889071,464.5092318314439,0,0,100.26283426973066,1.4961236795575101,0,0,93.77114248342428,0,8.187582417582416,0,0,2162688,0,0,0,0,0,0,0,0,0,0,0,0,225292288,80015360,17977344,439984128,111808512,349663232,40304640,10944512,310304768,94117888,4952064,3993600,305532928,16125952,134160384,208969728,70692864,14327808,200048640,104755200,330215424,35819520,9596928,293044224,84074496,4055040,2568192,296558592,15003648,38117376,0,0,0,0,0,0,0,0,0,0,0,0,0,0,0,210681856,79773696,17715200,425447424,108978176,333062144,40120320,10682368,297111552,93859840,4796416,2912256,298823680,15794176,44986368,191893504,73150464,17715200,212152320,108978176,333062144,37687296,10682368,297111552,90886144,4796416,2912256,298823680,15794176,39849984,1073741824,1073741824,314572800,0,1073741824,1073741824,1073741824,314572800,1073741824,0,0,0,1073741824,314572800,2147483648,10.674606056205068,0,5.303987904924777,0,0,12.281373626373624,42840.17137462784,0,22714.947827595606,0,0,40861.825463425455,10.674606056205068,0,5.303987904924777,0,0,12.281373626373624,42840.17137462784,0,22714.947827595606,0,0,40861.825463425455,105.5936906674456,51.95495112622184,488.07831629143936,21.400538098881842,34.09495337746459,39.2143237671693,17.55695463101188,60.885641341667394,46.72209098996841,96.1291215855371,0,0,0,0,0,0,0,0,0,0,120465.62623881157,122649.11814704632,1575679.1232977214,99872.85562658901,333674.59131136263,555301.368911125,3181.8329330823653,9098.952372568006,591220.9712550235,124616.80875051921,0,0,0,0,0,0,0,0,0,0,124.95566358572054,42.28644283892903,474.57471686001196,28.73151827808358,47.16824447766152,55.28918537048618,15.447523852794186,73.49238489303634,62.73583458600485,128.2512807326384,0,0,0,0,0,0,0,0,0,0,25128.711218677625,6952.879303017425,146487.61978999496,6000.9132870930325,12506.394286663346,6691.265374192203,2929.9344453819695,10469.178624878949,13198.23910175783,24387.91858694147,0,0,0,0,0,0,0,0,0,0,52,22,74,6,6,2,6,62,0,0,0,0,0.009167520491803279,0.003956975228161669,0.03175855513307985,0.016026200873362446,0.0015568181818181816,0.0030168067226890756,0.0030033333333333335,0.0032167272727272726,0.021509486607142858,0.038523809523809516,0.0742967409948542,0.02399126637554585,0.004320454545454546,0.004630252100840336,0.004622,0.0049901090909090905,0.02328822544642857,0.04527380952380952,0.08762006861063465,0.024986899563318773,0.004665909090909091,0.004831932773109243,0.004824333333333333,0.0075454545454545375,0.024711216517857147,0.06664705882352917,0.09827873070325902,0.07085714285714241,0.004942272727272727,0.0049932773109243695,0.0049862000000000005,0.009676923076923074,0.45913461538461525,0.3729166666666667,0.38612863652295837,0.45879120879120877,0.8770491803278688,0.375,0.4584478021978023,0.489514348785872,2.1822033898305087,2.1638339920948617,0.49503154574132496,2.1262295081967215,2.1262295081967215,0.475,2.125308641975309,2.192328398384926,2.3411016949152543,2.331916996047431,0.6941929133858273,2.3131147540983608,2.3131147540983608,0.4875,2.3126543209876544,2.3461641991924624,2.468220338983051,2.466383399209486,0.9388385826771657,2.462622950819672,2.462622950819672,0.4975,2.4625308641975305,2.4692328398384924,394.4705882352907,396.9411764705872,397.0924369747789,392.15126050421156,396.7394957983169,49784711.52941176,28970216.336134452,51665773.71428571,38695565.98319328,36053611.56302521,3547222050.420168,3013333783.6638656,749171135.4621848,5179993733.378151,3843947304.8739495,0,0,0,0,0,15.3781512605042,3.495798319327731,5.294117647058823,0.4369747899159664,16.95798319327731,0,0,0,0,0,59624.33613445378,25608.605042016807,1062731.294117647,35177.41176470588,75560.87394957982,1576.436974789916,266.8235294117647,2821.798319327731,1742.0840336134452,432.8235294117647,1777.3277310924368,377.61344537815125,1889.512605042017,2129.0252100840335,536.7731092436975,0,0,0,0,0,0,0,0,0,0,0,0,0,0,0,0,0,0,0,0
1693106464,0.4376454673854657,0.29046547091714414,0.38276291027399406,0.022932098057651316,1.6167367853290187,0.46771643021002685,0.14870994125957332,0.10762625496934179,0.09645294302042401,0.06800562179806921,0,0.12390038409119034,0.1353118939154753,0.619166647556585,0.189827672327672,4.440143619328013,7.011486458862821,50.078166393416446,0.4645053041942799,8.73092632302393,2.979611089333825,0.3088314199320891,0.536739114171004,1.1794641894335727,0.9755251280772567,0,0.30728979886837654,1.1633128613955284,2.7790281032861683,0.9226447925728168,3.3818058843422163,6.299469900515573,49.28072469777675,0.4127777650377227,6.953916052559755,1.8931379318024775,0.3469898629390044,0.34440401590189373,0.9645294302042359,0.7933989209774667,0,0.12390038409119078,0.9246312750890727,1.2154011970555172,0.5062071262071248,50000,100000,50000,50000,50000,50000,10000,50000,50000,20000,50000,0,6623232,2162688,220594176,0,0,2433024,0,0,2973696,0,0,0,0,5136384,602.637808589787,2.3963401350664437,6.3155880195209075,4.540555415414956,155.55734900768124,464.5092318314439,0,0,100.26283426973067,1.4961236795575101,0,0,93.7711424834243,0,8.352417582417582,0,0,2162688,0,0,0,0,0,0,0,0,0,0,0,0,225292288,80015360,17977344,439984128,111808512,349663232,40304640,10944512,310304768,94117888,4952064,3993600,305532928,16125952,134160384,208969728,70692864,14327808,200048640,104755200,330215424,35819520,9596928,293044224,84074496,4055040,2568192,296558592,15003648,38117376,0,0,0,0,0,0,0,0,0,0,0,0,0,0,0,210681856,79773696,17715200,425447424,108978176,333062144,40120320,10682368,297111552,93859840,4796416,2912256,298823680,15794176,44986368,191893504,73150464,17715200,212152320,108978176,333062144,37687296,10682368,297111552,90886144,4796416,2912256,298823680,15794176,39849984,1073741824,1073741824,314572800,0,1073741824,1073741824,1073741824,314572800,1073741824,0,0,0,1073741824,314572800,2147483648,10.674606056205068,0,5.303987904924777,0,0,12.528626373626373,42840.17137462784,0,22714.947827595606,0,0,41684.46948606949,10.674606056205068,0,5.303987904924777,0,0,12.528626373626373,42840.17137462784,0,22714.947827595606,0,0,41684.46948606949,105.5936906674456,51.95495112622184,488.07831629143936,21.273457950816645,34.09495337746459,39.2143237671693,17.55695463101188,60.885641341667394,46.72209098996841,96.1291215855371,0,0,0,0,0,0,0,0,0,0,120465.62623881157,122649.11814704632,1575679.1232977214,100345.94255797661,333674.59131136263,555301.368911125,3181.8329330823653,9098.952372568006,591220.9712550235,124616.80875051921,0,0,0,0,0,0,0,0,0,0,124.95566358572054,42.28644283892903,474.57471686001196,28.315451830549712,47.16824447766152,55.28918537048618,15.447523852794186,73.49238489303634,62.73583458600485,128.2512807326384,0,0,0,0,0,0,0,0,0,0,25128.711218677625,6952.879303017425,146487.61978999496,5921.026435128857,12506.394286663346,6691.265374192203,2929.9344453819695,10469.178624878949,13198.23910175783,24387.91858694147,0,0,0,0,0,0,0,0,0,0,32,16,46,12,10,2,14,100,0,0,0,0,0.009167520491803279,0.003956975228161669,0.03175855513307985,0.016026200873362446,0.0015568181818181816,0.0030168067226890756,0.0030033333333333335,0.0032167272727272726,0.021509486607142858,0.038523809523809516,0.0742967409948542,0.02399126637554585,0.004320454545454546,0.004630252100840336,0.004622,0.0049901090909090905,0.02328822544642857,0.04527380952380952,0.08762006861063465,0.024986899563318773,0.004665909090909091,0.004831932773109243,0.004824333333333333,0.0075454545454545375,0.024711216517857147,0.06664705882352917,0.09827873070325902,0.07085714285714241,0.004942272727272727,0.0049932773109243695,0.0049862000000000005,0.009676923076923074,0.45913461538461525,0.3729166666666667,0.38612863652295837,0.45879120879120877,0.8770491803278688,0.375,0.4584478021978023,0.489514348785872,2.1822033898305087,2.1638339920948617,0.49503154574132496,2.1262295081967215,2.1262295081967215,0.475,2.125308641975309,2.192328398384926,2.3411016949152543,2.331916996047431,0.6941929133858273,2.3131147540983608,2.3131147540983608,0.4875,2.3126543209876544,2.3461641991924624,2.468220338983051,2.466383399209486,0.9388385826771657,2.462622950819672,2.462622950819672,0.4975,2.4625308641975305,2.4692328398384924,394.6218487395087,396.97478991595574,396.974789915984,392.2857142857107,396.7563025210251,49784711.52941176,28970216.336134452,34443642.62184874,38695634.82352941,36053611.56302521,3476276645.6470585,3013281671.529412,687077840.6722689,5087565324.907563,3844025645.1764703,0,0,0,0,0,15.3781512605042,3.495798319327731,5.294117647058823,0.4369747899159664,17.025210084033613,0,0,0,0,0,60441.81512605042,25608.605042016807,1062731.294117647,35177.41176470588,75758.78991596638,1576.9411764705883,267.109243697479,2823.4957983193276,1744.8403361344538,433.1764705882353,1777.7647058823527,378.01680672268907,1891.2436974789916,2132.4033613445376,537.0924369747898,0,0,0,0,0,0,0,0,0,0,0,0,0,0,0,0,0,0,0,0
1693106465,0.4376454673854657,0.29046547091714414,0.38276291027399406,0.022932098057651316,1.581116555827795,0.46771643021002685,0.1273564329442091,0.12633919547200334,0.09645294302042401,0.06800562179806921,0,0.12390038409119034,0.1353118939154753,0.619166647556585,0.19357392607392576,4.440143619328013,7.011486458862821,50.078166393416446,0.4645053041942799,8.689780965638372,2.979611089333825,0.2644858016250073,0.630061762179098,1.1794641894335727,0.9755251280772567,0,0.30728979886837654,1.1633128613955284,2.7790281032861683,0.9408532100719844,3.3818058843422163,6.299469900515573,49.28072469777675,0.4127777650377227,6.772449247462374,1.8931379318024775,0.29716501020315456,0.40428542551041075,0.9645294302042359,0.7933989209774667,0,0.12390038409119078,0.9246312750890727,1.2154011970555172,0.5161971361971347,50000,100000,50000,50000,50000,50000,10000,50000,50000,20000,50000,0,6623232,2162688,220594176,0,0,2433024,0,0,2973696,0,0,0,0,5136384,602.637808589787,2.3963401350664437,6.3155880195209075,4.540555415414956,156.53053902695135,464.5092318314439,0,0,100.26283426973067,1.4961236795575101,0,0,93.7711424834243,0,8.517252747252746,0,0,2162688,0,0,0,0,0,0,0,0,0,0,0,0,225292288,80015360,17977344,439984128,111808512,349663232,40304640,10944512,310304768,94117888,4952064,3993600,305532928,16125952,134160384,208969728,70692864,14327808,200048640,104755200,330215424,35819520,9596928,293044224,84074496,4055040,2568192,296558592,15003648,38117376,0,0,0,0,0,0,0,0,0,0,0,0,0,0,0,210681856,79773696,17715200,425447424,108978176,333062144,40120320,10682368,297111552,93859840,4796416,2912256,298823680,15794176,44986368,191893504,73150464,17715200,212152320,108978176,333062144,37687296,10682368,297111552,90886144,4796416,2912256,298823680,15794176,39849984,1073741824,1073741824,314572800,0,1073741824,1073741824,1073741824,314572800,1073741824,0,0,0,1073741824,314572800,2147483648,10.674606056205068,0,4.542379441676787,0,0,12.77587912087912,42840.17137462784,0,19453.270610784777,0,0,42507.113508713504,10.674606056205068,0,4.542379441676787,0,0,12.77587912087912,42840.17137462784,0,19453.270610784777,0,0,42507.113508713504,105.5936906674456,51.95495112622184,488.07831629143936,21.273457950816645,34.09495337746459,39.2143237671693,14.809437539213777,60.885641341667394,46.978775261500964,96.1291215855371,0,0,0,0,0,0,0,0,0,0,120465.62623881157,122649.11814704632,1575679.1232977214,100345.94255797661,333674.59131136263,555301.368911125,2683.9025943294173,9098.952372568006,596375.3630547374,124616.80875051921,0,0,0,0,0,0,0,0,0,0,124.95566358572054,42.28644283892903,474.57471686001196,28.315451830549712,47.16824447766152,55.28918537048618,13.030115099197333,73.49238489303634,61.947801360820556,128.2512807326384,0,0,0,0,0,0,0,0,0,0,25128.711218677625,6952.879303017425,146487.61978999496,5921.026435128857,12506.394286663346,6691.265374192203,2471.424120800069,10469.178624878949,13272.631258251244,24387.91858694147,0,0,0,0,0,0,0,0,0,0,36,32,70,12,10,2,12,90,0,0,0,0,0.009167520491803279,0.003956975228161669,0.03175855513307985,0.016026200873362446,0.0015568181818181816,0.0030168067226890756,0.0030033333333333335,0.003223347682957711,0.021509486607142858,0.038523809523809516,0.0742967409948542,0.02399126637554585,0.004320454545454546,0.004630252100840336,0.004622,0.005023584905660378,0.02328822544642857,0.04527380952380952,0.08762006861063465,0.024986899563318773,0.004665909090909091,0.004831932773109243,0.004824333333333333,0.0076120283018867845,0.024711216517857147,0.06664705882352917,0.09827873070325902,0.07085714285714241,0.004942272727272727,0.0049932773109243695,0.0049862000000000005,0.00968278301886792,0.45913461538461525,0.3729166666666667,0.38612863652295837,0.45879120879120877,0.8770491803278688,0.375,0.4584478021978023,0.47442550037064496,2.1822033898305087,2.1638339920948617,0.49503154574132496,2.1262295081967215,2.1262295081967215,0.475,2.125308641975309,2.1798736023334957,2.3411016949152543,2.331916996047431,0.6941929133858273,2.3131147540983608,2.3131147540983608,0.4875,2.3126543209876544,2.3399368011667474,2.468220338983051,2.466383399209486,0.9388385826771657,2.462622950819672,2.462622950819672,0.4975,2.4625308641975305,2.4679873602333497,394.6890756302386,397.0252100840317,396.9579831932686,392.26890756302885,396.6554621848707,66379638.31932773,19313569.344537813,34443711.46218487,51594110.924369745,36053611.56302521,3476414532.840336,3013270725.915966,624962723.4957983,5272597271.663865,3922538668.10084,0,0,0,0,0,15.327731092436974,2.8235294117647056,5.294117647058823,0.4369747899159664,17.07563025210084,0,0,0,0,0,60295.529411764706,20652.100840336134,1062731.294117647,35177.41176470588,75991.12605042016,1578.2352941176468,267.6974789915966,2822.7394957983192,1746.3529411764705,432.9579831932773,1778.7899159663864,378.5378151260504,1891.1932773109243,2134.2184873949577,536.8571428571428,0,0,0,0,0,0,0,0,0,0,0,0,0,0,0,0,0,0,0,0
1693106466,0.4376454673854657,0.31416143064282237,0.32197856527702434,0.022932098057651316,1.8490232333788923,0.46771643021002685,0.12487793392321624,0.12633919547200334,0.09645294302042401,0.06800562179806921,0,0.12390038409119034,0.1353118939154753,0.5760075897470647,0.2247752247752244,4.440143619328013,7.231776776220386,42.12554491111528,0.4645053041942799,10.354722706809245,2.979611089333825,0.2593386112928058,0.630061762179098,1.1794641894335727,0.9755251280772567,0,0.30728979886837654,1.1633128613955284,2.736605302658106,1.0925050499500508,3.3818058843422163,6.404059932334458,41.454740279416896,0.4127777650377227,7.938741056355003,1.8931379318024775,0.29138184582083787,0.40428542551041075,0.9645294302042359,0.7933989209774667,0,0.12390038409119078,0.9246312750890727,1.2028393785894578,0.5994005994005978,50000,100000,50000,50000,50000,50000,10000,50000,50000,20000,50000,0,6623232,2162688,220594176,0,0,2433024,0,0,2973696,0,0,0,0,5136384,602.637808589787,3.1899468342194295,5.312646327070907,4.540555415414956,189.68566605032558,464.5092318314439,0,0,100.26283426973067,1.4961236795575101,0,0,93.7711424834243,0,9.89010989010989,0,0,2162688,0,0,0,0,0,0,0,0,0,0,0,0,225292288,80015360,17977344,439984128,111808512,349663232,40304640,10944512,310304768,94117888,4952064,3993600,305532928,16195584,134160384,208969728,70692864,14327808,200048640,105025536,330215424,35819520,9596928,293044224,84074496,4055040,2568192,296558592,15003648,38117376,0,0,0,0,0,0,0,0,0,0,0,0,0,0,0,210681856,79773696,17715200,425447424,108806144,333062144,40120320,10682368,297111552,93859840,4796416,2912256,298823680,15802368,44986368,191893504,73150464,17715200,212152320,108806144,333062144,37687296,10682368,297111552,90886144,4796416,2912256,298823680,15802368,39849984,1073741824,1073741824,314572800,0,1073741824,1073741824,1073741824,314572800,1073741824,0,0,0,1073741824,314572800,2147483648,10.971483808603189,0,4.453979643261374,0,0,14.835164835164836,45285.64523924601,0,19074.688146991517,0,0,49358.64135864136,10.971483808603189,0,4.453979643261374,0,0,14.835164835164836,45285.64523924601,0,19074.688146991517,0,0,49358.64135864136,105.59369066744561,51.95495112622184,488.07831629143936,21.273457950816645,34.09495337746459,39.2143237671693,14.51682162869691,61.84856576793867,46.978775261500964,96.1291215855371,0,0,0,0,0,0,0,0,0,0,120465.62623881159,122649.11814704632,1575679.1232977214,100345.94255797661,333674.59131136263,555301.368911125,2630.8720454447107,9245.585321733139,596375.3630547374,124616.80875051921,0,0,0,0,0,0,0,0,0,0,124.95566358572056,42.28644283892903,474.57471686001196,28.315451830549712,47.16824447766152,55.28918537048618,12.77265636831743,74.46808510638299,61.947801360820556,128.2512807326384,0,0,0,0,0,0,0,0,0,0,25128.711218677632,6952.879303017425,146487.61978999496,5921.026435128857,12506.394286663346,6691.265374192203,2422.5918800437025,10613.597209061934,13272.631258251244,24387.91858694147,0,0,0,0,0,0,0,0,0,0,44,20,52,20,18,2,18,112,0,0,0,0,0.009167520491803279,0.003956975228161669,0.03175855513307985,0.016026200873362446,0.0015568181818181816,0.0030168067226890756,0.0030033333333333335,0.0032160077145612343,0.021509486607142858,0.038523809523809516,0.0742967409948542,0.02399126637554585,0.004320454545454546,0.004630252100840336,0.004622,0.004988813886210222,0.02328822544642857,0.04527380952380952,0.08762006861063465,0.024986899563318773,0.004665909090909091,0.004831932773109243,0.004824333333333333,0.007531322505800456,0.024711216517857147,0.06664705882352917,0.09827873070325902,0.07085714285714241,0.004942272727272727,0.0049932773109243695,0.0049862000000000005,0.009664037122969836,0.45913461538461525,0.3729166666666667,0.38612863652295837,0.45879120879120877,0.8770491803278688,0.375,0.4584478021978023,0.49172185430463583,2.1822033898305087,2.1638339920948617,0.49503154574132496,2.1262295081967215,2.1262295081967215,0.475,2.125308641975309,2.194007989347537,2.3411016949152543,2.331916996047431,0.6941929133858273,2.3131147540983608,2.3131147540983608,0.4875,2.3126543209876544,2.3470039946737677,2.468220338983051,2.466383399209486,0.9388385826771657,2.462622950819672,2.462622950819672,0.4975,2.4625308641975305,2.4694007989347537,394.52100840334526,397.09243697479474,396.9411764705834,392.235294117663,396.65546218487293,66379638.31932773,28970285.176470585,34443711.46218487,51594110.924369745,36053611.56302521,3405659196.235294,2956495209.4117646,626023759.5966387,5272752300.100841,3844209104.672269,0,0,0,0,0,15.428571428571427,2.8235294117647056,5.294117647058823,0.4369747899159664,17.210084033613445,0,0,0,0,0,60613.91596638655,20652.100840336134,1062731.294117647,35177.41176470588,76559.05882352941,1576.0672268907563,268.78991596638656,2823.4789915966385,1752.9747899159665,435.3781512605042,1776.7226890756301,379.47899159663865,1892.0168067226891,2139.831932773109,539.1764705882352,0,0,0,0,0,0,0,0,0,0,0,0,0,0,0,0,0,0,0,0
1693106467,0.4376454673854657,0.31416143064282237,0.32332376833851983,0.022932098057651316,1.8490232333788923,0.47750605409461633,0.12220457045093497,0.12633919547200334,0.09645294302042401,0.06800562179806921,0,0.12390038409119034,0.1353118939154753,0.46510609494021016,0.2247752247752244,4.440143619328013,7.231776776220386,50.01471481024935,0.4645053041942799,10.354722706809245,2.9798638323271534,0.3059368272201957,0.630061762179098,1.1794641894335727,0.9755251280772567,0.000033049073438571686,0.30728979886837654,1.1633128613955284,2.305670017762817,1.0925050499500508,3.3818058843422163,6.404059932334458,49.26645920058198,0.4127777650377227,7.938741056355003,1.9782393669633969,0.4015293029102145,0.40428542551041075,0.9645294302042359,0.7933989209774667,0,0.12390038409119078,0.9246312750890727,1.0111002063917613,0.5994005994005978,50000,100000,50000,50000,50000,50000,10000,50000,50000,20000,50000,0,6623232,2162688,220594176,0,0,2433024,0,0,2973696,0,0,0,0,5136384,602.637808589787,3.1899468342194295,4.001131633189185,4.540555415414956,189.68566605032558,429.9600941369078,0,0,100.26283426973067,1.4961236795575101,0,0,93.7711424834243,0,9.89010989010989,0,0,2162688,0,0,0,0,0,0,0,0,0,0,0,0,225292288,80015360,17985536,439984128,111808512,349663232,40415232,10944512,310304768,94117888,4952064,3993600,305532928,16195584,134160384,208969728,70692864,14327808,200048640,105025536,330215424,35819520,9596928,293044224,84074496,4055040,2568192,296558592,15003648,38117376,0,0,0,0,0,0,0,0,0,0,0,0,0,0,0,210681856,79773696,17727488,425447424,108806144,333062144,40165376,10682368,297111552,93859840,4796416,2912256,298823680,15802368,44986368,191893504,73150464,17727488,212152320,108806144,333062144,37732352,10682368,297111552,90886144,4796416,2912256,298823680,15802368,39849984,1073741824,1073741824,314572800,0,1073741824,1073741824,1073741824,314572800,1073741824,0,0,0,1073741824,314572800,2147483648,10.971483808603189,0,5.080218571603149,0,0,14.835164835164836,45285.64523924601,0,21058.850229570013,0,0,49358.64135864136,10.971483808603189,0,5.080218571603149,0,0,14.835164835164836,45285.64523924601,0,21058.850229570013,0,0,49358.64135864136,105.59369066744561,52.355272296441555,488.07831629143936,21.273457950816645,34.09495337746459,39.2143237671693,17.533925212854168,61.84856576793867,46.978775261500964,96.1291215855371,0,0,0,0,0,0,0,0,0,0,120465.62623881159,122205.09049311599,1575679.1232977214,100345.94255797661,333674.59131136263,555301.368911125,3170.3035573442276,9245.585321733139,596375.3630547374,124616.80875051921,0,0,0,0,0,0,0,0,0,0,124.95566358572056,42.01903828083507,474.57471686001196,28.315451830549712,47.16824447766152,55.28918537048618,15.450886808097561,74.46808510638299,61.947801360820556,128.2512807326384,0,0,0,0,0,0,0,0,0,0,25128.711218677632,6959.227029456224,146487.61978999496,5921.026435128857,12506.394286663346,6691.265374192203,2923.7769733249743,10613.597209061934,13272.631258251244,24387.91858694147,0,0,0,0,0,0,0,0,0,0,14,6,22,8,10,2,10,38,0,0,0,0,0.009223326359832635,0.0038883183568677792,0.03172641509433962,0.016111111111111107,0.0016202898550724636,0.003018348623853211,0.0030069204152249136,0.003217516843118383,0.021716759776536313,0.037625628140703526,0.0736243386243386,0.02413725490196078,0.004333333333333333,0.00463302752293578,0.004623529411764705,0.00499153031761309,0.023492458100558652,0.04469221105527639,0.08725308641975309,0.029299999999999896,0.004672463768115942,0.0048348623853211,0.00482560553633218,0.007558891454965355,0.024913016759776533,0.059821428571428796,0.09815608465608466,0.07412500000000012,0.00494376811594203,0.004996330275229358,0.004987266435986159,0.009687297921478056,0.45878746594005454,0.3760416666666666,0.3863355681016232,0.45912806539509543,0.8694331983805669,0.375,0.45448179271708683,0.4906661786237188,2.181831831831832,2.164512922465209,0.49540402258292165,2.1271255060728746,2.115131578947368,0.475,2.1140969162995593,2.1932090545938747,2.3409159159159154,2.332256461232604,0.6993190661478599,2.3135627530364373,2.307565789473684,0.4875,2.3070484581497794,2.346604527296938,2.468183183183183,2.4664512922465205,0.9398638132295721,2.462712550607288,2.461513157894737,0.4975,2.4614096916299557,2.469320905459387,394.554621848741,396.9243697478943,396.8739495798317,392.1512605042,396.6722689075651,66379638.31932773,28970285.176470585,34443711.46218487,51594110.924369745,36053611.56302521,3476604463.327731,2956504915.8991594,689165079.6638656,5087892316.504202,3922580729.5462184,0,0,0,0,0,15.327731092436974,2.857142857142857,5.294117647058823,0.3529411764705882,17.092436974789916,0,0,0,0,0,58307.76470588235,21065.142857142855,1062731.294117647,18793.41176470588,75973.91596638656,1567.3109243697477,269.0924369747899,2824.3865546218485,1740.9915966386552,432.0336134453782,1767.9327731092437,379.79831932773106,1893.5126050420167,2127.361344537815,535.7815126050419,0,0,0,0,0,0,0,0,0,0,0,0,0,0,0,0,0,0,0,0
1693106468,0.4376454673854657,0.31416143064282237,0.32332376833851983,0.022932098057651316,1.8490232333788923,0.4033075821139892,0.12220457045093497,0.12633919547200334,0.09645294302042401,0.06800562179806921,0,0.12390038409119034,0.1353118939154753,0.5505553427805437,0.2247752247752244,4.440143619328013,7.231776776220386,50.01471481024935,0.4645053041942799,10.354722706809245,2.5168302410814176,0.3059368272201957,0.630061762179098,1.1794641894335727,0.9755251280772567,0.000033049073438571686,0.30728979886837654,1.1633128613955284,2.729267495691306,1.0925050499500508,3.3818058843422163,6.404059932334458,49.26645920058198,0.4127777650377227,7.938741056355003,1.670845697329372,0.4015293029102145,0.40428542551041075,0.9645294302042359,0.7933989209774667,0,0.12390038409119078,0.9246312750890727,1.196859440827269,0.5994005994005978,50000,100000,50000,50000,50000,50000,10000,50000,50000,20000,50000,0,6623232,2162688,220594176,0,0,2433024,0,0,2973696,0,0,0,0,5136384,602.637808589787,3.1899468342194295,4.001131633189185,4.540555415414956,189.68566605032558,363.14967000920905,0,0,100.26283426973067,1.4961236795575101,0,0,93.7711424834243,0,9.89010989010989,0,0,2162688,0,0,0,0,0,0,0,0,0,0,0,0,225292288,80015360,17985536,439984128,111808512,349663232,40415232,10944512,310304768,94117888,4952064,3993600,305532928,16195584,134160384,208969728,70692864,14327808,200048640,105025536,330215424,35819520,9596928,293044224,84074496,4055040,2568192,296558592,15003648,38117376,0,0,0,0,0,0,0,0,0,0,0,0,0,0,0,210681856,79773696,17727488,425447424,108806144,333062144,40165376,10682368,297111552,93859840,4796416,2912256,298823680,15802368,44986368,191893504,73150464,17727488,212152320,108806144,333062144,37732352,10682368,297111552,90886144,4796416,2912256,298823680,15802368,39849984,1073741824,1073741824,314572800,0,1073741824,1073741824,1073741824,314572800,1073741824,0,0,0,1073741824,314572800,2147483648,10.971483808603189,0,5.080218571603149,0,0,14.835164835164836,45285.64523924601,0,21058.850229570013,0,0,49358.64135864136,10.971483808603189,0,5.080218571603149,0,0,14.835164835164836,45285.64523924601,0,21058.850229570013,0,0,49358.64135864136,105.59369066744561,52.355272296441555,302.27500000000003,21.273457950816645,34.09495337746459,39.2143237671693,17.533925212854168,61.84856576793867,46.978775261500964,96.1291215855371,0,0,0,0,0,0,0,0,0,0,120465.62623881159,122205.09049311599,953680.675,100345.94255797661,333674.59131136263,555301.368911125,3170.3035573442276,9245.585321733139,596375.3630547374,124616.80875051921,0,0,0,0,0,0,0,0,0,0,124.95566358572056,42.01903828083507,293.95,28.315451830549712,47.16824447766152,55.28918537048618,15.450886808097561,74.46808510638299,61.947801360820556,128.2512807326384,0,0,0,0,0,0,0,0,0,0,25128.711218677632,6959.227029456224,91582.1,5921.026435128857,12506.394286663346,6691.265374192203,2923.7769733249743,10613.597209061934,13272.631258251244,24387.91858694147,0,0,0,0,0,0,0,0,0,0,26,8,46,10,10,2,10,66,0,0,0,0,0.009223326359832635,0.0038883183568677792,0.03172641509433962,0.016111111111111107,0.001540845070422535,0.0030168067226890756,0.003006568144499179,0.003217516843118383,0.021716759776536313,0.037625628140703526,0.0736243386243386,0.02413725490196078,0.0043171830985915495,0.004630252100840336,0.004622331691297209,0.00499153031761309,0.023492458100558652,0.04469221105527639,0.08725308641975309,0.029299999999999896,0.004664225352112676,0.004831932773109243,0.004824302134646962,0.007558891454965355,0.024913016759776533,0.059821428571428796,0.09815608465608466,0.07412500000000012,0.004941859154929578,0.0049932773109243695,0.004985878489326766,0.009687297921478056,0.45878746594005454,0.3760416666666666,0.3863355681016232,0.45912806539509543,0.8805668016194331,0.375,0.45946866485013627,0.4906661786237188,2.181831831831832,2.164512922465209,0.49540402258292165,2.1271255060728746,2.1289156626506025,0.475,2.1280241935483875,2.1932090545938747,2.3409159159159154,2.332256461232604,0.6993190661478599,2.3135627530364373,2.3144578313253015,0.4875,2.3140120967741935,2.346604527296938,2.468183183183183,2.4664512922465205,0.9398638132295721,2.462712550607288,2.46289156626506,0.4975,2.462802419354839,2.469320905459387,394.5210084033671,396.92436974789393,396.80672268907966,392.01680672268833,396.7731092436999,66379638.31932773,28970285.176470585,34443711.46218487,51594110.924369745,36053611.56302521,3547543190.5882354,2956496448.537815,627043629.1764705,5272918687.193277,3844200981.5126047,0,0,0,0,0,15.361344537815125,2.857142857142857,5.294117647058823,0.3529411764705882,17.19327731092437,0,0,0,0,0,58402.42016806723,21065.142857142855,1062731.294117647,18793.41176470588,76318.11764705883,1572.235294117647,269.6638655462185,2825.378151260504,1740.2016806722686,432.9243697478991,1772.90756302521,380.31932773109247,1893.8655462184875,2124.890756302521,536.7226890756302,0,0,0,0,0,0,0,0,0,0,0,0,0,0,0,0,0,0,0,0
1693106469,0.4376454673854657,0.31416143064282237,0.32332376833851983,0.022932098057651316,1.8490232333788923,0.39534914787907893,0.12220457045093497,0.12633919547200334,0.09645294302042401,0.08611929244389376,0,0.12390038409119034,0.1353118939154753,0.5505553427805437,0.2247752247752244,4.440143619328013,7.231776776220386,50.01471481024935,0.4645053041942799,10.354722706809245,2.467165843875965,0.3059368272201957,0.630061762179098,1.1794641894335727,0.9765574484576027,0.00004611425014364964,0.30728979886837654,1.1633128613955284,2.729267495691306,1.0925050499500508,3.3818058843422163,6.404059932334458,49.26645920058198,0.4127777650377227,7.938741056355003,1.6378750412133152,0.4015293029102145,0.40428542551041075,0.9645294302042359,0.7922974904838167,0,0.12390038409119078,0.9246312750890727,1.196859440827269,0.5994005994005978,50000,100000,50000,50000,50000,50000,10000,50000,50000,20000,50000,0,6623232,2162688,220594176,0,0,2433024,0,0,2973696,0,0,0,0,5136384,602.637808589787,3.1899468342194295,4.001131633189185,4.540555415414956,189.68566605032558,355.9836684402606,0,0,100.26283426973067,1.1367746602593913,0,0,93.7711424834243,0,9.89010989010989,0,0,2162688,0,0,0,0,0,0,0,0,0,0,0,0,225292288,80015360,17985536,439984128,111808512,349663232,40415232,10944512,310304768,94126080,4952064,3993600,305532928,16195584,134160384,208969728,70692864,14327808,200048640,105025536,330215424,35819520,9596928,293044224,84209664,4055040,2568192,296558592,15003648,38117376,0,0,0,0,0,0,0,0,0,0,0,0,0,0,0,210681856,79773696,17727488,425447424,108806144,333062144,40165376,10682368,297111552,93863936,4796416,2912256,298823680,15802368,44986368,191893504,73150464,17727488,212152320,108806144,333062144,37732352,10682368,297111552,90890240,4796416,2912256,298823680,15802368,39849984,1073741824,1073741824,314572800,0,1073741824,1073741824,1073741824,314572800,1073741824,0,0,0,1073741824,314572800,2147483648,10.971483808603189,0,5.080218571603149,0,0,14.835164835164836,45285.64523924601,0,21058.850229570013,0,0,49358.64135864136,10.971483808603189,0,5.080218571603149,0,0,14.835164835164836,45285.64523924601,0,21058.850229570013,0,0,49358.64135864136,105.59369066744561,52.355272296441555,302.27500000000003,21.10362358809564,34.09495337746459,39.2143237671693,17.533925212854168,61.84856576793867,46.978775261500964,95.9849435382685,0,0,0,0,0,0,0,0,0,0,120465.62623881159,122205.09049311599,953680.675,100573.41902683518,333674.59131136263,555301.368911125,3170.3035573442276,9245.585321733139,596375.3630547374,123809.25972396486,0,0,0,0,0,0,0,0,0,0,124.95566358572056,42.01903828083507,293.95,28.250077939518935,47.16824447766152,55.28918537048618,15.450886808097561,74.46808510638299,61.947801360820556,127.37766624843161,0,0,0,0,0,0,0,0,0,0,25128.711218677632,6959.227029456224,91582.1,5910.309599750594,12506.394286663346,6691.265374192203,2923.7769733249743,10613.597209061934,13272.631258251244,24373.224592220824,0,0,0,0,0,0,0,0,0,0,20,16,44,6,2,2,2,54,0,0,0,0,0.009223326359832635,0.0038883183568677792,0.03172641509433962,0.016111111111111107,0.001540845070422535,0.0030168067226890756,0.003006568144499179,0.003217516843118383,0.021716759776536313,0.037625628140703526,0.0736243386243386,0.02413725490196078,0.0043171830985915495,0.004630252100840336,0.004622331691297209,0.00499153031761309,0.023492458100558652,0.04469221105527639,0.08725308641975309,0.029299999999999896,0.004664225352112676,0.004831932773109243,0.004824302134646962,0.007558891454965355,0.024913016759776533,0.059821428571428796,0.09815608465608466,0.07412500000000012,0.004941859154929578,0.0049932773109243695,0.004985878489326766,0.009687297921478056,0.45878746594005454,0.3760416666666666,0.3863355681016232,0.45912806539509543,0.8805668016194331,0.375,0.45946866485013627,0.4906661786237188,2.181831831831832,2.164512922465209,0.49540402258292165,2.1271255060728746,2.1289156626506025,0.475,2.1280241935483875,2.1932090545938747,2.3409159159159154,2.332256461232604,0.6993190661478599,2.3135627530364373,2.3144578313253015,0.4875,2.3140120967741935,2.346604527296938,2.468183183183183,2.4664512922465205,0.9398638132295721,2.462712550607288,2.46289156626506,0.4975,2.462802419354839,2.469320905459387,394.38655462185403,396.8739495798562,396.8571428571457,391.9495798319322,396.7058823529257,66379638.31932773,28970285.176470585,34443711.46218487,51594110.924369745,36053611.56302521,3689422366.1176467,2899703859.630252,564881838.2521008,5272992828.235294,3844229274.890756,0,0,0,0,0,15.109243697478991,2.857142857142857,5.142857142857142,0.453781512605042,16.73949579831933,0,0,0,0,0,56492.100840336134,21065.142857142855,1061277.0420168068,36623.05882352941,71413.24369747899,1576.453781512605,268.38655462184875,2824.857142857143,1744.7058823529412,434.016806722689,1777.09243697479,378.87394957983196,1894.5714285714284,2130.033613445378,537.8487394957983,0,0,0,0,0,0,0,0,0,0,0,0,0,0,0,0,0,0,0,0
1693106470,0.4688250264092952,0.31416143064282237,0.32332376833851983,0.022932098057651316,1.8490232333788923,0.3873907136441686,0.13299640909695448,0.12633919547200334,0.09645294302042401,0.08611929244389376,0,0.12390038409119034,0.1353118939154753,0.5505553427805437,0.2247752247752244,4.051658566944914,7.231776776220386,50.01471481024935,0.4645053041942799,10.354722706809245,2.417501446670513,0.3061890854280276,0.630061762179098,1.1794641894335727,0.9765574484576027,0.00004611425014364964,0.30728979886837654,1.1633128613955284,2.729267495691306,1.0925050499500508,3.073408506460921,6.404059932334458,49.26645920058198,0.4127777650377227,7.938741056355003,1.604904385097259,0.39898922729086256,0.40428542551041075,0.9645294302042359,0.7922974904838167,0,0.12390038409119078,0.9246312750890727,1.196859440827269,0.5994005994005978,50000,100000,50000,50000,50000,50000,10000,50000,50000,20000,50000,0,6623232,2162688,220594176,0,0,2433024,0,0,2973696,0,0,0,0,5136384,783.8754441563428,3.1899468342194295,4.001131633189185,4.540555415414956,189.68566605032558,348.81766687131216,0,0,100.26283426973067,1.1367746602593913,0,0,93.7711424834243,0,9.89010989010989,0,0,2162688,0,0,0,0,0,0,0,0,0,0,0,0,225292288,80015360,17985536,439984128,111808512,349663232,40415232,10944512,310304768,94126080,4952064,3993600,305532928,16195584,134160384,208969728,70692864,14327808,200048640,105025536,330215424,35819520,9596928,293044224,84209664,4055040,2568192,296558592,15003648,38117376,0,0,0,0,0,0,0,0,0,0,0,0,0,0,0,210681856,79773696,17727488,425447424,108806144,333062144,40165376,10682368,297111552,93863936,4796416,2912256,298823680,15802368,44986368,191893504,73150464,17727488,212152320,108806144,333062144,37732352,10682368,297111552,90890240,4796416,2912256,298823680,15802368,39849984,1073741824,1073741824,314572800,0,1073741824,1073741824,1073741824,314572800,1073741824,0,0,0,1073741824,314572800,2147483648,10.971483808603189,0,5.209026022964046,0,0,14.835164835164836,45285.64523924601,0,22039.810258456357,0,0,49358.64135864136,10.971483808603189,0,5.209026022964046,0,0,14.835164835164836,45285.64523924601,0,22039.810258456357,0,0,49358.64135864136,105.59369066744561,52.355272296441555,302.27500000000003,21.10362358809564,34.09495337746459,39.2143237671693,17.533925212854168,61.84856576793867,46.978775261500964,95.9849435382685,0,0,0,0,0,0,0,0,0,0,120465.62623881159,122205.09049311599,953680.675,100573.41902683518,333674.59131136263,555301.368911125,3170.3035573442276,9245.585321733139,596375.3630547374,123809.25972396486,0,0,0,0,0,0,0,0,0,0,124.95566358572056,42.01903828083507,293.95,28.250077939518935,47.16824447766152,55.28918537048618,15.450886808097561,74.46808510638299,61.947801360820556,127.37766624843161,0,0,0,0,0,0,0,0,0,0,25128.711218677632,6959.227029456224,91582.1,5910.309599750594,12506.394286663346,6691.265374192203,2923.7769733249743,10613.597209061934,13272.631258251244,24373.224592220824,0,0,0,0,0,0,0,0,0,0,30,12,42,6,8,2,6,60,0,0,0,0,0.009223326359832635,0.0038883183568677792,0.03172641509433962,0.016111111111111107,0.001540845070422535,0.0030168067226890756,0.003006568144499179,0.0032241813602015114,0.021716759776536313,0.037625628140703526,0.0736243386243386,0.02413725490196078,0.0043171830985915495,0.004630252100840336,0.004622331691297209,0.005040983606557389,0.023492458100558652,0.04469221105527639,0.08725308641975309,0.029299999999999896,0.004664225352112676,0.004831932773109243,0.004824302134646962,0.007625878220140511,0.024913016759776533,0.059821428571428796,0.09815608465608466,0.07412500000000012,0.004941859154929578,0.0049932773109243695,0.004985878489326766,0.009693793911007026,0.45878746594005454,0.3760416666666666,0.3863355681016232,0.45912806539509543,0.8805668016194331,0.375,0.45946866485013627,0.4746497050147492,2.181831831831832,2.164512922465209,0.49540402258292165,2.1271255060728746,2.1289156626506025,0.475,2.1280241935483875,2.180072463768116,2.3409159159159154,2.332256461232604,0.6993190661478599,2.3135627530364373,2.3144578313253015,0.4875,2.3140120967741935,2.3400362318840577,2.468183183183183,2.4664512922465205,0.9398638132295721,2.462712550607288,2.46289156626506,0.4975,2.462802419354839,2.468007246376812,394.48739495798804,396.9579831932763,396.8739495798461,391.84873949580003,396.73949579832566,66379638.31932773,28970285.176470585,34443711.46218487,51594110.924369745,36053611.56302521,3618581116.773109,2899704272.672269,564875091.8991597,5457911808,3844222459.697479,0,0,0,0,0,15.310924369747898,2.857142857142857,5.142857142857142,0.453781512605042,16.756302521008404,0,0,0,0,0,57094.4537815126,21065.142857142855,1061277.0420168068,36623.05882352941,71439.05882352941,1577.7310924369747,266,2823.361344537815,1751.4789915966385,434.9579831932773,1778.941176470588,376.78991596638656,1893.1764705882354,2137.2605042016808,538.8403361344538,0,0,0,0,0,0,0,0,0,0,0,0,0,0,0,0,0,0,0,0
1693106471,0.4784284067991925,0.31416143064282237,0.32332376833851983,0.025000000000000022,1.8490232333788923,0.47036688617121447,0.13299640909695448,0.12633919547200334,0.09645294302042401,0.06099238293084098,0,0.12390038409119034,0.1353118939154753,0.5505553427805437,0.218848855022581,4.134652469225185,7.231776776220386,50.01471481024935,0.2757372774999989,10.354722706809245,3.8908057466563126,0.3061890854280276,0.630061762179098,1.1794641894335727,0.7520004436879137,0.00004611425014364964,0.30728979886837654,1.1633128613955284,2.729267495691306,1.1039278455324997,3.136364000128025,6.404059932334458,49.26645920058198,0.1999999999999991,7.938741056355003,2.8426520512086397,0.39898922729086256,0.40428542551041075,0.9645294302042359,0.6709162122392454,0,0.12390038409119078,0.9246312750890727,1.196859440827269,0.5968605136979485,50000,100000,50000,50000,50000,50000,10000,50000,50000,20000,50000,0,6623232,2162688,220594176,0,0,2433024,0,0,2973696,0,0,0,0,5271552,799.9322961682511,3.1899468342194295,4.001131633189185,3.3000000000000003,189.68566605032558,765.3073745347458,0,0,100.26283426973067,0,0,0,93.7711424834243,0,10.504745041083899,0,0,2162688,0,0,0,0,0,0,0,0,0,0,0,0,225292288,80015360,17985536,439984128,111808512,349663232,40415232,10944512,310304768,94126080,4952064,3993600,305532928,16195584,134160384,208969728,70692864,14327808,200048640,105025536,331161600,35819520,9596928,293044224,84209664,4055040,2568192,296558592,15003648,38252544,0,0,0,0,0,0,0,0,0,0,0,0,0,0,0,210681856,79773696,17727488,425447424,108806144,333819904,40165376,10682368,297111552,93863936,4796416,2912256,298823680,15802368,45129728,191893504,73150464,17727488,212152320,108806144,333819904,37732352,10682368,297111552,90890240,4796416,2912256,298823680,15802368,39993344,1073741824,1073741824,314572800,0,1073741824,1073741824,1073741824,314572800,1073741824,0,0,0,1073741824,314572800,2147483648,10.971483808603189,0,5.209026022964046,0,0,14.68276863696954,45285.64523924601,0,22039.810258456357,0,0,47825.23924158924,10.971483808603189,0,5.209026022964046,0,0,14.68276863696954,45285.64523924601,0,22039.810258456357,0,0,47825.23924158924,105.59369066744561,52.355272296441555,302.27500000000003,21.10362358809564,34.09495337746459,39.2143237671693,17.533925212854168,61.84856576793867,46.978775261500964,95.9849435382685,0,0,0,0,0,0,0,0,0,0,120465.62623881159,122205.09049311599,953680.675,100573.41902683518,333674.59131136263,555301.368911125,3170.3035573442276,9245.585321733139,596375.3630547374,123809.25972396486,0,0,0,0,0,0,0,0,0,0,124.95566358572056,42.01903828083507,293.95,28.250077939518935,47.16824447766152,55.28918537048618,15.450886808097561,74.46808510638299,61.947801360820556,127.37766624843161,0,0,0,0,0,0,0,0,0,0,25128.711218677632,6959.227029456224,91582.1,5910.309599750594,12506.394286663346,6691.265374192203,2923.7769733249743,10613.597209061934,13272.631258251244,24373.224592220824,0,0,0,0,0,0,0,0,0,0,20,8,24,12,14,2,12,68,0,0,0,0,0.009223326359832635,0.0038883183568677792,0.03172641509433962,0.016111111111111107,0.001540845070422535,0.0030168067226890756,0.003006568144499179,0.0032168269230769234,0.021716759776536313,0.037625628140703526,0.0736243386243386,0.02413725490196078,0.0043171830985915495,0.004630252100840336,0.004622331691297209,0.004990288461538462,0.023492458100558652,0.04469221105527639,0.08725308641975309,0.029299999999999896,0.004664225352112676,0.004831932773109243,0.004824302134646962,0.007545612009237876,0.024913016759776533,0.059821428571428796,0.09815608465608466,0.07412500000000012,0.004941859154929578,0.0049932773109243695,0.004985878489326766,0.009675404157043882,0.45878746594005454,0.3760416666666666,0.3863355681016232,0.45912806539509543,0.8805668016194331,0.375,0.45946866485013627,0.49094070278184476,2.181831831831832,2.164512922465209,0.49540402258292165,2.1271255060728746,2.1289156626506025,0.475,2.1280241935483875,2.193417553191489,2.3409159159159154,2.332256461232604,0.6993190661478599,2.3135627530364373,2.3144578313253015,0.4875,2.3140120967741935,2.346708776595745,2.468183183183183,2.4664512922465205,0.9398638132295721,2.462712550607288,2.46289156626506,0.4975,2.462802419354839,2.4693417553191495,394.5714285714281,396.8571428571545,396.7226890756339,391.6638655462097,396.77310924367475,66379638.31932773,28970285.176470585,34443711.46218487,51594110.924369745,36053611.56302521,3618584834.1512604,2899712740.033613,564891062.8571428,5365475345.210084,3922625682.285714,0,0,0,0,0,15.865546218487394,2.857142857142857,5.294117647058823,0.453781512605042,17.512605042016805,0,0,0,0,0,63324.50420168067,21065.142857142855,1062137.5462184874,36623.05882352941,77884.23529411765,1584.3193277310922,269.8655462184874,2822.53781512605,1759.9159663865548,437.3613445378151,1785.361344537815,380.4033613445378,1891.6302521008404,2145.294117647059,541.2773109243697,0,0,0,0,0,0,0,0,0,0,0,0,0,0,0,0,0,0,0,0
1693106472,0.5762028233938338,0.34550270643786735,0.32332376833851983,0.025000000000000022,1.8490232333788923,0.47036688617121447,0.13299640909695448,0.12633919547200334,0.09645294302042401,0.062290746992123766,0,0.12390038409119034,0.14787730398104895,0.5505553427805437,0.218848855022581,4.979634136816181,7.3462490095589015,50.01471481024935,0.2757372774999989,10.354722706809245,3.8908057466563126,0.3061890854280276,0.630061762179098,1.1794641894335727,0.7680085139294093,0.00004611425014364964,0.30728979886837654,1.158202393208162,2.729267495691306,1.1039278455324997,3.7773296200262254,6.564551422319477,49.26645920058198,0.1999999999999991,7.938741056355003,2.8426520512086397,0.39898922729086256,0.40428542551041075,0.9645294302042359,0.685198216913356,0,0.12390038409119078,0.9759902062749128,1.196859440827269,0.5968605136979485,50000,100000,50000,50000,50000,50000,10000,50000,50000,20000,50000,0,6623232,2162688,220594176,0,0,2433024,0,0,2973696,0,0,0,0,5271552,963.4111207144916,2.533686513877692,4.001131633189185,3.3000000000000003,189.68566605032558,765.3073745347458,0,0,100.26283426973067,0,0,0,115.1668443404403,0,10.504745041083899,0,0,2162688,0,0,0,0,0,0,0,0,0,0,0,0,225292288,80224256,17985536,439984128,111808512,349663232,40415232,10944512,310304768,94126080,4952064,3993600,305532928,16195584,134160384,208969728,70692864,14327808,200048640,105025536,331161600,35819520,9596928,293044224,84209664,4055040,2568192,296558592,15003648,38252544,0,0,0,0,0,0,0,0,0,0,0,0,0,0,0,210681856,79867904,17727488,425447424,108806144,333819904,40165376,10682368,297111552,93863936,4796416,2912256,298823680,15802368,45129728,191893504,73244672,17727488,212152320,108806144,333819904,37732352,10682368,297111552,90890240,4796416,2912256,298823680,15802368,39993344,1073741824,1073741824,314572800,0,1073741824,1073741824,1073741824,314572800,1073741824,0,0,0,1073741824,314572800,2147483648,10.902529847594916,0,5.209026022964046,0,0,14.68276863696954,43919.68981534799,0,22039.810258456357,0,0,47825.23924158924,10.902529847594916,0,5.209026022964046,0,0,14.68276863696954,43919.68981534799,0,22039.810258456357,0,0,47825.23924158924,105.59369066744561,52.355272296441555,491.2722732947452,21.10362358809564,34.09495337746459,39.2143237671693,17.533925212854168,61.84856576793867,46.978775261500964,95.9849435382685,0,0,0,0,0,0,0,0,0,0,120465.62623881159,122205.09049311599,1581449.597094541,100573.41902683518,333674.59131136263,555301.368911125,3170.3035573442276,9245.585321733139,596375.3630547374,123809.25972396486,0,0,0,0,0,0,0,0,0,0,124.95566358572056,42.01903828083507,479.30995346725683,28.250077939518935,47.16824447766152,55.28918537048618,15.450886808097561,74.46808510638299,61.947801360820556,127.37766624843161,0,0,0,0,0,0,0,0,0,0,25128.711218677632,6959.227029456224,148289.25207127456,5910.309599750594,12506.394286663346,6691.265374192203,2923.7769733249743,10613.597209061934,13272.631258251244,24373.224592220824,0,0,0,0,0,0,0,0,0,0,40,22,56,10,14,2,12,92,0,0,0,0,0.009278697001034127,0.0038914431673052366,0.031688432835820894,0.01617741935483871,0.0016400000000000002,0.003018348623853211,0.0030103092783505155,0.003216873212583413,0.021766594124047876,0.038082524271844664,0.07339506172839506,0.024216129032258067,0.004337142857142857,0.00463302752293578,0.004629553264604811,0.004990371782650144,0.023522034820457016,0.0449514563106796,0.08713844797178129,0.031116071428571427,0.004674285714285714,0.0048348623853211,0.0048319587628865976,0.007556896551724138,0.024926387377584333,0.062266666666666526,0.09813315696649029,0.07356249999999996,0.0049440000000000005,0.004996330275229358,0.004993883161512027,0.009695287356321842,0.4593413978494624,0.375,0.3859947643979058,0.45990566037735847,0.8670634920634921,0.375,0.4533839779005525,0.48745487364620943,2.1821182266009855,2.164426877470356,0.49479057591623044,2.129166666666667,2.111842105263158,0.475,2.11079295154185,2.190757978723404,2.3410591133004925,2.332213438735178,0.6907738095238096,2.314583333333333,2.305921052631579,0.4875,2.3053964757709253,2.345378989361702,2.468211822660099,2.4664426877470356,0.9381547619047619,2.462916666666666,2.4611842105263158,0.4975,2.4610792951541853,2.4690757978723403,394.6218487394964,396.7563025210106,396.90756302521777,391.76470588235975,396.7563025210265,82974633.94957983,28970285.176470585,34443711.46218487,51594110.924369745,36053611.56302521,3547759073.882353,2899747573.243697,564872544.8067226,5365482848.806723,3922630707.630252,0,0,0,0,0,15.88235294117647,2.857142857142857,5.294117647058823,0.38655462184873945,17.3781512605042,0,0,0,0,0,63393.34453781512,21065.142857142855,1062137.5462184874,36141.17647058823,77410.95798319328,1583.0756302521006,268.89075630252097,2822.016806722689,1750.268907563025,435.0924369747899,1784.4873949579833,379.39495798319325,1890.521008403361,2136.168067226891,538.9411764705882,0,0,0,0,0,0,0,0,0,0,0,0,0,0,0,0,0,0,0,0
1693106473,0.5762028233938338,0.34550270643786746,0.32332376833851983,0.025000000000000022,1.8490232333788923,0.47036688617121447,0.13299640909695448,0.12633919547200334,0.09645294302042401,0.06358911105340657,0,0.12390038409119034,0.14498829953198206,0.5505553427805437,0.218848855022581,4.979634136816181,7.346249009558903,50.01471481024935,0.2757372774999989,10.354722706809245,3.8908057466563126,0.3061890854280276,0.630061762179098,1.1794641894335727,0.7840165841709051,0.00004611425014364964,0.30728979886837654,1.1355751760705872,2.729267495691306,1.1039278455324997,3.7773296200262254,6.564551422319479,49.26645920058198,0.1999999999999991,7.938741056355003,2.8426520512086397,0.39898922729086256,0.40428542551041075,0.9645294302042359,0.6994802215874667,0,0.12390038409119078,0.9569227769110714,1.196859440827269,0.5968605136979485,50000,100000,50000,50000,50000,50000,10000,50000,50000,20000,50000,0,6623232,2162688,220594176,0,0,2433024,0,0,2973696,0,0,0,0,5271552,963.4111207144916,2.5336865138776923,4.001131633189185,3.3000000000000003,189.68566605032558,765.3073745347458,0,0,100.26283426973067,0,0,0,112.91688767550701,0,10.504745041083899,0,0,2162688,0,0,0,0,0,0,0,0,0,0,0,0,225292288,80224256,17985536,439984128,111808512,349663232,40415232,10944512,310304768,94126080,4952064,3993600,305532928,16195584,134160384,208969728,70692864,14327808,200048640,105025536,331161600,35819520,9596928,293044224,84209664,4055040,2568192,296558592,15003648,38252544,0,0,0,0,0,0,0,0,0,0,0,0,0,0,0,210681856,79867904,17727488,425447424,108806144,333819904,40165376,10682368,297111552,93863936,4796416,2912256,298823680,15802368,45129728,191893504,73244672,17727488,212152320,108806144,333819904,37732352,10682368,297111552,90890240,4796416,2912256,298823680,15802368,39993344,1073741824,1073741824,314572800,0,1073741824,1073741824,1073741824,314572800,1073741824,0,0,0,1073741824,314572800,2147483648,10.902529847594918,0,5.209026022964046,0,0,14.68276863696954,43919.689815348,0,22039.810258456357,0,0,47825.23924158924,10.902529847594918,0,5.209026022964046,0,0,14.68276863696954,43919.689815348,0,22039.810258456357,0,0,47825.23924158924,105.59369066744561,52.355272296441555,491.2722732947452,21.10362358809564,34.316450022411466,39.2143237671693,17.533925212854168,61.84856576793867,46.978775261500964,98.23138447673765,0,0,0,0,0,0,0,0,0,0,120465.62623881159,122205.09049311599,1581449.597094541,100573.41902683518,333377.1402958314,555301.368911125,3170.3035573442276,9245.585321733139,596375.3630547374,125019.13183883445,0,0,0,0,0,0,0,0,0,0,124.95566358572056,42.01903828083507,479.30995346725683,28.250077939518935,47.81712236665172,55.28918537048618,15.450886808097561,74.46808510638299,61.947801360820556,130.2617250572641,0,0,0,0,0,0,0,0,0,0,25128.711218677632,6959.227029456224,148289.25207127456,5910.309599750594,12790.623038995964,6691.265374192203,2923.7769733249743,10613.597209061934,13272.631258251244,24874.920205775226,0,0,0,0,0,0,0,0,0,0,32,16,50,8,6,2,6,68,0,0,0,0,0.009278697001034127,0.0038914431673052366,0.031688432835820894,0.01617741935483871,0.0015444444444444442,0.0030168067226890756,0.003012987012987013,0.003216873212583413,0.021766594124047876,0.038082524271844664,0.07339506172839506,0.024216129032258067,0.004317777777777778,0.004630252100840336,0.004633766233766234,0.004990371782650144,0.023522034820457016,0.0449514563106796,0.08713844797178129,0.031116071428571427,0.004664444444444444,0.004831932773109243,0.004836363636363636,0.007556896551724138,0.024926387377584333,0.062266666666666526,0.09813315696649029,0.07356249999999996,0.0049417777777777784,0.0049932773109243695,0.004998441558441559,0.009695287356321842,0.4593413978494624,0.375,0.3859947643979058,0.45990566037735847,0.8809523809523809,0.375,0.45967741935483875,0.48745487364620943,2.1821182266009855,2.164426877470356,0.49479057591623044,2.129166666666667,2.1285714285714286,0.475,2.1285714285714286,2.190757978723404,2.3410591133004925,2.332213438735178,0.6907738095238096,2.314583333333333,2.314285714285714,0.4875,2.314285714285714,2.345378989361702,2.468211822660099,2.4664426877470356,0.9381547619047619,2.462916666666666,2.462857142857143,0.4975,2.462857142857143,2.4690757978723403,394.4537815126039,396.6722689075694,396.87394957982895,391.81512605041775,396.78991596638446,82974633.94957983,28970285.176470585,17221786.8907563,51594110.924369745,36053611.56302521,3547825917.848739,2899771392,565898885.3781512,5365473211.159663,4001037165.7142854,0,0,0,0,0,15.781512605042016,2.857142857142857,5.294117647058823,0.38655462184873945,17.462184873949578,0,0,0,0,0,63109.3781512605,21065.142857142855,1062137.5462184874,36141.17647058823,77712.1344537815,1582.689075630252,269.8487394957983,2823.0252100840335,1756.7899159663866,436.57142857142856,1783.126050420168,380.31932773109247,1891.3109243697477,2142.705882352941,540.4873949579832,0,0,0,0,0,0,0,0,0,0,0,0,0,0,0,0,0,0,0,0
1693106474,0.5762028233938338,0.34550270643786746,0.32332376833851983,0.08965192639576851,1.8490232333788923,0.47036688617121447,0.13299640909695448,0.10876751903510554,0.09645294302042401,0.06488747511468936,0,0.12390038409119034,0.1420992950829152,0.5505553427805437,0.218848855022581,4.979634136816181,7.346249009558903,50.01471481024935,0.4507184907098196,10.354722706809245,3.8908057466563126,0.3061890854280276,0.5424306720893551,1.1794641894335727,0.8000246544124006,0.00004611425014364964,0.30728979886837654,1.1129479589330131,2.729267495691306,1.1039278455324997,3.7773296200262254,6.564551422319479,49.26645920058198,0.3137817423851898,7.938741056355003,2.8426520512086397,0.39898922729086256,0.34805606091233776,0.9645294302042359,0.7137622262615771,0,0.12390038409119078,0.9378553475472303,1.196859440827269,0.5968605136979485,50000,100000,50000,50000,50000,50000,10000,50000,50000,20000,50000,0,6623232,2162688,220594176,0,0,2433024,0,0,2973696,0,0,0,0,5271552,963.4111207144916,2.5336865138776923,4.001131633189185,5.917027142120716,189.68566605032558,765.3073745347458,0,0,100.26283426973067,0,0,0,110.66693101057376,0,10.504745041083899,0,0,2162688,0,0,0,0,0,0,0,0,0,0,0,0,225292288,80224256,17985536,439984128,111808512,349663232,40415232,10944512,310304768,94126080,4952064,3993600,305532928,16195584,134160384,208969728,70692864,14327808,200048640,105025536,331161600,35819520,9596928,293044224,84209664,4055040,2568192,296558592,15003648,38252544,0,0,0,0,0,0,0,0,0,0,0,0,0,0,0,210681856,79867904,17727488,425447424,108806144,333819904,40165376,10682368,297111552,93863936,4796416,2912256,298823680,15802368,45129728,191893504,73244672,17727488,212152320,108806144,333819904,37732352,10682368,297111552,90890240,4796416,2912256,298823680,15802368,39993344,1073741824,1073741824,314572800,0,1073741824,1073741824,1073741824,314572800,1073741824,0,0,0,1073741824,314572800,2147483648,10.902529847594918,0,5.209026022964046,0,0,14.68276863696954,43919.689815348,0,22039.810258456357,0,0,47825.23924158924,10.902529847594918,0,5.209026022964046,0,0,14.68276863696954,43919.689815348,0,22039.810258456357,0,0,47825.23924158924,106.14833195478357,52.355272296441555,491.2722732947452,21.10362358809564,34.316450022411466,39.2143237671693,17.533925212854168,61.84856576793867,46.978775261500964,98.23138447673765,0,0,0,0,0,0,0,0,0,0,121113.89578163772,122205.09049311599,1581449.597094541,100573.41902683518,333377.1402958314,555301.368911125,3170.3035573442276,9245.585321733139,596375.3630547374,125019.13183883445,0,0,0,0,0,0,0,0,0,0,125.91673559415494,42.01903828083507,479.30995346725683,28.250077939518935,47.81712236665172,55.28918537048618,15.450886808097561,74.46808510638299,61.947801360820556,130.2617250572641,0,0,0,0,0,0,0,0,0,0,25253.625585883652,6959.227029456224,148289.25207127456,5910.309599750594,12790.623038995964,6691.265374192203,2923.7769733249743,10613.597209061934,13272.631258251244,24874.920205775226,0,0,0,0,0,0,0,0,0,0,38,16,44,10,9.964,2,10,74,0,0,0,0,0.009278697001034127,0.0038914431673052366,0.031688432835820894,0.01617741935483871,0.0015444900840620782,0.0030168067226890756,0.003012987012987013,0.003216873212583413,0.021766594124047876,0.038082524271844664,0.07339506172839506,0.024216129032258067,0.004317787056334296,0.004630252100840336,0.004633766233766234,0.004990371782650144,0.023522034820457016,0.0449514563106796,0.08713844797178129,0.031116071428571427,0.004664449177868322,0.004831932773109243,0.004836363636363636,0.007556896551724138,0.024926387377584333,0.062266666666666526,0.09813315696649029,0.07356249999999996,0.004941778875095544,0.0049932773109243695,0.004998441558441559,0.009695287356321842,0.4593413978494624,0.375,0.3859947643979058,0.45990566037735847,0.8809457786442139,0.375,0.45967741935483875,0.48745487364620943,2.1821182266009855,2.164426877470356,0.49479057591623044,2.129166666666667,2.1285638655462185,0.475,2.1285714285714286,2.190757978723404,2.3410591133004925,2.332213438735178,0.6907738095238096,2.314583333333333,2.3142819327731097,0.4875,2.314285714285714,2.345378989361702,2.468211822660099,2.4664426877470356,0.9381547619047619,2.462916666666666,2.462856386554622,0.4975,2.462857142857143,2.4690757978723403,394.4705882352868,396.7899159663846,396.92436974791747,391.68067226890446,396.8235294117687,82974633.94957983,28970285.176470585,17221786.8907563,51594110.924369745,36053611.56302521,3476924020.168067,2899803678.117647,503632319.46218485,5365437551.865546,3922629675.02521,0,0,0,0,0,15.731092436974789,2.857142857142857,5.243697478991597,0.40336134453781514,17.445378151260503,0,0,0,0,0,62894.252100840335,21065.142857142855,1061931.025210084,36416.53781512605,77634.68907563025,1587.6974789915967,270.3529411764706,2823.4789915966385,1760.5714285714287,436.72268907563017,1788.218487394958,380.85714285714283,1892.5882352941176,2146.90756302521,540.6386554621848,0,0,0,0,0,0,0,0,0,0,0,0,0,0,0,0,0,0,0,0
1693106475,0.5026004108212043,0.34550270643786746,0.32332376833851983,0.08965192639576851,1.8490232333788923,0.47036688617121447,0.13299640909695448,0.1269864305928453,0.08238501335605344,0.06618583917597215,0,0.12390038409119034,0.13921029063384832,0.5505553427805437,0.218848855022581,5.146086976093708,7.346249009558903,50.01471481024935,0.4507184907098196,10.354722706809245,3.8908057466563126,0.3061890854280276,0.6384673064363979,1.0074360611152708,0.8160327246538963,0.00004611425014364964,0.30728979886837654,1.0903207417954388,2.729267495691306,1.1039278455324997,3.889690135920635,6.564551422319479,49.26645920058198,0.3137817423851898,7.938741056355003,2.8426520512086397,0.39898922729086256,0.43538204774689826,0.8238501335605306,0.7280442309356878,0,0.12390038409119078,0.9187879181833893,1.196859440827269,0.5968605136979485,50000,100000,50000,50000,50000,50000,10000,50000,50000,20000,50000,0,6623232,2162688,220594176,0,0,2433024,0,0,2973696,0,0,0,0,5271552,1011.0135046545169,2.5336865138776923,4.001131633189185,5.917027142120716,189.68566605032558,765.3073745347458,0,0,85.63922138361747,0,0,0,108.4169743456405,0,10.504745041083899,0,0,2162688,0,0,0,0,0,0,0,0,0,0,0,0,225292288,80224256,17985536,439984128,111808512,349663232,40415232,10944512,310304768,94126080,4952064,3993600,305532928,16195584,134160384,209375232,70692864,14327808,200048640,105025536,331161600,35819520,9596928,293044224,84209664,4055040,2568192,296558592,15003648,38252544,0,0,0,0,0,0,0,0,0,0,0,0,0,0,0,210890752,79867904,17727488,425447424,108806144,333819904,40165376,10551296,297111552,93863936,4796416,2912256,298823680,15802368,45129728,192102400,73244672,17727488,212152320,108806144,333819904,37732352,10551296,297111552,90890240,4796416,2912256,298823680,15802368,39993344,1073741824,1073741824,314572800,0,1073741824,1073741824,1073741824,314572800,1073741824,0,0,0,1073741824,314572800,2147483648,10.902529847594918,0,5.209026022964046,0,0,14.68276863696954,43919.689815348,0,22039.810258456357,0,0,47825.23924158924,10.902529847594918,0,5.209026022964046,0,0,14.68276863696954,43919.689815348,0,22039.810258456357,0,0,47825.23924158924,106.60354745925216,52.355272296441555,491.2722732947452,21.10362358809564,34.316450022411466,39.2143237671693,17.533925212854168,61.84856576793867,46.978775261500964,98.23138447673765,0,0,0,0,0,0,0,0,0,0,121495.20613614573,122205.09049311599,1581449.597094541,100573.41902683518,333377.1402958314,555301.368911125,3170.3035573442276,9245.585321733139,596375.3630547374,125019.13183883445,0,0,0,0,0,0,0,0,0,0,126.25838926174497,42.01903828083507,479.30995346725683,28.250077939518935,47.81712236665172,55.28918537048618,15.450886808097561,74.46808510638299,61.947801360820556,130.2617250572641,0,0,0,0,0,0,0,0,0,0,25408.197507190795,6959.227029456224,148289.25207127456,5910.309599750594,12790.623038995964,6691.265374192203,2923.7769733249743,10613.597209061934,13272.631258251244,24874.920205775226,0,0,0,0,0,0,0,0,0,0,48.805,17.952,57.654,21.94,21.091,2,21.742,125.75,0,0,0,0,0.009278786589106322,0.00389144726371366,0.031688432835820894,0.016177369294466337,0.0015450679215423349,0.0030168067226890756,0.0030129884472202334,0.0032237705750628224,0.021766639848547716,0.03808263588794133,0.07339506172839508,0.02421611615209588,0.0043179045309757694,0.004630252100840336,0.004633768042147251,0.0050325854267215695,0.023522055631483074,0.04495149550017293,0.08713844797178132,0.0311158672441652,0.004664509107154948,0.004831932773109243,0.0048363654915131275,0.007632571080981686,0.02492638825783136,0.062266375580100786,0.09813315696649033,0.07356230935354632,0.004941792768098291,0.0049932773109243695,0.004998443451005829,0.009712559604389786,0.45922778040555956,0.375026574290372,0.3859947643979058,0.4599085566114576,0.88086220699462,0.375,0.45966681592058684,0.47291554762911847,2.1820633575582242,2.164434440114256,0.49479057591623044,2.1291741993000755,2.1284680672268914,0.475,2.128543697478992,2.1785872006018616,2.3410316787791117,2.3322172200571276,0.6907738095238092,2.314587099650038,2.3142340336134453,0.4875,2.3142718487394953,2.339293600300931,2.468206335755822,2.4664434440114253,0.9381547619047614,2.4629174199300077,2.4628468067226885,0.4975,2.462854369747899,2.467858720060186,394.39101757213007,396.92783435850833,396.9322033898221,391.6302521008373,396.89075630251995,99430858.86914052,19312989.008772813,17367734.237288136,51594110.924369745,36053611.56302521,3472051603.443935,2842898457.194716,571683024.2711865,5365483468.369748,3922649776.4033613,0,0,0,0,0,15.692395481932765,2.2688312997882423,5.288135593220339,0.40336134453781514,17.546218487394956,0,0,0,0,0,62806.639477703364,16865.31545158146,1070930.440677966,36416.53781512605,78030.52100840336,1591.0410687612236,269.9573123592484,2823.64406779661,1763.2941176470588,437.6302521008403,1791.6519812698255,380.0880642667473,1892.6440677966102,2149.579831932773,541.563025210084,0,0,0,0,0,0,0,0,0,0,0,0,0,0,0,0,0,0,0,0
1693106476,0.5026004108212043,0.34550270643786746,0.32332376833851983,0.08965192639576852,1.7733312159229309,0.47036688617121447,0.13299640909695448,0.1269864305928453,0.1560386975970038,0.06748420323725494,0,0.11161538371780907,0.12394901563823427,0.5505553427805437,0.218848855022581,5.146086976093708,7.346249009558903,50.01471481024935,0.4507184907098197,10.375043070774442,3.8908057466563126,0.3061890854280276,0.6384673064363979,1.7555820832899884,0.832040794895392,0.00004611425014364964,0.24143095048925842,2.1335173797178,2.729267495691306,1.1039278455324997,3.889690135920635,6.564551422319479,49.26645920058198,0.3137817423851898,7.834418506166959,2.8426520512086397,0.39898922729086256,0.43538204774689826,1.5430493429037078,0.7423262356097984,0,0.1116153837178097,1.8385770653004743,1.196859440827269,0.5968605136979485,50000,100000,50000,50000,50000,50000,10000,50000,50000,20000,50000,0,6623232,2162688,220594176,0,0,2433024,0,0,2973696,0,0,0,0,5271552,1011.0135046545169,2.5336865138776923,4.001131633189185,5.917027142120717,207.87676671430842,765.3073745347458,0,0,306.66805367731195,0,0,0,339.49635383312335,0,10.504745041083899,0,0,2162688,0,0,0,0,0,0,0,0,0,0,0,0,225292288,80224256,17985536,439984128,111808512,349663232,40415232,10944512,310304768,94126080,4952064,3993600,305532928,16195584,134160384,209375232,70692864,14327808,200048640,105025536,331161600,35819520,9596928,292098048,84209664,4055040,2568192,295477248,15003648,38252544,0,0,0,0,0,0,0,0,0,0,0,0,0,0,0,210890752,79867904,17727488,425447424,108806144,333819904,40165376,10551296,296218624,93863936,4796416,2912256,297758720,15802368,45129728,192102400,73244672,17727488,212152320,108806144,333819904,37732352,10551296,296218624,90890240,4796416,2912256,297758720,15802368,39993344,1073741824,1073741824,314572800,0,1073741824,1073741824,1073741824,314572800,1073741824,0,0,0,1073741824,314572800,2147483648,10.902529847594918,0,5.209026022964046,0,0,14.68276863696954,43919.689815348,0,22039.810258456357,0,0,47825.23924158924,10.902529847594918,0,5.209026022964046,0,0,14.68276863696954,43919.689815348,0,22039.810258456357,0,0,47825.23924158924,106.60354745925216,52.355272296441555,491.2722732947452,21.10362358809564,34.316450022411466,32.97303735359291,17.533925212854168,61.820321035381134,47.35309844929,98.23138447673765,0,0,0,0,0,0,0,0,0,0,121495.20613614573,122205.09049311599,1581449.597094541,100573.41902683518,333377.1402958314,466920.5285375119,3170.3035573442276,9240.356332464915,599360.1390291724,125019.13183883445,0,0,0,0,0,0,0,0,0,0,126.25838926174497,42.01903828083507,479.30995346725683,28.250077939518935,47.81712236665172,46.489450775561885,15.450886808097561,74.27514917219936,62.26605668112412,130.2617250572641,0,0,0,0,0,0,0,0,0,0,25408.197507190795,6959.227029456224,148289.25207127456,5910.309599750594,12790.623038995964,5626.29472934473,2923.7769733249743,10594.100344566772,13460.786643693185,24874.920205775226,0,0,0,0,0,0,0,0,0,0,20,26,48,2,4,2,2,32.075,0,0,0,0,0.009278697001034127,0.0038914431673052366,0.031688432835820894,0.01617741935483871,0.0015444444444444442,0.0030168067226890756,0.003012987012987013,0.003218130311614731,0.021766594124047876,0.038082524271844664,0.07339506172839506,0.024216129032258067,0.004317777777777778,0.004630252100840336,0.004633766233766234,0.004992634560906517,0.023522034820457016,0.0449514563106796,0.08713844797178129,0.031116071428571427,0.004664444444444444,0.004831932773109243,0.004836363636363636,0.00759246575342466,0.024926387377584333,0.062266666666666526,0.09813315696649029,0.07356249999999996,0.0049417777777777784,0.0049932773109243695,0.004998441558441559,0.009737671232876714,0.4593413978494624,0.375,0.3859947643979058,0.45990566037735847,0.8809523809523809,0.375,0.45967741935483875,0.491696750902527,2.1821182266009855,2.164426877470356,0.49479057591623044,2.129166666666667,2.1285714285714286,0.475,2.1285714285714286,2.194007815892314,2.3410591133004925,2.332213438735178,0.6907738095238096,2.314583333333333,2.314285714285714,0.4875,2.314285714285714,2.3470039079461573,2.468211822660099,2.4664426877470356,0.9381547619047619,2.462916666666666,2.462857142857143,0.4975,2.462857142857143,2.4694007815892314,394.30252100841574,396.8739495798268,396.8235294117652,391.54621848740186,396.8907563025342,99569560.7394958,28970354.01680672,17221993.411764704,51594110.924369745,36053611.56302521,3476908049.210084,2899939775.462185,630305284.302521,5457965778.823529,3922646334.3865542,0,0,0,0,0,15.546218487394958,2.26890756302521,5.243697478991597,0.40336134453781514,17.428571428571427,0,0,0,0,0,62377.94957983193,16865.882352941175,1061931.025210084,36416.53781512605,77608.87394957982,1587.2268907563025,270.97478991596637,2823.563025210084,1759.3781512605044,436.26890756302515,1787.0924369747897,381.21008403361344,1893.6806722689075,2146.2857142857138,540.1512605042017,0,0,0,0,0,0,0,0,0,0,0,0,0,0,0,0,0,0,0,0
1693106477,0.5026004108212043,0.34550270643786746,0.32332376833851983,0.08965192639576852,1.750172982213361,0.47036688617121447,0.14491703499746406,0.1269864305928453,0.1560386975970038,0.07790184367696767,0,0.11394907877387608,0.12394901563823427,0.5505553427805437,0.218848855022581,5.146086976093708,7.346249009558903,50.01471481024935,0.4507184907098197,10.29581905246447,3.8908057466563126,0.3069462520831831,0.6384673064363979,1.7555820832899884,0.9604842144897393,0.00004611425014364964,0.24647887665114687,2.1335173797178,2.729267495691306,1.1039278455324997,3.889690135920635,6.564551422319479,49.26645920058198,0.3137817423851898,7.7333224795474065,2.8426520512086397,0.39852184624302545,0.43538204774689826,1.5430493429037078,0.8569202804466375,0,0.11394907877387672,1.8385770653004743,1.196859440827269,0.5968605136979485,50000,100000,50000,50000,50000,50000,10000,50000,50000,20000,50000,0,6623232,2162688,220594176,0,0,2568192,0,0,2973696,0,0,0,0,5271552,1011.0135046545169,2.5336865138776923,4.001131633189185,5.917027142120717,220.2775855753185,765.3073745347458,0,0,306.66805367731195,0,0,0,339.49635383312335,0,10.504745041083899,0,0,2162688,0,0,0,0,0,0,0,0,0,0,0,0,225292288,80224256,17985536,439984128,111808512,349663232,40460288,10944512,310304768,94126080,4952064,3993600,305532928,16195584,134160384,209375232,70692864,14327808,200048640,104755200,331161600,35819520,9596928,292098048,84209664,4055040,2568192,295477248,15003648,38252544,0,0,0,0,0,0,0,0,0,0,0,0,0,0,0,210890752,79867904,17727488,425447424,108744704,333819904,40198144,10551296,296218624,93863936,4796416,2912256,297758720,15802368,45129728,192102400,73244672,17727488,212152320,108744704,333819904,37629952,10551296,296218624,90890240,4796416,2912256,297758720,15802368,39993344,1073741824,1073741824,314572800,0,1073741824,1073741824,1073741824,314572800,1073741824,0,0,0,1073741824,314572800,2147483648,10.902529847594918,0,5.14455474240997,0,0,14.68276863696954,43919.689815348,0,21350.33693210637,0,0,47825.23924158924,10.902529847594918,0,5.14455474240997,0,0,14.68276863696954,43919.689815348,0,21350.33693210637,0,0,47825.23924158924,106.60354745925216,52.355272296441555,491.2722732947452,21.10362358809564,28.567416003385024,32.39060668146378,17.533925212854168,61.91036518651556,47.35309844929,98.23138447673765,0,0,0,0,0,0,0,0,0,0,121495.20613614573,122205.09049311599,1581449.597094541,100573.41902683518,278177.38462687546,458739.52869643166,3170.3035573442276,9253.421688239303,599360.1390291724,125019.13183883445,0,0,0,0,0,0,0,0,0,0,126.25838926174497,42.01903828083507,479.30995346725683,28.250077939518935,40.190224600887426,46.272295259233964,15.450886808097561,74.64750934126052,62.26605668112412,130.2617250572641,0,0,0,0,0,0,0,0,0,0,25408.197507190795,6959.227029456224,148289.25207127456,5910.309599750594,10787.882226053245,5577.476252774458,2923.7769733249743,10622.840156066144,13460.786643693185,24874.920205775226,0,0,0,0,0,0,0,0,0,0,18,10,24,6,6,2,6,28,0,0,0,0,0.00931675392670157,0.003946822308690013,0.03160377358490566,0.01619148936170213,0.00160968660968661,0.003018348623853211,0.0030135823429541598,0.0032177095631641082,0.02184803921568628,0.03913145539906104,0.0738501742160279,0.024182978723404254,0.004331054131054131,0.00463302752293578,0.0046353140916808155,0.004991877213695395,0.02359558823529412,0.04579812206572771,0.08744773519163762,0.030699999999999998,0.004671225071225072,0.0048348623853211,0.004838030560271647,0.007599999999999998,0.024993627450980393,0.07295238095238092,0.09832578397212544,0.07870000000000012,0.004943361823361823,0.004996330275229358,0.005074999999999895,0.00975908045977011,0.4594504021447721,0.375,0.38573913043478264,0.4597855227882038,0.8725296442687748,0.375,0.4555785123966942,0.4918478260869565,2.18201189296333,2.164566929133858,0.4943304347826087,2.1288537549407116,2.1173076923076923,0.475,2.1173076923076923,2.194138080764221,2.341005946481665,2.3322834645669293,0.6840080971659916,2.314426877470356,2.308653846153846,0.4875,2.308653846153846,2.34706904038211,2.468201189296333,2.4664566929133853,0.9368016194331985,2.462885375494071,2.461730769230769,0.4975,2.461730769230769,2.469413808076422,394.336134453782,396.92436974790127,396.70588235294423,391.5126050420244,396.95798319327633,99569560.7394958,28970354.01680672,17221993.411764704,51594110.924369745,36053611.56302521,3406021778.285714,2899940739.2268906,630312994.420168,5457945057.882353,4001010593.3445377,0,0,0,0,0,15.714285714285714,2.26890756302521,5.243697478991597,0.40336134453781514,17.445378151260503,0,0,0,0,0,62834.016806722684,16865.882352941175,1061931.025210084,36416.53781512605,77583.05882352941,1583.9663865546217,270.1512605042017,2824.1680672268903,1755.7478991596638,434.1176470588234,1784.4537815126052,380.4873949579832,1894.7226890756303,2142.3193277310925,538.033613445378,0,0,0,0,0,0,0,0,0,0,0,0,0,0,0,0,0,0,0,0
1693106478,0.5026004108212043,0.34550270643786746,0.24359052432860387,0.08965192639576852,1.750172982213361,0.47036688617121447,0.14491703499746406,0.1269864305928453,0.1633262558622456,0.07790184367696767,0,0.1162827738299431,0.12394901563823427,0.5505553427805437,0.218848855022581,5.146086976093708,7.346249009558903,49.94889209548749,0.4507184907098197,10.29581905246447,3.8908057466563126,0.3069462520831831,0.6384673064363979,2.0208785319302884,0.9604842144897393,0.0000362641914408894,0.2515268028130353,2.1335173797178,2.729267495691306,1.1039278455324997,3.889690135920635,6.564551422319479,49.205285914377924,0.3137817423851898,7.7333224795474065,2.8426520512086397,0.39852184624302545,0.43538204774689826,1.7965888144846967,0.8569202804466375,0,0.11628277382994376,1.8385770653004743,1.196859440827269,0.5968605136979485,50000,100000,50000,50000,50000,50000,10000,50000,50000,20000,50000,0,6623232,2162688,220594176,0,0,2568192,0,0,2973696,0,0,0,0,5271552,1011.0135046545169,2.5336865138776923,6.02886547713294,5.917027142120717,220.2775855753185,765.3073745347458,0,0,412.7021162416296,0,0,0,339.49635383312335,0,10.504745041083899,0,0,2162688,0,0,0,0,0,0,0,0,0,0,0,0,225292288,80224256,17985536,439984128,111808512,349663232,40460288,10944512,310304768,94126080,4952064,3993600,305532928,16195584,134160384,209375232,70692864,14327808,200048640,104755200,331161600,35819520,9596928,292098048,84209664,4055040,2568192,295477248,15003648,38252544,0,0,0,0,0,0,0,0,0,0,0,0,0,0,0,210890752,79867904,17727488,425447424,108744704,333819904,40198144,10551296,296218624,93863936,4796416,2912256,297758720,15802368,45129728,192102400,73244672,17727488,212152320,108744704,333819904,37629952,10551296,296218624,90890240,4796416,2912256,297758720,15802368,39993344,1073741824,1073741824,314572800,0,1073741824,1073741824,1073741824,314572800,1073741824,0,0,0,1073741824,314572800,2147483648,10.902529847594918,0,5.14455474240997,0,0,14.68276863696954,43919.689815348,0,21350.33693210637,0,0,47825.23924158924,10.902529847594918,0,5.14455474240997,0,0,14.68276863696954,43919.689815348,0,21350.33693210637,0,0,47825.23924158924,106.60354745925216,43.58576926398514,491.2722732947452,21.10362358809564,29.14292718768583,31.737257412782427,14.538004829043974,61.91036518651556,47.35309844929,98.23138447673765,0,0,0,0,0,0,0,0,0,0,121495.20613614573,101316.34192413153,1581449.597094541,100573.41902683518,283781.4685262854,449486.3171546867,2631.2697708312253,9253.421688239303,599360.1390291724,125019.13183883445,0,0,0,0,0,0,0,0,0,0,126.25838926174497,34.76548594468554,479.30995346725683,28.250077939518935,40.999885641096014,45.33893916111775,12.7378016044344,74.64750934126052,62.26605668112412,130.2617250572641,0,0,0,0,0,0,0,0,0,0,25408.197507190795,5796.283107444351,148289.25207127456,5910.309599750594,11005.21188846576,5464.973264896705,2421.136958067708,10622.840156066144,13460.786643693185,24874.920205775226,0,0,0,0,0,0,0,0,0,0,34,24,50,2,2,2,2,42,0,0,0,0,0.00931675392670157,0.003946822308690013,0.03160377358490566,0.01619148936170213,0.0015429362880886423,0.0030168067226890756,0.00301294498381877,0.0032177095631641082,0.02184803921568628,0.03913145539906104,0.0738501742160279,0.024182978723404254,0.004317451523545707,0.004630252100840336,0.004633656957928803,0.004991877213695395,0.02359558823529412,0.04579812206572771,0.08744773519163762,0.030699999999999998,0.004664265927977839,0.004831932773109243,0.004836245954692556,0.007599999999999998,0.024993627450980393,0.07295238095238092,0.09832578397212544,0.07870000000000012,0.004941717451523546,0.0049932773109243695,0.00499831715210356,0.00975908045977011,0.4594504021447721,0.375,0.38573913043478264,0.4597855227882038,0.8814229249011858,0.375,0.4597855227882038,0.4918478260869565,2.18201189296333,2.164566929133858,0.4943304347826087,2.1288537549407116,2.1288537549407116,0.475,2.1288537549407116,2.194138080764221,2.341005946481665,2.3322834645669293,0.6840080971659916,2.314426877470356,2.314426877470356,0.4875,2.314426877470356,2.34706904038211,2.468201189296333,2.4664566929133853,0.9368016194331985,2.462885375494071,2.462885375494071,0.4975,2.462885375494071,2.469413808076422,394.3193277310836,396.9747899159581,396.7226890756434,391.42857142856775,396.9411764706041,99569560.7394958,28970354.01680672,17221993.411764704,51594110.924369745,36053611.56302521,3335149963.8319325,2899993746.285714,568016345.2773108,5457936728.20168,3922606613.5126047,0,0,0,0,0,15.647058823529411,2.26890756302521,5.243697478991597,0.40336134453781514,17.3781512605042,0,0,0,0,0,62627.49579831932,16865.882352941175,1061931.025210084,36416.53781512605,77316.3025210084,1578.5042016806722,270.1848739495798,2825.4621848739494,1754.0504201680674,434.6554621848739,1779.2436974789916,380.43697478991595,1896.873949579832,2140.3865546218485,538.5714285714286,0,0,0,0,0,0,0,0,0,0,0,0,0,0,0,0,0,0,0,0
1693106479,0.5026004108212043,0.34550270643786746,0.24359052432860387,0.08965192639576852,1.750172982213361,0.47036688617121447,0.14491703499746406,0.1269864305928453,0.1633262558622456,0.07790184367696767,0,0.11861646888601012,0.12394901563823427,0.5240521883696556,0.218848855022581,5.146086976093708,7.346249009558903,49.94889209548749,0.4507184907098197,10.29581905246447,3.8908057466563126,0.3069462520831831,0.6384673064363979,2.0208785319302884,0.9604842144897393,0.0000362641914408894,0.25657472897492367,2.1335173797178,2.72430488091366,1.1039278455324997,3.889690135920635,6.564551422319479,49.205285914377924,0.3137817423851898,7.7333224795474065,2.8426520512086397,0.39852184624302545,0.43538204774689826,1.7965888144846967,0.8569202804466375,0,0.11861646888601078,1.8385770653004743,1.2107412627850664,0.5968605136979485,50000,100000,50000,50000,50000,50000,10000,50000,50000,20000,50000,0,6623232,2162688,220594176,0,0,2568192,0,0,2973696,0,0,0,0,5271552,1011.0135046545169,2.5336865138776923,6.02886547713294,5.917027142120717,220.2775855753185,765.3073745347458,0,0,412.7021162416296,0,0,0,339.49635383312335,0,10.504745041083899,0,0,2162688,0,0,0,0,0,0,0,0,0,0,0,0,225292288,80224256,17985536,439984128,111808512,349663232,40460288,10944512,310304768,94126080,4952064,3993600,305532928,16195584,134160384,209375232,70692864,14327808,200048640,104755200,331161600,35819520,9596928,292098048,84209664,4055040,2568192,295477248,15003648,38252544,0,0,0,0,0,0,0,0,0,0,0,0,0,0,0,210890752,79867904,17727488,425447424,108744704,333819904,40198144,10551296,296218624,93863936,4796416,2912256,297758720,15814656,45129728,192102400,73244672,17727488,212152320,108744704,333819904,37629952,10551296,296218624,90890240,4796416,2912256,297758720,15814656,39993344,1073741824,1073741824,314572800,0,1073741824,1073741824,1073741824,314572800,1073741824,0,0,0,1073741824,314572800,2147483648,10.902529847594918,0,5.14455474240997,0,0,14.68276863696954,43919.689815348,0,21350.33693210637,0,0,47825.23924158924,10.902529847594918,0,5.14455474240997,0,0,14.68276863696954,43919.689815348,0,21350.33693210637,0,0,47825.23924158924,106.60354745925216,52.011140617915665,491.2722732947452,17.935207612226247,29.71843837198664,39.29228416113764,14.837641666947754,61.91036518651556,47.35309844929,98.23138447673765,0,0,0,0,0,0,0,0,0,0,121495.20613614573,120901.35371461882,1581449.597094541,85473.71701299792,289385.5524256953,552512.8459519233,2685.501789810099,9253.421688239303,599360.1390291724,125019.13183883445,0,0,0,0,0,0,0,0,0,0,126.25838926174497,41.48584752898503,479.30995346725683,24.008721099093773,41.8095466813046,56.158409292904246,13.000335194117449,74.64750934126052,62.26605668112412,130.2617250572641,0,0,0,0,0,0,0,0,0,0,25408.197507190795,6916.736835287259,148289.25207127456,5022.958700981372,11222.541550878275,6794.485438498585,2471.0380160724526,10622.840156066144,13460.786643693185,24874.920205775226,0,0,0,0,0,0,0,0,0,0,46,32,72,8,10,2,10,94,0,0,0,0,0.00931675392670157,0.003946822308690013,0.03160377358490566,0.01619148936170213,0.0015429362880886423,0.0030168067226890756,0.00301294498381877,0.0032177095631641082,0.02184803921568628,0.03913145539906104,0.0738501742160279,0.024182978723404254,0.004317451523545707,0.004630252100840336,0.004633656957928803,0.004991877213695395,0.02359558823529412,0.04579812206572771,0.08744773519163762,0.030699999999999998,0.004664265927977839,0.004831932773109243,0.004836245954692556,0.007599999999999998,0.024993627450980393,0.07295238095238092,0.09832578397212544,0.07870000000000012,0.004941717451523546,0.0049932773109243695,0.00499831715210356,0.00975908045977011,0.4594504021447721,0.375,0.38573913043478264,0.4597855227882038,0.8814229249011858,0.375,0.4597855227882038,0.4918478260869565,2.18201189296333,2.164566929133858,0.4943304347826087,2.1288537549407116,2.1288537549407116,0.475,2.1288537549407116,2.194138080764221,2.341005946481665,2.3322834645669293,0.6840080971659916,2.314426877470356,2.314426877470356,0.4875,2.314426877470356,2.34706904038211,2.468201189296333,2.4664566929133853,0.9368016194331985,2.462885375494071,2.462885375494071,0.4975,2.462885375494071,2.469413808076422,394.36974789915433,397.1428571428422,396.68907563024584,391.3949579831835,397.0084033613443,99569560.7394958,28970354.01680672,17221993.411764704,38695910.184873946,36053611.56302521,3406099843.2268906,2900060796.773109,568034656.8067226,5457945470.92437,4000979477.5126047,0,0,0,0,0,15.663865546218487,2.26890756302521,5.243697478991597,0.40336134453781514,17.361344537815125,0,0,0,0,0,62704.94117647059,16865.882352941175,1061931.025210084,36416.53781512605,77264.67226890755,1583.1092436974789,268.5882352941176,2826.8067226890753,1753.8487394957983,434.5882352941176,1783.6974789915967,378.9915966386555,1898.9747899159663,2141.1932773109243,538.453781512605,0,0,0,0,0,0,0,0,0,0,0,0,0,0,0,0,0,0,0,0
1693106480,0.5026004108212043,0.3047796589220207,0.2828423480266309,0.08965192639576852,1.750172982213361,0.47036688617121447,0.14491703499746406,0.11604158930560723,0.1633262558622456,0.07790184367696767,0,0.11907153942194318,0.12394901563823427,0.5240521883696556,0.218848855022581,5.146086976093708,6.264389662676771,49.96173236586747,0.4507184907098197,10.29581905246447,3.8908057466563126,0.3069462520831831,0.6411883471036018,2.0208785319302884,0.9604842144897393,0.0000362641914408894,0.25755907457649196,2.1335173797178,2.72430488091366,1.1039278455324997,3.889690135920635,5.532923038892061,49.23632566032808,0.3137817423851898,7.7333224795474065,2.8426520512086397,0.39852184624302545,0.4177497215001861,1.7965888144846967,0.8569202804466375,0,0.11907153942194383,1.8385770653004743,1.2107412627850664,0.5968605136979485,50000,100000,50000,50000,50000,50000,10000,50000,50000,20000,50000,0,6623232,2162688,220594176,0,0,2568192,0,0,2973696,0,0,0,0,5271552,1011.0135046545169,3.0946857675158945,4.307906531482528,5.917027142120717,220.2775855753185,765.3073745347458,0,0,412.7021162416296,0,0,0,339.49635383312335,0,10.504745041083899,0,0,2162688,0,0,0,0,0,0,0,0,0,0,0,0,225292288,80224256,17993728,439984128,111808512,349663232,40460288,10944512,310304768,94126080,4952064,3993600,305532928,16195584,134160384,209375232,70692864,14462976,200048640,104755200,331161600,35819520,9596928,292098048,84209664,4055040,2568192,295477248,15003648,38252544,0,0,0,0,0,0,0,0,0,0,0,0,0,0,0,210890752,79867904,17735680,425447424,108744704,333819904,40198144,10551296,296218624,93863936,4796416,2912256,297758720,15814656,45129728,192102400,73244672,17735680,212152320,108744704,333819904,37629952,10551296,296218624,90890240,4796416,2912256,297758720,15814656,39993344,1073741824,1073741824,314572800,0,1073741824,1073741824,1073741824,314572800,1073741824,0,0,0,1073741824,314572800,2147483648,9.518503194026161,0,5.14455474240997,0,0,14.68276863696954,39960.0830838707,0,21350.33693210637,0,0,47825.23924158924,9.518503194026161,0,5.14455474240997,0,0,14.68276863696954,39960.0830838707,0,21350.33693210637,0,0,47825.23924158924,106.60354745925216,51.68350931254815,491.2722732947452,17.583480552424653,34.530671058048576,39.29228416113764,15.13727850485153,61.91036518651556,47.35309844929,99.59123940250302,0,0,0,0,0,0,0,0,0,0,121495.20613614573,121461.97942629266,1581449.597094541,83797.49336255067,336245.0339645945,552512.8459519233,2739.7338087889725,9253.421688239303,599360.1390291724,125754.13807024626,0,0,0,0,0,0,0,0,0,0,126.25838926174497,41.804504463678796,479.30995346725683,23.537886466768455,48.57966241251544,56.158409292904246,13.262868783800496,74.64750934126052,62.26605668112412,132.06499798142914,0,0,0,0,0,0,0,0,0,0,25408.197507190795,6928.807721937736,148289.25207127456,4924.453540985529,13039.779744750926,6794.485438498585,2520.9390740771973,10622.840156066144,13460.786643693185,25110.062575696407,0,0,0,0,0,0,0,0,0,0,8,18,40,6,4,2,6,52,0,0,0,0,0.00931675392670157,0.003946822308690013,0.03160377358490566,0.01619148936170213,0.0015429362880886423,0.0030168067226890756,0.00301294498381877,0.0032243684992570576,0.02184803921568628,0.03913145539906104,0.0738501742160279,0.024182978723404254,0.004317451523545707,0.004630252100840336,0.004633656957928803,0.0050455607476635545,0.02359558823529412,0.04579812206572771,0.08744773519163762,0.030699999999999998,0.004664265927977839,0.004831932773109243,0.004836245954692556,0.007668808411214952,0.024993627450980393,0.07295238095238092,0.09832578397212544,0.07870000000000012,0.004941717451523546,0.0049932773109243695,0.00499831715210356,0.00976740654205608,0.4594504021447721,0.375,0.38573913043478264,0.4597855227882038,0.8814229249011858,0.375,0.4597855227882038,0.4749087591240876,2.18201189296333,2.164566929133858,0.4943304347826087,2.1288537549407116,2.1288537549407116,0.475,2.1288537549407116,2.1804316888045543,2.341005946481665,2.3322834645669293,0.6840080971659916,2.314426877470356,2.314426877470356,0.4875,2.314426877470356,2.340215844402277,2.468201189296333,2.4664566929133853,0.9368016194331985,2.462885375494071,2.462885375494071,0.4975,2.462885375494071,2.4680431688804556,394.50420168068666,397.142857142846,396.5882352941223,391.39495798320365,397.0084033613645,99569560.7394958,28970354.01680672,17221993.411764704,38695910.184873946,36053611.56302521,3406099223.6638656,2900102858.2184873,568021921.3445377,5550429227.025209,3922516983.394958,0,0,0,0,0,15.529411764705882,1.6302521008403361,5.243697478991597,0.40336134453781514,17.34453781512605,0,0,0,0,0,62326.31932773109,13286.18487394958,1061931.025210084,36416.53781512605,77178.6218487395,1583.159663865546,266.16806722689074,2826.6050420168067,1754.5714285714287,433.36134453781506,1784.5378151260504,376.8067226890756,1899.6134453781513,2142.8067226890753,537.2100840336134,0,0,0,0,0,0,0,0,0,0,0,0,0,0,0,0,0,0,0,0
1693106481,0.5026004108212043,0.35271454540521563,0.2828423480266309,0.08965192639576852,1.750172982213361,0.47036688617121447,0.14491703499746406,0.11604158930560723,0.1633262558622456,0.06026879884283956,0,0.11673784436587616,0.12394901563823427,0.5240521883696556,0.2580312217778348,5.146086976093708,7.249635228043518,49.96173236586747,0.4507184907098197,10.29581905246447,3.8908057466563126,0.3069462520831831,0.6411883471036018,2.0208785319302884,0.970321793197659,0.0000362641914408894,0.25251114841460354,2.1335173797178,2.72430488091366,1.1111050496710109,3.889690135920635,6.40312559351006,49.23632566032808,0.3137817423851898,7.7333224795474065,2.8426520512086397,0.39852184624302545,0.4177497215001861,1.7965888144846967,0.8437631837997468,0,0.11673784436587681,1.8385770653004743,1.2107412627850664,0.5934718100890218,50000,100000,50000,50000,50000,50000,10000,50000,50000,20000,50000,0,6623232,2162688,220594176,0,0,2568192,0,0,2973696,0,0,0,0,5271552,1011.0135046545169,3.581409230268334,4.307906531482528,5.917027142120717,220.2775855753185,765.3073745347458,0,0,412.7021162416296,1.3259135745424595,0,0,339.49635383312335,0,8.51503031866856,0,0,2162688,0,0,0,0,0,0,0,0,0,0,0,0,225292288,80224256,17993728,439984128,111808512,349663232,40460288,10944512,310304768,94130176,4952064,3993600,305532928,16195584,134160384,209375232,70692864,14462976,200048640,104755200,331161600,35819520,9596928,292098048,84209664,4055040,2568192,295477248,15003648,38252544,0,0,0,0,0,0,0,0,0,0,0,0,0,0,0,210890752,79867904,17735680,425447424,108744704,333819904,40198144,10551296,296218624,93872128,4796416,2912256,297758720,15814656,45129728,192102400,73244672,17735680,212152320,108744704,333819904,37629952,10551296,296218624,90898432,4796416,2912256,297758720,15814656,39993344,1073741824,1073741824,314572800,0,1073741824,1073741824,1073741824,314572800,1073741824,0,0,0,1073741824,314572800,2147483648,11.015546571885936,0,5.14455474240997,0,0,14.940007740936654,46244.89242206365,0,21350.33693210637,0,0,49885.485743774996,11.015546571885936,0,5.14455474240997,0,0,14.940007740936654,46244.89242206365,0,21350.33693210637,0,0,49885.485743774996,106.60354745925216,51.68350931254815,491.2722732947452,17.23175349262306,34.53067105804858,39.29228416113764,15.330541313173303,61.91036518651556,47.18894009216589,99.59123940250302,0,0,0,0,0,0,0,0,0,0,121495.20613614573,121461.97942629266,1581449.597094541,82121.26971210341,336245.03396459454,552512.8459519233,2765.8983324864885,9253.421688239303,595477.0097286225,125754.13807024626,0,0,0,0,0,0,0,0,0,0,126.25838926174497,41.804504463678796,479.30995346725683,23.06705183444314,48.57966241251544,56.158409292904246,13.473491205649733,74.64750934126052,61.93548387096773,132.06499798142914,0,0,0,0,0,0,0,0,0,0,25408.197507190795,6928.807721937736,148289.25207127456,4825.9483809896865,13039.779744750927,6794.485438498585,2551.80416211167,10622.840156066144,13345.581157194058,25110.062575696407,0,0,0,0,0,0,0,0,0,0,44,14,52,6,8,2,6,46,0,0,0,0,0.00931675392670157,0.003946822308690013,0.03160377358490566,0.01619148936170213,0.0015429362880886423,0.0030168067226890756,0.00301294498381877,0.0032175154688243697,0.02184803921568628,0.03913145539906104,0.0738501742160279,0.024182978723404254,0.004317451523545707,0.004630252100840336,0.004633656957928803,0.0049915278438838655,0.02359558823529412,0.04579812206572771,0.08744773519163762,0.030699999999999998,0.004664265927977839,0.004831932773109243,0.004836245954692556,0.007593171296296299,0.024993627450980393,0.07295238095238092,0.09832578397212544,0.07870000000000012,0.004941717451523546,0.0049932773109243695,0.00499831715210356,0.009750115740740745,0.4594504021447721,0.375,0.38573913043478264,0.4597855227882038,0.8814229249011858,0.375,0.4597855227882038,0.48849637681159425,2.18201189296333,2.164566929133858,0.4943304347826087,2.1288537549407116,2.1288537549407116,0.475,2.1288537549407116,2.1915931156222412,2.341005946481665,2.3322834645669293,0.6840080971659916,2.314426877470356,2.314426877470356,0.4875,2.314426877470356,2.345796557811121,2.468201189296333,2.4664566929133853,0.9368016194331985,2.462885375494071,2.462885375494071,0.4975,2.462885375494071,2.4691593115622243,394.3865546218655,397.05882352940824,396.58823529411455,391.44537815125324,396.90756302521754,99569491.89915965,28970354.01680672,17221993.411764704,38695910.184873946,36053611.56302521,3406118017.07563,2843291269.378151,568029493.7815126,5550518857.142857,3922476229.915966,0,0,0,0,0,15.478991596638656,1.6302521008403361,5.243697478991597,0.40336134453781514,17.210084033613445,0,0,0,0,0,62111.19327731092,13286.18487394958,1061931.025210084,36416.53781512605,76739.76470588235,1573.563025210084,270.10084033613447,2827.81512605042,1741.3781512605042,431.7647058823529,1774.2521008403362,380.43697478991595,1901.4453781512605,2128.3529411764703,535.6638655462185,0,0,0,0,0,0,0,0,0,0,0,0,0,0,0,0,0,0,0,0
1693106482,0.5026004108212043,0.35271454540521563,0.2828423480266309,0.08965192639576852,1.750172982213361,0.47036688617121447,0.16423828629079576,0.11604158930560723,0.1633262558622456,0.06026879884283956,0,0.11440414930980916,0.12394901563823427,0.5240521883696556,0.2580312217778348,5.146086976093708,7.249635228043518,49.96173236586747,0.4507184907098197,10.29581905246447,3.8908057466563126,0.31058957556134403,0.6411883471036018,2.0208785319302884,0.970321793197659,0.0000362641914408894,0.24746322225271514,2.1335173797178,2.72430488091366,1.1111050496710109,3.889690135920635,6.40312559351006,49.23632566032808,0.3137817423851898,7.7333224795474065,2.8426520512086397,0.39886440956336067,0.4177497215001861,1.7965888144846967,0.8437631837997468,0,0.11440414930980981,1.8385770653004743,1.2107412627850664,0.5934718100890218,50000,100000,50000,50000,50000,50000,10000,50000,50000,20000,50000,0,6623232,2162688,220594176,0,0,2568192,0,0,2973696,0,0,0,0,5271552,1011.0135046545169,3.581409230268334,4.307906531482528,5.917027142120717,220.2775855753185,765.3073745347458,0,0,412.7021162416296,1.3259135745424595,0,0,339.49635383312335,0,8.51503031866856,0,0,2162688,0,0,0,0,0,0,0,0,0,0,0,0,225292288,80224256,17993728,439984128,111808512,349663232,40460288,10944512,310304768,94130176,4952064,3993600,305532928,16195584,134160384,209375232,70692864,14462976,200048640,104755200,331161600,35819520,9596928,292098048,84209664,4055040,2568192,295477248,15003648,38252544,0,0,0,0,0,0,0,0,0,0,0,0,0,0,0,210890752,79867904,17735680,425447424,108744704,333819904,40198144,10551296,296218624,93872128,4796416,2912256,297758720,15814656,45129728,192102400,73244672,17735680,212152320,108744704,333819904,37629952,10551296,296218624,90898432,4796416,2912256,297758720,15814656,39993344,1073741824,1073741824,314572800,0,1073741824,1073741824,1073741824,314572800,1073741824,0,0,0,1073741824,314572800,2147483648,11.015546571885936,0,5.1852373243236904,0,0,14.940007740936654,46244.89242206365,0,21983.529246146267,0,0,49885.485743774996,11.015546571885936,0,5.1852373243236904,0,0,14.940007740936654,46244.89242206365,0,21983.529246146267,0,0,49885.485743774996,106.60354745925216,51.68350931254815,491.2722732947452,13.525,34.53067105804858,39.29228416113764,17.922305880179223,61.91036518651556,47.18894009216589,99.59123940250302,0,0,0,0,0,0,0,0,0,0,121495.20613614573,121461.97942629266,1581449.597094541,63681.775,336245.03396459454,552512.8459519233,3233.498083052335,9253.421688239303,595477.0097286225,125754.13807024626,0,0,0,0,0,0,0,0,0,0,126.25838926174497,41.804504463678796,479.30995346725683,18.075,48.57966241251544,56.158409292904246,15.751304910157513,74.64750934126052,61.93548387096773,132.06499798142914,0,0,0,0,0,0,0,0,0,0,25408.197507190795,6928.807721937736,148289.25207127456,3868.8250000000003,13039.779744750927,6794.485438498585,2983.209386114832,10622.840156066144,13345.581157194058,25110.062575696407,0,0,0,0,0,0,0,0,0,0,24,14,44,10,6,2,6,70,0,0,0,0,0.00938235294117647,0.003998650472334683,0.031463878326996195,0.016220302375809938,0.0015838150289017342,0.003018348623853211,0.0030136752136752138,0.003219722355193873,0.021897282608695653,0.039050480769230754,0.07344642857142858,0.024280777537796977,0.004326011560693642,0.00463302752293578,0.004635555555555555,0.004995500239348972,0.02361983695652174,0.04572716346153844,0.08725892857142856,0.03294642857142857,0.00466878612716763,0.0048348623853211,0.004838290598290598,0.0076049311926605564,0.02499788043478261,0.07222499999999996,0.09830892857142855,0.07890000000000001,0.0049430057803468205,0.004996330275229358,0.005174999999999842,0.00973199541284404,0.45990566037735847,0.3739583333333334,0.38579705056179775,0.45956873315363883,0.8715139442231076,0.375,0.4553324099722992,0.49040570175438597,2.1820962888666,2.163333333333333,0.49443469101123594,2.1282868525896417,2.1165948275862068,0.475,2.1165948275862068,2.1930494263018536,2.3410481444333,2.331666666666666,0.6855691056910568,2.3141434262948204,2.3082974137931034,0.4875,2.3082974137931034,2.346524713150927,2.46820962888666,2.4663333333333335,0.9371138211382111,2.462828685258964,2.4616594827586207,0.4975,2.4616594827586207,2.4693049426301856,394.3865546218444,397.10924369748466,396.53781512606224,391.39495798318234,396.82352941176146,82974633.94957983,28970354.01680672,17221993.411764704,38695910.184873946,36053611.56302521,3406291494.722689,2786480850.8235292,568030182.1848739,5365592580.302521,3922486762.487395,0,0,0,0,0,15.46218487394958,1.680672268907563,5.243697478991597,0.40336134453781514,17.159663865546218,0,0,0,0,0,62111.19327731092,18105.008403361342,1061931.025210084,36416.53781512605,76567.66386554622,1567.5630252100839,270.33613445378154,2828.689075630252,1742.4873949579833,433.0756302521007,1768.4033613445376,380.52100840336135,1902.890756302521,2128.5882352941176,536.9411764705883,0,0,0,0,0,0,0,0,0,0,0,0,0,0,0,0,0,0,0,0
1693106483,0.5026004108212043,0.35271454540521563,0.2828423480266309,0.08965192639576852,1.750172982213361,0.5140800822528123,0.16423828629079576,0.11604158930560723,0.1633262558622456,0.06026879884283956,0,0.1270997945219985,0.12394901563823427,0.5240521883696556,0.2580312217778348,5.146086976093708,7.249635228043518,49.96173236586747,0.4507184907098197,10.29581905246447,4.409502161992352,0.31058957556134403,0.6411883471036018,2.0208785319302884,0.970321793197659,0.0000362641914408894,0.30041060859618274,2.1335173797178,2.72430488091366,1.1111050496710109,3.889690135920635,6.40312559351006,49.23632566032808,0.3137817423851898,7.7333224795474065,3.2558405209344845,0.39886440956336067,0.4177497215001861,1.7965888144846967,0.8437631837997468,0,0.1270997945219985,1.8385770653004743,1.2107412627850664,0.5934718100890218,50000,100000,50000,50000,50000,50000,10000,50000,50000,20000,50000,0,6623232,2162688,220594176,0,0,2568192,0,0,2973696,0,0,0,0,5271552,1011.0135046545169,3.581409230268334,4.307906531482528,5.917027142120717,220.2775855753185,953.7899126063859,0,0,412.7021162416296,1.3259135745424595,0,0,339.49635383312335,0,8.51503031866856,0,0,2162688,0,0,0,0,0,0,0,0,0,0,0,0,225292288,80224256,17993728,439984128,111808512,349663232,40460288,10944512,310304768,94130176,4952064,3993600,305532928,16195584,134160384,209375232,70692864,14462976,200048640,104755200,331161600,35819520,9596928,292098048,84209664,4055040,2568192,295477248,15003648,38252544,0,0,0,0,0,0,0,0,0,0,0,0,0,0,0,210890752,79867904,17735680,425447424,108744704,333819904,40198144,10551296,296218624,93872128,4796416,3043328,297758720,15814656,45129728,192102400,73244672,17735680,212152320,108744704,333819904,37629952,10551296,296218624,90898432,4796416,3043328,297758720,15814656,39993344,1073741824,1073741824,314572800,0,1073741824,1073741824,1073741824,314572800,1073741824,0,0,0,1073741824,314572800,2147483648,11.015546571885936,0,5.1852373243236904,0,0,14.940007740936654,46244.89242206365,0,21983.529246146267,0,0,49885.485743774996,11.015546571885936,0,5.1852373243236904,0,0,14.940007740936654,46244.89242206365,0,21983.529246146267,0,0,49885.485743774996,106.60354745925216,51.68350931254815,491.2722732947452,21.312271102678377,34.53067105804858,39.29228416113764,17.922305880179223,61.91036518651556,47.18894009216589,99.59123940250302,0,0,0,0,0,0,0,0,0,0,121495.20613614573,121461.97942629266,1581449.597094541,100273.46335436616,336245.03396459454,552512.8459519233,3233.498083052335,9253.421688239303,595477.0097286225,125754.13807024626,0,0,0,0,0,0,0,0,0,0,126.25838926174497,41.804504463678796,479.30995346725683,28.26192472311698,48.57966241251544,56.158409292904246,15.751304910157513,74.64750934126052,61.93548387096773,132.06499798142914,0,0,0,0,0,0,0,0,0,0,25408.197507190795,6928.807721937736,148289.25207127456,6010.678197943786,13039.779744750927,6794.485438498585,2983.209386114832,10622.840156066144,13345.581157194058,25110.062575696407,0,0,0,0,0,0,0,0,0,0,16,14,34,12,14,2,14,76,0,0,0,0,0.00938235294117647,0.003998650472334683,0.031463878326996195,0.016220302375809938,0.00152808988764045,0.0030168067226890756,0.0030130718954248367,0.003219722355193873,0.021897282608695653,0.039050480769230754,0.07344642857142858,0.024280777537796977,0.004314606741573033,0.004630252100840336,0.004633986928104575,0.004995500239348972,0.02361983695652174,0.04572716346153844,0.08725892857142856,0.03294642857142857,0.004662921348314607,0.004831932773109243,0.004836601307189542,0.0076049311926605564,0.02499788043478261,0.07222499999999996,0.09830892857142855,0.07890000000000001,0.004941573033707865,0.0049932773109243695,0.004998692810457516,0.00973199541284404,0.45990566037735847,0.3739583333333334,0.38579705056179775,0.45956873315363883,0.8784860557768925,0.375,0.4588948787061995,0.49040570175438597,2.1820962888666,2.163333333333333,0.49443469101123594,2.1282868525896417,2.126506024096386,0.475,2.126506024096386,2.1930494263018536,2.3410481444333,2.331666666666666,0.6855691056910568,2.3141434262948204,2.3132530120481927,0.4875,2.3132530120481927,2.346524713150927,2.46820962888666,2.4663333333333335,0.9371138211382111,2.462828685258964,2.462650602409639,0.4975,2.462650602409639,2.4693049426301856,394.30252100841443,397.0252100840199,396.40336134453366,391.4789915966406,396.8571428571641,82974633.94957983,28970354.01680672,17221993.411764704,38695910.184873946,36053611.56302521,3406278070.857143,2843426471.7983193,631498011.9663866,5365733014.588235,4000876630.05042,0,0,0,0,0,15.394957983193276,1.680672268907563,5.243697478991597,0.40336134453781514,17.142857142857142,0,0,0,0,0,61921.882352941175,18105.008403361342,1061931.025210084,36416.53781512605,76240.67226890755,1569.1932773109243,270.65546218487395,2829.0588235294117,1738.3025210084036,432.453781512605,1770.1344537815128,380.8235294117647,1903.9663865546217,2123.4957983193276,536.3025210084033,0,0,0,0,0,0,0,0,0,0,0,0,0,0,0,0,0,0,0,0
1693106484,0.5026004108212043,0.35271454540521563,0.2828423480266309,0.08965192639576852,1.750172982213361,0.5140800822528123,0.16423828629079576,0.11604158930560723,0.16332625586224558,0.06026879884283956,0,0.1270997945219985,0.12394901563823427,0.5582304096015624,0.2580312217778348,5.146086976093708,7.249635228043518,49.96173236586747,0.4507184907098197,10.29581905246447,4.409502161992352,0.31058957556134403,0.6411883471036018,2.0208785319302884,0.970321793197659,0.0000362641914408894,0.30041060859618274,2.1335173797178,2.724569132184311,1.1111050496710109,3.889690135920635,6.40312559351006,49.23632566032808,0.3137817423851898,7.7333224795474065,3.2558405209344845,0.39886440956336067,0.4177497215001861,1.7965888144846964,0.8437631837997468,0,0.1270997945219985,1.8385770653004743,1.2327588212034502,0.5934718100890218,50000,100000,50000,50000,50000,50000,10000,50000,50000,20000,50000,0,6623232,2162688,220594176,0,0,2568192,0,0,2973696,0,0,0,0,5271552,1011.0135046545169,3.581409230268334,4.307906531482528,5.917027142120717,220.2775855753185,953.7899126063859,0,0,412.70211624162954,1.3259135745424595,0,0,339.49635383312335,0,8.51503031866856,0,0,2162688,0,0,0,0,0,0,0,0,0,0,0,0,225292288,80224256,17993728,439984128,111808512,349663232,40460288,10944512,310304768,94130176,4952064,3993600,305532928,16195584,134160384,209375232,70692864,14462976,200048640,104755200,331161600,35819520,9596928,292098048,84209664,4055040,2568192,295477248,15003648,38252544,0,0,0,0,0,0,0,0,0,0,0,0,0,0,0,210890752,79867904,17735680,425447424,108744704,333819904,40198144,10551296,296218624,93872128,4796416,3043328,297758720,15814656,45129728,192102400,73244672,17735680,212152320,108744704,333819904,37629952,10551296,296218624,90898432,4796416,3043328,297758720,15814656,39993344,1073741824,1073741824,314572800,0,1073741824,1073741824,1073741824,314572800,1073741824,0,0,0,1073741824,314572800,2147483648,11.015546571885936,0,5.1852373243236904,0,0,14.940007740936654,46244.89242206365,0,21983.529246146267,0,0,49885.485743774996,11.015546571885936,0,5.1852373243236904,0,0,14.940007740936654,46244.89242206365,0,21983.529246146267,0,0,49885.485743774996,106.60354745925216,51.68350931254815,491.2722732947452,21.312271102678377,34.53067105804858,39.29228416113764,17.922305880179223,61.91036518651556,47.18894009216589,99.59123940250302,0,0,0,0,0,0,0,0,0,0,121495.20613614573,121461.97942629266,1581449.597094541,100273.46335436616,336245.03396459454,552512.8459519233,3233.498083052335,9253.421688239303,595477.0097286225,125754.13807024626,0,0,0,0,0,0,0,0,0,0,126.25838926174497,41.804504463678796,479.30995346725683,28.26192472311698,48.57966241251544,56.158409292904246,15.751304910157513,74.64750934126052,61.93548387096773,132.06499798142914,0,0,0,0,0,0,0,0,0,0,25408.197507190795,6928.807721937736,148289.25207127456,6010.678197943786,13039.779744750927,6794.485438498585,2983.209386114832,10622.840156066144,13345.581157194058,25110.062575696407,0,0,0,0,0,0,0,0,0,0,32,10,44,8,10,2,10,64,0,0,0,0,0.00938235294117647,0.003998650472334683,0.031463878326996195,0.016220302375809938,0.00152808988764045,0.0030168067226890756,0.0030130718954248367,0.003219722355193873,0.021897282608695653,0.039050480769230754,0.07344642857142858,0.024280777537796977,0.004314606741573033,0.004630252100840336,0.004633986928104575,0.004995500239348972,0.02361983695652174,0.04572716346153844,0.08725892857142856,0.03294642857142857,0.004662921348314607,0.004831932773109243,0.004836601307189542,0.0076049311926605564,0.02499788043478261,0.07222499999999996,0.09830892857142855,0.07890000000000001,0.004941573033707865,0.0049932773109243695,0.004998692810457516,0.00973199541284404,0.45990566037735847,0.3739583333333334,0.38579705056179775,0.45956873315363883,0.8784860557768925,0.375,0.4588948787061995,0.49040570175438597,2.1820962888666,2.163333333333333,0.49443469101123594,2.1282868525896417,2.126506024096386,0.475,2.126506024096386,2.1930494263018536,2.3410481444333,2.331666666666666,0.6855691056910568,2.3141434262948204,2.3132530120481927,0.4875,2.3132530120481927,2.346524713150927,2.46820962888666,2.4663333333333335,0.9371138211382111,2.462828685258964,2.462650602409639,0.4975,2.462650602409639,2.4693049426301856,394.2521008403328,397.14285714285364,396.4369747899041,391.63025210084436,396.78991596640924,82974633.94957983,28970354.01680672,17221993.411764704,38695910.184873946,54080141.98319328,3548339948.638655,2843418899.3613443,631494225.7478992,5365793525.243697,4000843449.0084033,0,0,0,0,0,15.445378151260504,1.680672268907563,5.226890756302521,0.40336134453781514,17.159663865546218,0,0,0,0,0,62300.50420168067,18105.008403361342,1061655.6638655462,36416.53781512605,76352.53781512605,1579.5126050420165,270.4705882352941,2827.8655462184875,1745.2268907563025,432.4369747899159,1780.3361344537814,380.70588235294116,1904.3025210084033,2131.6470588235297,536.2689075630252,0,0,0,0,0,0,0,0,0,0,0,0,0,0,0,0,0,0,0,0
1693106485,0.5026004108212043,0.30743089658831657,0.2828423480266309,0.08965192639576852,1.750172982213361,0.5140800822528123,0.16423828629079576,0.11295180722891575,0.16332625586224558,0.06026879884283956,0,0.1270997945219985,0.12394901563823427,0.5582304096015624,0.22244083200733925,5.146086976093708,6.318882754140898,49.96173236586747,0.4507184907098197,10.29581905246447,4.409502161992352,0.31058957556134403,0.6339101129518063,2.0208785319302884,0.970321793197659,0.00004970965494102662,0.30041060859618274,2.1335173797178,2.724569132184311,0.9578497128893052,3.889690135920635,5.581053199603278,49.23632566032808,0.3137817423851898,7.7333224795474065,3.2558405209344845,0.39886440956336067,0.3953313253012047,1.7965888144846964,0.8437631837997468,0,0.1270997945219985,1.8385770653004743,1.2327588212034502,0.5116139136168819,50000,100000,50000,50000,50000,50000,10000,50000,50000,20000,50000,0,6623232,2162688,220594176,0,0,2568192,0,0,2973696,0,0,0,0,5271552,1011.0135046545169,3.1216060268967447,4.307906531482528,5.917027142120717,220.2775855753185,953.7899126063859,0,0,412.70211624162954,1.3259135745424595,0,0,339.49635383312335,0,7.340547456242205,0,0,2162688,0,0,0,0,0,0,0,0,0,0,0,0,225292288,80224256,17993728,439984128,111808512,349663232,40460288,10944512,310304768,94130176,4952064,3993600,305532928,16195584,134160384,209375232,70692864,14462976,200048640,104755200,331161600,35819520,9596928,292098048,84209664,4055040,2568192,295477248,15003648,38252544,0,0,0,0,0,0,0,0,0,0,0,0,0,0,0,210890752,79867904,17735680,425447424,108744704,333819904,40198144,10551296,296218624,93872128,4796416,3043328,297758720,15814656,45129728,192102400,73244672,17735680,212152320,108744704,333819904,37629952,10551296,296218624,90898432,4796416,3043328,297758720,15814656,39993344,1073741824,1073741824,314572800,0,1073741824,1073741824,1073741824,314572800,1073741824,0,0,0,1073741824,314572800,2147483648,9.60130338575817,0,5.1852373243236904,0,0,12.87932417322496,40307.690525243204,0,21983.529246146267,0,0,43004.75298097736,9.60130338575817,0,5.1852373243236904,0,0,12.87932417322496,40307.690525243204,0,21983.529246146267,0,0,43004.75298097736,84.74823936649686,51.68350931254815,491.2722732947452,21.312271102678377,34.53067105804858,39.29228416113764,17.922305880179223,61.91036518651556,47.18894009216589,99.59123940250302,0,0,0,0,0,0,0,0,0,0,100167.43836655974,121461.97942629266,1581449.597094541,100273.46335436616,336245.03396459454,552512.8459519233,3233.498083052335,9253.421688239303,595477.0097286225,125754.13807024626,0,0,0,0,0,0,0,0,0,0,100.63361921682073,41.804504463678796,479.30995346725683,28.26192472311698,48.57966241251544,56.158409292904246,15.751304910157513,74.64750934126052,61.93548387096773,132.06499798142914,0,0,0,0,0,0,0,0,0,0,20137.287883099594,6928.807721937736,148289.25207127456,6010.678197943786,13039.779744750927,6794.485438498585,2983.209386114832,10622.840156066144,13345.581157194058,25110.062575696407,0,0,0,0,0,0,0,0,0,0,40,20,60,10,12,2,10,68,0,0,0,0,0.00938235294117647,0.003998650472334683,0.031463878326996195,0.016220302375809938,0.00152808988764045,0.0030168067226890756,0.0030130718954248367,0.0032273747195213165,0.021897282608695653,0.039050480769230754,0.07344642857142858,0.024280777537796977,0.004314606741573033,0.004630252100840336,0.004633986928104575,0.005107390300230954,0.02361983695652174,0.04572716346153844,0.08725892857142856,0.03294642857142857,0.004662921348314607,0.004831932773109243,0.004836601307189542,0.007686489607390302,0.02499788043478261,0.07222499999999996,0.09830892857142855,0.07890000000000001,0.004941573033707865,0.0049932773109243695,0.004998692810457516,0.009749769053117785,0.45990566037735847,0.3739583333333334,0.38579705056179775,0.45956873315363883,0.8784860557768925,0.375,0.4588948787061995,0.47652798232695137,2.1820962888666,2.163333333333333,0.49443469101123594,2.1282868525896417,2.126506024096386,0.475,2.126506024096386,2.1818376068376075,2.3410481444333,2.331666666666666,0.6855691056910568,2.3141434262948204,2.3132530120481927,0.4875,2.3132530120481927,2.3409188034188033,2.46820962888666,2.4663333333333335,0.9371138211382111,2.462828685258964,2.462650602409639,0.4975,2.462650602409639,2.4681837606837607,394.2521008403164,397.14285714286325,396.4705882352808,391.64705882353263,396.82352941175367,82974633.94957983,28970422.857142854,17221993.411764704,51594386.28571428,72106465.88235293,3619367961.815126,2786590444.638655,569070635.02521,5458468037.915966,4000846409.142857,0,0,0,0,0,15.46218487394958,1.680672268907563,5.226890756302521,0.40336134453781514,17.310924369747898,0,0,0,0,0,62360.73949579832,18105.008403361342,1061655.6638655462,36416.53781512605,77152.80672268907,1583.126050420168,270.90756302521004,2828.0336134453783,1749.8151260504203,432.90756302521004,1784.3193277310925,381.26050420168065,1904.5714285714284,2137.2100840336134,536.7058823529412,0,0,0,0,0,0,0,0,0,0,0,0,0,0,0,0,0,0,0,0
1693106486,0.5026004108212043,0.33448764363293,0.2828423480266309,0.08965192639576852,1.750172982213361,0.5140800822528123,0.16423828629079576,0.11295180722891575,0.16332625586224558,0.06026879884283956,0,0.1270997945219985,0.12394901563823427,0.5582304096015624,0.24290438909546122,5.146086976093708,7.294728104832368,49.96173236586747,0.4507184907098197,10.29581905246447,4.409502161992352,0.31058957556134403,0.6339101129518063,2.0208785319302884,0.970321793197659,0.00004970965494102662,0.30041060859618274,2.1335173797178,2.724569132184311,1.08902939516807,3.889690135920635,6.492995435227451,49.23632566032808,0.3137817423851898,7.7333224795474065,3.2558405209344845,0.39886440956336067,0.3953313253012047,1.7965888144846964,0.8437631837997468,0,0.1270997945219985,1.8385770653004743,1.2327588212034502,0.5605485902202969,50000,100000,50000,50000,50000,50000,10000,50000,50000,20000,50000,0,6623232,2162688,220594176,0,0,2568192,0,0,2973696,0,0,0,0,5271552,1011.0135046545169,2.5971981740909804,4.307906531482528,5.917027142120717,220.2775855753185,953.7899126063859,0,0,412.70211624162954,1.3259135745424595,0,0,339.49635383312335,0,9.865655187877202,0,0,2162688,0,0,0,0,0,0,0,0,0,0,0,0,225292288,80240640,17993728,439984128,111808512,349663232,40460288,10944512,310304768,94130176,4952064,3993600,305532928,16195584,134160384,209375232,70692864,14462976,200048640,104755200,331161600,35819520,9596928,292098048,84209664,4055040,2568192,295477248,15003648,38252544,0,0,0,0,0,0,0,0,0,0,0,0,0,0,0,210890752,80240640,17735680,425447424,108744704,333819904,40198144,10551296,296218624,93872128,4796416,3043328,297758720,15814656,45481984,192102400,73617408,17735680,212152320,108744704,333819904,37629952,10551296,296218624,90898432,4796416,3043328,297758720,15814656,40075264,1073741824,1073741824,314572800,0,1073741824,1073741824,1073741824,314572800,1073741824,0,0,0,1073741824,314572800,2147483648,10.703604596253737,0,5.1852373243236904,0,0,14.350043909639567,43378.56130961749,0,21983.529246146267,0,0,46570.67583475028,10.703604596253737,0,5.1852373243236904,0,0,14.350043909639567,43378.56130961749,0,21983.529246146267,0,0,46570.67583475028,101.66027293880886,51.68350931254815,489.8815105276617,21.312271102678377,34.53067105804858,39.29228416113764,17.922305880179223,61.91036518651556,47.18894009216589,99.591239402503,0,0,0,0,0,0,0,0,0,0,120156.46814665743,121461.97942629266,1581533.6629443355,100273.46335436616,336245.03396459454,552512.8459519233,3233.498083052335,9253.421688239303,595477.0097286225,125754.13807024625,0,0,0,0,0,0,0,0,0,0,120.71567825922897,41.804504463678796,476.63455800869485,28.26192472311698,48.57966241251544,56.158409292904246,15.751304910157513,74.64750934126052,61.93548387096773,132.06499798142912,0,0,0,0,0,0,0,0,0,0,24155.807810829505,6928.807721937736,146902.12258119512,6010.678197943786,13039.779744750927,6794.485438498585,2983.209386114832,10622.840156066144,13345.581157194058,25110.062575696404,0,0,0,0,0,0,0,0,0,0,34,16.06,48,22,18,2,16,124,0,0,0,0,0.00938235294117647,0.003998650472334683,0.031463878326996195,0.016220302375809938,0.00152808988764045,0.0030168067226890756,0.0030130718954248367,0.0032188769414575867,0.021897282608695653,0.039050480769230754,0.07344642857142858,0.024280777537796977,0.004314606741573033,0.004630252100840336,0.004633986928104575,0.004993978494623656,0.02361983695652174,0.04572716346153844,0.08725892857142856,0.03294642857142857,0.004662921348314607,0.004831932773109243,0.004836601307189542,0.007595977011494254,0.02499788043478261,0.07222499999999996,0.09830892857142855,0.07890000000000001,0.004941573033707865,0.0049932773109243695,0.004998692810457516,0.00973068965517242,0.45990566037735847,0.3739583333333334,0.38579705056179775,0.45956873315363883,0.8784860557768925,0.375,0.4588948787061995,0.490953947368421,2.1820962888666,2.163333333333333,0.49443469101123594,2.1282868525896417,2.126506024096386,0.475,2.126506024096386,2.1934639084507044,2.3410481444333,2.331666666666666,0.6855691056910568,2.3141434262948204,2.3132530120481927,0.4875,2.3132530120481927,2.3467319542253517,2.46820962888666,2.4663333333333335,0.9371138211382111,2.462828685258964,2.462650602409639,0.4975,2.462650602409639,2.4693463908450703,394.2184873949513,397.1428571428651,396.38655462183164,391.714285714302,396.806722689078,82974633.94957983,38627138.68907563,17221993.411764704,51594386.28571428,72106465.88235293,3619502406.9915967,2843382964.705882,569064645.9159664,5458612327.260504,3922385360.672269,0,0,0,0,0,15.34453781512605,1.680672268907563,5.226890756302521,0.40336134453781514,17.34453781512605,0,0,0,0,0,62025.142857142855,18105.008403361342,1061655.6638655462,36416.53781512605,77264.67226890755,1585.0588235294117,271.79831932773106,2829.0252100840335,1754.3193277310925,433.0588235294117,1786.5210084033613,382.2857142857143,1905.6134453781513,2141.2100840336134,536.890756302521,0,0,0,0,0,0,0,0,0,0,0,0,0,0,0,0,0,0,0,0
1693106487,0.4369636271476763,0.33448764363293,0.2828423480266309,0.069771498342927,1.750172982213361,0.5140800822528123,0.16423828629079576,0.11295180722891575,0.16332625586224558,0.06026879884283956,0,0.1270997945219985,0.12394901563823427,0.5582304096015624,0.24290438909546122,4.717225403317432,7.294728104832368,49.96173236586747,0.45118636664922396,10.29581905246447,4.409502161992352,0.31058957556134403,0.6339101129518063,2.0208785319302884,0.970321793197659,0.00004970965494102662,0.30041060859618274,2.1335173797178,2.724569132184311,1.08902939516807,3.5656231975250243,6.492995435227451,49.23632566032808,0.31397174254317145,7.7333224795474065,3.2558405209344845,0.39886440956336067,0.3953313253012047,1.7965888144846964,0.8437631837997468,0,0.1270997945219985,1.8385770653004743,1.2327588212034502,0.5605485902202969,50000,100000,50000,50000,50000,50000,10000,50000,50000,20000,50000,0,6623232,2162688,220594176,0,0,2568192,0,0,2973696,0,0,0,0,5271552,814.4302868229249,2.5971981740909804,4.307906531482528,5.756148613291471,220.2775855753185,953.7899126063859,0,0,412.70211624162954,1.3259135745424595,0,0,339.49635383312335,0,9.865655187877202,0,0,2162688,0,0,0,0,0,0,0,0,0,0,0,0,225292288,80240640,17993728,439984128,111808512,349663232,40460288,10944512,310304768,94130176,4952064,3993600,305532928,16195584,134160384,209375232,70692864,14462976,200048640,104755200,331161600,35819520,9596928,292098048,84209664,4055040,2568192,295477248,15003648,38252544,0,0,0,0,0,0,0,0,0,0,0,0,0,0,0,210952192,80240640,17735680,425476096,108744704,333819904,40198144,10551296,296218624,93872128,4796416,3043328,297758720,15814656,45481984,192163840,73617408,17735680,212180992,108744704,333819904,37629952,10551296,296218624,90898432,4796416,3043328,297758720,15814656,40075264,1073741824,1073741824,314572800,0,1073741824,1073741824,1073741824,314572800,1073741824,0,0,0,1073741824,314572800,2147483648,10.703604596253737,0,5.1852373243236904,0,0,14.350043909639567,43378.56130961749,0,21983.529246146267,0,0,46570.67583475028,10.703604596253737,0,5.1852373243236904,0,0,14.350043909639567,43378.56130961749,0,21983.529246146267,0,0,46570.67583475028,99.79591368754159,51.68350931254815,489.8815105276617,21.312271102678377,34.46459477763564,39.29228416113764,17.922305880179223,61.91036518651556,47.18894009216589,99.591239402503,0,0,0,0,0,0,0,0,0,0,118845.33009241214,121461.97942629266,1581533.6629443355,100273.46335436616,337131.7819249003,552512.8459519233,3233.498083052335,9253.421688239303,595477.0097286225,125754.13807024625,0,0,0,0,0,0,0,0,0,0,118.50764750395562,41.804504463678796,476.63455800869485,28.26192472311698,48.555196026789076,56.158409292904246,15.751304910157513,74.64750934126052,61.93548387096773,132.06499798142912,0,0,0,0,0,0,0,0,0,0,23659.33637551882,6928.807721937736,146902.12258119512,6010.678197943786,12928.28655278802,6794.485438498585,2983.209386114832,10622.840156066144,13345.581157194058,25110.062575696404,0,0,0,0,0,0,0,0,0,0,48,22,50,12,8,2,10,98,0,0,0,0,0.009400958466453673,0.004008086253369273,0.03152340752110514,0.016257763975155277,0.0016011235955056176,0.003018348623853211,0.0030134003350083755,0.0032245381335859785,0.02190796555435953,0.03969767441860466,0.07401754385964912,0.024220496894409936,0.004320224719101123,0.00463302752293578,0.004634840871021776,0.005048997772828517,0.0236235199138859,0.04618604651162792,0.087578947368421,0.03143518518518516,0.004660112359550561,0.0048348623853211,0.00483752093802345,0.007663697104677066,0.024995963401506997,0.07573913043478256,0.09842807017543859,0.0779499999999999,0.004932022471910113,0.004996330275229358,0.004999664991624791,0.009755456570155904,0.4609580052493438,0.3770833333333333,0.38594794231445656,0.4608552631578947,0.8687739463601534,0.375,0.4538409703504043,0.48640915593705303,2.182203389830509,2.1645290581162326,0.49470629616602185,2.1316091954022984,2.1121794871794872,0.475,2.1121794871794872,2.1899647887323943,2.3411016949152543,2.3322645290581163,0.6895582329317262,2.31580459770115,2.3060897435897436,0.4875,2.306089743589744,2.3449823943661974,2.468220338983051,2.4664529058116234,0.9379116465863451,2.46316091954023,2.461217948717949,0.4975,2.461217948717949,2.4689964788732395,394.26890756303135,397.2268907563081,396.43697478992476,391.66386554621414,396.7731092437048,82974633.94957983,38627138.68907563,17221993.411764704,51594386.28571428,72106465.88235293,3690582945.3445377,2786498473.9495797,632543834.3529412,5551202028.638656,3922359545.5462184,0,0,0,0,0,15.411764705882351,1.680672268907563,5.226890756302521,0.38655462184873945,17.34453781512605,0,0,0,0,0,61999.32773109243,18105.008403361342,1061655.6638655462,35865.81512605042,77307.6974789916,1589.361344537815,270.5882352941176,2830.285714285714,1757.3949579831933,432.2857142857142,1790.8235294117646,381.0252100840336,1906.7731092436975,2144.3529411764707,536.1680672268908,0,0,0,0,0,0,0,0,0,0,0,0,0,0,0,0,0,0,0,0
1693106488,0.4369636271476763,0.33448764363293,0.2828423480266309,0.069771498342927,1.3308492700650516,0.5140800822528123,0.16423828629079576,0.11295180722891575,0.16332625586224558,0.06026879884283956,0,0.1270997945219985,0.08047857928481317,0.5582304096015624,0.24290438909546122,4.717225403317432,7.294728104832368,49.96173236586747,0.45118636664922396,8.056040006810614,4.409502161992352,0.31058957556134403,0.6339101129518063,2.0208785319302884,0.970321793197659,0.00004970965494102662,0.30041060859618274,2.3030364246049753,2.724569132184311,1.08902939516807,3.5656231975250243,6.492995435227451,49.23632566032808,0.31397174254317145,6.243248781628697,3.2558405209344845,0.39886440956336067,0.3953313253012047,1.7965888144846964,0.8437631837997468,0,0.1270997945219985,2.011964482120342,1.2327588212034502,0.5605485902202969,50000,100000,50000,50000,50000,50000,10000,50000,50000,20000,50000,0,6623232,2162688,220594176,0,0,2568192,0,0,2973696,0,0,0,0,5271552,814.4302868229249,2.5971981740909804,4.307906531482528,5.756148613291471,155.00479733698845,953.7899126063859,0,0,412.70211624162954,1.3259135745424595,0,0,384.20473750570056,0,9.865655187877202,0,0,2162688,0,0,0,0,0,0,0,0,0,0,0,0,225292288,80240640,17993728,439984128,111808512,349663232,40460288,10944512,310304768,94130176,4952064,3993600,305532928,16195584,134160384,209375232,70692864,14462976,200048640,103809024,331161600,35819520,9596928,292098048,84209664,4055040,2568192,295477248,15003648,38252544,0,0,0,0,0,0,0,0,0,0,0,0,0,0,0,210952192,80240640,17735680,425476096,107487232,333819904,40198144,10551296,296218624,93872128,4796416,3043328,297758720,15814656,45481984,192163840,73617408,17735680,212180992,107487232,333819904,37629952,10551296,296218624,90898432,4796416,3043328,297758720,15814656,40075264,1073741824,1073741824,314572800,0,1073741824,1073741824,1073741824,314572800,1073741824,0,0,0,1073741824,314572800,2147483648,10.703604596253737,0,5.1852373243236904,0,0,14.350043909639567,43378.56130961749,0,21983.529246146267,0,0,46570.67583475028,10.703604596253737,0,5.1852373243236904,0,0,14.350043909639567,43378.56130961749,0,21983.529246146267,0,0,46570.67583475028,99.79591368754159,51.68350931254815,485.4340605081247,21.312271102678377,34.46459477763564,39.29228416113764,17.922305880179223,60.61893032079051,47.18894009216589,85.12450530996276,0,0,0,0,0,0,0,0,0,0,118845.33009241214,121461.97942629266,1582122.0935452017,100273.46335436616,337131.7819249003,552512.8459519233,3233.498083052335,9057.476145983748,595477.0097286225,107486.95224734221,0,0,0,0,0,0,0,0,0,0,118.50764750395562,41.804504463678796,471.9005296705271,28.26192472311698,48.555196026789076,56.158409292904246,15.751304910157513,73.24669441377162,61.93548387096773,112.88108963576009,0,0,0,0,0,0,0,0,0,0,23659.33637551882,6928.807721937736,145010.2118682108,6010.678197943786,12928.28655278802,6794.485438498585,2983.209386114832,10407.939069622584,13345.581157194058,21462.546985881218,0,0,0,0,0,0,0,0,0,0,20,12,34,8,8,2,6,46,0,0,0,0,0.009400958466453673,0.004008086253369273,0.03152340752110514,0.016257763975155277,0.0015122615803814714,0.0030168067226890756,0.003012658227848101,0.0032245381335859785,0.02190796555435953,0.03969767441860466,0.07401754385964912,0.024220496894409936,0.0043024523160762945,0.004630252100840336,0.004632911392405063,0.005048997772828517,0.0236235199138859,0.04618604651162792,0.087578947368421,0.03143518518518516,0.004651226158038147,0.004831932773109243,0.004835443037974683,0.007663697104677066,0.024995963401506997,0.07573913043478256,0.09842807017543859,0.0779499999999999,0.00493024523160763,0.0049932773109243695,0.00499746835443038,0.009755456570155904,0.4609580052493438,0.3770833333333333,0.38594794231445656,0.4608552631578947,0.8831417624521073,0.375,0.4599737532808399,0.48640915593705303,2.182203389830509,2.1645290581162326,0.49470629616602185,2.1316091954022984,2.129343629343629,0.475,2.129343629343629,2.1899647887323943,2.3411016949152543,2.3322645290581163,0.6895582329317262,2.31580459770115,2.314671814671815,0.4875,2.314671814671815,2.3449823943661974,2.468220338983051,2.4664529058116234,0.9379116465863451,2.46316091954023,2.462934362934363,0.4975,2.462934362934363,2.4689964788732395,394.3865546218433,397.2773109243614,396.40336134453383,391.5966386554671,396.7394957983164,82974633.94957983,38627138.68907563,17221993.411764704,51594386.28571428,72106465.88235293,3690679184.134454,2786466256.672269,632556638.6554621,5643666302.92437,3922362505.680672,0,0,0,0,0,15.3781512605042,1.6302521008403361,6.941176470588235,0.38655462184873945,17.126050420168067,0,0,0,0,0,61904.67226890756,17425.210084033613,1471694.5210084033,35865.81512605042,75982.52100840336,1585.344537815126,271.6302521008403,2831.798319327731,1759.6974789915967,433.3613445378151,1786.6890756302523,382.01680672268907,1908.1680672268906,2147.563025210084,537.2436974789916,0,0,0,0,0,0,0,0,0,0,0,0,0,0,0,0,0,0,0,0
1693106489,0.44306601683650904,0.33448764363293,0.2828423480266309,0.069771498342927,1.3585889737397467,0.5140800822528123,0.16423828629079576,0.11295180722891575,0.16332625586224558,0.06026879884283956,0,0.1270997945219985,0.08047857928481317,0.5582304096015624,0.24290438909546122,5.016344450598143,7.294728104832368,49.96173236586747,0.45118636664922396,8.223956966008771,4.409502161992352,0.31058957556134403,0.6339101129518063,2.0208785319302884,0.970321793197659,0.00004970965494102662,0.30041060859618274,2.3030364246049753,2.724569132184311,1.08902939516807,3.832521045635777,6.492995435227451,49.23632566032808,0.31397174254317145,6.373380626808515,3.2558405209344845,0.39886440956336067,0.3953313253012047,1.7965888144846964,0.8437631837997468,0,0.1270997945219985,2.011964482120342,1.2327588212034502,0.5605485902202969,50000,100000,50000,50000,50000,50000,10000,50000,50000,20000,50000,0,6623232,2162688,220594176,0,0,2568192,0,0,2973696,0,0,0,0,5271552,1029.330970314577,2.5971981740909804,4.307906531482528,5.756148613291471,158.2356569414529,953.7899126063859,0,0,412.70211624162954,1.3259135745424595,0,0,384.20473750570056,0,9.865655187877202,0,0,2162688,0,0,0,0,0,0,0,0,0,0,0,0,225292288,80240640,17993728,439984128,111808512,349663232,40460288,10944512,310304768,94130176,4952064,3993600,305532928,16195584,134160384,209375232,70692864,14462976,200048640,103809024,331161600,35819520,9596928,292098048,84209664,4055040,2568192,295477248,15003648,38252544,0,0,0,0,0,0,0,0,0,0,0,0,0,0,0,210952192,80240640,17735680,425476096,107487232,333819904,40198144,10551296,296218624,93872128,4796416,3043328,297758720,15814656,45481984,192163840,73617408,17735680,212180992,107487232,333819904,37629952,10551296,296218624,90898432,4796416,3043328,297758720,15814656,40075264,1073741824,1073741824,314572800,0,1073741824,1073741824,1073741824,314572800,1073741824,0,0,0,1073741824,314572800,2147483648,10.703604596253737,0,5.1852373243236904,0,0,14.350043909639567,43378.56130961749,0,21983.529246146267,0,0,46570.67583475028,10.703604596253737,0,5.1852373243236904,0,0,14.350043909639567,43378.56130961749,0,21983.529246146267,0,0,46570.67583475028,99.79591368754159,51.68350931254815,485.4340605081247,21.312271102678377,34.46459477763564,39.29228416113764,17.922305880179223,53.057223921024566,47.18894009216589,83.46465131992105,0,0,0,0,0,0,0,0,0,0,118845.33009241214,121461.97942629266,1582122.0935452017,100273.46335436616,337131.7819249003,552512.8459519233,3233.498083052335,7927.631475740159,595477.0097286225,105391.04994617144,0,0,0,0,0,0,0,0,0,0,118.50764750395562,41.804504463678796,471.9005296705271,28.26192472311698,48.555196026789076,56.158409292904246,15.751304910157513,64.10977967477373,61.93548387096773,110.68000633606961,0,0,0,0,0,0,0,0,0,0,23659.33637551882,6928.807721937736,145010.2118682108,6010.678197943786,12928.28655278802,6794.485438498585,2983.209386114832,9109.635403512746,13345.581157194058,21044.045942952944,0,0,0,0,0,0,0,0,0,0,32,26,66,2,2,2,2,36,0,0,0,0,0.009400958466453673,0.004008086253369273,0.03152340752110514,0.016257763975155277,0.0015122615803814714,0.0030168067226890756,0.003012658227848101,0.0032245381335859785,0.02190796555435953,0.03969767441860466,0.07401754385964912,0.024220496894409936,0.0043024523160762945,0.004630252100840336,0.004632911392405063,0.005048997772828517,0.0236235199138859,0.04618604651162792,0.087578947368421,0.03143518518518516,0.004651226158038147,0.004831932773109243,0.004835443037974683,0.007663697104677066,0.024995963401506997,0.07573913043478256,0.09842807017543859,0.0779499999999999,0.00493024523160763,0.0049932773109243695,0.00499746835443038,0.009755456570155904,0.4609580052493438,0.3770833333333333,0.38594794231445656,0.4608552631578947,0.8831417624521073,0.375,0.4599737532808399,0.48640915593705303,2.182203389830509,2.1645290581162326,0.49470629616602185,2.1316091954022984,2.129343629343629,0.475,2.129343629343629,2.1899647887323943,2.3411016949152543,2.3322645290581163,0.6895582329317262,2.31580459770115,2.314671814671815,0.4875,2.314671814671815,2.3449823943661974,2.468220338983051,2.4664529058116234,0.9379116465863451,2.46316091954023,2.462934362934363,0.4975,2.462934362934363,2.4689964788732395,394.453781512605,397.24369747901204,396.470588235308,391.84873949581515,396.6722689075422,82974633.94957983,38627138.68907563,17221993.411764704,51594386.28571428,72106465.88235293,3761641317.1092434,2786473209.5462184,632550167.6638656,5551285945.008403,3922350527.462185,0,0,0,0,0,15.46218487394958,1.6302521008403361,4.689075630252101,0.40336134453781514,17.04201680672269,0,0,0,0,0,62162.82352941176,17425.210084033613,940729.0084033613,35951.86554621848,75707.15966386555,1579.3949579831933,270.5042016806722,2829.7983193277314,1746.2352941176473,431.47899159663865,1780.7899159663868,380.8067226890756,1907.5966386554621,2133.327731092437,535.3277310924369,0,0,0,0,0,0,0,0,0,0,0,0,0,0,0,0,0,0,0,0
1693106490,0.44306601683650904,0.33448764363293,0.2828423480266309,0.08549931600547205,1.3863286774144417,0.5140800822528123,0.16423828629079576,0.11295180722891575,0.16332625586224558,0.06026879884283956,0,0.1270997945219985,0.08047857928481317,0.6178271207383962,0.24290438909546122,5.016344450598143,7.294728104832368,49.96173236586747,0.45682987987346096,8.391873925206932,4.409502161992352,0.31058957556134403,0.6339101129518063,2.0208785319302884,0.970321793197659,0.00004970965494102662,0.30041060859618274,2.3030364246049753,2.7151390728848765,1.08902939516807,3.832521045635777,6.492995435227451,49.23632566032808,0.3206224350205206,6.503512471988334,3.2558405209344845,0.39886440956336067,0.3953313253012047,1.7965888144846964,0.8437631837997468,0,0.1270997945219985,2.011964482120342,1.2918203433621018,0.5605485902202969,50000,100000,50000,50000,50000,50000,10000,50000,50000,20000,50000,0,6623232,2162688,220594176,0,0,2568192,0,0,2973696,0,0,0,0,5271552,1029.330970314577,2.5971981740909804,4.307906531482528,5.64295485636115,161.4665165459174,953.7899126063859,0,0,412.70211624162954,1.3259135745424595,0,0,384.20473750570056,0,9.865655187877202,0,0,2162688,0,0,0,0,0,0,0,0,0,0,0,0,225292288,80240640,17993728,439984128,111808512,349663232,40460288,10944512,310304768,94130176,4952064,3993600,305532928,16195584,134160384,209375232,70692864,14462976,200048640,103809024,331161600,35819520,9596928,292098048,84209664,4055040,2568192,295477248,15003648,38252544,0,0,0,0,0,0,0,0,0,0,0,0,0,0,0,210952192,80240640,17735680,425476096,107487232,333819904,40198144,10551296,296218624,93872128,4796416,3043328,297758720,15822848,45481984,192163840,73617408,17735680,212180992,107487232,333819904,37629952,10551296,296218624,90898432,4796416,3043328,297758720,15822848,40075264,1073741824,1073741824,314572800,0,1073741824,1073741824,1073741824,314572800,1073741824,0,0,0,1073741824,314572800,2147483648,10.703604596253737,0,5.1852373243236904,0,0,14.350043909639567,43378.56130961749,0,21983.529246146267,0,0,46570.67583475028,10.703604596253737,0,5.1852373243236904,0,0,14.350043909639567,43378.56130961749,0,21983.529246146267,0,0,46570.67583475028,99.79591368754159,51.68350931254815,485.4340605081247,21.312271102678377,34.46459477763564,39.34446167411596,17.922305880179223,52.04690841567806,47.18894009216589,81.80479732987934,0,0,0,0,0,0,0,0,0,0,118845.33009241214,121461.97942629266,1582122.0935452017,100273.46335436616,337131.7819249003,553010.5810453342,3233.498083052335,7776.673539973763,595477.0097286225,103295.14764500066,0,0,0,0,0,0,0,0,0,0,118.50764750395562,41.804504463678796,471.9005296705271,28.26192472311698,48.555196026789076,56.31062057222779,15.751304910157513,62.889001434544205,61.93548387096773,108.47892303637913,0,0,0,0,0,0,0,0,0,0,23659.33637551882,6928.807721937736,145010.2118682108,6010.678197943786,12928.28655278802,6809.69321049591,2983.209386114832,8936.169752352369,13345.581157194058,20625.54490002467,0,0,0,0,0,0,0,0,0,0,30,12,42,10,10,2,10,54,0,0,0,0,0.009400958466453673,0.004008086253369273,0.03152340752110514,0.016257763975155277,0.0015122615803814714,0.0030168067226890756,0.003012658227848101,0.003231573705179283,0.02190796555435953,0.03969767441860466,0.07401754385964912,0.024220496894409936,0.0043024523160762945,0.004630252100840336,0.004632911392405063,0.005192045454545461,0.0236235199138859,0.04618604651162792,0.087578947368421,0.03143518518518516,0.004651226158038147,0.004831932773109243,0.004835443037974683,0.007738068181818177,0.024995963401506997,0.07573913043478256,0.09842807017543859,0.0779499999999999,0.00493024523160763,0.0049932773109243695,0.00499746835443038,0.009774886363636359,0.4609580052493438,0.3770833333333333,0.38594794231445656,0.4608552631578947,0.8831417624521073,0.375,0.4599737532808399,0.46875,2.182203389830509,2.1645290581162326,0.49470629616602185,2.1316091954022984,2.129343629343629,0.475,2.129343629343629,2.1748185776487663,2.3411016949152543,2.3322645290581163,0.6895582329317262,2.31580459770115,2.314671814671815,0.4875,2.314671814671815,2.337409288824383,2.468220338983051,2.4664529058116234,0.9379116465863451,2.46316091954023,2.462934362934363,0.4975,2.462934362934363,2.4674818577648767,394.4705882352929,397.1932773109242,396.50420168066825,391.7983193277117,396.6722689075642,82974633.94957983,38627138.68907563,17221993.411764704,51594110.924369745,72106465.88235293,3761698729.9495797,2786454622.6554623,632549272.7394958,5643770320.672269,3843896156.5042014,0,0,0,0,0,15.445378151260504,1.7142857142857142,4.689075630252101,0.40336134453781514,17.07563025210084,0,0,0,0,0,62076.773109243695,18251.29411764706,940729.0084033613,35951.86554621848,75801.81512605042,1573.764705882353,267.2436974789916,2833.3949579831933,1749.0252100840337,431.66386554621846,1775.5798319327732,377.93277310924367,1911.0084033613446,2136.72268907563,535.4789915966386,0,0,0,0,0,0,0,0,0,0,0,0,0,0,0,0,0,0,0,0
1693106491,0.44306601683650904,0.33448764363293,0.32017075773746023,0.08549931600547205,1.4140683810891361,0.43818809223859223,0.16423828629079576,0.11295180722891575,0.16332625586224558,0.056506739409499,0,0.1270997945219985,0.08047857928481317,0.6178271207383962,0.24290438909546122,5.016344450598143,7.294728104832368,49.9856692796158,0.45682987987346096,8.55979088440509,3.9302176516769713,0.31058957556134403,0.6339101129518063,2.0208785319302884,0.822333985834941,0.00004970965494102662,0.30041060859618274,2.3030364246049753,2.7151390728848765,1.08902939516807,3.832521045635777,6.492995435227451,49.25293489861259,0.3206224350205206,6.633644317168151,2.921253948257305,0.39886440956336067,0.3953313253012047,1.7965888144846964,0.7534231921266555,0,0.1270997945219985,2.011964482120342,1.2918203433621018,0.5605485902202969,50000,100000,50000,50000,50000,50000,10000,50000,50000,20000,50000,0,6623232,2162688,220594176,0,0,2568192,0,0,2973696,0,0,0,0,5271552,1029.330970314577,2.5971981740909804,3.5218783351120595,5.64295485636115,164.6973761503818,771.2110423399245,0,0,412.70211624162954,2.486296534017972,0,0,384.20473750570056,0,9.865655187877202,0,0,2162688,0,0,0,0,0,0,0,0,0,0,0,0,225292288,80240640,17993728,439984128,111808512,349663232,40460288,10944512,310304768,94195712,4952064,3993600,305532928,16195584,134160384,209375232,70692864,14462976,200048640,103809024,331026432,35819520,9596928,292098048,84344832,4055040,2568192,295477248,15003648,38252544,0,0,0,0,0,0,0,0,0,0,0,0,0,0,0,210952192,80240640,17731584,425476096,107487232,333721600,40198144,10551296,296218624,94023680,4796416,3043328,297758720,15822848,45481984,192163840,73617408,17731584,212180992,107487232,333721600,37629952,10551296,296218624,91049984,4796416,3043328,297758720,15822848,40075264,1073741824,1073741824,314572800,0,1073741824,1073741824,1073741824,314572800,1073741824,0,0,0,1073741824,314572800,2147483648,10.703604596253737,0,5.1852373243236904,0,0,14.350043909639567,43378.56130961749,0,21983.529246146267,0,0,46570.67583475028,10.703604596253737,0,5.1852373243236904,0,0,14.350043909639567,43378.56130961749,0,21983.529246146267,0,0,46570.67583475028,99.79591368754157,51.68350931254815,485.4340605081247,21.312271102678377,34.46459477763564,39.34446167411596,17.922305880179223,51.03659291033154,47.18894009216589,80.14494333983761,0,0,0,0,0,0,0,0,0,0,118845.33009241213,121461.97942629266,1582122.0935452017,100273.46335436616,337131.7819249003,553010.5810453342,3233.498083052335,7625.715604207367,595477.0097286225,101199.2453438299,0,0,0,0,0,0,0,0,0,0,118.50764750395561,41.804504463678796,471.9005296705271,28.26192472311698,48.555196026789076,56.31062057222779,15.751304910157513,61.66822319431467,61.93548387096773,106.27783973668865,0,0,0,0,0,0,0,0,0,0,23659.336375518815,6928.807721937736,145010.2118682108,6010.678197943786,12928.28655278802,6809.69321049591,2983.209386114832,8762.704101191992,13345.581157194058,20207.043857096396,0,0,0,0,0,0,0,0,0,0,26,4,20,10,10,2,10,66,0,0,0,0,0.009400958466453673,0.004008086253369273,0.03152340752110514,0.016257763975155277,0.0015122615803814714,0.0030168067226890756,0.003012658227848101,0.0032264509990485254,0.02190796555435953,0.03969767441860466,0.07401754385964912,0.024220496894409936,0.0043024523160762945,0.004630252100840336,0.004632911392405063,0.005089285714285723,0.0236235199138859,0.04618604651162792,0.087578947368421,0.03143518518518516,0.004651226158038147,0.004831932773109243,0.004835443037974683,0.007700892857142861,0.024995963401506997,0.07573913043478256,0.09842807017543859,0.0779499999999999,0.00493024523160763,0.0049932773109243695,0.00499746835443038,0.009790178571428573,0.4609580052493438,0.3770833333333333,0.38594794231445656,0.4608552631578947,0.8831417624521073,0.375,0.4599737532808399,0.4849785407725323,2.182203389830509,2.1645290581162326,0.49470629616602185,2.1316091954022984,2.129343629343629,0.475,2.129343629343629,2.1888297872340425,2.3411016949152543,2.3322645290581163,0.6895582329317262,2.31580459770115,2.314671814671815,0.4875,2.314671814671815,2.3444148936170213,2.468220338983051,2.4664529058116234,0.9379116465863451,2.46316091954023,2.462934362934363,0.4975,2.462934362934363,2.4688829787234043,394.68907563024806,397.1932773109234,396.47058823529653,391.8487394957876,396.7226890756352,66379844.84033613,38627138.68907563,17221993.411764704,51594110.924369745,72106465.88235293,3761792903.529412,2672739336.605042,632537707.5630252,5551337299.899159,3922319686.9915967,0,0,0,0,0,15.394957983193276,1.7142857142857142,5.042016806722689,0.4369747899159664,16.873949579831933,0,0,0,0,0,61921.882352941175,18251.29411764706,1011565.7142857142,36106.756302521004,75104.80672268907,1567.2100840336134,271.04201680672264,2832.7394957983192,1734.9747899159665,429.68067226890753,1768.7899159663866,381.5966386554622,1911.2268907563023,2121.7478991596636,533.4285714285714,0,0,0,0,0,0,0,0,0,0,0,0,0,0,0,0,0,0,0,0
1693106492,0.44306601683650904,0.33448764363293,0.32017075773746023,0.08549931600547205,1.664382220481691,0.43818809223859223,0.156030581994071,0.12554927809165106,0.16904741780069324,0.05759461826330981,0,0.1270997945219985,0.08047857928481317,0.6178271207383962,0.19167645015214335,5.016344450598143,7.294728104832368,49.9856692796158,0.45682987987346096,10.075017551889545,3.9302176516769713,0.30867861340822855,0.6344430031387316,1.9076256174456958,0.838165721364339,0.00004970965494102662,0.30041060859618274,2.3030364246049753,2.7151390728848765,1.0696170855595744,3.832521045635777,6.492995435227451,49.25293489861259,0.3206224350205206,7.807910710789106,2.921253948257305,0.3814080893188402,0.4268675455116131,1.7073789197869969,0.7679282435107998,0,0.1270997945219985,2.011964482120342,1.2918203433621018,0.5510697941874126,50000,100000,50000,50000,50000,50000,10000,50000,50000,20000,50000,0,6623232,2162688,220594176,0,0,2568192,0,0,2973696,0,0,0,0,5271552,1029.330970314577,2.5971981740909804,3.5218783351120595,5.64295485636115,193.8515762678676,771.2110423399245,0,0,354.7967204800947,2.5341632035856483,0,0,384.20473750570056,0,11.06931499628627,0,0,2162688,0,0,0,0,0,0,0,0,0,0,0,0,225292288,80240640,17993728,439984128,111808512,349663232,40493056,10944512,310304768,94195712,4952064,3993600,305532928,16195584,134160384,209375232,70692864,14462976,200048640,103809024,331026432,35819520,9596928,292098048,84344832,4055040,2568192,295477248,15003648,38252544,0,0,0,0,0,0,0,0,0,0,0,0,0,0,0,210952192,80240640,17731584,425476096,107487232,333721600,40235008,10551296,296374272,94023680,4796416,3043328,297758720,15822848,45481984,192163840,73617408,17731584,212180992,107487232,333721600,37666816,10551296,296374272,91049984,4796416,3043328,297758720,15822848,40075264,1073741824,1073741824,314572800,0,1073741824,1073741824,1073741824,314572800,1073741824,0,0,0,1073741824,314572800,2147483648,10.703604596253737,0,5.027652086475616,0,0,14.399693317679757,43378.56130961749,0,20717.532636396736,0,0,47805.64007954573,10.703604596253737,0,5.027652086475616,0,0,14.399693317679757,43378.56130961749,0,20717.532636396736,0,0,47805.64007954573,99.79591368754157,51.68350931254815,485.4340605081247,21.312271102678377,34.46459477763564,39.34446167411596,17.922305880179223,50.026277404985045,39.75360732455629,78.4850893497959,0,0,0,0,0,0,0,0,0,0,118845.33009241213,121461.97942629266,1582122.0935452017,100273.46335436616,337131.7819249003,553010.5810453342,3233.498083052335,7474.757668440972,504950.8940815177,99103.34304265912,0,0,0,0,0,0,0,0,0,0,118.50764750395561,41.804504463678796,471.9005296705271,28.26192472311698,48.555196026789076,56.31062057222779,15.751304910157513,60.44744495408516,51.90329119577459,104.07675643699815,0,0,0,0,0,0,0,0,0,0,23659.336375518815,6928.807721937736,145010.2118682108,6010.678197943786,12928.28655278802,6809.69321049591,2983.209386114832,8589.238450031617,11277.973735096508,19788.542814168122,0,0,0,0,0,0,0,0,0,0,24,8,32,10,10,2,10,72,0,0,0,0,0.009475274725274725,0.003980978260869565,0.03150390625,0.01627155172413793,0.0015804597701149423,0.003018348623853211,0.003017064846416382,0.0032241331308608305,0.021962783171521037,0.039964454976303306,0.07406028368794328,0.024366379310344827,0.004316091954022988,0.00463302752293578,0.004641638225255973,0.005041195148915146,0.023651294498381874,0.046463270142180074,0.08756205673758864,0.034435483870967745,0.004658045977011495,0.0048348623853211,0.004844709897610921,0.007704951067659273,0.025191176470588328,0.0780599999999997,0.09836347517730497,0.07870000000000012,0.0049316091954022985,0.004996330275229358,0.00675,0.009835955802654575,0.4606854838709677,0.3760416666666666,0.3859821428571429,0.4592245989304813,0.8720238095238095,0.375,0.45545580110497236,0.48998315582141705,2.1821827411167516,2.163496932515337,0.4947678571428571,2.1273809523809524,2.116952789699571,0.475,2.116952789699571,2.192737695556946,2.341091370558375,2.331748466257668,0.6904471544715446,2.313690476190476,2.3084763948497855,0.4875,2.3084763948497855,2.3463688477784737,2.4682182741116754,2.4663496932515336,0.9380894308943089,2.4627380952380955,2.461695278969957,0.4975,2.461695278969957,2.4692737695556946,394.65546218485343,397.260504201682,396.3324164374464,391.9159663865607,396.7226890756119,82974702.78991596,38627138.68907563,17082747.48687172,51594110.924369745,72106465.88235293,3832741956.840336,2729623620.840336,627436867.7502708,5643789458.285714,3922352936.8739495,0,0,0,0,0,15.243697478991596,2.638655462184874,5.0012503125781445,0.4369747899159664,16.840336134453782,0,0,0,0,0,60648.33613445378,22863.59663865546,1003386.8467116778,36106.756302521004,75018.75630252101,1565.2773109243697,271.0084033613445,2835.892306409936,1732.403361344538,429.3781512605042,1766.9747899159663,381.4957983193277,1914.4619488205385,2117.4117647058824,533.0588235294117,0,0,0,0,0,0,0,0,0,0,0,0,0,0,0,0,0,0,0,0
1693106493,0.44306601683650904,0.33448764363293,0.32017075773746023,0.08549931600547205,1.664382220481691,0.43818809223859223,0.156030581994071,0.12554927809165106,0.17365256463131407,0.06527273122864995,0,0.1270997945219985,0.08047857928481317,0.6178271207383962,0.19167645015214335,5.016344450598143,7.294728104832368,49.9856692796158,0.45682987987346096,10.075017551889545,3.9302176516769713,0.30867861340822855,0.6344430031387316,2.184716171395078,0.9499041317638901,0.00004970965494102662,0.30041060859618274,2.3030364246049753,2.7151390728848765,1.0696170855595744,3.832521045635777,6.492995435227451,49.25293489861259,0.3206224350205206,7.807910710789106,2.921253948257305,0.3814080893188402,0.4268675455116131,1.9752979226812035,0.8703030830486685,0,0.1270997945219985,2.011964482120342,1.2918203433621018,0.5510697941874126,50000,100000,50000,50000,50000,50000,10000,50000,50000,20000,50000,0,6623232,2162688,220594176,0,0,2568192,0,0,2973696,0,0,0,0,5271552,1029.330970314577,2.5971981740909804,3.5218783351120595,5.64295485636115,193.8515762678676,771.2110423399245,0,0,454.14486965204367,2.8720001740606165,0,0,384.20473750570056,0,11.06931499628627,0,0,2162688,0,0,0,0,0,0,0,0,0,0,0,0,225292288,80240640,17993728,439984128,111808512,349663232,40493056,10944512,310304768,94195712,4952064,3993600,305532928,16195584,134160384,209375232,70692864,14462976,200048640,103809024,331026432,35819520,9596928,292098048,84344832,4055040,2568192,295477248,15003648,38252544,0,0,0,0,0,0,0,0,0,0,0,0,0,0,0,210952192,80240640,17731584,425476096,107487232,333721600,40235008,10551296,296374272,94023680,4796416,3043328,297758720,15822848,45481984,192163840,73617408,17731584,212180992,107487232,333721600,37666816,10551296,296374272,91049984,4796416,3043328,297758720,15822848,40075264,1073741824,1073741824,314572800,0,1073741824,1073741824,1073741824,314572800,1073741824,0,0,0,1073741824,314572800,2147483648,10.703604596253737,0,5.027652086475616,0,0,14.399693317679757,43378.56130961749,0,20717.532636396736,0,0,47805.64007954573,10.703604596253737,0,5.027652086475616,0,0,14.399693317679757,43378.56130961749,0,20717.532636396736,0,0,47805.64007954573,99.79591368754157,51.68350931254815,485.4340605081247,21.312271102678377,34.46459477763564,39.34446167411596,17.922305880179223,49.01596189963853,46.813468484212976,96.89961623914358,0,0,0,0,0,0,0,0,0,0,118845.33009241213,121461.97942629266,1582122.0935452017,100273.46335436616,337131.7819249003,553010.5810453342,3233.498083052335,7323.799732674575,594625.3524408714,125274.92762404899,0,0,0,0,0,0,0,0,0,0,118.50764750395561,41.804504463678796,471.9005296705271,28.26192472311698,48.555196026789076,56.31062057222779,15.751304910157513,59.22666671385562,61.120820226028194,129.4687941829933,0,0,0,0,0,0,0,0,0,0,23659.336375518815,6928.807721937736,145010.2118682108,6010.678197943786,12928.28655278802,6809.69321049591,2983.209386114832,8415.77279887124,13280.834207153675,24457.533831549175,0,0,0,0,0,0,0,0,0,0,38,20,58,12,10,2,10,88,0,0,0,0,0.009475274725274725,0.003980978260869565,0.03150390625,0.01627155172413793,0.0015195530726256983,0.0030168067226890756,0.0030130505709624797,0.0032242001443348565,0.021962783171521037,0.039964454976303306,0.07406028368794328,0.024366379310344827,0.00430391061452514,0.004630252100840336,0.0046391517128874385,0.005042626728110596,0.023651294498381874,0.046463270142180074,0.08756205673758864,0.034435483870967745,0.00465195530726257,0.004831932773109243,0.004842414355628058,0.007705645161290316,0.025191176470588328,0.0780599999999997,0.09836347517730497,0.07870000000000012,0.004930391061452513,0.0049932773109243695,0.006283333333333228,0.009836059907834099,0.4606854838709677,0.3760416666666666,0.3859821428571429,0.4592245989304813,0.8799603174603174,0.375,0.4593413978494624,0.4898277126099707,2.1821827411167516,2.163496932515337,0.4947678571428571,2.1273809523809524,2.1276892430278886,0.475,2.1276892430278886,2.192619680851064,2.341091370558375,2.331748466257668,0.6904471544715446,2.313690476190476,2.3138446215139443,0.4875,2.3138446215139443,2.3463098404255316,2.4682182741116754,2.4663496932515336,0.9380894308943089,2.4627380952380955,2.4627689243027886,0.4975,2.4627689243027886,2.4692619680851067,394.8067226890886,397.39495798320087,396.48739495798264,391.79831932771964,396.6050420168099,82974702.78991596,38627138.68907563,17221993.411764704,51594110.924369745,72106465.88235293,3903700097.07563,2672749662.6554623,632573986.420168,5643833653.781512,3922382262.857143,0,0,0,0,0,15.210084033613445,2.638655462184874,5.042016806722689,0.4369747899159664,16.823529411764707,0,0,0,0,0,60527.86554621848,22863.59663865546,1011565.7142857142,36106.756302521004,74949.91596638656,1566.655462184874,270.2689075630252,2835.126050420168,1731.2100840336136,428.73949579831935,1768.5882352941176,380.8067226890756,1914.9243697478992,2116.9411764705883,532.3865546218486,0,0,0,0,0,0,0,0,0,0,0,0,0,0,0,0,0,0,0,0
1693106494,0.44306601683650904,0.33448764363293,0.33724375496832343,0.08549931600547205,1.664382220481691,0.43818809223859223,0.156030581994071,0.12554927809165106,0.17365256463131407,0.06527273122864995,0,0.1270997945219985,0.0539985960365027,0.6178271207383962,0.19167645015214335,5.016344450598143,7.294728104832368,49.979534006214934,0.45682987987346096,10.075017551889545,3.9302176516769713,0.30867861340822855,0.6344430031387316,2.184716171395078,0.9499041317638901,0.00004970965494102662,0.30041060859618274,1.926049477113596,2.7151390728848765,1.0696170855595744,3.832521045635777,6.492995435227451,49.285765904656394,0.3206224350205206,7.807910710789106,2.921253948257305,0.3814080893188402,0.4268675455116131,1.9752979226812035,0.8703030830486685,0,0.1270997945219985,1.637957413107253,1.2918203433621018,0.5510697941874126,50000,100000,50000,50000,50000,50000,10000,50000,50000,20000,50000,0,6623232,2162688,220594176,0,0,2568192,0,0,2973696,0,0,0,0,5271552,1029.330970314577,2.5971981740909804,0,5.64295485636115,193.8515762678676,771.2110423399245,0,0,454.14486965204367,2.8720001740606165,0,0,277.9847723959177,0,11.06931499628627,0,0,2162688,0,0,0,0,0,0,0,0,0,0,0,0,225292288,80240640,17993728,439984128,111808512,349663232,40493056,10944512,310304768,94195712,4952064,3993600,305532928,16195584,134160384,209375232,70692864,14462976,200048640,103809024,331026432,35819520,9596928,292098048,84344832,4055040,2568192,295477248,15003648,38252544,0,0,0,0,0,0,0,0,0,0,0,0,0,0,0,210952192,80240640,17731584,425476096,107487232,333721600,40235008,10551296,296374272,94023680,4796416,3043328,297783296,15822848,45481984,192163840,73617408,17731584,212180992,107487232,333721600,37666816,10551296,296374272,91049984,4796416,3043328,297783296,15822848,40075264,1073741824,1073741824,314572800,0,1073741824,1073741824,1073741824,314572800,1073741824,0,0,0,1073741824,314572800,2147483648,10.703604596253737,0,5.027652086475616,0,0,14.399693317679757,43378.56130961749,0,20717.532636396736,0,0,47805.64007954573,10.703604596253737,0,5.027652086475616,0,0,14.399693317679757,43378.56130961749,0,20717.532636396736,0,0,47805.64007954573,99.79591368754157,50.74951268737818,485.4340605081247,21.312271102678377,34.46452847288656,39.10953177257525,17.922305880179223,59.65223295111647,46.813468484212976,96.66916002992036,0,0,0,0,0,0,0,0,0,0,118845.33009241213,121370.18509254628,1582122.0935452017,100273.46335436616,337209.3550173708,552960.0752508361,3233.498083052335,8903.421092335546,594625.3524408714,125116.86540238482,0,0,0,0,0,0,0,0,0,0,118.50764750395561,41.29651032412759,471.9005296705271,28.26192472311698,48.3359347464881,56.020066889632105,15.751304910157513,72.25030175015087,61.120820226028194,129.25155101861222,0,0,0,0,0,0,0,0,0,0,23659.336375518815,6796.449949112488,145010.2118682108,6010.678197943786,12766.099390765825,6752.529264214047,2983.209386114832,10258.354707302353,13280.834207153675,24435.64922779073,0,0,0,0,0,0,0,0,0,0,18,14,40,8,4,2,6,48,0,0,0,0,0.009475274725274725,0.003980978260869565,0.03150390625,0.01627155172413793,0.0015195530726256983,0.0030168067226890756,0.0030130505709624797,0.0032242001443348565,0.021962783171521037,0.039964454976303306,0.07406028368794328,0.024366379310344827,0.00430391061452514,0.004630252100840336,0.0046391517128874385,0.005042626728110596,0.023651294498381874,0.046463270142180074,0.08756205673758864,0.034435483870967745,0.00465195530726257,0.004831932773109243,0.004842414355628058,0.007705645161290316,0.025191176470588328,0.0780599999999997,0.09836347517730497,0.07870000000000012,0.004930391061452513,0.0049932773109243695,0.006283333333333228,0.009836059907834099,0.4606854838709677,0.3760416666666666,0.3859821428571429,0.4592245989304813,0.8799603174603174,0.375,0.4593413978494624,0.4898277126099707,2.1821827411167516,2.163496932515337,0.4947678571428571,2.1273809523809524,2.1276892430278886,0.475,2.1276892430278886,2.192619680851064,2.341091370558375,2.331748466257668,0.6904471544715446,2.313690476190476,2.3138446215139443,0.4875,2.3138446215139443,2.3463098404255316,2.4682182741116754,2.4663496932515336,0.9380894308943089,2.4627380952380955,2.4627689243027886,0.4975,2.4627689243027886,2.4692619680851067,395.0924369747968,397.3277310924527,396.453781512601,391.9831932772982,396.6386554621712,82974702.78991596,38627138.68907563,275.3613445378151,51593973.24369748,72106465.88235293,3903734586.0840335,2786446981.378151,632565106.0168067,5643839367.529411,3922408972.9075627,0,0,0,0,0,15.243697478991596,2.638655462184874,5.042016806722689,0.8571428571428571,16.73949579831933,0,0,0,0,0,61508.84033613445,22863.59663865546,1011565.7142857142,38653.8487394958,74648.73949579832,1560.436974789916,271.21008403361344,2837.8655462184875,1721.361344537815,425.52941176470586,1761.8991596638652,381.88235294117646,1917.126050420168,2108.067226890756,529.2100840336134,0,0,0,0,0,0,0,0,0,0,0,0,0,0,0,0,0,0,0,0
1693106495,0.44306601683650904,0.3171917953055617,0.33724375496832343,0.08549931600547205,1.664382220481691,0.43818809223859223,0.1188099990495201,0.12554927809165106,0.17365256463131407,0.06527273122864995,0,0.1270997945219985,0.0539985960365027,0.6178271207383962,0.19167645015214335,5.016344450598143,7.568697256290971,49.979534006214934,0.45682987987346096,10.075017551889545,3.9302176516769713,0.3032612251687107,0.6344430031387316,2.184716171395078,0.9499041317638901,0.00004970965494102662,0.30041060859618274,1.926049477113596,2.7151390728848765,1.0696170855595744,3.832521045635777,6.92535419750476,49.285765904656394,0.3206224350205206,7.807910710789106,2.921253948257305,0.42771599657827236,0.4268675455116131,1.9752979226812035,0.8703030830486685,0,0.1270997945219985,1.637957413107253,1.2918203433621018,0.5510697941874126,50000,100000,50000,50000,50000,50000,10000,50000,50000,20000,50000,0,6623232,2162688,220594176,0,0,2568192,0,0,2973696,0,0,0,0,5271552,1029.330970314577,0,0,5.64295485636115,193.8515762678676,771.2110423399245,0,0,454.14486965204367,2.8720001740606165,0,0,277.9847723959177,0,11.06931499628627,0,0,2162688,0,0,0,0,0,0,0,0,0,0,0,0,225292288,80240640,17993728,439984128,111808512,349663232,40493056,10944512,310304768,94195712,4952064,3993600,305532928,16195584,134160384,209375232,70692864,14462976,200048640,103809024,331026432,35819520,9596928,292098048,84344832,4055040,2568192,295477248,15003648,38252544,0,0,0,0,0,0,0,0,0,0,0,0,0,0,0,210952192,80240640,17731584,425476096,107487232,333721600,40235008,10551296,296374272,94023680,4796416,3043328,297783296,15822848,45481984,192163840,73617408,17731584,212180992,107487232,333721600,37666816,10551296,296374272,91049984,4796416,3043328,297783296,15822848,40075264,1073741824,1073741824,314572800,0,1073741824,1073741824,1073741824,314572800,1073741824,0,0,0,1073741824,314572800,2147483648,10.255868048213152,0,4.63358996293128,0,0,14.399693317679757,37135.969549587644,0,17397.585780819314,0,0,47805.64007954573,10.255868048213152,0,4.63358996293128,0,0,14.399693317679757,37135.969549587644,0,17397.585780819314,0,0,47805.64007954573,99.79591368754157,50.74951268737818,485.4340605081247,21.312271102678377,34.46452847288656,39.10953177257525,17.922305880179223,59.65223295111647,46.813468484212976,96.66916002992036,0,0,0,0,0,0,0,0,0,0,118845.33009241213,121370.18509254628,1582122.0935452017,100273.46335436616,337209.3550173708,552960.0752508361,3233.498083052335,8903.421092335546,594625.3524408714,125116.86540238482,0,0,0,0,0,0,0,0,0,0,118.50764750395561,41.29651032412759,471.9005296705271,28.26192472311698,48.3359347464881,56.020066889632105,15.751304910157513,72.25030175015087,61.120820226028194,129.25155101861222,0,0,0,0,0,0,0,0,0,0,23659.336375518815,6796.449949112488,145010.2118682108,6010.678197943786,12766.099390765825,6752.529264214047,2983.209386114832,10258.354707302353,13280.834207153675,24435.64922779073,0,0,0,0,0,0,0,0,0,0,18,30,66,8,6,2,6,70,0,0,0,0,0.009475274725274725,0.003980978260869565,0.03150390625,0.01627155172413793,0.0015195530726256983,0.0030168067226890756,0.0030130505709624797,0.0032291350531107738,0.021962783171521037,0.039964454976303306,0.07406028368794328,0.024366379310344827,0.00430391061452514,0.004630252100840336,0.0046391517128874385,0.005145047169811323,0.023651294498381874,0.046463270142180074,0.08756205673758864,0.034435483870967745,0.00465195530726257,0.004831932773109243,0.004842414355628058,0.00774351415094339,0.025191176470588328,0.0780599999999997,0.09836347517730497,0.07870000000000012,0.004930391061452513,0.0049932773109243695,0.006283333333333228,0.009822287735849063,0.4606854838709677,0.3760416666666666,0.3859821428571429,0.4592245989304813,0.8799603174603174,0.375,0.4593413978494624,0.4716580502215657,2.1821827411167516,2.163496932515337,0.4947678571428571,2.1273809523809524,2.1276892430278886,0.475,2.1276892430278886,2.177536585365854,2.341091370558375,2.331748466257668,0.6904471544715446,2.313690476190476,2.3138446215139443,0.4875,2.3138446215139443,2.3387682926829267,2.4682182741116754,2.4663496932515336,0.9380894308943089,2.4627380952380955,2.4627689243027886,0.4975,2.4627689243027886,2.467753658536586,395.0084033613515,397.34453781513406,396.5714285714304,392.18487394957305,396.5378151260578,99569698.42016806,38627138.68907563,275.3613445378151,51593973.24369748,72106465.88235293,3832820847.865546,2786388673.6134453,569945320.3361344,5643907657.142857,4000801318.7226887,0,0,0,0,0,15.193277310924369,2.638655462184874,5.042016806722689,0.8571428571428571,16.840336134453782,0,0,0,0,0,61414.184873949576,22863.59663865546,1011565.7142857142,38653.8487394958,75010.1512605042,1568.7394957983192,270.11764705882354,2835.0756302521004,1731.9831932773106,426.31932773109247,1770.5378151260506,380.75630252100837,1914.7226890756303,2119.4957983193276,530.016806722689,0,0,0,0,0,0,0,0,0,0,0,0,0,0,0,0,0,0,0,0
1693106496,0.44306601683650904,0.3171917953055617,0.33724375496832343,0.08549931600547205,1.664382220481691,0.3813300793166552,0.1188099990495201,0.12554927809165106,0.17365256463131407,0.06527273122864995,0,0.11281270271032466,0.0539985960365027,0.558347292015633,0.19167645015214335,5.016344450598143,7.568697256290971,49.979534006214934,0.45682987987346096,10.075017551889545,4.162945749440708,0.3032612251687107,0.6344430031387316,2.184716171395078,0.9499041317638901,0.00004970965494102662,0.30163030431226556,1.926049477113596,2.664193439419319,1.0696170855595744,3.832521045635777,6.92535419750476,49.285765904656394,0.3206224350205206,7.807910710789106,3.228594671547718,0.42771599657827236,0.4268675455116131,1.9752979226812035,0.8703030830486685,0,0.11281270271032466,1.637957413107253,1.2943505405816957,0.5510697941874126,50000,100000,50000,50000,50000,50000,10000,50000,50000,20000,50000,0,6623232,2162688,220594176,0,0,2568192,0,0,2973696,0,0,0,0,5271552,1029.330970314577,0,0,5.64295485636115,193.8515762678676,855.7046979865772,0,0,454.14486965204367,2.8720001740606165,0,0,277.9847723959177,0,11.06931499628627,0,0,2162688,0,0,0,0,0,0,0,0,0,0,0,0,225292288,80240640,17993728,439984128,111808512,349663232,40493056,10944512,310304768,94195712,4952064,3993600,305532928,16195584,134160384,209375232,70692864,14462976,200048640,103809024,331026432,35819520,9596928,292098048,84344832,4055040,2568192,295477248,15003648,38252544,0,0,0,0,0,0,0,0,0,0,0,0,0,0,0,210952192,80240640,17731584,425476096,107487232,333721600,40235008,10551296,296374272,94023680,4796416,3043328,297783296,15822848,45481984,192163840,73617408,17731584,212180992,107487232,333721600,37666816,10551296,296374272,91049984,4796416,3043328,297783296,15822848,40075264,1073741824,1073741824,314572800,0,1073741824,1073741824,1073741824,314572800,1073741824,0,0,0,1073741824,314572800,2147483648,10.255868048213152,0,4.63358996293128,0,0,14.399693317679757,37135.969549587644,0,17397.585780819314,0,0,47805.64007954573,10.255868048213152,0,4.63358996293128,0,0,14.399693317679757,37135.969549587644,0,17397.585780819314,0,0,47805.64007954573,99.79591368754157,39.96480080499782,485.4340605081247,21.312271102678377,34.46452847288656,39.10953177257525,17.922305880179223,59.65223295111647,46.813468484212976,96.66916002992036,0,0,0,0,0,0,0,0,0,0,118845.33009241213,96007.93667724276,1582122.0935452017,100273.46335436616,337209.3550173708,552960.0752508361,3233.498083052335,8903.421092335546,594625.3524408714,125116.86540238482,0,0,0,0,0,0,0,0,0,0,118.50764750395561,32.45725973766678,471.9005296705271,28.26192472311698,48.3359347464881,56.020066889632105,15.751304910157513,72.25030175015087,61.120820226028194,129.25155101861222,0,0,0,0,0,0,0,0,0,0,23659.336375518815,5334.303330092509,145010.2118682108,6010.678197943786,12766.099390765825,6752.529264214047,2983.209386114832,10258.354707302353,13280.834207153675,24435.64922779073,0,0,0,0,0,0,0,0,0,0,30,10,36,10,10,2,10,56,0,0,0,0,0.009475274725274725,0.003980978260869565,0.03150390625,0.01627155172413793,0.0015195530726256983,0.0030168067226890756,0.0030130505709624797,0.0032237288135593223,0.021962783171521037,0.039964454976303306,0.07406028368794328,0.024366379310344827,0.00430391061452514,0.004630252100840336,0.0046391517128874385,0.005032558139534884,0.023651294498381874,0.046463270142180074,0.08756205673758864,0.034435483870967745,0.00465195530726257,0.004831932773109243,0.004842414355628058,0.007702325581395348,0.025191176470588328,0.0780599999999997,0.09836347517730497,0.07870000000000012,0.004930391061452513,0.0049932773109243695,0.006283333333333228,0.009838139534883723,0.4606854838709677,0.3760416666666666,0.3859821428571429,0.4592245989304813,0.8799603174603174,0.375,0.4593413978494624,0.48698680351906154,2.1821827411167516,2.163496932515337,0.4947678571428571,2.1273809523809524,2.1276892430278886,0.475,2.1276892430278886,2.1904269662921347,2.341091370558375,2.331748466257668,0.6904471544715446,2.313690476190476,2.3138446215139443,0.4875,2.3138446215139443,2.345213483146067,2.4682182741116754,2.4663496932515336,0.9380894308943089,2.4627380952380955,2.4627689243027886,0.4975,2.4627689243027886,2.469042696629214,395.1260504201742,397.31092436974495,396.65546218485633,392.13445378151465,396.60504201681755,99569698.42016806,38627138.68907563,275.3613445378151,51593973.24369748,72106465.88235293,3832893130.2184873,2729510791.529412,571032997.6470588,5551431542.319327,4000772543.462185,0,0,0,0,0,15.34453781512605,2.638655462184874,5.042016806722689,0.8571428571428571,16.80672268907563,0,0,0,0,0,61870.252100840335,22863.59663865546,1011565.7142857142,38653.8487394958,74924.10084033613,1573.5966386554621,271.1428571428571,2835.747899159664,1735.8991596638655,428.03361344537814,1775.2268907563025,381.73109243697473,1915.361344537815,2123.294117647059,531.7142857142857,0,0,0,0,0,0,0,0,0,0,0,0,0,0,0,0,0,0,0,0
1693106497,0.44306601683650904,0.3171917953055617,0.33724375496832343,0.08549931600547205,1.664382220481691,0.3813300793166552,0.1188099990495201,0.12554927809165106,0.17365256463131407,0.06527273122864995,0,0.11281270271032466,0.0539985960365027,0.558347292015633,0.19167645015214335,5.016344450598143,7.568697256290971,49.979534006214934,0.45682987987346096,10.075017551889545,4.162945749440708,0.3032612251687107,0.6344430031387316,2.184716171395078,0.9499041317638901,0.00004970965494102662,0.30163030431226556,1.926049477113596,2.664193439419319,1.0696170855595744,3.832521045635777,6.92535419750476,49.285765904656394,0.3206224350205206,7.807910710789106,3.228594671547718,0.42771599657827236,0.4268675455116131,1.9752979226812035,0.8703030830486685,0,0.11281270271032466,1.637957413107253,1.2943505405816957,0.5510697941874126,50000,100000,50000,50000,50000,50000,10000,50000,50000,20000,50000,0,6623232,2162688,220594176,0,0,2568192,0,0,2973696,0,0,0,0,5271552,1029.330970314577,0,0,5.64295485636115,193.8515762678676,855.7046979865772,0,0,454.14486965204367,2.8720001740606165,0,0,277.9847723959177,0,11.06931499628627,0,0,2162688,0,0,0,0,0,0,0,0,0,0,0,0,225292288,80240640,17993728,439984128,111808512,349663232,40493056,10944512,310304768,94195712,4952064,3993600,305532928,16195584,134160384,209375232,70692864,14462976,200048640,103809024,331026432,35819520,9596928,292098048,84344832,4055040,2568192,295477248,15003648,38252544,0,0,0,0,0,0,0,0,0,0,0,0,0,0,0,210952192,80240640,17731584,425476096,107487232,333721600,40235008,10551296,296374272,94023680,4796416,3043328,297783296,15822848,45481984,192163840,73617408,17731584,212180992,107487232,333721600,37666816,10551296,296374272,91049984,4796416,3043328,297783296,15822848,40075264,1073741824,1073741824,314572800,0,1073741824,1073741824,1073741824,314572800,1073741824,0,0,0,1073741824,314572800,2147483648,10.255868048213152,0,4.63358996293128,0,0,14.399693317679757,37135.969549587644,0,17397.585780819314,0,0,47805.64007954573,10.255868048213152,0,4.63358996293128,0,0,14.399693317679757,37135.969549587644,0,17397.585780819314,0,0,47805.64007954573,99.79591368754157,40.80813873914541,485.4340605081247,21.312271102678377,34.46452847288656,39.10953177257525,17.624829636971878,59.65223295111647,46.813468484212976,96.66916002992036,0,0,0,0,0,0,0,0,0,0,118845.33009241213,98033.89785678737,1582122.0935452017,100273.46335436616,337209.3550173708,552960.0752508361,3167.265518523108,8903.421092335546,594625.3524408714,125116.86540238482,0,0,0,0,0,0,0,0,0,0,118.50764750395561,33.1421734072936,471.9005296705271,28.26192472311698,48.3359347464881,56.020066889632105,15.58047329946723,72.25030175015087,61.120820226028194,129.25155101861222,0,0,0,0,0,0,0,0,0,0,23659.336375518815,5446.86789340579,145010.2118682108,6010.678197943786,12766.099390765825,6752.529264214047,2933.0628174947346,10258.354707302353,13280.834207153675,24435.64922779073,0,0,0,0,0,0,0,0,0,0,36,24,70,8,10,2,10,70,0,0,0,0,0.009556856187290968,0.004027027027027028,0.03147236941710825,0.01619914346895075,0.001574712643678161,0.003018348623853211,0.0030136518771331057,0.0032168558319246557,0.022027041357370096,0.04042792792792794,0.07335727109515264,0.02421627408993576,0.004314942528735631,0.00463302752293578,0.004640955631399317,0.004990340497464381,0.02368849416755037,0.04673423423423425,0.08726211849192103,0.03153846153846154,0.004657471264367816,0.0048348623853211,0.004844368600682594,0.007613095238095236,0.026541666666666696,0.07925925925925942,0.09838599640933578,0.07880000000000033,0.004931494252873563,0.004996330275229358,0.006733333333333298,0.009798809523809527,0.46001344086021506,0.375,0.3853074772886093,0.45967741935483875,0.873015873015873,0.375,0.4558011049723757,0.48714180749448927,2.1818781725888323,2.164,0.4935534591194969,2.1285714285714286,2.117948717948718,0.475,2.117948717948718,2.190561797752809,2.3409390862944166,2.332,0.6718220338983049,2.314285714285714,2.3089743589743588,0.4875,2.3089743589743588,2.3452808988764047,2.468187817258883,2.4664,0.9343644067796613,2.462857142857143,2.461794871794872,0.4975,2.461794871794872,2.4690561797752806,395.12605042015963,397.27731092437296,396.6386554621813,392.201680672269,396.5546218487245,99569698.42016806,38627138.68907563,275.3613445378151,51593973.24369748,72106465.88235293,3832906347.563025,2672616594.285714,634651587.7647059,5551568534.588235,4079099628.638655,0,0,0,0,0,15.445378151260504,2.6890756302521006,5.042016806722689,0.7563025210084033,16.974789915966387,0,0,0,0,0,62197.24369747899,23070.11764705882,1011565.7142857142,21856.806722689074,75474.82352941176,1578.3025210084033,271.5462184873949,2834.621848739496,1748.1176470588234,429.61344537815125,1779.6974789915967,382.10084033613447,1914.6386554621847,2135.3109243697477,533.3277310924369,0,0,0,0,0,0,0,0,0,0,0,0,0,0,0,0,0,0,0,0
1693106498,0.44306601683650904,0.3171917953055617,0.33724375496832343,0.08549931600547205,1.664382220481691,0.3813300793166552,0.1188099990495201,0.12554927809165106,0.17365256463131407,0.06527273122864995,0,0.11281270271032466,0.0539985960365027,0.558347292015633,0.16567568065092148,5.016344450598143,7.568697256290971,49.979534006214934,0.45682987987346096,10.075017551889545,4.162945749440708,0.3032612251687107,0.6344430031387316,2.184716171395078,0.9499041317638901,0.00004970965494102662,0.30163030431226556,1.926049477113596,2.664193439419319,1.0564445483496867,3.832521045635777,6.92535419750476,49.285765904656394,0.3206224350205206,7.807910710789106,3.228594671547718,0.42771599657827236,0.4268675455116131,1.9752979226812035,0.8703030830486685,0,0.11281270271032466,1.637957413107253,1.2943505405816957,0.5522522688364041,50000,100000,50000,50000,50000,50000,10000,50000,50000,20000,50000,0,6623232,2162688,220594176,0,0,2568192,0,0,2973696,0,0,0,0,5406720,1029.330970314577,0,0,5.64295485636115,193.8515762678676,855.7046979865772,0,0,454.14486965204367,2.8720001740606165,0,0,277.9847723959177,0,9.719639931520717,0,0,2162688,0,0,0,0,0,0,0,0,0,0,0,0,225292288,80240640,17993728,439984128,111808512,349663232,40493056,10944512,310304768,94195712,4952064,3993600,305532928,16195584,134160384,209375232,70692864,14462976,200048640,103809024,331026432,35819520,9596928,292098048,84344832,4055040,2568192,295477248,15003648,38252544,0,0,0,0,0,0,0,0,0,0,0,0,0,0,0,210952192,80240640,17731584,425476096,107487232,333721600,40235008,10551296,296374272,94023680,4796416,3043328,297783296,15822848,45572096,192163840,73617408,17731584,212180992,107487232,333721600,37666816,10551296,296374272,91049984,4796416,3043328,297783296,15822848,40165376,1073741824,1073741824,314572800,0,1073741824,1073741824,1073741824,314572800,1073741824,0,0,0,1073741824,314572800,2147483648,10.255868048213152,0,4.63358996293128,0,0,14.156066491173167,37135.969549587644,0,17397.585780819314,0,0,45975.66408335327,10.255868048213152,0,4.63358996293128,0,0,14.156066491173167,37135.969549587644,0,17397.585780819314,0,0,45975.66408335327,99.79591368754157,41.651476673293,486.51701509663997,21.187953815022023,34.46452847288656,39.10953177257525,14.76431978689134,59.65223295111647,46.813468484212976,96.66916002992036,0,0,0,0,0,0,0,0,0,0,118845.33009241213,100059.85903633197,1578552.6051565243,101027.88358528748,337209.3550173708,552960.0752508361,2653.2183248668075,8903.421092335546,594625.3524408714,125116.86540238482,0,0,0,0,0,0,0,0,0,0,118.50764750395561,33.82708707692041,472.46028615483914,27.67527675276753,48.3359347464881,56.020066889632105,13.051762482963698,72.25030175015087,61.120820226028194,129.25155101861222,0,0,0,0,0,0,0,0,0,0,23659.336375518815,5559.432456719071,144393.96492989565,5825.615998095465,12766.099390765825,6752.529264214047,2457.0267222153393,10258.354707302353,13280.834207153675,24435.64922779073,0,0,0,0,0,0,0,0,0,0,36,14,48,4,2,2,2,50,0,0,0,0,0.009556856187290968,0.004027027027027028,0.03147236941710825,0.01619914346895075,0.0015139664804469273,0.0030168067226890756,0.003013029315960912,0.0032168558319246557,0.022027041357370096,0.04042792792792794,0.07335727109515264,0.02421627408993576,0.004302793296089386,0.004630252100840336,0.004639087947882736,0.004990340497464381,0.02368849416755037,0.04673423423423425,0.08726211849192103,0.03153846153846154,0.004651396648044693,0.004831932773109243,0.004842345276872963,0.007613095238095236,0.026541666666666696,0.07925925925925942,0.09838599640933578,0.07880000000000033,0.004930279329608939,0.0049932773109243695,0.0062666666666667025,0.009798809523809527,0.46001344086021506,0.375,0.3853074772886093,0.45967741935483875,0.8809523809523809,0.375,0.45967741935483875,0.48714180749448927,2.1818781725888323,2.164,0.4935534591194969,2.1285714285714286,2.1285714285714286,0.475,2.1285714285714286,2.190561797752809,2.3409390862944166,2.332,0.6718220338983049,2.314285714285714,2.314285714285714,0.4875,2.314285714285714,2.3452808988764047,2.468187817258883,2.4664,0.9343644067796613,2.462857142857143,2.462857142857143,0.4975,2.462857142857143,2.4690561797752806,395.12605042015997,397.2605042016644,396.5714285714469,392.2689075630218,396.5546218487283,99569698.42016806,38627138.68907563,275.3613445378151,51593973.24369748,72106465.88235293,3832920390.9915967,2672560833.6134453,634666663.7983193,5736659133.310925,4079151947.2941175,0,0,0,0,0,15.361344537815125,2.6890756302521006,5.042016806722689,0.7563025210084033,16.89075630252101,0,0,0,0,0,60295.529411764706,23070.11764705882,1011565.7142857142,21856.806722689074,75001.54621848739,1580.840336134454,271.6974789915966,2835.1764705882356,1748.9915966386554,429.6134453781512,1782.268907563025,382.30252100840335,1915.0084033613443,2136.7899159663866,533.3781512605042,0,0,0,0,0,0,0,0,0,0,0,0,0,0,0,0,0,0,0,0
1693106499,0.44306601683650904,0.3347445111745592,0.33724375496832343,0.08549931600547205,1.664382220481691,0.3813300793166552,0.1188099990495201,0.16861194896678317,0.17365256463131407,0.06527273122864996,0,0.11281270271032466,0.02642566460546426,0.558347292015633,0.16567568065092148,5.016344450598143,7.675537601654024,49.979534006214934,0.45682987987346096,10.075017551889545,4.162945749440708,0.3032612251687107,0.6347810686250627,2.184716171395078,0.9499041317638903,0.00004970965494102662,0.30163030431226556,2.2533558770678113,2.664193439419319,1.0564445483496867,3.832521045635777,6.970562173870243,49.285765904656394,0.3206224350205206,7.807910710789106,3.228594671547718,0.42771599657827236,0.3934278809224946,1.9752979226812035,0.8703030830486687,0,0.11281270271032466,1.9026478515934646,1.2943505405816957,0.5522522688364041,50000,100000,50000,50000,50000,50000,10000,50000,50000,20000,50000,0,6758400,2162688,220594176,0,0,2568192,0,0,2973696,0,0,0,0,5406720,1029.330970314577,0,0,5.64295485636115,193.8515762678676,855.7046979865772,0,0,454.14486965204367,2.872000174060617,0,0,361.0274298398605,0,9.719639931520717,0,0,2162688,0,0,0,0,0,0,0,0,0,0,0,0,225292288,80429056,17993728,439984128,111808512,349663232,40493056,10944512,310304768,94195712,4952064,3993600,305532928,16195584,134160384,209375232,70692864,14462976,200048640,103809024,331026432,35819520,9732096,292098048,84344832,4055040,2568192,295477248,15003648,38252544,0,0,0,0,0,0,0,0,0,0,0,0,0,0,0,210952192,80297984,17731584,425476096,107487232,333721600,40235008,10694656,296374272,94023680,4796416,3043328,297783296,15822848,45572096,192163840,73674752,17731584,212180992,107487232,333721600,37666816,10694656,296374272,91049984,4796416,3043328,297783296,15822848,40165376,1073741824,1073741824,314572800,0,1073741824,1073741824,1073741824,314572800,1073741824,0,0,0,1073741824,314572800,2147483648,10.219553017623314,0,4.63358996293128,0,0,14.156066491173167,37009.98326277444,0,17397.585780819314,0,0,45975.66408335327,10.219553017623314,0,4.63358996293128,0,0,14.156066491173167,37009.98326277444,0,17397.585780819314,0,0,45975.66408335327,99.79591368754157,42.49481460744059,486.51701509663997,21.187953815022023,34.46452847288656,39.10953177257525,14.47057262627514,59.65223295111647,46.813468484212976,96.66916002992036,0,0,0,0,0,0,0,0,0,0,118845.33009241213,102085.82021587658,1578552.6051565243,101027.88358528748,337209.3550173708,552960.0752508361,2600.4305662247552,8903.421092335546,594625.3524408714,125116.86540238482,0,0,0,0,0,0,0,0,0,0,118.50764750395561,34.51200074654722,472.46028615483914,27.67527675276753,48.3359347464881,56.020066889632105,12.792087927972577,72.25030175015087,61.120820226028194,129.25155101861222,0,0,0,0,0,0,0,0,0,0,23659.336375518815,5671.9970200323505,144393.96492989565,5825.615998095465,12766.099390765825,6752.529264214047,2408.14234192376,10258.354707302353,13280.834207153675,24435.64922779073,0,0,0,0,0,0,0,0,0,0,64,38,92,22,16,2,18,156,0,0,0,0,0.009556856187290968,0.004027027027027028,0.03147236941710825,0.01619914346895075,0.0015139664804469273,0.0030168067226890756,0.003013029315960912,0.0032168558319246557,0.022027041357370096,0.04042792792792794,0.07335727109515264,0.02421627408993576,0.004302793296089386,0.004630252100840336,0.004639087947882736,0.004990340497464381,0.02368849416755037,0.04673423423423425,0.08726211849192103,0.03153846153846154,0.004651396648044693,0.004831932773109243,0.004842345276872963,0.007613095238095236,0.026541666666666696,0.07925925925925942,0.09838599640933578,0.07880000000000033,0.004930279329608939,0.0049932773109243695,0.0062666666666667025,0.009798809523809527,0.46001344086021506,0.375,0.3853074772886093,0.45967741935483875,0.8809523809523809,0.375,0.45967741935483875,0.48714180749448927,2.1818781725888323,2.164,0.4935534591194969,2.1285714285714286,2.1285714285714286,0.475,2.1285714285714286,2.190561797752809,2.3409390862944166,2.332,0.6718220338983049,2.314285714285714,2.314285714285714,0.4875,2.314285714285714,2.3452808988764047,2.468187817258883,2.4664,0.9343644067796613,2.462857142857143,2.462857142857143,0.4975,2.462857142857143,2.4690561797752806,395.26050420169116,397.2941176470685,396.5714285714415,392.25210084033085,396.67226890757127,99569698.42016806,38627138.68907563,275.3613445378151,51593973.24369748,72106465.88235293,3903908407.932773,2672573431.394958,634667214.5210084,5551628632.20168,4079115668.4369745,0,0,0,0,0,15.277310924369747,2.6890756302521006,5.042016806722689,0.8571428571428571,16.92436974789916,0,0,0,0,0,60037.3781512605,23070.11764705882,1011565.7142857142,38585.008403361346,75078.99159663865,1583.6974789915964,270.63865546218483,2837.9663865546217,1749.6134453781513,430.3697478991596,1785.6638655462186,381.1428571428571,1916.487394957983,2137.378151260504,534.1344537815125,0,0,0,0,0,0,0,0,0,0,0,0,0,0,0,0,0,0,0,0
1693106500,0.44306601683650904,0.3347445111745592,0.33724375496832343,0.09196247930844224,1.664382220481691,0.3813300793166552,0.1188099990495201,0.16861194896678317,0.17365256463131407,0.06527273122864996,0,0.11281270271032466,0.02642566460546426,0.558347292015633,0.16567568065092148,5.016344450598143,7.675537601654024,49.979534006214934,0.4548164827417096,10.075017551889545,4.162945749440708,0.3032612251687107,0.6347810686250627,2.184716171395078,0.9499041317638903,0,0.30163030431226556,2.2533558770678113,2.664193439419319,1.0564445483496867,3.832521045635777,6.970562173870243,49.285765904656394,0.3065415976948088,7.807910710789106,3.228594671547718,0.42771599657827236,0.3934278809224946,1.9752979226812035,0.8703030830486687,0,0.11281270271032466,1.9026478515934646,1.2943505405816957,0.5522522688364041,50000,100000,50000,50000,50000,50000,10000,50000,50000,20000,50000,0,6758400,2162688,220594176,0,0,2568192,0,0,2973696,0,0,0,0,5406720,1029.330970314577,0,0,6.069523634357182,193.8515762678676,855.7046979865772,0,0,454.14486965204367,2.872000174060617,0,0,361.0274298398605,0,9.719639931520717,0,0,2162688,0,0,0,0,0,0,0,0,0,0,0,0,225292288,80429056,17993728,439984128,111808512,349663232,40493056,10944512,310304768,94195712,4952064,3993600,305532928,16195584,134160384,209375232,70692864,14462976,200048640,103809024,331026432,35819520,9732096,292098048,84344832,4055040,2568192,295477248,15003648,38252544,0,0,0,0,0,0,0,0,0,0,0,0,0,0,0,210952192,80297984,17731584,425476096,107487232,333721600,40235008,10694656,296374272,94023680,4796416,3043328,297783296,15822848,45572096,192163840,73674752,17731584,212180992,107487232,333721600,37666816,10694656,296374272,91049984,4796416,3043328,297783296,15822848,40165376,1073741824,1073741824,314572800,0,1073741824,1073741824,1073741824,314572800,1073741824,0,0,0,1073741824,314572800,2147483648,10.219553017623314,0,4.63358996293128,0,0,14.156066491173167,37009.98326277444,0,17397.585780819314,0,0,45975.66408335327,10.219553017623314,0,4.63358996293128,0,0,14.156066491173167,37009.98326277444,0,17397.585780819314,0,0,45975.66408335327,100.52844594475178,43.33815254158818,486.51701509663997,21.187953815022023,34.484731732438156,39.10953177257525,17.443649511500887,59.65223295111647,46.813468484212976,96.66916002992036,0,0,0,0,0,0,0,0,0,0,119097.15275445822,104111.78139542119,1578552.6051565243,101027.88358528748,335265.0250815389,552960.0752508361,3154.35802754058,8903.421092335546,594625.3524408714,125116.86540238482,0,0,0,0,0,0,0,0,0,0,119.31567133843517,35.19691441617404,472.46028615483914,27.67527675276753,48.37017681054378,56.020066889632105,15.405031156242789,72.25030175015087,61.120820226028194,129.25155101861222,0,0,0,0,0,0,0,0,0,0,23856.418232268785,5784.561583345631,144393.96492989565,5825.615998095465,12631.38720936886,6752.529264214047,2910.166166628202,10258.354707302353,13280.834207153675,24435.64922779073,0,0,0,0,0,0,0,0,0,0,20,8,30,6,10,2,8,38,0,0,0,0,0.009556856187290968,0.004027027027027028,0.03147236941710825,0.01619914346895075,0.0015139664804469273,0.0030168067226890756,0.003013029315960912,0.0032246285570385297,0.022027041357370096,0.04042792792792794,0.07335727109515264,0.02421627408993576,0.004302793296089386,0.004630252100840336,0.004639087947882736,0.005051558752997605,0.02368849416755037,0.04673423423423425,0.08726211849192103,0.03153846153846154,0.004651396648044693,0.004831932773109243,0.004842345276872963,0.007699640287769782,0.026541666666666696,0.07925925925925942,0.09838599640933578,0.07880000000000033,0.004930279329608939,0.0049932773109243695,0.0062666666666667025,0.00981810551558753,0.46001344086021506,0.375,0.3853074772886093,0.45967741935483875,0.8809523809523809,0.375,0.45967741935483875,0.47289045151739445,2.1818781725888323,2.164,0.4935534591194969,2.1285714285714286,2.1285714285714286,0.475,2.1285714285714286,2.17868574199806,2.3409390862944166,2.332,0.6718220338983049,2.314285714285714,2.314285714285714,0.4875,2.314285714285714,2.33934287099903,2.468187817258883,2.4664,0.9343644067796613,2.462857142857143,2.462857142857143,0.4975,2.462857142857143,2.467868574199806,395.24369747899715,397.3277310924325,396.6386554621936,392.4033613445316,396.73949579831225,99569698.42016806,38627138.68907563,275.3613445378151,51593973.24369748,72106465.88235293,3903937527.394958,2615781599.7310925,634590664.0672269,5459124705.882353,4079065208.470588,0,0,0,0,0,15.428571428571427,2.6890756302521006,4.991596638655462,0.8571428571428571,16.53781512605042,0,0,0,0,0,60613.91596638655,23070.11764705882,1011118.2521008403,38585.008403361346,71103.46218487395,1573.647058823529,268.30252100840335,2835.8823529411766,1746.8907563025211,428.20168067226894,1775.344537815126,379.1428571428571,1914.941176470588,2136.235294117647,531.9495798319326,0,0,0,0,0,0,0,0,0,0,0,0,0,0,0,0,0,0,0,0
1693106501,0.44306601683650904,0.3347445111745592,0.33724375496832343,0.09196247930844224,1.664382220481691,0.3813300793166552,0.1188099990495201,0.16861194896678317,0.17365256463131407,0.06527273122864996,0,0.11281270271032466,0.02642566460546426,0.558347292015633,0.16567568065092148,5.016344450598143,7.675537601654024,49.979534006214934,0.4548164827417096,10.075017551889545,4.162945749440708,0.3032612251687107,0.6347810686250627,2.184716171395078,0.9499041317638903,0,0.30163030431226556,2.2533558770678113,2.664193439419319,1.0564445483496867,3.832521045635777,6.970562173870243,49.285765904656394,0.3065415976948088,7.807910710789106,3.228594671547718,0.42771599657827236,0.3934278809224946,1.9752979226812035,0.8703030830486687,0,0.11281270271032466,1.9026478515934646,1.2943505405816957,0.5522522688364041,50000,100000,50000,50000,50000,50000,10000,50000,50000,20000,50000,0,6758400,2162688,220594176,0,0,2568192,0,0,2973696,0,0,0,0,5406720,1029.330970314577,0,0,6.069523634357182,193.8515762678676,855.7046979865772,0,0,454.14486965204367,2.872000174060617,0,0,361.0274298398605,0,9.719639931520717,0,0,2162688,0,0,0,0,0,0,0,0,0,0,0,0,225292288,80429056,17993728,439984128,111808512,349663232,40493056,10944512,310304768,94195712,4952064,3993600,305532928,16195584,134160384,209375232,70692864,14462976,200048640,103809024,331026432,35819520,9732096,292098048,84344832,4055040,2568192,295477248,15003648,38252544,0,0,0,0,0,0,0,0,0,0,0,0,0,0,0,210952192,80297984,17731584,425476096,107487232,333721600,40235008,10694656,296374272,94023680,4796416,3043328,297783296,15822848,45572096,192163840,73674752,17731584,212180992,107487232,333721600,37666816,10694656,296374272,91049984,4796416,3043328,297783296,15822848,40165376,1073741824,1073741824,314572800,0,1073741824,1073741824,1073741824,314572800,1073741824,0,0,0,1073741824,314572800,2147483648,10.219553017623314,0,4.63358996293128,0,0,14.156066491173167,37009.98326277444,0,17397.585780819314,0,0,45975.66408335327,10.219553017623314,0,4.63358996293128,0,0,14.156066491173167,37009.98326277444,0,17397.585780819314,0,0,45975.66408335327,100.52844594475178,50.60027604885544,486.51701509663997,21.187953815022023,34.484731732438156,39.10953177257525,17.443649511500887,59.367257480465035,46.813468484212976,96.66916002992036,0,0,0,0,0,0,0,0,0,0,119097.15275445822,121557.67077267637,1578552.6051565243,101027.88358528748,335265.0250815389,552960.0752508361,3154.35802754058,8860.372593863161,594625.3524408714,125116.86540238482,0,0,0,0,0,0,0,0,0,0,119.31567133843517,41.094820177608796,472.46028615483914,27.67527675276753,48.37017681054378,56.020066889632105,15.405031156242789,71.70764246235944,61.120820226028194,129.25155101861222,0,0,0,0,0,0,0,0,0,0,23856.418232268785,6753.873798796844,144393.96492989565,5825.615998095465,12631.38720936886,6752.529264214047,2910.166166628202,10184.939012769202,13280.834207153675,24435.64922779073,0,0,0,0,0,0,0,0,0,0,26,8,34,18,18,2,20,84,0,0,0,0,0.009556856187290968,0.004027027027027028,0.03147236941710825,0.01619914346895075,0.0015139664804469273,0.0030168067226890756,0.003013029315960912,0.0032173288654858785,0.022027041357370096,0.04042792792792794,0.07335727109515264,0.02421627408993576,0.004302793296089386,0.004630252100840336,0.004639087947882736,0.004991191957874581,0.02368849416755037,0.04673423423423425,0.08726211849192103,0.03153846153846154,0.004651396648044693,0.004831932773109243,0.004842345276872963,0.007616470588235291,0.026541666666666696,0.07925925925925942,0.09838599640933578,0.07880000000000033,0.004930279329608939,0.0049932773109243695,0.0062666666666667025,0.009796235294117646,0.46001344086021506,0.375,0.3853074772886093,0.45967741935483875,0.8809523809523809,0.375,0.45967741935483875,0.4909992652461425,2.1818781725888323,2.164,0.4935534591194969,2.1285714285714286,2.1285714285714286,0.475,2.1285714285714286,2.193515659461844,2.3409390862944166,2.332,0.6718220338983049,2.314285714285714,2.314285714285714,0.4875,2.314285714285714,2.346757829730922,2.468187817258883,2.4664,0.9343644067796613,2.462857142857143,2.462857142857143,0.4975,2.462857142857143,2.4693515659461847,395.226890756308,397.31092436975297,396.5546218487451,392.3865546218511,396.8403361344492,99569698.42016806,38627138.68907563,275.3613445378151,51593973.24369748,72106465.88235293,3904029911.1260505,2558974760.8739495,634591696.6722689,5551771475.899159,4157427195.697479,0,0,0,0,0,15.34453781512605,2.6890756302521006,4.991596638655462,0.8571428571428571,16.436974789915965,0,0,0,0,0,60321.34453781512,23070.11764705882,1011118.2521008403,38585.008403361346,70690.42016806723,1571.6806722689075,271.89915966386553,2836.218487394958,1733.4117647058822,426.6554621848739,1773.2268907563023,382.57142857142856,1914.436974789916,2120.638655462185,530.3865546218487,0,0,0,0,0,0,0,0,0,0,0,0,0,0,0,0,0,0,0,0
1693106502,0.2754101919037482,0.3347445111745592,0.33724375496832343,0.09196247930844224,1.664382220481691,0.3813300793166552,0.1188099990495201,0.16861194896678317,0.17365256463131407,0.06527273122864996,0,0.14818656688771137,0.02642566460546426,0.558347292015633,0.16567568065092148,3.4006132750051496,7.675537601654024,49.979534006214934,0.4548164827417096,10.075017551889545,4.162945749440708,0.3032612251687107,0.6347810686250627,2.184716171395078,0.9499041317638903,0,0.2975704775312117,2.2533558770678113,2.664193439419319,1.0564445483496867,2.537708196827412,6.970562173870243,49.285765904656394,0.3065415976948088,7.807910710789106,3.228594671547718,0.42771599657827236,0.3934278809224946,1.9752979226812035,0.8703030830486687,0,0.1296632460267474,1.9026478515934646,1.2943505405816957,0.5522522688364041,50000,100000,50000,50000,50000,50000,10000,50000,50000,20000,50000,0,6758400,2162688,220594176,0,0,2568192,0,0,2973696,0,0,0,0,5406720,489.48259963921987,0,0,6.069523634357182,193.8515762678676,855.7046979865772,0,0,454.14486965204367,2.872000174060617,0,0,361.0274298398605,0,9.719639931520717,0,0,2162688,0,0,0,0,0,0,0,0,0,0,0,0,225292288,80429056,17993728,439984128,111808512,349663232,40493056,10944512,310304768,94195712,4952064,3993600,305532928,16195584,134160384,209375232,70692864,14462976,200048640,103809024,331026432,35819520,9732096,292098048,84344832,4055040,2568192,295477248,15003648,38252544,0,0,0,0,0,0,0,0,0,0,0,0,0,0,0,211042304,80297984,17731584,425476096,107487232,333721600,40235008,10694656,296374272,94023680,4796416,2912256,297783296,15822848,45572096,192253952,73674752,17731584,212180992,107487232,333721600,37666816,10694656,296374272,91049984,4796416,2912256,297783296,15822848,40165376,1073741824,1073741824,314572800,0,1073741824,1073741824,1073741824,314572800,1073741824,0,0,0,1073741824,314572800,2147483648,10.219553017623314,0,4.63358996293128,0,0,14.156066491173167,37009.98326277444,0,17397.585780819314,0,0,45975.66408335327,10.219553017623314,0,4.63358996293128,0,0,14.156066491173167,37009.98326277444,0,17397.585780819314,0,0,45975.66408335327,100.52844594475178,50.60027604885544,484.10998426298306,17.414379240566596,34.484731732438156,39.10953177257525,17.443649511500887,59.367257480465035,46.810574824157165,96.66916002992036,0,0,0,0,0,0,0,0,0,0,119097.15275445822,121557.67077267637,1577347.2416506384,83034.81751874775,335265.0250815389,552960.0752508361,3154.35802754058,8860.372593863161,592590.421463087,125116.86540238482,0,0,0,0,0,0,0,0,0,0,119.31567133843517,41.094820177608796,470.4493792621088,22.746309963099627,48.37017681054378,56.020066889632105,15.405031156242789,71.70764246235944,61.38174219668277,129.25155101861222,0,0,0,0,0,0,0,0,0,0,23856.418232268785,6753.873798796844,143067.2757475083,4788.073788834661,12631.38720936886,6752.529264214047,2910.166166628202,10184.939012769202,13323.02841470923,24435.64922779073,0,0,0,0,0,0,0,0,0,0,40,18,52,6,6,2,6,38,0,0,0,0,0.00958955223880597,0.004051317614424411,0.03144516374714394,0.0161727078891258,0.0016246418338108884,0.003018348623853211,0.003013816925734024,0.003221633341363527,0.022066129032258065,0.040610859728506775,0.0730422794117647,0.024155650319829424,0.0043249283667621775,0.00463302752293578,0.004641450777202073,0.004998940014454349,0.023718548387096774,0.046832579185520355,0.08711856617647058,0.03,0.004662464183381089,0.0048348623853211,0.004844905008635578,0.007655671296296295,0.028302631578947395,0.07962962962962962,0.09837959558823528,0.07880000000000033,0.004932492836676218,0.004996330275229358,0.006850000000000035,0.009790393518518521,0.4594504021447721,0.375,0.3855789660056657,0.46024258760107817,0.8646245059288538,0.375,0.4528236914600551,0.4928914327917282,2.1811721991701245,2.1632653061224487,0.49404213881019826,2.1300395256917,2.109070796460177,0.475,2.109070796460177,2.194905161005735,2.3405860995850625,2.3316326530612246,0.6796025104602511,2.31501976284585,2.3045353982300885,0.4875,2.3045353982300885,2.347452580502867,2.4681172199170125,2.466326530612245,0.9359205020920499,2.46300395256917,2.460907079646018,0.4975,2.460907079646018,2.469490516100574,395.2773109243852,397.3109243697488,396.5546218487406,392.55462184873966,396.7394957983191,99569698.42016806,38627138.68907563,275.3613445378151,51593973.24369748,72106465.88235293,3833182672.672269,2615875704.470588,634575794.5546218,5644379144.6050415,4157417420.3697476,0,0,0,0,0,15.34453781512605,2.6890756302521006,5.3277310924369745,0.8571428571428571,16.672268907563023,0,0,0,0,0,61956.3025210084,23070.11764705882,1014009.5462184873,38585.008403361346,73598.9243697479,1559.0420168067226,270.4201680672269,2833.546218487395,1721.831932773109,424.0672268907563,1760.1344537815125,380.9747899159664,1911.9999999999998,2109.529411764706,527.7983193277311,0,0,0,0,0,0,0,0,0,0,0,0,0,0,0,0,0,0,0,0
1693106503,0.28107266025459476,0.3347445111745592,0.33724375496832343,0.09196247930844224,1.4285485064073271,0.3813300793166552,0.1188099990495201,0.16861194896678317,0.15961125791405795,0.06527273122864996,0,0.14818656688771137,0.02642566460546426,0.5532239603204884,0.16567568065092148,3.4705303136959866,7.675537601654024,49.979534006214934,0.4548164827417096,8.64744353710653,4.162945749440708,0.3032612251687107,0.6347810686250627,1.9325700409668811,0.9499041317638903,0,0.2975704775312117,2.2533558770678113,2.6621077527661208,1.0564445483496867,2.589883798060213,6.970562173870243,49.285765904656394,0.3065415976948088,6.701573140352019,3.228594671547718,0.42771599657827236,0.3934278809224946,1.7025200844166224,0.8703030830486687,0,0.1296632460267474,1.9026478515934646,1.316291491797023,0.5522522688364041,50000,100000,50000,50000,50000,50000,10000,50000,50000,20000,50000,0,6758400,2162688,220594176,0,0,2568192,0,0,2973696,0,0,0,0,5406720,499.54642374677445,0,0,6.069523634357182,166.3838848639123,855.7046979865772,0,0,372.2134534555837,2.872000174060617,0,0,361.0274298398605,0,9.719639931520717,0,0,2162688,0,0,0,0,0,0,0,0,0,0,0,0,225292288,80429056,17993728,439984128,111808512,349663232,40493056,10944512,310304768,94195712,4952064,3993600,305532928,16195584,134160384,209375232,70692864,14462976,200048640,103809024,331026432,35819520,9732096,292098048,84344832,4055040,2568192,295477248,15003648,38252544,0,0,0,0,0,0,0,0,0,0,0,0,0,0,0,211042304,80297984,17731584,425476096,107487232,333721600,40235008,10694656,296239104,94023680,4796416,2912256,297783296,15831040,45572096,192253952,73674752,17731584,212180992,107487232,333721600,37666816,10694656,296239104,91049984,4796416,2912256,297783296,15831040,40165376,1073741824,1073741824,314572800,0,1073741824,1073741824,1073741824,314572800,1073741824,0,0,0,1073741824,314572800,2147483648,10.219553017623314,0,4.63358996293128,0,0,14.156066491173167,37009.98326277444,0,17397.585780819314,0,0,45975.66408335327,10.219553017623314,0,4.63358996293128,0,0,14.156066491173167,37009.98326277444,0,17397.585780819314,0,0,45975.66408335327,82.58928136261116,50.60027604885544,484.10998426298306,21.118946873530795,34.484731732438156,39.10953177257525,17.443649511500887,59.367257480465035,46.810574824157165,96.66916002992036,0,0,0,0,0,0,0,0,0,0,96525.01790364302,121557.67077267637,1577347.2416506384,100469.22425952046,335265.0250815389,552960.0752508361,3154.35802754058,8860.372593863161,592590.421463087,125116.86540238482,0,0,0,0,0,0,0,0,0,0,97.75788605731701,41.094820177608796,470.4493792621088,27.870239774330045,48.37017681054378,56.020066889632105,15.405031156242789,71.70764246235944,61.38174219668277,129.25155101861222,0,0,0,0,0,0,0,0,0,0,19645.94101746472,6753.873798796844,143067.2757475083,5868.28396803009,12631.38720936886,6752.529264214047,2910.166166628202,10184.939012769202,13323.02841470923,24435.64922779073,0,0,0,0,0,0,0,0,0,0,42,22,48,4,2,2,2,54,0,0,0,0,0.00958955223880597,0.004051317614424411,0.03144516374714394,0.0161727078891258,0.0015181058495821727,0.0030168067226890756,0.0030032679738562092,0.003221633341363527,0.022066129032258065,0.040610859728506775,0.0730422794117647,0.024155650319829424,0.004303621169916435,0.004630252100840336,0.004637254901960784,0.004998940014454349,0.023718548387096774,0.046832579185520355,0.08711856617647058,0.03,0.004651810584958217,0.004831932773109243,0.004841503267973856,0.007655671296296295,0.028302631578947395,0.07962962962962962,0.09837959558823528,0.07880000000000033,0.004930362116991644,0.0049932773109243695,0.00625,0.009790393518518521,0.4594504021447721,0.375,0.3855789660056657,0.46024258760107817,0.8804347826086958,0.375,0.4594504021447721,0.4928914327917282,2.1811721991701245,2.1632653061224487,0.49404213881019826,2.1300395256917,2.1279761904761902,0.475,2.1279761904761902,2.194905161005735,2.3405860995850625,2.3316326530612246,0.6796025104602511,2.31501976284585,2.3139880952380953,0.4875,2.3139880952380953,2.347452580502867,2.4681172199170125,2.466326530612245,0.9359205020920499,2.46300395256917,2.462797619047619,0.4975,2.462797619047619,2.469490516100574,395.27731092436824,397.3277310924523,396.6050420168234,392.5378151260438,396.82352941175975,99569698.42016806,38627138.68907563,275.3613445378151,51593973.24369748,72106465.88235293,3975256735.1932774,2615943856.4033613,634570425.0084033,5459427328,4157361108.9747896,0,0,0,0,0,15.46218487394958,2.6890756302521006,5.3277310924369745,0.8571428571428571,16.57142857142857,0,0,0,0,0,62300.50420168067,23070.11764705882,1014009.5462184873,38585.008403361346,73151.46218487395,1557.1932773109245,270.92436974789916,2831.5462184873954,1720,423.86554621848734,1758.5378151260504,381.4117647058823,1909.579831932773,2107.613445378151,527.6470588235294,0,0,0,0,0,0,0,0,0,0,0,0,0,0,0,0,0,0,0,0
1693106504,0.28673512860544126,0.3347445111745592,0.33724375496832343,0.09196247930844224,1.4008088027326322,0.3813300793166552,0.1188099990495201,0.16861194896678317,0.15961125791405795,0.05712356671960974,0,0.14818656688771137,0.02642566460546426,0.5532239603204884,0.13366025248627128,3.540447352386823,7.675537601654024,49.979534006214934,0.4548164827417096,8.479526577908372,4.162945749440708,0.3032612251687107,0.6347810686250627,1.9325700409668811,0.8313105798801098,0,0.2975704775312117,2.2533558770678113,2.6621077527661208,0.8846602318701074,2.6420593992930135,6.970562173870243,49.285765904656394,0.3065415976948088,6.5714412951722,3.228594671547718,0.42771599657827236,0.3934278809224946,1.7025200844166224,0.7616475562614655,0,0.1296632460267474,1.9026478515934646,1.316291491797023,0.4455341749542376,50000,100000,50000,50000,50000,50000,10000,50000,50000,20000,50000,0,6758400,2162688,220594176,0,0,2568192,0,0,2973696,0,0,0,0,5406720,509.610247854329,0,0,6.069523634357182,163.15302525944782,855.7046979865772,0,0,372.2134534555837,2.513436935662845,0,0,361.0274298398605,0,8.821576664093897,0,0,2162688,0,0,0,0,0,0,0,0,0,0,0,0,225292288,80429056,17993728,439984128,111808512,349663232,40493056,10944512,310304768,94195712,4952064,3993600,305532928,16195584,134160384,209375232,70692864,14462976,200048640,103809024,331026432,35819520,9732096,292098048,84344832,4055040,2568192,295477248,15003648,38252544,0,0,0,0,0,0,0,0,0,0,0,0,0,0,0,211042304,80297984,17731584,425476096,107487232,333721600,40235008,10694656,296239104,94023680,4796416,2912256,297783296,15831040,45572096,192253952,73674752,17731584,212180992,107487232,333721600,37666816,10694656,296239104,91049984,4796416,2912256,297783296,15831040,40165376,1073741824,1073741824,314572800,0,1073741824,1073741824,1073741824,314572800,1073741824,0,0,0,1073741824,314572800,2147483648,10.219553017623314,0,4.63358996293128,0,0,11.160631082603642,37009.98326277444,0,17397.585780819314,0,0,33167.7025476332,10.219553017623314,0,4.63358996293128,0,0,11.160631082603642,37009.98326277444,0,17397.585780819314,0,0,33167.7025476332,84.29254530370986,50.60027604885544,484.10998426298306,21.118946873530795,34.484731732438156,39.10953177257525,17.443649511500887,59.367257480465035,46.810574824157165,96.66916002992036,0,0,0,0,0,0,0,0,0,0,98515.68279013531,121557.67077267637,1577347.2416506384,100469.22425952046,335265.0250815389,552960.0752508361,3154.35802754058,8860.372593863161,592590.421463087,125116.86540238482,0,0,0,0,0,0,0,0,0,0,99.77397675979456,41.094820177608796,470.4493792621088,27.870239774330045,48.37017681054378,56.020066889632105,15.405031156242789,71.70764246235944,61.38174219668277,129.25155101861222,0,0,0,0,0,0,0,0,0,0,20051.105251514447,6753.873798796844,143067.2757475083,5868.28396803009,12631.38720936886,6752.529264214047,2910.166166628202,10184.939012769202,13323.02841470923,24435.64922779073,0,0,0,0,0,0,0,0,0,0,34,16,54,14,14,2,14,104,0,0,0,0,0.00958955223880597,0.004051317614424411,0.03144516374714394,0.0161727078891258,0.0015181058495821727,0.0030168067226890756,0.0030032679738562092,0.003221633341363527,0.022066129032258065,0.040610859728506775,0.0730422794117647,0.024155650319829424,0.004303621169916435,0.004630252100840336,0.004637254901960784,0.004998940014454349,0.023718548387096774,0.046832579185520355,0.08711856617647058,0.03,0.004651810584958217,0.004831932773109243,0.004841503267973856,0.007655671296296295,0.028302631578947395,0.07962962962962962,0.09837959558823528,0.07880000000000033,0.004930362116991644,0.0049932773109243695,0.00625,0.009790393518518521,0.4594504021447721,0.375,0.3855789660056657,0.46024258760107817,0.8804347826086958,0.375,0.4594504021447721,0.4928914327917282,2.1811721991701245,2.1632653061224487,0.49404213881019826,2.1300395256917,2.1279761904761902,0.475,2.1279761904761902,2.194905161005735,2.3405860995850625,2.3316326530612246,0.6796025104602511,2.31501976284585,2.3139880952380953,0.4875,2.3139880952380953,2.347452580502867,2.4681172199170125,2.466326530612245,0.9359205020920499,2.46300395256917,2.462797619047619,0.4975,2.462797619047619,2.469490516100574,395.3109243697575,397.3109243697526,396.6554621848655,392.5714285714116,396.8403361344424,82975046.99159664,38627138.68907563,275.3613445378151,51594110.924369745,72106465.88235293,3904451282.8235292,2616017722.0840335,634584055.3949579,5459513929.142857,4157338529.3445377,0,0,0,0,0,15.428571428571427,2.6890756302521006,5.3277310924369745,0.8571428571428571,16.621848739495796,0,0,0,0,0,62180.033613445376,23070.11764705882,1014009.5462184873,38585.008403361346,73306.35294117646,1555.142857142857,270.77310924369743,2832.7394957983192,1719.7142857142858,424.62184873949576,1756.5378151260502,381.21008403361344,1909.2941176470588,2106.1176470588234,528.3865546218487,0,0,0,0,0,0,0,0,0,0,0,0,0,0,0,0,0,0,0,0
1693106505,0.2923975969562878,0.3347445111745592,0.33724375496832343,0.07638020354362095,1.3730690990579373,0.3813300793166552,0.1188099990495201,0.1788817336195437,0.15961125791405795,0.07232639762843592,0,0.14818656688771137,0.04102816583584634,0.5532239603204884,0.13632173812755624,3.6103643910776606,7.675537601654024,49.979534006214934,0.37775161987848316,8.31160961871021,4.162945749440708,0.3032612251687107,0.636853360421138,1.9325700409668811,0.8290112426236587,0,0.2975704775312117,1.931578983322051,2.6621077527661208,0.9022758689854117,2.694235000525814,6.970562173870243,49.285765904656394,0.25460067847873763,6.44130944999238,3.228594671547718,0.42771599657827236,0.38331800061330856,1.7025200844166224,0.7232639762843612,0,0.1296632460267474,1.6206125505159275,1.316291491797023,0.4544057937585208,50000,100000,50000,50000,50000,50000,10000,50000,50000,20000,50000,0,6758400,2162688,220594176,0,0,2568192,0,0,2973696,0,0,0,0,5406720,519.6740719618836,0,0,5.041093433878978,159.92216565498336,855.7046979865772,0,0,372.2134534555837,3.182361495651201,0,0,281.61733029724905,0,8.997234716418705,0,0,2162688,0,0,0,0,0,0,0,0,0,0,0,0,225292288,80429056,17993728,439984128,111808512,349663232,40493056,10944512,310304768,94195712,4952064,3993600,305532928,16195584,134160384,209375232,70692864,14462976,200048640,103809024,331026432,35819520,9732096,292098048,84344832,4055040,2568192,295477248,15003648,38252544,0,0,0,0,0,0,0,0,0,0,0,0,0,0,0,211042304,80297984,17731584,425476096,107487232,333721600,40235008,10694656,296239104,94023680,4796416,2912256,297914368,15831040,45572096,192253952,73674752,17731584,212180992,107487232,333721600,37666816,10694656,296239104,91049984,4796416,2912256,297914368,15831040,40165376,1073741824,1073741824,314572800,0,1073741824,1073741824,1073741824,314572800,1073741824,0,0,0,1073741824,314572800,2147483648,10.219553017623314,0,4.63358996293128,0,0,11.382865133650936,37009.98326277444,0,17397.585780819314,0,0,33828.1484351943,10.219553017623314,0,4.63358996293128,0,0,11.382865133650936,37009.98326277444,0,17397.585780819314,0,0,33828.1484351943,85.99580924480856,50.320641282565134,484.10998426298306,21.118946873530795,34.484731732438156,39.10953177257525,17.443649511500887,59.367257480465035,46.810574824157165,96.66916002992036,0,0,0,0,0,0,0,0,0,0,100506.34767662759,121352.24448897797,1577347.2416506384,100469.22425952046,335265.0250815389,552960.0752508361,3154.35802754058,8860.372593863161,592590.421463087,125116.86540238482,0,0,0,0,0,0,0,0,0,0,101.79006746227212,40.88176352705411,470.4493792621088,27.870239774330045,48.37017681054378,56.020066889632105,15.405031156242789,71.70764246235944,61.38174219668277,129.25155101861222,0,0,0,0,0,0,0,0,0,0,20456.26948556417,6754.90981963928,143067.2757475083,5868.28396803009,12631.38720936886,6752.529264214047,2910.166166628202,10184.939012769202,13323.02841470923,24435.64922779073,0,0,0,0,0,0,0,0,0,0,30,4,38,4,6,2,6,52,0,0,0,0,0.00958955223880597,0.004051317614424411,0.03144516374714394,0.0161727078891258,0.0015181058495821727,0.0030168067226890756,0.0030032679738562092,0.003231337579617835,0.022066129032258065,0.040610859728506775,0.0730422794117647,0.024155650319829424,0.004303621169916435,0.004630252100840336,0.004637254901960784,0.005188967136150251,0.023718548387096774,0.046832579185520355,0.08711856617647058,0.03,0.004651810584958217,0.004831932773109243,0.004841503267973856,0.007758802816901411,0.028302631578947395,0.07962962962962962,0.09837959558823528,0.07880000000000033,0.004930362116991644,0.0049932773109243695,0.00625,0.009814671361502346,0.4594504021447721,0.375,0.3855789660056657,0.46024258760107817,0.8804347826086958,0.375,0.4594504021447721,0.4731212797619048,2.1811721991701245,2.1632653061224487,0.49404213881019826,2.1300395256917,2.1279761904761902,0.475,2.1279761904761902,2.1788019559902203,2.3405860995850625,2.3316326530612246,0.6796025104602511,2.31501976284585,2.3139880952380953,0.4875,2.3139880952380953,2.33940097799511,2.4681172199170125,2.466326530612245,0.9359205020920499,2.46300395256917,2.462797619047619,0.4975,2.462797619047619,2.467880195599022,395.4621848739727,397.3949579831952,396.75630252100893,392.705882352935,396.8403361344592,82974840.47058824,38627138.68907563,413.0420168067227,64492793.546218485,72106465.88235293,3904647340.10084,2616067562.487395,698377018.0840336,5459618635.294117,4078891799.6638656,0,0,0,0,0,15.46218487394958,2.6890756302521006,5.3277310924369745,0.8571428571428571,16.588235294117645,0,0,0,0,0,62274.68907563025,23070.11764705882,1014009.5462184873,38585.008403361346,73211.6974789916,1556.6218487394956,270.63865546218483,2828.1008403361343,1714.3529411764705,423.68067226890753,1758.2184873949577,381.09243697478985,1905.4285714285713,2100.420168067227,527.4957983193277,0,0,0,0,0,0,0,0,0,0,0,0,0,0,0,0,0,0,0,0
1693106506,0.33974810105079156,0.3347445111745592,0.28702722306533185,0.0748474955551469,1.3453293953832426,0.3813300793166552,0.1188099990495201,0.1788817336195437,0.21017724948039482,0.07092807002824575,0,0.14818656688771137,0.04102816583584634,0.5532239603204884,0.1389832237688412,4.195022321450221,7.675537601654024,42.53744256065062,0.3701713451661213,8.143692659512054,4.162945749440708,0.3032612251687107,0.636853360421138,2.0294201910277634,0.8129834942573714,0,0.2975704775312117,1.931578983322051,2.6621077527661208,0.9198915061007163,3.13053607396803,6.970562173870243,41.94697845654776,0.2494916518504908,6.3111776048125625,3.228594671547718,0.42771599657827236,0.38331800061330856,1.8215361621634272,0.7092807002824596,0,0.1296632460267474,1.6206125505159275,1.316291491797023,0.463277412562804,50000,100000,50000,50000,50000,50000,10000,50000,50000,20000,50000,0,6758400,2162688,220594176,0,0,2568192,0,0,2973696,0,0,0,0,5406720,603.8294464532725,0,0,4.939934706639692,156.6913060505189,855.7046979865772,0,0,394.5727563578618,3.1208350812428334,0,0,281.61733029724905,0,9.172892768743512,0,0,2162688,0,0,0,0,0,0,0,0,0,0,0,0,225292288,80429056,17993728,439984128,111808512,349663232,40493056,10944512,310304768,94195712,4952064,3993600,305532928,16195584,134160384,209375232,70692864,14462976,200048640,103809024,331026432,35819520,9732096,292098048,84344832,4055040,2568192,295477248,15003648,38252544,0,0,0,0,0,0,0,0,0,0,0,0,0,0,0,211042304,80297984,17731584,425476096,107487232,333721600,40235008,10694656,296239104,94023680,4796416,2912256,297914368,15831040,45572096,192253952,73674752,17731584,212180992,107487232,333721600,37666816,10694656,296239104,91049984,4796416,2912256,297914368,15831040,40165376,1073741824,1073741824,314572800,0,1073741824,1073741824,1073741824,314572800,1073741824,0,0,0,1073741824,314572800,2147483648,10.219553017623314,0,4.63358996293128,0,0,11.605099184698231,37009.98326277444,0,17397.585780819314,0,0,34488.5943227554,10.219553017623314,0,4.63358996293128,0,0,11.605099184698231,37009.98326277444,0,17397.585780819314,0,0,34488.5943227554,87.69907318590724,50.320641282565134,484.10998426298306,21.118946873530795,34.484731732438156,39.06364731107,17.443649511500887,59.367257480465035,46.810574824157165,96.66916002992036,0,0,0,0,0,0,0,0,0,0,102497.01256311986,121352.24448897797,1577347.2416506384,100469.22425952046,335265.0250815389,550355.420448204,3154.35802754058,8860.372593863161,592590.421463087,125116.86540238482,0,0,0,0,0,0,0,0,0,0,103.80615816474966,40.88176352705411,470.4493792621088,27.870239774330045,48.37017681054378,55.95206626134462,15.405031156242789,71.70764246235944,61.38174219668277,129.25155101861222,0,0,0,0,0,0,0,0,0,0,20861.43371961389,6754.90981963928,143067.2757475083,5868.28396803009,12631.38720936886,6758.950862043646,2910.166166628202,10184.939012769202,13323.02841470923,24435.64922779073,0,0,0,0,0,0,0,0,0,0,20,16,36,2,2,2,2,50,0,0,0,0,0.00958955223880597,0.004051317614424411,0.03144516374714394,0.0161727078891258,0.0015181058495821727,0.0030168067226890756,0.0030032679738562092,0.003226239921817737,0.022066129032258065,0.040610859728506775,0.0730422794117647,0.024155650319829424,0.004303621169916435,0.004630252100840336,0.004637254901960784,0.005085057471264353,0.023718548387096774,0.046832579185520355,0.08711856617647058,0.03,0.004651810584958217,0.004831932773109243,0.004841503267973856,0.007703448275862056,0.028302631578947395,0.07962962962962962,0.09837959558823528,0.07880000000000033,0.004930362116991644,0.0049932773109243695,0.00625,0.00979816091954023,0.4594504021447721,0.375,0.3855789660056657,0.46024258760107817,0.8804347826086958,0.375,0.4594504021447721,0.4878138847858197,2.1811721991701245,2.1632653061224487,0.49404213881019826,2.1300395256917,2.1279761904761902,0.475,2.1279761904761902,2.1910488245931283,2.3405860995850625,2.3316326530612246,0.6796025104602511,2.31501976284585,2.3139880952380953,0.4875,2.3139880952380953,2.3455244122965637,2.4681172199170125,2.466326530612245,0.9359205020920499,2.46300395256917,2.462797619047619,0.4975,2.462797619047619,2.4691048824593125,395.4789915966347,397.3949579831876,396.6386554621726,392.7563025210199,396.9243697478805,82974840.47058824,38627138.68907563,413.0420168067227,64492793.546218485,72106397.0420168,3975558462.3865542,2616103084.10084,698370409.4117646,5552077264.672269,4157299703.394958,0,0,0,0,0,15.630252100840336,2.6890756302521006,5.3277310924369745,0.8571428571428571,16.403361344537814,0,0,0,0,0,62782.386554621844,23070.11764705882,1014009.5462184873,38585.008403361346,70793.6806722689,1561.647058823529,270.89075630252097,2833.6974789915967,1728.2857142857142,426.2352941176471,1763.2100840336132,381.3781512605042,1909.798319327731,2114.9579831932774,530.0840336134454,0,0,0,0,0,0,0,0,0,0,0,0,0,0,0,0,0,0,0,0
1693106507,0.33974810105079156,0.3347445111745592,0.2814064938158598,0.07678574856506638,0.8999999999999986,0.39986186590087014,0.1188099990495201,0.1788817336195437,0.21017724948039482,0.06952974242805558,0,0.14818656688771137,0.04102816583584634,0.5532239603204884,0.15968913847709806,4.195022321450221,7.675537601654024,41.704450327213706,0.44518098784865534,5.654349554999989,3.8510113760701006,0.3032612251687107,0.636853360421138,2.0294201910277634,0.7969557458910842,0,0.2975704775312117,1.931578983322051,2.6621077527661208,1.0569382269182657,3.13053607396803,6.970562173870243,41.12554902480349,0.28794655711899936,4.525000000000006,2.99896399425654,0.42771599657827236,0.38331800061330856,1.8215361621634272,0.695297424280558,0,0.1296632460267474,1.6206125505159275,1.316291491797023,0.5322971282569935,50000,100000,50000,50000,50000,50000,10000,50000,50000,20000,50000,0,6758400,2162688,220594176,0,0,2568192,0,0,2973696,0,0,0,0,5406720,603.8294464532725,0,0,6.334824256617971,110.55000000000001,768.9343681273742,0,0,394.5727563578618,3.059308666834466,0,0,281.61733029724905,0,10.539483139488462,0,0,2162688,0,0,0,0,0,0,0,0,0,0,0,0,225292288,80429056,17993728,439984128,111808512,349663232,40493056,10944512,310304768,94195712,4952064,3993600,305532928,16195584,134160384,209375232,70692864,14462976,200048640,103809024,330756096,35819520,9732096,292098048,84344832,4055040,2568192,295477248,15003648,38252544,0,0,0,0,0,0,0,0,0,0,0,0,0,0,0,211042304,80297984,17731584,425533440,107487232,333402112,40235008,10694656,296239104,94023680,4796416,2912256,297914368,15831040,45572096,192253952,73674752,17731584,212238336,107487232,333402112,37666816,10694656,296239104,91049984,4796416,2912256,297914368,15831040,40165376,1073741824,1073741824,314572800,0,1073741824,1073741824,1073741824,314572800,1073741824,0,0,0,1073741824,314572800,2147483648,10.219553017623314,0,4.63358996293128,0,0,13.334043062837676,37009.98326277444,0,17397.585780819314,0,0,39626.7532536662,10.219553017623314,0,4.63358996293128,0,0,13.334043062837676,37009.98326277444,0,17397.585780819314,0,0,39626.7532536662,102.19583646592176,50.320641282565134,484.10998426298306,21.118946873530795,34.484731732438156,38.878320901105006,17.443649511500887,59.367257480465035,46.810574824157165,96.66916002992036,0,0,0,0,0,0,0,0,0,0,119439.89318953673,121352.24448897797,1577347.2416506384,100469.22425952046,335265.0250815389,547736.8286062368,3154.35802754058,8860.372593863161,592590.421463087,125116.86540238482,0,0,0,0,0,0,0,0,0,0,120.96544214865321,40.88176352705411,470.4493792621088,27.870239774330045,48.37017681054378,55.74197960972065,15.405031156242789,71.70764246235944,61.38174219668277,129.25155101861222,0,0,0,0,0,0,0,0,0,0,24309.854042983436,6754.90981963928,143067.2757475083,5868.28396803009,12631.38720936886,6720.948126616368,2910.166166628202,10184.939012769202,13323.02841470923,24435.64922779073,0,0,0,0,0,0,0,0,0,0,10,6,16,4,6,2,6,10,0,0,0,0,0.009667630057803469,0.004078431372549019,0.03130252100840336,0.016137855579868708,0.0015855072463768119,0.003018348623853211,0.003006932409012132,0.003220205983325159,0.022108947368421054,0.04070627802690582,0.07283333333333335,0.024172866520787747,0.004317101449275363,0.00463302752293578,0.0046402079722703635,0.0049963707699852864,0.023736052631578946,0.0468665919282511,0.08701851851851848,0.030624999999999975,0.0046585507246376815,0.0048348623853211,0.004844367417677643,0.007638033175355444,0.02814473684210496,0.07964814814814818,0.09836666666666666,0.07939999999999979,0.004931710144927538,0.004996330275229358,0.006850000000000035,0.00978353080568721,0.4579918032786885,0.3760416666666666,0.38581560283687943,0.45901639344262296,0.8750000000000001,0.375,0.456811797752809,0.4903989560029828,2.1809597523219817,2.1635714285714283,0.494468085106383,2.126829268292683,2.120815450643777,0.475,2.120815450643777,2.1930153707052447,2.340479876160991,2.3317857142857137,0.6860655737704912,2.3134146341463415,2.3104077253218884,0.4875,2.3104077253218884,2.3465076853526217,2.468095975232198,2.466357142857143,0.9372131147540983,2.462682926829268,2.4620815450643776,0.4975,2.4620815450643776,2.4693015370705242,395.5462184873925,397.4621848739485,396.6186578828057,392.8739495798399,397.00840336134183,82974840.47058824,38627138.68907563,413.02119220879626,64492793.546218485,72106534.72268908,3833693467.9663863,2672931194.6218486,698403141.2197706,5644530731.025209,4235722407.7983193,0,0,0,0,0,15.61344537815126,1.9159663865546217,5.327462480883318,0.8571428571428571,16.705882352941178,0,0,0,0,0,62730.756302521004,19619.495798319327,1013958.4222644237,38585.008403361346,73375.19327731091,1552.1008403361343,270.3361344537815,2833.453775439894,1721.1764705882351,424.2689075630252,1753.2773109243694,380.8067226890756,1910.559131472363,2107.747899159664,528,0,0,0,0,0,0,0,0,0,0,0,0,0,0,0,0,0,0,0,0
1693106508,0.33974810105079156,0.37196450395876546,0.28785261945883694,0.07678574856506638,1.3519045376040186,0.39986186590087014,0.10050929886259237,0.1788817336195437,0.21017724948039482,0.06813141482786543,0,0.16142484328338147,0.04102816583584634,0.5532239603204884,0.15968913847709806,4.195022321450221,7.7178552526701765,49.95916222357683,0.44518098784865534,8.129462480524836,3.8510113760701006,0.25654888778522367,0.636853360421138,2.0294201910277634,0.7809279975247969,0,0.2932274556754289,1.931578983322051,2.6621077527661208,1.0569382269182657,3.13053607396803,6.987618895796809,49.290527955569125,0.28794655711899936,6.367666300308787,2.99896399425654,0.3618334759053325,0.38331800061330856,1.8215361621634272,0.6813141482786562,0,0.13452070273615063,1.6206125505159275,1.316291491797023,0.5322971282569935,50000,100000,50000,50000,50000,50000,10000,50000,50000,20000,50000,0,6758400,2162688,220594176,0,0,2568192,0,0,2973696,0,0,0,0,5406720,603.8294464532725,0,0,6.334824256617971,165.52013816925734,768.9343681273742,0,0,394.5727563578618,2.997782252426098,0,0,281.61733029724905,0,10.539483139488462,0,0,2162688,0,0,0,0,0,0,0,0,0,0,0,0,225292288,80429056,17997824,439984128,111808512,349663232,40493056,10944512,310304768,94195712,4952064,3993600,305532928,16195584,134160384,209375232,70692864,14462976,200048640,104079360,330756096,35819520,9732096,292098048,84344832,4055040,2568192,295477248,15003648,38252544,0,0,0,0,0,0,0,0,0,0,0,0,0,0,0,211042304,80297984,17731584,425533440,107966464,333402112,40235008,10694656,296239104,94023680,4796416,2912256,297914368,15831040,45572096,192253952,73674752,17731584,212238336,107966464,333402112,37666816,10694656,296239104,91049984,4796416,2912256,297914368,15831040,40165376,1073741824,1073741824,314572800,0,1073741824,1073741824,1073741824,314572800,1073741824,0,0,0,1073741824,314572800,2147483648,10.175886072586216,0,3.919862655641099,0,0,13.334043062837676,36905.68042935331,0,14717.777651047112,0,0,39626.7532536662,10.175886072586216,0,3.919862655641099,0,0,13.334043062837676,36905.68042935331,0,14717.777651047112,0,0,39626.7532536662,102.19583646592176,50.320641282565134,484.10998426298306,21.118946873530795,34.60752701405469,38.878320901105006,14.45425358930552,59.367257480465035,46.810574824157165,96.92094480597734,0,0,0,0,0,0,0,0,0,0,119439.89318953673,121352.24448897797,1577347.2416506384,100469.22425952046,333927.11743421864,547736.8286062368,2619.603339402932,8860.372593863161,592590.421463087,126051.94022656062,0,0,0,0,0,0,0,0,0,0,120.96544214865321,40.88176352705411,470.4493792621088,27.870239774330045,48.93297560735471,55.74197960972065,12.76253371998921,71.70764246235944,61.38174219668277,130.1518438177874,0,0,0,0,0,0,0,0,0,0,24309.854042983436,6754.90981963928,143067.2757475083,5868.28396803009,12845.742978807197,6720.948126616368,2413.885227647394,10184.939012769202,13323.02841470923,24449.38539407086,0,0,0,0,0,0,0,0,0,0,42,10,42,10,8,2,10,78,0,0,0,0,0.009667630057803469,0.004078431372549019,0.03130252100840336,0.016137855579868708,0.0015536723163841809,0.0030168067226890756,0.003006666666666667,0.003220205983325159,0.022108947368421054,0.04070627802690582,0.07283333333333335,0.024172866520787747,0.004319774011299435,0.004630252100840336,0.004638666666666667,0.0049963707699852864,0.023736052631578946,0.0468665919282511,0.08701851851851848,0.030624999999999975,0.004665536723163841,0.004831932773109243,0.004842666666666666,0.007638033175355444,0.02814473684210496,0.07964814814814818,0.09836666666666666,0.07939999999999979,0.004942146892655368,0.0049932773109243695,0.0064666666666665954,0.00978353080568721,0.4579918032786885,0.3760416666666666,0.38581560283687943,0.45901639344262296,0.8780487804878049,0.375,0.45901639344262296,0.4903989560029828,2.1809597523219817,2.1635714285714283,0.494468085106383,2.126829268292683,2.126829268292683,0.475,2.126829268292683,2.1930153707052447,2.340479876160991,2.3317857142857137,0.6860655737704912,2.3134146341463415,2.3134146341463415,0.4875,2.3134146341463415,2.3465076853526217,2.468095975232198,2.466357142857143,0.9372131147540983,2.462682926829268,2.462682926829268,0.4975,2.462682926829268,2.4693015370705242,395.5630252100874,397.4621848739472,396.7058823529379,392.6890756302552,396.9411764705847,82974840.47058824,38627138.68907563,413.0420168067227,64492793.546218485,72106534.72268908,3833660011.563025,2559244959.1932774,698445583.0588235,5552084905.949579,4157251377.4789915,0,0,0,0,0,15.512605042016807,1.9159663865546217,5.3277310924369745,0.8571428571428571,16.621848739495796,0,0,0,0,0,62403.76470588235,19619.495798319327,1014009.5462184873,38585.008403361346,72549.10924369747,1553.0924369747897,270.35294117647055,2835.09243697479,1716.1512605042017,423.9327731092437,1755.0588235294117,380.82352941176464,1912.487394957983,2102.1344537815125,527.8151260504201,0,0,0,0,0,0,0,0,0,0,0,0,0,0,0,0,0,0,0,0
1693106509,0.33974810105079156,0.37196450395876546,0.2597029787649975,0.07678574856506638,1.3789888522531,0.39986186590087014,0.09852913221176704,0.1788817336195437,0.21017724948039482,0.06673308722767526,0,0.16142484328338147,0.04102816583584634,0.5532239603204884,0.15968913847709806,4.195022321450221,7.7178552526701765,40.86247815280534,0.44518098784865534,8.292329690173132,3.8510113760701006,0.2514945340324118,0.636853360421138,2.0294201910277634,0.7649002491585096,0,0.2932274556754289,1.931578983322051,2.6621077527661208,1.0569382269182657,3.13053607396803,6.987618895796809,40.31389316521273,0.28794655711899936,6.4952373475689535,2.99896399425654,0.35470487596236133,0.38331800061330856,1.8215361621634272,0.6673308722767546,0,0.13452070273615063,1.6206125505159275,1.316291491797023,0.5322971282569935,50000,100000,50000,50000,50000,50000,10000,50000,50000,20000,50000,0,6758400,2162688,220594176,0,0,2568192,0,0,2973696,0,0,0,0,5406720,603.8294464532725,0,0,6.334824256617971,168.83620034542315,768.9343681273742,0,0,394.5727563578618,2.9362558380177304,0,0,281.61733029724905,0,10.539483139488462,0,0,2162688,0,0,0,0,0,0,0,0,0,0,0,0,225292288,80429056,17997824,439984128,111808512,349663232,40493056,10944512,310304768,94195712,4952064,3993600,305532928,16195584,134160384,209375232,70692864,14462976,200048640,104079360,330756096,35819520,9732096,292098048,84344832,4055040,2568192,295477248,15003648,38252544,0,0,0,0,0,0,0,0,0,0,0,0,0,0,0,211042304,80297984,17731584,425533440,107966464,333402112,40235008,10694656,296239104,94023680,4796416,2912256,297914368,15831040,45572096,192253952,73674752,17731584,212238336,107966464,333402112,37666816,10694656,296239104,91049984,4796416,2912256,297914368,15831040,40165376,1073741824,1073741824,314572800,0,1073741824,1073741824,1073741824,314572800,1073741824,0,0,0,1073741824,314572800,2147483648,10.175886072586216,0,3.842636156258911,0,0,13.334043062837676,36905.68042935331,0,14427.817888033458,0,0,39626.7532536662,10.175886072586216,0,3.842636156258911,0,0,13.334043062837676,36905.68042935331,0,14427.817888033458,0,0,39626.7532536662,102.19583646592176,50.320641282565134,484.10998426298306,21.118946873530795,34.60752701405469,38.878320901105006,17.414501094026317,50.788688774537825,39.00601782960418,96.92094480597734,0,0,0,0,0,0,0,0,0,0,119439.89318953673,121352.24448897797,1577347.2416506384,100469.22425952046,333927.11743421864,547736.8286062368,3156.1010700476577,7580.0487540499325,491755.901021873,126051.94022656062,0,0,0,0,0,0,0,0,0,0,120.96544214865321,40.88176352705411,470.4493792621088,27.870239774330045,48.93297560735471,55.74197960972065,15.376315079579173,61.345888126548495,51.849186003865945,130.1518438177874,0,0,0,0,0,0,0,0,0,0,24309.854042983436,6754.90981963928,143067.2757475083,5868.28396803009,12845.742978807197,6720.948126616368,2908.2516560261365,8713.215325424051,11137.840504706164,24449.38539407086,0,0,0,0,0,0,0,0,0,0,30,22,60,2,2,2,2,48,0,0,0,0,0.009667630057803469,0.004078431372549019,0.03130252100840336,0.016137855579868708,0.0015536723163841809,0.0030168067226890756,0.003006666666666667,0.003220205983325159,0.022108947368421054,0.04070627802690582,0.07283333333333335,0.024172866520787747,0.004319774011299435,0.004630252100840336,0.004638666666666667,0.0049963707699852864,0.023736052631578946,0.0468665919282511,0.08701851851851848,0.030624999999999975,0.004665536723163841,0.004831932773109243,0.004842666666666666,0.007638033175355444,0.02814473684210496,0.07964814814814818,0.09836666666666666,0.07939999999999979,0.004942146892655368,0.0049932773109243695,0.0064666666666665954,0.00978353080568721,0.4579918032786885,0.3760416666666666,0.38581560283687943,0.45901639344262296,0.8780487804878049,0.375,0.45901639344262296,0.4903989560029828,2.1809597523219817,2.1635714285714283,0.494468085106383,2.126829268292683,2.126829268292683,0.475,2.126829268292683,2.1930153707052447,2.340479876160991,2.3317857142857137,0.6860655737704912,2.3134146341463415,2.3134146341463415,0.4875,2.3134146341463415,2.3465076853526217,2.468095975232198,2.466357142857143,0.9372131147540983,2.462682926829268,2.462682926829268,0.4975,2.462682926829268,2.4693015370705242,395.4285714285554,397.51260504200945,396.72268907563193,392.58823529410824,396.94117647059886,82974840.47058824,38627138.68907563,413.0420168067227,64492793.546218485,72106534.72268908,3762745378.420168,2616060609.6134453,698449369.2773108,5552157532.504202,4157239192.7394958,0,0,0,0,0,15.34453781512605,1.9159663865546217,5.3277310924369745,0.8571428571428571,16.621848739495796,0,0,0,0,0,61371.15966386555,19619.495798319327,1014009.5462184873,38585.008403361346,72600.73949579832,1555.0924369747897,269.12605042016804,2834.9579831932774,1722.487394957983,424.5714285714285,1757.0420168067224,379.52941176470586,1913.4957983193274,2110.0504201680674,528.5210084033613,0,0,0,0,0,0,0,0,0,0,0,0,0,0,0,0,0,0,0,0
1693106510,0.33974810105079156,0.41063545837183085,0.26499747493259673,0.07678574856506638,1.625058878944888,0.39986186590087014,0.10000000000000012,0.1788817336195437,0.21017724948039482,0.05510350274599085,0,0.16142484328338147,0.04102816583584634,0.5065516516516521,0.15968913847709806,4.195022321450221,7.695443977004423,41.695530723120314,0.44518098784865534,9.772032578897788,3.8510113760701006,0.19246248249999992,0.636853360421138,2.0294201910277634,0.9723543651158092,0,0.2932274556754289,1.931578983322051,2.2840682376273116,1.0569382269182657,3.13053607396803,6.980802792321114,41.135761877998526,0.28794655711899936,7.654262835609986,2.99896399425654,0.2250000000000008,0.38331800061330856,1.8215361621634272,0.7898168726925402,0,0.13452070273615063,1.6206125505159275,1.1742788288288282,0.5322971282569935,50000,100000,50000,50000,50000,50000,10000,50000,50000,20000,50000,0,6893568,2162688,220594176,0,0,2568192,0,0,2973696,0,0,0,0,5406720,603.8294464532725,0,0,6.334824256617971,198.96373056994818,768.9343681273742,0,0,394.5727563578618,2.4245541208236134,0,0,281.61733029724905,0,10.539483139488462,0,0,2162688,0,0,0,0,0,0,0,0,0,0,0,0,225292288,80490496,17997824,439984128,111808512,349663232,40493056,10944512,310304768,94294016,4952064,3993600,305532928,16195584,134160384,209375232,70692864,14462976,200048640,104079360,330756096,35819520,9732096,292098048,84344832,4055040,2568192,295477248,15003648,38252544,0,0,0,0,0,0,0,0,0,0,0,0,0,0,0,211042304,80293888,17731584,425533440,107966464,333402112,40235008,10694656,296239104,94048256,4796416,2912256,297914368,15831040,45572096,192253952,73400320,17731584,212238336,107966464,333402112,37666816,10694656,296239104,91074560,4796416,2912256,297914368,15831040,40165376,1073741824,1073741824,314572800,0,1073741824,1073741824,1073741824,314572800,1073741824,0,0,0,1073741824,314572800,2147483648,10.758649009341958,0,2.9500000000000006,0,0,13.334043062837676,43478.7393491428,0,11059.200000000003,0,0,39626.7532536662,10.758649009341958,0,2.9500000000000006,0,0,13.334043062837676,43478.7393491428,0,11059.200000000003,0,0,39626.7532536662,102.19583646592176,50.320641282565134,484.10998426298306,21.1956797322651,34.60752701405469,38.878320901105006,17.414501094026317,59.27875209916726,39.781159194826984,95.34153518039456,0,0,0,0,0,0,0,0,0,0,119439.89318953673,121352.24448897797,1577347.2416506384,100026.21570914253,333927.11743421864,547736.8286062368,3156.1010700476577,8841.934869548657,501528.24800021946,125188.31335531903,0,0,0,0,0,0,0,0,0,0,120.96544214865321,40.88176352705411,470.4493792621088,28.142589118198874,48.93297560735471,55.74197960972065,15.376315079579173,71.72659753120618,52.87955134390905,128.22133138490096,0,0,0,0,0,0,0,0,0,0,24309.854042983436,6754.90981963928,143067.2757475083,5931.976066122407,12845.742978807197,6720.948126616368,2908.2516560261365,10183.46289018542,11359.175605668437,24105.768281364166,0,0,0,0,0,0,0,0,0,0,44,30,74,20,12,2,14,158,0,0,0,0,0.009667630057803469,0.004078431372549019,0.03130252100840336,0.016137855579868708,0.0015536723163841809,0.0030168067226890756,0.003006666666666667,0.003227684346701164,0.022108947368421054,0.04070627802690582,0.07283333333333335,0.024172866520787747,0.004319774011299435,0.004630252100840336,0.004638666666666667,0.005115012106537533,0.023736052631578946,0.0468665919282511,0.08701851851851848,0.030624999999999975,0.004665536723163841,0.004831932773109243,0.004842666666666666,0.0077209443099273585,0.02814473684210496,0.07964814814814818,0.09836666666666666,0.07939999999999979,0.004942146892655368,0.0049932773109243695,0.0064666666666665954,0.009805690072639232,0.4579918032786885,0.3760416666666666,0.38581560283687943,0.45901639344262296,0.8780487804878049,0.375,0.45901639344262296,0.47135612321562737,2.1809597523219817,2.1635714285714283,0.494468085106383,2.126829268292683,2.126829268292683,0.475,2.126829268292683,2.177125,2.340479876160991,2.3317857142857137,0.6860655737704912,2.3134146341463415,2.3134146341463415,0.4875,2.3134146341463415,2.3385625,2.468095975232198,2.466357142857143,0.9372131147540983,2.462682926829268,2.462682926829268,0.4975,2.462682926829268,2.4677125,395.6134453781445,397.495798319315,396.6722689075477,392.5378151260668,396.9747899159745,82974840.47058824,38627138.68907563,413.0420168067227,64492793.546218485,72106534.72268908,3762828537.5462184,2672860289.07563,762391027.0924369,5552263615.462185,4157200504.470588,0,0,0,0,0,15.294117647058822,1.8823529411764706,5.3277310924369745,0.8571428571428571,16.705882352941178,0,0,0,0,0,61870.252100840335,19481.81512605042,1014009.5462184873,38585.008403361346,72850.28571428571,1545.3445378151257,265.4789915966386,2834.9915966386557,1727.1764705882354,425.4789915966386,1747.546218487395,376.2857142857143,1914.6218487394958,2114.621848739496,529.4117647058823,0,0,0,0,0,0,0,0,0,0,0,0,0,0,0,0,0,0,0,0
1693106511,0.33974810105079156,0.41063545837183085,0.2702919711001961,0.07678574856506638,1.625058878944888,0.39986186590087014,0.10000000000000012,0.1788817336195437,0.21017724948039482,0.05510350274599085,0,0.16142484328338147,0.04102816583584634,0.516461561561562,0.15968913847709806,4.195022321450221,7.695443977004423,42.528583293435304,0.44518098784865534,9.772032578897788,3.8510113760701006,0.19246248249999992,0.636853360421138,2.0294201910277634,0.9723543651158092,0,0.2932274556754289,1.931578983322051,2.3287525465011853,1.0569382269182657,3.13053607396803,6.980802792321114,41.95763059078434,0.28794655711899936,7.654262835609986,2.99896399425654,0.2250000000000008,0.38331800061330856,1.8215361621634272,0.7898168726925402,0,0.13452070273615063,1.6206125505159275,1.1972518018018012,0.5322971282569935,50000,100000,50000,50000,50000,50000,10000,50000,50000,20000,50000,0,6893568,2162688,220594176,0,0,2568192,0,0,2973696,0,0,0,0,5406720,603.8294464532725,0,0,6.334824256617971,198.96373056994818,768.9343681273742,0,0,394.5727563578618,2.4245541208236134,0,0,281.61733029724905,0,10.539483139488462,0,0,2162688,0,0,0,0,0,0,0,0,0,0,0,0,225292288,80490496,17997824,439984128,111808512,349663232,40493056,10944512,310304768,94294016,4952064,3993600,305532928,16195584,134160384,209375232,70692864,14462976,200048640,104079360,330756096,35819520,9732096,292098048,84344832,4055040,2568192,295477248,15003648,38252544,0,0,0,0,0,0,0,0,0,0,0,0,0,0,0,211042304,80293888,17731584,425533440,107966464,333402112,40235008,10694656,296239104,94048256,4796416,2912256,297914368,15831040,45572096,192253952,73400320,17731584,212238336,107966464,333402112,37666816,10694656,296239104,91074560,4796416,2912256,297914368,15831040,40165376,1073741824,1073741824,314572800,0,1073741824,1073741824,1073741824,314572800,1073741824,0,0,0,1073741824,314572800,2147483648,10.758649009341958,0,2.9500000000000006,0,0,13.334043062837676,43478.7393491428,0,11059.200000000003,0,0,39626.7532536662,10.758649009341958,0,2.9500000000000006,0,0,13.334043062837676,43478.7393491428,0,11059.200000000003,0,0,39626.7532536662,102.19583646592176,50.320641282565134,484.10998426298306,21.1956797322651,34.60752701405469,38.878320901105006,17.414501094026317,59.27875209916726,40.556300560049785,95.34153518039456,0,0,0,0,0,0,0,0,0,0,119439.89318953673,121352.24448897797,1577347.2416506384,100026.21570914253,333927.11743421864,547736.8286062368,3156.1010700476577,8841.934869548657,511300.59497856605,125188.31335531903,0,0,0,0,0,0,0,0,0,0,120.96544214865321,40.88176352705411,470.4493792621088,28.142589118198874,48.93297560735471,55.74197960972065,15.376315079579173,71.72659753120618,53.90991668395216,128.22133138490096,0,0,0,0,0,0,0,0,0,0,24309.854042983436,6754.90981963928,143067.2757475083,5931.976066122407,12845.742978807197,6720.948126616368,2908.2516560261365,10183.46289018542,11580.510706630714,24105.768281364166,0,0,0,0,0,0,0,0,0,0,14,8,32,4,6,2,6,18,0,0,0,0,0.009667630057803469,0.004078431372549019,0.03130252100840336,0.016137855579868708,0.0015536723163841809,0.0030168067226890756,0.003006666666666667,0.003220846744243625,0.022108947368421054,0.04070627802690582,0.07283333333333335,0.024172866520787747,0.004319774011299435,0.004630252100840336,0.004638666666666667,0.004997524139638525,0.023736052631578946,0.0468665919282511,0.08701851851851848,0.030624999999999975,0.004665536723163841,0.004831932773109243,0.004842666666666666,0.007646181384248208,0.02814473684210496,0.07964814814814818,0.09836666666666666,0.07939999999999979,0.004942146892655368,0.0049932773109243695,0.0064666666666665954,0.009786992840095458,0.4579918032786885,0.3760416666666666,0.38581560283687943,0.45901639344262296,0.8780487804878049,0.375,0.45901639344262296,0.4864839671886652,2.1809597523219817,2.1635714285714283,0.494468085106383,2.126829268292683,2.126829268292683,0.475,2.126829268292683,2.189976958525346,2.340479876160991,2.3317857142857137,0.6860655737704912,2.3134146341463415,2.3134146341463415,0.4875,2.3134146341463415,2.3449884792626725,2.468095975232198,2.466357142857143,0.9372131147540983,2.462682926829268,2.462682926829268,0.4975,2.462682926829268,2.4689976958525346,395.5630252100709,397.5126050420198,396.6554621848597,392.5714285714183,396.87394957985236,82974840.47058824,38627138.68907563,413.0420168067227,64492793.546218485,72106534.72268908,3762875486.655462,2615997138.8235292,762398255.327731,5552343607.932773,4314010873.546218,0,0,0,0,0,15.22689075630252,1.815126050420168,5.3277310924369745,0.8571428571428571,16.470588235294116,0,0,0,0,0,62223.05882352941,14387.63025210084,1014009.5462184873,38585.008403361346,72041.41176470587,1549.2268907563023,269.2268907563025,2837.3613445378155,1711.9831932773109,422.16806722689074,1751.0252100840337,379.81512605042013,1917.0756302521006,2099.781512605042,526.1512605042017,0,0,0,0,0,0,0,0,0,0,0,0,0,0,0,0,0,0,0,0
1693106512,0.33974810105079156,0.41063545837183085,0.3176697700559584,0.07678574856506638,1.625058878944888,0.36681715575620744,0.17944059394836565,0.1788817336195437,0.21017724948039482,0.05510350274599085,0,0.16142484328338147,0.04102816583584634,0.5945945945945951,0.13807033419388048,4.195022321450221,7.695443977004423,49.98315421889891,0.44518098784865534,9.772032578897788,3.075417697516939,0.30864241302738643,0.636853360421138,2.0294201910277634,0.9723543651158092,0,0.2932274556754289,1.931578983322051,2.681058532432432,0.9138493425701669,3.13053607396803,6.980802792321114,49.31212276714807,0.28794655711899936,7.654262835609986,2.3702031602708904,0.38131126214027755,0.38331800061330856,1.8215361621634272,0.7898168726925402,0,0.13452070273615063,1.6206125505159275,1.3783783783783778,0.46023444731293495,50000,100000,50000,50000,50000,50000,10000,50000,50000,20000,50000,0,6893568,2162688,220594176,0,0,2568192,0,0,2973696,0,0,0,0,5406720,603.8294464532725,0,0,6.334824256617971,198.96373056994818,493.51015801354407,0,0,394.5727563578618,2.4245541208236134,0,0,281.61733029724905,0,9.112642056796103,0,0,2162688,0,0,0,0,0,0,0,0,0,0,0,0,225292288,80490496,17997824,439984128,111808512,349663232,40591360,10944512,310304768,94294016,4952064,3993600,305532928,16195584,134160384,209375232,70692864,14462976,200048640,104079360,330756096,35819520,9732096,292098048,84344832,4055040,2568192,295477248,15003648,38252544,0,0,0,0,0,0,0,0,0,0,0,0,0,0,0,211042304,80293888,17731584,425533440,107966464,333402112,40333312,10694656,296239104,94048256,4796416,2912256,297914368,15831040,45572096,192253952,73400320,17731584,212238336,107966464,333402112,37765120,10694656,296239104,91074560,4796416,2912256,297914368,15831040,40165376,1073741824,1073741824,314572800,0,1073741824,1073741824,1073741824,314572800,1073741824,0,0,0,1073741824,314572800,2147483648,10.758649009341958,0,4.889756185092973,0,0,11.52887290518901,43478.7393491428,0,20625.61963080098,0,0,34262.06138332195,10.758649009341958,0,4.889756185092973,0,0,11.52887290518901,43478.7393491428,0,20625.61963080098,0,0,34262.06138332195,102.19583646592176,50.320641282565134,383.7378895575864,21.1956797322651,34.607527014054696,38.878320901105006,17.414501094026317,59.29235858987303,46.50848191336814,95.34153518039456,0,0,0,0,0,0,0,0,0,0,119439.89318953673,121352.24448897797,1242986.9221520503,100026.21570914253,333927.11743421864,547736.8286062368,3156.1010700476577,8838.363874626737,586340.8187007927,125188.31335531903,0,0,0,0,0,0,0,0,0,0,120.96544214865321,40.88176352705411,370.15320809701893,28.142589118198874,48.93297560735472,55.74197960972065,15.376315079579173,71.70938151195514,61.82192040258651,128.22133138490096,0,0,0,0,0,0,0,0,0,0,24309.854042983436,6754.90981963928,112295.96844263648,5931.976066122407,12845.742978807199,6720.948126616368,2908.2516560261365,10192.872027326042,13280.106057736532,24105.768281364166,0,0,0,0,0,0,0,0,0,0,40,18,38,14,16,2,16,126,0,0,0,0,0.009773539928486294,0.004149786019971469,0.031158301158301156,0.016094808126410835,0.001630952380952381,0.003018348623853211,0.0030107719928186712,0.003218399401645475,0.022168224299065422,0.041517094017094004,0.07304587155963303,0.024194130925507908,0.004335714285714286,0.00463302752293578,0.004642369838420107,0.004993118922961856,0.023763239875389405,0.0474145299145299,0.08711926605504584,0.031354166666666725,0.004673809523809524,0.0048348623853211,0.004846319569120287,0.007622262773722621,0.02831578947368399,0.08219354838709664,0.09837798165137614,0.08009999999999969,0.0049442857142857136,0.004996330275229358,0.007199999999999895,0.009787226277372253,0.4587988826815642,0.3770833333333333,0.38584838823946155,0.45763888888888893,0.865546218487395,0.375,0.45402298850574707,0.4896702047005307,2.181658031088083,2.164097363083164,0.4945270988310308,2.123109243697479,2.112727272727273,0.475,2.1127272727272723,2.1924654377880186,2.3408290155440414,2.332048681541582,0.6869387755102034,2.3115546218487397,2.306363636363636,0.4875,2.306363636363636,2.346232718894009,2.4681658031088083,2.4664097363083166,0.9373877551020408,2.462310924369748,2.461272727272727,0.4975,2.461272727272727,2.4692465437788016,395.5294117647065,397.4789915966317,396.7226890756095,392.6218487394975,396.85714285713385,99569904.94117646,38627138.68907563,413.0420168067227,64492793.546218485,72106534.72268908,3762933450.2184873,2616003540.9747896,699502970.6218487,5552342575.327731,4313949881.008403,0,0,0,0,0,15.34453781512605,1.815126050420168,5.3277310924369745,0.8571428571428571,16.621848739495796,0,0,0,0,0,62627.49579831932,14387.63025210084,1014009.5462184873,38585.008403361346,72583.5294117647,1554.689075630252,269.8319327731092,2840.0504201680674,1720.4873949579833,423.68067226890753,1756.9579831932772,380.35294117647055,1919.0084033613446,2108,527.6806722689075,0,0,0,0,0,0,0,0,0,0,0,0,0,0,0,0,0,0,0,0
1693106513,0.4017831518931638,0.41063545837183085,0.3176697700559584,0.07678574856506638,1.625058878944888,0.36681715575620744,0.17944059394836565,0.15417518484445772,0.21017724948039482,0.05510350274599085,0,0.16142484328338147,0.04102816583584634,0.5945945945945951,0.1354088485525955,4.022316907417678,7.695443977004423,49.98315421889891,0.44518098784865534,9.772032578897788,3.075417697516939,0.30864241302738643,0.5488932971243052,2.0294201910277634,0.9723543651158092,0,0.2932274556754289,1.931578983322051,2.681058532432432,0.8962337054548624,2.984674842634936,6.980802792321114,49.31212276714807,0.28794655711899936,7.654262835609986,2.3702031602708904,0.38131126214027755,0.3303753960952671,1.8215361621634272,0.7898168726925402,0,0.13452070273615063,1.6206125505159275,1.3783783783783778,0.45136282850865167,50000,100000,50000,50000,50000,50000,10000,50000,50000,20000,50000,0,6893568,2162688,220594176,0,0,2568192,0,0,2973696,0,0,0,0,5406720,477.31838444907874,0,0,6.334824256617971,198.96373056994818,493.51015801354407,0,0,394.5727563578618,2.4245541208236134,0,0,281.61733029724905,0,8.936984004471295,0,0,2162688,0,0,0,0,0,0,0,0,0,0,0,0,225292288,80490496,17997824,439984128,111808512,349663232,40591360,10944512,310304768,94294016,4952064,3993600,305532928,16195584,134160384,209375232,70692864,14462976,200048640,104079360,330756096,35819520,9732096,292098048,84344832,4055040,2568192,295477248,15003648,38252544,0,0,0,0,0,0,0,0,0,0,0,0,0,0,0,211132416,80293888,17731584,425533440,107966464,333402112,40333312,10694656,296239104,94048256,4796416,2912256,297914368,15831040,45572096,192344064,73400320,17731584,212238336,107966464,333402112,37765120,10694656,296239104,91074560,4796416,2912256,297914368,15831040,40165376,1073741824,1073741824,314572800,0,1073741824,1073741824,1073741824,314572800,1073741824,0,0,0,1073741824,314572800,2147483648,10.758649009341958,0,4.889756185092973,0,0,11.306638854141715,43478.7393491428,0,20625.61963080098,0,0,33601.615495760845,10.758649009341958,0,4.889756185092973,0,0,11.306638854141715,43478.7393491428,0,20625.61963080098,0,0,33601.615495760845,101.78386105073528,50.320641282565134,391.8299551724992,21.1956797322651,34.607527014054696,38.878320901105006,17.032575610387926,59.29235858987303,46.50848191336814,95.34153518039456,0,0,0,0,0,0,0,0,0,0,119351.994360571,121352.24448897797,1269198.3857740792,100026.21570914253,333927.11743421864,547736.8286062368,3094.5750491116723,8838.363874626737,586340.8187007927,125188.31335531903,0,0,0,0,0,0,0,0,0,0,120.52321369128043,40.88176352705411,377.95880699408076,28.142589118198874,48.93297560735472,55.74197960972065,15.111283811497527,71.70938151195514,61.82192040258651,128.22133138490096,0,0,0,0,0,0,0,0,0,0,24189.175429321116,6754.90981963928,114664.00759033608,5931.976066122407,12845.742978807199,6720.948126616368,2860.047924357231,10192.872027326042,13280.106057736532,24105.768281364166,0,0,0,0,0,0,0,0,0,0,42,14,40,16,14,2,14,118,0,0,0,0,0.009773539928486294,0.004149786019971469,0.031158301158301156,0.016094808126410835,0.0015648414985590781,0.0030168067226890756,0.0030102214650766608,0.003218399401645475,0.022168224299065422,0.041517094017094004,0.07304587155963303,0.024194130925507908,0.0043221902017291074,0.004630252100840336,0.004640204429301534,0.004993118922961856,0.023763239875389405,0.0474145299145299,0.08711926605504584,0.031354166666666725,0.00466685878962536,0.004831932773109243,0.0048439522998296415,0.007622262773722621,0.02831578947368399,0.08219354838709664,0.09837798165137614,0.08009999999999969,0.004942593659942362,0.0049932773109243695,0.006699999999999894,0.009787226277372253,0.4587988826815642,0.3770833333333333,0.38584838823946155,0.45763888888888893,0.8760504201680671,0.375,0.4587988826815642,0.4896702047005307,2.181658031088083,2.164097363083164,0.4945270988310308,2.123109243697479,2.12625,0.475,2.12625,2.1924654377880186,2.3408290155440414,2.332048681541582,0.6869387755102034,2.3115546218487397,2.313125,0.4875,2.313125,2.346232718894009,2.4681658031088083,2.4664097363083166,0.9373877551020408,2.462310924369748,2.462625,0.4975,2.462625,2.4692465437788016,395.6638655462221,397.52941176472024,396.7226890756285,392.33613445379,396.7226890756199,99569904.94117646,38627138.68907563,413.0420168067227,64492793.546218485,72106534.72268908,3762982946.420168,2672846658.6890755,763502316.6386554,5644899302.184874,4313921794.15126,0,0,0,0,0,15.394957983193276,1.8655462184873948,5.3277310924369745,0.8235294117647058,16.756302521008404,0,0,0,0,0,62808.20168067227,19068.773109243695,1014009.5462184873,38447.32773109244,73134.25210084033,1565.7647058823527,270.16806722689074,2840.117647058824,1735.6974789915967,426.57142857142856,1768.1344537815125,380.7394957983193,1919.142857142857,2123.579831932773,530.6218487394957,0,0,0,0,0,0,0,0,0,0,0,0,0,0,0,0,0,0,0,0
1693106514,0.4017831518931638,0.41063545837183085,0.3176697700559584,0.07678574856506638,1.625058878944888,0.36681715575620744,0.17944059394836565,0.1511938226174653,0.21017724948039482,0.05510350274599085,0,0.16142484328338147,0.04102816583584634,0.5945945945945951,0.13274736291131053,4.022316907417678,7.695443977004423,49.98315421889891,0.44518098784865534,9.772032578897788,3.075417697516939,0.30864241302738643,0.5382790744506195,2.0294201910277634,0.9723543651158092,0,0.2932274556754289,1.931578983322051,2.681058532432432,0.8786180683395579,2.984674842634936,6.980802792321114,49.31212276714807,0.28794655711899936,7.654262835609986,2.3702031602708904,0.38131126214027755,0.3239867627517119,1.8215361621634272,0.7898168726925402,0,0.13452070273615063,1.6206125505159275,1.3783783783783778,0.44249120970436845,50000,100000,50000,50000,50000,50000,10000,50000,50000,20000,50000,0,6893568,2162688,220594176,0,0,2568192,0,0,2973696,0,0,0,0,5406720,477.31838444907874,0,0,6.334824256617971,198.96373056994818,493.51015801354407,0,0,394.5727563578618,2.4245541208236134,0,0,281.61733029724905,0,8.761325952146487,0,0,2162688,0,0,0,0,0,0,0,0,0,0,0,0,225292288,80490496,17997824,439984128,111808512,349663232,40591360,10944512,310304768,94294016,4952064,3993600,305532928,16195584,134160384,209375232,70692864,14462976,200048640,104079360,330756096,35819520,9732096,292098048,84344832,4055040,2568192,295477248,15003648,38252544,0,0,0,0,0,0,0,0,0,0,0,0,0,0,0,211132416,80293888,17731584,425533440,107966464,333402112,40333312,10694656,296239104,94048256,4796416,2912256,297914368,15831040,45572096,192344064,73400320,17731584,212238336,107966464,333402112,37765120,10694656,296239104,91074560,4796416,2912256,297914368,15831040,40165376,1073741824,1073741824,314572800,0,1073741824,1073741824,1073741824,314572800,1073741824,0,0,0,1073741824,314572800,2147483648,10.758649009341958,0,4.889756185092973,0,0,11.084404803094419,43478.7393491428,0,20625.61963080098,0,0,32941.169608199736,10.758649009341958,0,4.889756185092973,0,0,11.084404803094419,43478.7393491428,0,20625.61963080098,0,0,32941.169608199736,101.78386105073528,50.320641282565134,399.92202078741195,21.1956797322651,34.607527014054696,38.878320901105006,17.032575610387926,59.29235858987303,46.50848191336814,95.34153518039456,0,0,0,0,0,0,0,0,0,0,119351.994360571,121352.24448897797,1295409.8493961084,100026.21570914253,333927.11743421864,547736.8286062368,3094.5750491116723,8838.363874626737,586340.8187007927,125188.31335531903,0,0,0,0,0,0,0,0,0,0,120.52321369128043,40.88176352705411,385.76440589114264,28.142589118198874,48.93297560735472,55.74197960972065,15.111283811497527,71.70938151195514,61.82192040258651,128.22133138490096,0,0,0,0,0,0,0,0,0,0,24189.175429321116,6754.90981963928,117032.04673803569,5931.976066122407,12845.742978807199,6720.948126616368,2860.047924357231,10192.872027326042,13280.106057736532,24105.768281364166,0,0,0,0,0,0,0,0,0,0,28,20,44,6,6,2,6,54,0,0,0,0,0.009773539928486294,0.004149786019971469,0.031158301158301156,0.016094808126410835,0.0015648414985590781,0.0030168067226890756,0.0030102214650766608,0.003218399401645475,0.022168224299065422,0.041517094017094004,0.07304587155963303,0.024194130925507908,0.0043221902017291074,0.004630252100840336,0.004640204429301534,0.004993118922961856,0.023763239875389405,0.0474145299145299,0.08711926605504584,0.031354166666666725,0.00466685878962536,0.004831932773109243,0.0048439522998296415,0.007622262773722621,0.02831578947368399,0.08219354838709664,0.09837798165137614,0.08009999999999969,0.004942593659942362,0.0049932773109243695,0.006699999999999894,0.009787226277372253,0.4587988826815642,0.3770833333333333,0.38584838823946155,0.45763888888888893,0.8760504201680671,0.375,0.4587988826815642,0.4896702047005307,2.181658031088083,2.164097363083164,0.4945270988310308,2.123109243697479,2.12625,0.475,2.12625,2.1924654377880186,2.3408290155440414,2.332048681541582,0.6869387755102034,2.3115546218487397,2.313125,0.4875,2.313125,2.346232718894009,2.4681658031088083,2.4664097363083166,0.9373877551020408,2.462310924369748,2.462625,0.4975,2.462625,2.4692465437788016,395.54621848742124,397.54621848740067,396.705882352933,392.4705882352899,396.73949579830696,99569904.94117646,38627138.68907563,413.0420168067227,51594455.12605042,72106534.72268908,3834046687.7310925,2672861184,763511403.5630252,5644906874.621848,4313878080.537815,0,0,0,0,0,15.428571428571427,1.8655462184873948,5.3277310924369745,0.8235294117647058,16.789915966386555,0,0,0,0,0,62859.83193277311,19068.773109243695,1014009.5462184873,38447.32773109244,73220.3025210084,1562.1680672268906,269.59663865546213,2840.5882352941176,1733.0588235294117,426.7899159663865,1764.1848739495797,380.1008403361344,1920.5042016806722,2121.0420168067226,530.8235294117646,0,0,0,0,0,0,0,0,0,0,0,0,0,0,0,0,0,0,0,0
1693106515,0.4017831518931638,0.41063545837183085,0.3176697700559584,0.025416873808932,1.625058878944888,0.36681715575620744,0.17944059394836565,0.1482124603904729,0.19861331792575457,0.05510350274599085,0,0.16142484328338147,0.04102816583584634,0.5945945945945951,0.13008587727002557,4.022316907417678,7.695443977004423,49.98315421889891,0.358647273484442,9.772032578897788,3.075417697516939,0.30864241302738643,0.5276648517769339,1.7489277119745843,0.9723543651158092,0,0.2932274556754289,1.931578983322051,2.681058532432432,0.8610024312242537,2.984674842634936,6.980802792321114,49.31212276714807,0.22875186428038743,7.654262835609986,2.3702031602708904,0.38131126214027755,0.3175981294081568,1.5527950310559,0.7898168726925402,0,0.13452070273615063,1.6206125505159275,1.3783783783783778,0.43361959090008523,50000,100000,50000,50000,50000,50000,10000,50000,50000,20000,50000,0,6893568,2162688,220594176,0,0,2568192,0,0,2973696,0,0,0,0,5406720,477.31838444907874,0,0,5.032541014168531,198.96373056994818,493.51015801354407,0,0,306.26173624151386,2.4245541208236134,0,0,281.61733029724905,0,8.58566789982168,0,0,2162688,0,0,0,0,0,0,0,0,0,0,0,0,225292288,80490496,17997824,439984128,111808512,349663232,40591360,10944512,310304768,94294016,4952064,3993600,305532928,16195584,134160384,209375232,70692864,14462976,200048640,104079360,330756096,35819520,9732096,292098048,84344832,4055040,2568192,295477248,15003648,38252544,0,0,0,0,0,0,0,0,0,0,0,0,0,0,0,211132416,80293888,17731584,425533440,107966464,333402112,40333312,10694656,296243200,94048256,4796416,2912256,297914368,15831040,45572096,192344064,73400320,17731584,212238336,107966464,333402112,37765120,10694656,296243200,91074560,4796416,2912256,297914368,15831040,40165376,1073741824,1073741824,314572800,0,1073741824,1073741824,1073741824,314572800,1073741824,0,0,0,1073741824,314572800,2147483648,10.758649009341958,0,4.889756185092973,0,0,10.862170752047126,43478.7393491428,0,20625.61963080098,0,0,32280.723720638638,10.758649009341958,0,4.889756185092973,0,0,10.862170752047126,43478.7393491428,0,20625.61963080098,0,0,32280.723720638638,101.78386105073528,50.320641282565134,408.01408640232466,21.1956797322651,29.689316765260106,38.878320901105006,17.032575610387926,59.29235858987303,46.50848191336814,95.34153518039456,0,0,0,0,0,0,0,0,0,0,119351.994360571,121352.24448897797,1321621.3130181371,100026.21570914253,286471.43617018516,547736.8286062368,3094.5750491116723,8838.363874626737,586340.8187007927,125188.31335531903,0,0,0,0,0,0,0,0,0,0,120.52321369128043,40.88176352705411,393.57000478820447,28.142589118198874,41.9789201488884,55.74197960972065,15.111283811497527,71.70938151195514,61.82192040258651,128.22133138490096,0,0,0,0,0,0,0,0,0,0,24189.175429321116,6754.90981963928,119400.08588573526,5931.976066122407,11020.184488421768,6720.948126616368,2860.047924357231,10192.872027326042,13280.106057736532,24105.768281364166,0,0,0,0,0,0,0,0,0,0,48,18,58,10,8,2,10,84,0,0,0,0,0.009773539928486294,0.004149786019971469,0.031158301158301156,0.016094808126410835,0.0015648414985590781,0.0030168067226890756,0.0030102214650766608,0.0032265726964239095,0.022168224299065422,0.041517094017094004,0.07304587155963303,0.024194130925507908,0.0043221902017291074,0.004630252100840336,0.004640204429301534,0.005092137592137585,0.023763239875389405,0.0474145299145299,0.08711926605504584,0.031354166666666725,0.00466685878962536,0.004831932773109243,0.0048439522998296415,0.007711916461916456,0.02831578947368399,0.08219354838709664,0.09837798165137614,0.08009999999999969,0.004942593659942362,0.0049932773109243695,0.006699999999999894,0.009807739557739564,0.4587988826815642,0.3770833333333333,0.38584838823946155,0.45763888888888893,0.8760504201680671,0.375,0.4587988826815642,0.4739304812834224,2.181658031088083,2.164097363083164,0.4945270988310308,2.123109243697479,2.12625,0.475,2.12625,2.179483967935872,2.3408290155440414,2.332048681541582,0.6869387755102034,2.3115546218487397,2.313125,0.4875,2.313125,2.3397419839679356,2.4681658031088083,2.4664097363083166,0.9373877551020408,2.462310924369748,2.462625,0.4975,2.462625,2.4679483967935876,395.5630252100824,397.64705882353735,396.85714285715557,392.4369747899162,396.7899159663737,116164969.4117647,38627001.00840336,413.0420168067227,64493068.90756302,72106534.72268908,3692132265.9495797,2616011113.4117646,763491095.6638656,5737377826.420168,4313833196.638656,0,0,0,0,0,15.579831932773109,1.8655462184873948,3.2941176470588234,0.9915966386554621,16.756302521008404,0,0,0,0,0,63333.10924369748,19068.773109243695,658655.7310924369,47396.57142857143,73134.25210084033,1563.0924369747897,269.7478991596638,2839.714285714286,1734.5882352941176,426.77310924369743,1765.0756302521008,380.26890756302515,1920.1848739495797,2122.36974789916,530.8235294117646,0,0,0,0,0,0,0,0,0,0,0,0,0,0,0,0,0,0,0,0
1693106516,0.4017831518931638,0.41063545837183085,0.3176697700559584,0.025934729472201528,1.625058878944888,0.36681715575620744,0.17944059394836565,0.17795494180873378,0.1986133179257545,0.02469257741122966,0,0.16142484328338147,0.027273856433099822,0.5174723723723729,0.1274243916287406,4.022316907417678,7.695443977004423,49.98315421889891,0.3659545262601483,9.772032578897788,3.075417697516939,0.30864241302738643,0.6384082001637182,1.7489277119745839,0.9697825892636711,0,0.2932274556754289,0.8193729118118972,2.333310346006321,0.8433867941089492,2.984674842634936,6.980802792321114,49.31212276714807,0.23341256524981321,7.654262835609986,2.3702031602708904,0.38131126214027755,0.44488735452183503,1.5527950310558996,0.7901624771593667,0,0.13452070273615063,0.627298697961273,1.1995950450450446,0.42474797209580206,50000,100000,50000,50000,50000,50000,10000,50000,50000,20000,50000,0,6893568,2162688,220594176,0,0,2568192,0,0,2973696,0,0,0,0,5406720,477.31838444907874,0,0,5.135076435495899,198.96373056994818,493.51015801354407,0,0,306.2617362415138,3.2594202182823846,0,0,32.40134144252184,0,8.410009847496873,0,0,2162688,0,0,0,0,0,0,0,0,0,0,0,0,225292288,80490496,17997824,439984128,111808512,349663232,40591360,10944512,310304768,94294016,4952064,3993600,305532928,16195584,134160384,209375232,70692864,14462976,200048640,104079360,330756096,35819520,9732096,292098048,84344832,4055040,2568192,295477248,15003648,38252544,0,0,0,0,0,0,0,0,0,0,0,0,0,0,0,211132416,80293888,17731584,425533440,107966464,333402112,40333312,10698752,296243200,94048256,4796416,2912256,297914368,15831040,45572096,192344064,73400320,17731584,212238336,107966464,333402112,37765120,10698752,296243200,91074560,4796416,2912256,297914368,15831040,40165376,1073741824,1073741824,314572800,0,1073741824,1073741824,1073741824,314572800,1073741824,0,0,0,1073741824,314572800,2147483648,10.758649009341958,0,4.889756185092973,0,0,10.639936700999831,43478.7393491428,0,20625.61963080098,0,0,31620.277833077536,10.758649009341958,0,4.889756185092973,0,0,10.639936700999831,43478.7393491428,0,20625.61963080098,0,0,31620.277833077536,101.78386105073528,49.334093382391046,416.10615201723755,21.1956797322651,29.11252464835919,38.878320901105006,17.032575610387926,59.29235858987303,40.27647452720436,95.34153518039456,0,0,0,0,0,0,0,0,0,0,119351.994360571,121535.54956729025,1347832.7766401665,100026.21570914253,280905.9842129481,547736.8286062368,3094.5750491116723,8838.363874626737,507772.77771938295,125188.31335531903,0,0,0,0,0,0,0,0,0,0,120.52321369128043,40.80945224646318,401.37560368526636,28.142589118198874,41.16337055543248,55.74197960972065,15.111283811497527,71.70938151195514,53.537954796196594,128.22133138490096,0,0,0,0,0,0,0,0,0,0,24189.175429321116,6688.863553920299,121768.12503343487,5931.976066122407,10806.088772108313,6720.948126616368,2860.047924357231,10192.872027326042,11500.608735183332,24105.768281364166,0,0,0,0,0,0,0,0,0,0,26,6,24,10,10,2,10,50,0,0,0,0,0.009773539928486294,0.004149786019971469,0.031158301158301156,0.016094808126410835,0.0015648414985590781,0.0030168067226890756,0.0030102214650766608,0.003218082463984103,0.022168224299065422,0.041517094017094004,0.07304587155963303,0.024194130925507908,0.0043221902017291074,0.004630252100840336,0.004640204429301534,0.004992548435171386,0.023763239875389405,0.0474145299145299,0.08711926605504584,0.031354166666666725,0.00466685878962536,0.004831932773109243,0.0048439522998296415,0.007624695863746952,0.02831578947368399,0.08219354838709664,0.09837798165137614,0.08009999999999969,0.004942593659942362,0.0049932773109243695,0.006699999999999894,0.009797445255474454,0.4587988826815642,0.3770833333333333,0.38584838823946155,0.45763888888888893,0.8760504201680671,0.375,0.4587988826815642,0.4911865049279758,2.181658031088083,2.164097363083164,0.4945270988310308,2.123109243697479,2.12625,0.475,2.12625,2.1936184812442816,2.3408290155440414,2.332048681541582,0.6869387755102034,2.3115546218487397,2.313125,0.4875,2.313125,2.3468092406221404,2.4681658031088083,2.4664097363083166,0.9373877551020408,2.462310924369748,2.462625,0.4975,2.462625,2.4693618481244286,395.4789915966301,397.7142857142813,396.84033613445814,392.3529411764744,396.7563025209936,116164969.4117647,38627069.8487395,413.0420168067227,64493068.90756302,72106534.72268908,3763064384.537815,2616004573.5798316,763489718.8571428,5737376105.411764,4156924454.7226887,0,0,0,0,0,15.34453781512605,1.2941176470588234,3.2941176470588234,0.9915966386554621,16.621848739495796,0,0,0,0,0,62593.0756302521,16384,658655.7310924369,47396.57142857143,72609.34453781512,1548.2352941176468,269.4117647058823,2837.9495798319326,1712.5546218487393,422.92436974789916,1749.8655462184872,380.0504201680672,1919.1092436974789,2099.529411764706,526.9747899159663,0,0,0,0,0,0,0,0,0,0,0,0,0,0,0,0,0,0,0,0
1693106517,0.4017831518931638,0.41063545837183085,0.3176697700559584,0.031071339796172038,1.625058878944888,0.36681715575620744,0.17944059394836565,0.17795494180873378,0.1986133179257545,0.02469257741122966,0,0.16142484328338147,0.02784492604648571,0.6208769887466052,0.19386676066267164,4.022316907417678,7.695443977004423,49.98315421889891,0.4384351665423793,9.772032578897788,3.075417697516939,0.30864241302738643,0.6384082001637182,1.7489277119745839,0.9697825892636711,0,0.2932274556754289,0.8365292304687416,2.6381975999223894,1.0669416337680653,2.984674842634936,6.980802792321114,49.31212276714807,0.27964205816554766,7.654262835609986,2.3702031602708904,0.38131126214027755,0.44488735452183503,1.5527950310558996,0.7901624771593667,0,0.13452070273615063,0.6404332990691478,1.2611563833915416,0.5463517800493488,50000,100000,50000,50000,50000,50000,10000,50000,50000,20000,50000,0,6893568,2162688,220594176,0,0,2568192,0,0,2973696,0,0,0,0,5541888,477.31838444907874,0,0,6.152125279642059,198.96373056994818,493.51015801354407,0,0,306.2617362415138,3.2594202182823846,0,0,33.079772143224254,0,10.46880507578428,0,0,2162688,0,0,0,0,0,0,0,0,0,0,0,0,225292288,80490496,17997824,439984128,111808512,349663232,40591360,10944512,310304768,94294016,4952064,3993600,305532928,16195584,134160384,209375232,70692864,14462976,200048640,104079360,330756096,35819520,9732096,292098048,84344832,4055040,2568192,295477248,15003648,38252544,0,0,0,0,0,0,0,0,0,0,0,0,0,0,0,211132416,80293888,17731584,425533440,107966464,333402112,40333312,10698752,296243200,94048256,4796416,2912256,297914368,15847424,45735936,192344064,73400320,17731584,212238336,107966464,333402112,37765120,10698752,296243200,91074560,4796416,2912256,297914368,15847424,40194048,1073741824,1073741824,314572800,0,1073741824,1073741824,1073741824,314572800,1073741824,0,0,0,1073741824,314572800,2147483648,10.758649009341958,0,4.889756185092973,0,0,14.064152273528377,43478.7393491428,0,20625.61963080098,0,0,45596.33415579838,10.758649009341958,0,4.889756185092973,0,0,14.064152273528377,43478.7393491428,0,20625.61963080098,0,0,45596.33415579838,101.78386105073528,49.334093382391046,485.5239368947668,21.1956797322651,34.2132173249909,38.878320901105006,17.032575610387926,59.29235858987303,39.50133316198155,95.34153518039456,0,0,0,0,0,0,0,0,0,0,119351.994360571,121535.54956729025,1572687.8173217424,100026.21570914253,333526.4571814826,547736.8286062368,3094.5750491116723,8838.363874626737,498000.43074103637,125188.31335531903,0,0,0,0,0,0,0,0,0,0,120.52321369128043,40.80945224646318,468.3359338237115,28.142589118198874,47.90543702445534,55.74197960972065,15.111283811497527,71.70938151195514,52.50758945615349,128.22133138490096,0,0,0,0,0,0,0,0,0,0,24189.175429321116,6688.863553920299,142082.34886197586,5931.976066122407,12382.32490424112,6720.948126616368,2860.047924357231,10192.872027326042,11279.273634221057,24105.768281364166,0,0,0,0,0,0,0,0,0,0,58,22,56,12,18,2,18,94,0,0,0,0,0.009780285035629454,0.004154401154401155,0.030947265625,0.01608843537414966,0.0016149253731343283,0.003018348623853211,0.003010752688172043,0.0032171968190854872,0.022120123203285425,0.0414936440677966,0.07295036764705881,0.024197278911564632,0.004332537313432835,0.00463302752293578,0.0046422939068100355,0.004990954274353877,0.023706365503080078,0.04728283898305082,0.0870266544117647,0.030961538461538516,0.0046722388059701496,0.0048348623853211,0.004846236559139784,0.007609146341463415,0.02497535934291581,0.081155172413793,0.0982876838235294,0.07524999999999987,0.0049440000000000005,0.004996330275229358,0.007183333333333369,0.009785243902439024,0.46078431372549017,0.3739583333333334,0.3858676366217176,0.4581005586592179,0.8665966386554622,0.375,0.45438218390804597,0.49156557998483696,2.1827515400410675,2.1626543209876545,0.4945617459190915,2.1243697478991597,2.1138009049773756,0.475,2.1138009049773756,2.193892955169259,2.3413757700205338,2.3313271604938266,0.6874489795918367,2.31218487394958,2.3069004524886876,0.4875,2.3069004524886876,2.3469464775846296,2.468275154004107,2.466265432098765,0.937489795918367,2.4624369747899157,2.461380090497738,0.4975,2.461380090497738,2.4693892955169257,395.52941176471745,397.56302521009616,396.7563025210078,392.3865546218483,396.7899159664073,116164969.4117647,38627069.8487395,413.0420168067227,64493068.90756302,54079797.7815126,3763060804.840336,2672868205.7142854,763502454.3193277,5644910316.638656,4235359137.3445377,0,0,0,0,0,15.529411764705882,1.2941176470588234,3.2941176470588234,0.9915966386554621,16.705882352941178,0,0,0,0,0,63143.798319327725,16384,658655.7310924369,47396.57142857143,72962.1512605042,1564.2352941176468,268.85714285714283,2840.9915966386557,1726.4873949579833,424.8739495798319,1765.6806722689073,379.4789915966386,1921.126050420168,2114.2352941176473,528.9579831932772,0,0,0,0,0,0,0,0,0,0,0,0,0,0,0,0,0,0,0,0
1693106518,0.4017831518931638,0.41063545837183085,0.3176697700559584,0.031071339796172038,1.625058878944888,0.36681715575620744,0.17944059394836565,0.17795494180873378,0.1986133179257545,0.02469257741122966,0,0.16142484328338147,0.028415995659871594,0.6208769887466052,0.19386676066267158,4.022316907417678,7.695443977004423,49.98315421889891,0.4384351665423793,9.772032578897788,3.075417697516939,0.30864241302738643,0.6384082001637182,1.7489277119745839,0.9697825892636711,0,0.2932274556754289,0.853685549125586,2.6381975999223894,1.0669416337680653,2.984674842634936,6.980802792321114,49.31212276714807,0.27964205816554766,7.654262835609986,2.3702031602708904,0.38131126214027755,0.44488735452183503,1.5527950310558996,0.7901624771593667,0,0.13452070273615063,0.6535679001770227,1.2611563833915416,0.5463517800493488,50000,100000,50000,50000,50000,50000,10000,50000,50000,20000,50000,0,6893568,2162688,220594176,0,0,2568192,0,0,2973696,0,0,0,0,5541888,477.31838444907874,0,0,6.152125279642059,198.96373056994818,493.51015801354407,0,0,306.2617362415138,3.2594202182823846,0,0,33.758202843926675,0,10.468805075784278,0,0,2162688,0,0,0,0,0,0,0,0,0,0,0,0,225292288,80490496,17997824,439984128,111808512,349663232,40591360,10944512,310304768,94294016,4952064,3993600,305532928,16195584,134160384,209375232,70692864,14462976,200048640,104079360,330756096,35819520,9732096,292098048,84344832,4055040,2568192,295477248,15003648,38252544,0,0,0,0,0,0,0,0,0,0,0,0,0,0,0,211132416,80293888,17731584,425533440,107966464,333402112,40333312,10698752,296243200,94048256,4796416,2912256,297914368,15847424,45735936,192344064,73400320,17731584,212238336,107966464,333402112,37765120,10698752,296243200,91074560,4796416,2912256,297914368,15847424,40194048,1073741824,1073741824,314572800,0,1073741824,1073741824,1073741824,314572800,1073741824,0,0,0,1073741824,314572800,2147483648,10.758649009341958,0,4.889756185092973,0,0,14.064152273528373,43478.7393491428,0,20625.61963080098,0,0,45596.33415579837,10.758649009341958,0,4.889756185092973,0,0,14.064152273528373,43478.7393491428,0,20625.61963080098,0,0,45596.33415579837,101.78386105073528,49.334093382391046,485.5239368947668,21.1956797322651,34.2132173249909,38.878320901105006,17.032575610387926,59.29235858987303,38.72619179675875,95.34153518039456,0,0,0,0,0,0,0,0,0,0,119351.994360571,121535.54956729025,1572687.8173217424,100026.21570914253,333526.4571814826,547736.8286062368,3094.5750491116723,8838.363874626737,488228.0837626898,125188.31335531903,0,0,0,0,0,0,0,0,0,0,120.52321369128043,40.80945224646318,468.3359338237115,28.142589118198874,47.90543702445534,55.74197960972065,15.111283811497527,71.70938151195514,51.47722411611038,128.22133138490096,0,0,0,0,0,0,0,0,0,0,24189.175429321116,6688.863553920299,142082.34886197586,5931.976066122407,12382.32490424112,6720.948126616368,2860.047924357231,10192.872027326042,11057.93853325878,24105.768281364166,0,0,0,0,0,0,0,0,0,0,42,26,56,12,16,2,14,70,0,0,0,0,0.009780285035629454,0.004154401154401155,0.030947265625,0.01608843537414966,0.0015391304347826087,0.0030168067226890756,0.003010204081632653,0.0032171968190854872,0.022120123203285425,0.0414936440677966,0.07295036764705881,0.024197278911564632,0.004317101449275363,0.004630252100840336,0.004640136054421769,0.004990954274353877,0.023706365503080078,0.04728283898305082,0.0870266544117647,0.030961538461538516,0.004664347826086957,0.004831932773109243,0.004843877551020408,0.007609146341463415,0.02497535934291581,0.081155172413793,0.0982876838235294,0.07524999999999987,0.004942144927536232,0.0049932773109243695,0.006683333333333369,0.009785243902439024,0.46078431372549017,0.3739583333333334,0.3858676366217176,0.4581005586592179,0.8771008403361346,0.375,0.4591480446927374,0.49156557998483696,2.1827515400410675,2.1626543209876545,0.4945617459190915,2.1243697478991597,2.1271784232365145,0.475,2.1271784232365145,2.193892955169259,2.3413757700205338,2.3313271604938266,0.6874489795918367,2.31218487394958,2.313589211618257,0.4875,2.313589211618257,2.3469464775846296,2.468275154004107,2.466265432098765,0.937489795918367,2.4624369747899157,2.4627178423236518,0.4975,2.4627178423236518,2.4693892955169257,395.56302521009377,397.5966386554666,396.8235294117675,392.2352941176445,396.8067226890845,116164969.4117647,38627069.8487395,413.0420168067227,64493068.90756302,54079591.2605042,3692101976.2016807,2729724471.932773,763431548.7731092,5552415270.722689,4156923766.3193274,0,0,0,0,0,15.596638655462185,1.2941176470588234,3.2941176470588234,0.9579831932773109,16.80672268907563,0,0,0,0,0,63324.50420168067,16384,658655.7310924369,46914.68907563025,73246.11764705883,1570.5042016806722,269.94957983193274,2838.18487394958,1737.2268907563025,426.7226890756302,1772.2857142857142,380.5882352941176,1918.3529411764705,2125.882352941176,530.9411764705882,0,0,0,0,0,0,0,0,0,0,0,0,0,0,0,0,0,0,0,0
1693106519,0.4017831518931638,0.41063545837183085,0.3176697700559584,0.04469873055605225,1.625058878944888,0.36681715575620744,0.17944059394836565,0.17795494180873378,0.1986133179257545,0.02469257741122966,0,0.1816530426884652,0.0396457872527335,0.6208769887466052,0.19386676066267158,4.022316907417678,7.695443977004423,49.98315421889891,0.44646388789558367,9.772032578897788,3.075417697516939,0.30864241302738643,0.6384082001637182,1.7489277119745839,0.9697825892636711,0,0.3015574822888287,0.8033403233276929,2.6381975999223894,1.0669416337680653,2.984674842634936,6.980802792321114,49.31212276714807,0.24584301805828587,7.654262835609986,2.3702031602708904,0.38131126214027755,0.44488735452183503,1.5527950310558996,0.7901624771593667,0,0.14532243415077176,0.5748639151646336,1.2611563833915416,0.5463517800493488,50000,100000,50000,50000,50000,50000,10000,50000,50000,20000,50000,0,6893568,2162688,220594176,0,0,2568192,0,0,2973696,0,0,0,0,5541888,477.31838444907874,0,0,4.425174325049169,198.96373056994818,493.51015801354407,0,0,306.2617362415138,3.2594202182823846,0,15.5858310626703,26.16621958680409,0,10.468805075784278,0,0,2162688,0,0,0,0,0,0,0,0,0,0,0,0,225292288,80490496,17997824,439984128,111808512,349663232,40591360,10944512,310304768,94294016,4952064,3993600,305532928,16195584,134160384,209375232,70692864,14462976,200048640,104079360,330756096,35819520,9732096,292098048,84344832,4055040,2568192,295477248,15003648,38252544,0,0,0,0,0,0,0,0,0,0,0,0,0,0,0,211132416,80293888,17731584,425537536,107966464,333402112,40333312,10698752,296243200,94048256,4796416,2912256,297783296,15847424,45735936,192344064,73400320,17731584,212242432,107966464,333402112,37765120,10698752,296243200,91074560,4796416,2912256,297783296,15847424,40194048,1073741824,1073741824,314572800,0,1073741824,1073741824,1073741824,314572800,1073741824,0,0,0,1073741824,314572800,2147483648,10.758649009341958,0,4.889756185092973,0,0.05449591280653951,14.064152273528373,43478.7393491428,0,20625.61963080098,0,809.1553133514986,45596.33415579837,10.758649009341958,0,4.889756185092973,0,0.05449591280653951,14.064152273528373,43478.7393491428,0,20625.61963080098,0,809.1553133514986,45596.33415579837,101.78386105073528,49.334093382391046,485.5239368947668,21.07843137254902,34.2132173249909,38.878320901105006,17.032575610387926,59.29235858987303,37.95105043153594,95.34153518039456,0,0,0,0,0,0,0,0,0,0,119351.994360571,121535.54956729025,1572687.8173217424,99721.40522875817,333526.4571814826,547736.8286062368,3094.5750491116723,8838.363874626737,478455.73678434326,125188.31335531903,0,0,0,0,0,0,0,0,0,0,120.52321369128043,40.80945224646318,468.3359338237115,27.941176470588236,47.90543702445534,55.74197960972065,15.111283811497527,71.70938151195514,50.446858776067266,128.22133138490096,0,0,0,0,0,0,0,0,0,0,24189.175429321116,6688.863553920299,142082.34886197586,5824.110384894699,12382.32490424112,6720.948126616368,2860.047924357231,10192.872027326042,10836.603432296504,24105.768281364166,0,0,0,0,0,0,0,0,0,0,41.036,15.952,37.773,10,13.326,2,10,55.928,0,0,0,0,0.009780367464692326,0.004154406254982165,0.030947265625000005,0.01608838373964555,0.0015398006524942978,0.0030168067226890756,0.003010204081632653,0.003217197748456139,0.022120164926604822,0.04149369536326879,0.07295036764705884,0.0241972670447283,0.004317230839285447,0.004630252100840336,0.004640136054421769,0.004990955947221051,0.023706387156583447,0.0472828369077862,0.0870266544117647,0.030961356102896125,0.0046644096126343395,0.004831932773109243,0.004843877551020408,0.007609156735466535,0.024975364940566347,0.08115500601843002,0.09828768382352943,0.07524981092913569,0.004942152631313455,0.0049932773109243695,0.006683333333333369,0.009785245809679627,0.4606660442888836,0.3739839097748571,0.3858676366217176,0.45810334410572845,0.8770026534108085,0.375,0.4591480446927374,0.4915723222354682,2.182694695206282,2.16266189919255,0.4945617459190915,2.12437731054306,2.127063900414938,0.475,2.1271784232365145,2.1938979508041134,2.341347347603141,2.331330949596275,0.687448979591837,2.31218865527153,2.3135319502074685,0.4875,2.313589211618257,2.3469489754020563,2.4682694695206284,2.466266189919255,0.9374897959183678,2.462437731054306,2.4627063900414936,0.4975,2.4627178423236518,2.4693897950804113,392.7589841807839,397.6134453781569,396.9152542372962,392.2352941176342,396.70588235294247,116344992.29938984,38627069.8487395,416.54237288135596,64493068.90756302,54079384.7394958,3626779303.7647552,2672824354.420168,769903598.6440678,5460014398.386555,4235374832.9411764,0,0,0,0,0,15.553477966101696,1.1932773109243697,3.3220338983050848,0.9243697478991596,16.941176470588236,0,0,0,0,0,63241.65336949153,15557.915966386554,664237.5593220339,46794.21848739496,73745.2100840336,1562.8215457627118,268.85714285714283,2837.4576271186443,1745.0588235294117,429.2268907563025,1763.6364723163842,378.85714285714283,1917.1525423728815,2133.159663865546,533.4453781512605,0,0,0,0,0,0,0,0,0,0,0,0,0,0,0,0,0,0,0,0
1693106520,0.4017831518931638,0.41063545837183085,0.3176697700559584,0.04469873055605225,1.625058878944888,0.36681715575620744,0.17944059394836565,0.19682133543276054,0.13014140950047234,0.02469257741122966,0,0.1816530426884652,0.047061038166502,0.6208769887466052,0.19386676066267158,4.022316907417678,7.695443977004423,49.98315421889891,0.44646388789558367,9.772032578897788,3.075417697516939,0.30864241302738643,0.6302013211632134,0.9655995531511705,0.9697825892636711,0,0.3015574822888287,0.9535951291825578,2.6381975999223894,1.0669416337680653,2.984674842634936,6.980802792321114,49.31212276714807,0.24584301805828587,7.654262835609986,2.3702031602708904,0.38131126214027755,0.4182453377946168,0.802538691919573,0.7901624771593667,0,0.14532243415077176,0.6823850534142764,1.2611563833915416,0.5463517800493488,50000,100000,50000,50000,50000,50000,10000,50000,50000,20000,50000,0,6893568,2162688,220594176,0,0,2568192,0,0,2973696,0,0,0,0,5541888,477.31838444907874,0,0,4.425174325049169,198.96373056994818,493.51015801354407,0,0,74.44088623427011,3.2594202182823846,0,15.5858310626703,31.060285189891292,0,10.468805075784278,0,0,2162688,0,0,0,0,0,0,0,0,0,0,0,0,225292288,80490496,17997824,439984128,111808512,349663232,40591360,10944512,310304768,94294016,4952064,3993600,305532928,16195584,134160384,209375232,70692864,14462976,200048640,104079360,330756096,35819520,9732096,292098048,84344832,4055040,2568192,295477248,15003648,38252544,0,0,0,0,0,0,0,0,0,0,0,0,0,0,0,211132416,80293888,17731584,425537536,107966464,333402112,40333312,10698752,296243200,94048256,4796416,2912256,297783296,15847424,45735936,192344064,73400320,17731584,212242432,107966464,333402112,37765120,10698752,296243200,91074560,4796416,2912256,297783296,15847424,40194048,1073741824,1073741824,314572800,0,1073741824,1073741824,1073741824,314572800,1073741824,0,0,0,1073741824,314572800,2147483648,10.758649009341958,0,4.889756185092973,0,0.05449591280653951,14.064152273528373,43478.7393491428,0,20625.61963080098,0,809.1553133514986,45596.33415579837,10.758649009341958,0,4.889756185092973,0,0.05449591280653951,14.064152273528373,43478.7393491428,0,20625.61963080098,0,809.1553133514986,45596.33415579837,101.78386105073528,42.21628002049829,485.5239368947668,21.07843137254902,33.96945698790533,31.163847158523225,17.032575610387926,59.29235858987303,37.17590906631314,91.89566712332447,0,0,0,0,0,0,0,0,0,0,119351.994360571,104000.67055472065,1572687.8173217424,99721.40522875817,333857.1104404457,443036.9741912234,3094.5750491116723,8838.363874626737,468683.3898059967,123954.14618422114,0,0,0,0,0,0,0,0,0,0,120.52321369128043,34.92155516401513,468.3359338237115,27.941176470588236,47.312169552293,44.75783302035559,15.111283811497527,71.70938151195514,49.416493436024155,124.3989577457222,0,0,0,0,0,0,0,0,0,0,24189.175429321116,5723.809184501909,142082.34886197586,5824.110384894699,11984.229276815904,5361.818836445054,2860.047924357231,10192.872027326042,10615.268331334228,23291.616299997317,0,0,0,0,0,0,0,0,0,0,16,12,30,8,6,2,6,70.998,0,0,0,0,0.009780285035629454,0.004154401154401155,0.030947265625,0.01608843537414966,0.0015391304347826087,0.0030168067226890756,0.003010204081632653,0.0032249350649350647,0.022120123203285425,0.0414936440677966,0.07295036764705881,0.024197278911564632,0.004317101449275363,0.004630252100840336,0.004640136054421769,0.005057881773399017,0.023706365503080078,0.04728283898305082,0.0870266544117647,0.030961538461538516,0.004664347826086957,0.004831932773109243,0.004843877551020408,0.007695197044334968,0.02497535934291581,0.081155172413793,0.0982876838235294,0.07524999999999987,0.004942144927536232,0.0049932773109243695,0.006683333333333369,0.009805049261083741,0.46078431372549017,0.3739583333333334,0.3858676366217176,0.4581005586592179,0.8771008403361346,0.375,0.4591480446927374,0.47641329258976317,2.1827515400410675,2.1626543209876545,0.4945617459190915,2.1243697478991597,2.1271784232365145,0.475,2.1271784232365145,2.1816402378592668,2.3413757700205338,2.3313271604938266,0.6874489795918367,2.31218487394958,2.313589211618257,0.4875,2.313589211618257,2.340820118929633,2.468275154004107,2.466265432098765,0.937489795918367,2.4624369747899157,2.4627178423236518,0.4975,2.4627178423236518,2.468164023785927,395.4957983193295,397.68067226892185,396.7563025210066,392.26890756302566,396.68907563024965,116164969.4117647,38627069.8487395,413.0420168067227,64493068.90756302,54079384.7394958,3692159664.4033613,2615948124.5042014,763517461.512605,5552442806.857142,4156941251.7647057,0,0,0,0,0,15.61344537815126,1.1932773109243697,2.5546218487394956,0.9243697478991596,16.907563025210084,0,0,0,0,0,63393.34453781512,15557.915966386554,484627.3613445378,46794.21848739496,73633.34453781512,1560.487394957983,266.3361344537815,2837.6470588235293,1737.4621848739494,427.59663865546213,1763.2773109243697,377.1596638655462,1915.4285714285713,2124.5042016806724,531.7815126050419,0,0,0,0,0,0,0,0,0,0,0,0,0,0,0,0,0,0,0,0
1693106521,0.4239084357778724,0.3948719298707451,0.3176697700559584,0.04469873055605225,1.625058878944888,0.36681715575620744,0.17944059394836565,0.19682133543276054,0.1326939275595376,0.02469257741122966,0,0.1816530426884652,0.047061038166502,0.6208769887466052,0.19347765333103994,3.452151239932181,7.669272145734077,49.98315421889891,0.44646388789558367,9.772032578897788,3.075417697516939,0.30864241302738643,0.6302013211632134,0.9845382622577041,0.9697825892636711,0,0.3015574822888287,0.9535951291825578,2.6381975999223894,1.0489809145043754,2.543450614667216,6.923421170400388,49.31212276714807,0.24584301805828587,7.654262835609986,2.3702031602708904,0.38131126214027755,0.4182453377946168,0.8182792199504756,0.7901624771593667,0,0.14532243415077176,0.6823850534142764,1.2611563833915416,0.5374379259195563,50000,100000,50000,50000,50000,50000,10000,50000,50000,20000,50000,0,6893568,2162688,220594176,0,0,2568192,0,0,2973696,0,0,0,0,5541888,232.56676557863503,0,0,4.425174325049169,198.96373056994818,493.51015801354407,0,0,75.90092656405544,3.2594202182823846,0,15.5858310626703,31.060285189891292,0,9.931852870993401,0,0,2162688,0,0,0,0,0,0,0,0,0,0,0,0,225292288,80490496,17997824,439984128,111808512,349663232,40591360,10944512,310304768,94294016,4952064,3993600,305532928,16195584,134160384,209375232,70692864,14462976,200048640,104079360,330756096,35819520,9732096,292098048,84344832,4055040,2568192,295477248,15003648,38252544,0,0,0,0,0,0,0,0,0,0,0,0,0,0,0,211132416,80293888,17731584,425537536,107966464,333402112,40333312,10698752,296243200,94048256,4796416,2912256,297783296,15847424,45735936,192344064,73400320,17731584,212242432,107966464,333402112,37765120,10698752,296243200,91074560,4796416,2912256,297783296,15847424,40194048,1073741824,1073741824,314572800,0,1073741824,1073741824,1073741824,314572800,1073741824,0,0,0,1073741824,314572800,2147483648,10.793166083133704,0,4.889756185092973,0,0.05449591280653951,14.059376142055592,44842.28815120963,0,20625.61963080098,0,809.1553133514986,46426.38175290754,10.793166083133704,0,4.889756185092973,0,0.05449591280653951,14.059376142055592,44842.28815120963,0,20625.61963080098,0,809.1553133514986,46426.38175290754,87.07700134138162,41.39404513079177,485.5239368947668,21.07843137254902,33.96945698790533,31.805451530581536,17.032575610387926,59.29235858987303,36.40076770109034,91.89566712332447,0,0,0,0,0,0,0,0,0,0,103372.01555197853,101975.07806193247,1572687.8173217424,99721.40522875817,333857.1104404457,452158.26329839416,3094.5750491116723,8838.363874626737,458911.0428276502,123954.14618422114,0,0,0,0,0,0,0,0,0,0,103.26755130784707,34.24139762657408,468.3359338237115,27.941176470588236,47.312169552293,45.679311719812695,15.111283811497527,71.70938151195514,48.38612809598105,124.3989577457222,0,0,0,0,0,0,0,0,0,0,20630.74963335569,5612.328125269903,142082.34886197586,5824.110384894699,11984.229276815904,5472.208493734426,2860.047924357231,10192.872027326042,10393.933230371955,23291.616299997317,0,0,0,0,0,0,0,0,0,0,32,28,44,2,4,2,2,36,0,0,0,0,0.009780285035629454,0.004154401154401155,0.030947265625,0.01608843537414966,0.0015391304347826087,0.0030168067226890756,0.003010204081632653,0.003216416070988415,0.022120123203285425,0.0414936440677966,0.07295036764705881,0.024197278911564632,0.004317101449275363,0.004630252100840336,0.004640136054421769,0.004989548927779147,0.023706365503080078,0.04728283898305082,0.0870266544117647,0.030961538461538516,0.004664347826086957,0.004831932773109243,0.004843877551020408,0.007599514563106796,0.02497535934291581,0.081155172413793,0.0982876838235294,0.07524999999999987,0.004942144927536232,0.0049932773109243695,0.006683333333333369,0.009782038834951457,0.46078431372549017,0.3739583333333334,0.3858676366217176,0.4581005586592179,0.8771008403361346,0.375,0.4591480446927374,0.494882486732373,2.1827515400410675,2.1626543209876545,0.4945617459190915,2.1243697478991597,2.1271784232365145,0.475,2.1271784232365145,2.1963529941467805,2.3413757700205338,2.3313271604938266,0.6874489795918367,2.31218487394958,2.313589211618257,0.4875,2.313589211618257,2.34817649707339,2.468275154004107,2.466265432098765,0.937489795918367,2.4624369747899157,2.4627178423236518,0.4975,2.4627178423236518,2.469635299414678,395.41176470588465,397.7815126050555,396.638655462172,392.21848739495346,396.6218487394984,116164969.4117647,38627069.8487395,413.0420168067227,64493068.90756302,54079384.7394958,3692106106.6218486,2559111340.10084,763510439.7983193,5460029336.739495,4313870439.260504,0,0,0,0,0,15.731092436974789,1.2941176470588234,2.5546218487394956,1.0084033613445378,16.823529411764707,0,0,0,0,0,63694.52100840336,15996.773109243697,484627.3613445378,47362.1512605042,73435.42857142857,1559.9831932773109,269.74789915966386,2834.470588235294,1735.5798319327732,428.5042016806722,1762.218487394958,380.2521008403361,1912.3193277310925,2121.798319327731,532.655462184874,0,0,0,0,0,0,0,0,0,0,0,0,0,0,0,0,0,0,0,0
1693106522,0.4239084357778724,0.3948719298707451,0.3176697700559584,0.04469873055605225,1.674236352302074,0.36681715575620744,0.17944059394836565,0.19682133543276054,0.1531510835439162,0.02469257741122966,0,0.1816530426884652,0.047061038166502,0.6208769887466052,0.19347765333103994,3.452151239932181,7.669272145734077,49.98315421889891,0.44646388789558367,9.876536655089502,3.075417697516939,0.30864241302738643,0.6302013211632134,1.136322546392018,0.9697825892636711,0,0.3015574822888287,0.9535951291825578,2.6381975999223894,1.0489809145043754,2.543450614667216,6.923421170400388,49.31212276714807,0.24584301805828587,7.7121738356042355,2.3702031602708904,0.38131126214027755,0.4182453377946168,0.9444316818541425,0.7901624771593667,0,0.14532243415077176,0.6823850534142764,1.2611563833915416,0.5374379259195563,50000,100000,50000,50000,50000,50000,10000,50000,50000,20000,50000,0,6893568,2162688,220594176,0,0,2568192,0,0,2973696,0,0,0,0,5541888,232.56676557863503,0,0,4.425174325049169,209.24392198771037,493.51015801354407,0,0,87.60241978711998,3.2594202182823846,0,15.5858310626703,31.060285189891292,0,9.931852870993401,0,0,2162688,0,0,0,0,0,0,0,0,0,0,0,0,225292288,80490496,17997824,439984128,111808512,349663232,40591360,10944512,310304768,94294016,4952064,3993600,305532928,16195584,134160384,209375232,70692864,14462976,200048640,104079360,330756096,35819520,9732096,292098048,84344832,4055040,2568192,295477248,15003648,38252544,0,0,0,0,0,0,0,0,0,0,0,0,0,0,0,211132416,80293888,17731584,425537536,107945984,333402112,40333312,10698752,296243200,94048256,4796416,2912256,297783296,15847424,45735936,192344064,73400320,17731584,212242432,107945984,333402112,37765120,10698752,296243200,91074560,4796416,2912256,297783296,15847424,40194048,1073741824,1073741824,314572800,0,1073741824,1073741824,1073741824,314572800,1073741824,0,0,0,1073741824,314572800,2147483648,10.793166083133704,0,4.889756185092973,0,0.05449591280653951,14.059376142055592,44842.28815120963,0,20625.61963080098,0,809.1553133514986,46426.38175290754,10.793166083133704,0,4.889756185092973,0,0.05449591280653951,14.059376142055592,44842.28815120963,0,20625.61963080098,0,809.1553133514986,46426.38175290754,99.55734406438633,40.57181024108526,485.5239368947668,21.07843137254902,33.96945698790533,26.650000000000002,17.032575610387926,59.29235858987303,46.061143110323435,91.89566712332447,0,0,0,0,0,0,0,0,0,0,118187.84708249498,99949.48556914432,1572687.8173217424,99721.40522875817,333857.1104404457,378866.42500000005,3094.5750491116723,8838.363874626737,588727.8334071776,123954.14618422114,0,0,0,0,0,0,0,0,0,0,118.06841046277667,33.56124008913303,468.3359338237115,27.941176470588236,47.312169552293,38.275,15.111283811497527,71.70938151195514,61.03677447939742,124.3989577457222,0,0,0,0,0,0,0,0,0,0,23587.659289067742,5500.847066037899,142082.34886197586,5824.110384894699,11984.229276815904,4585.2,2860.047924357231,10192.872027326042,12915.03766061143,23291.616299997317,0,0,0,0,0,0,0,0,0,0,34,10,36,6,10,2,6,40,0,0,0,0,0.009766899766899765,0.00414367816091954,0.03093236903831118,0.015970394736842107,0.0016272189349112428,0.003,0.0029964664310954065,0.0032202599950944323,0.022109756097560974,0.04137711864406778,0.0727197802197802,0.023878289473684214,0.0043349112426035495,0.0046,0.00461625441696113,0.004996467991169978,0.023699695121951216,0.047171610169491514,0.08672619047619047,0.02486677631578947,0.004673372781065089,0.0048,0.004818727915194346,0.007632387706855791,0.024971646341463413,0.08046428571428556,0.09793131868131867,0.04672826086956521,0.0049441420118343194,0.00496,0.004980706713780919,0.00977234042553192,0.4598337950138504,0.3770833333333333,0.38583481349911186,0.45868055555555554,0.8651452282157677,0.375,0.4540598290598291,0.49213483146067416,2.1823350253807106,2.163729508196721,0.49450266429840145,2.125933609958506,2.111764705882353,0.475,2.1128378378378376,2.1943268797838815,2.3411675126903546,2.3318647540983606,0.686577868852459,2.312966804979253,2.3058823529411767,0.4875,2.3064189189189186,2.3471634398919403,2.468233502538071,2.466372950819672,0.9373155737704917,2.4625933609958506,2.461176470588235,0.4975,2.461283783783783,2.4694326879783874,395.56302521009576,397.7310924369585,396.6386554621629,392.3025210084058,396.6218487394789,132760033.88235293,38627069.8487395,413.0420168067227,64493068.90756302,54079384.7394958,3692138668.10084,2502309870.789916,763524896.2689075,5552522937.008403,4313866721.882353,0,0,0,0,0,15.831932773109243,1.2941176470588234,4.655462184873949,0.9747899159663865,16.789915966386555,0,0,0,0,0,63995.69747899159,15996.773109243697,992049.4789915966,47258.89075630252,73297.74789915966,1557.3109243697477,269.4117647058823,2832.924369747899,1726.8907563025211,427.3949579831932,1758.8403361344538,379.88235294117646,1910.7563025210084,2111.8655462184875,531.6302521008403,0,0,0,0,0,0,0,0,0,0,0,0,0,0,0,0,0,0,0,0
1693106523,0.4239084357778724,0.3948719298707451,0.27273273383345936,0.04469873055605225,1.674236352302074,0.36681715575620744,0.17918577981651354,0.19682133543276054,0.1531510835439162,0.02469257741122966,0,0.1816530426884652,0.047061038166502,0.6208769887466052,0.19347765333103994,3.452151239932181,7.669272145734077,42.91262052835051,0.44646388789558367,9.876536655089502,3.075417697516939,0.31142033221043536,0.6302013211632134,1.136322546392018,0.9697825892636711,0.00004478646110224928,0.3015574822888287,0.9535951291825578,2.6381975999223894,1.0489809145043754,2.543450614667216,6.923421170400388,42.33651206737859,0.24584301805828587,7.7121738356042355,2.3702031602708904,0.34045298165137605,0.4182453377946168,0.9444316818541425,0.7901624771593667,0,0.14532243415077176,0.6823850534142764,1.2611563833915416,0.5374379259195563,50000,100000,50000,50000,50000,50000,10000,50000,50000,20000,50000,0,6893568,2162688,220594176,0,0,2703360,0,0,2973696,0,0,0,0,5541888,232.56676557863503,0,0,4.425174325049169,209.24392198771037,493.51015801354407,0,0,87.60241978711998,3.2594202182823846,0,15.5858310626703,31.060285189891292,0,9.931852870993401,0,0,2162688,0,0,0,0,0,0,0,0,0,0,0,0,225292288,80490496,17997824,439984128,111808512,349663232,40620032,10944512,310304768,94294016,4952064,3993600,305532928,16195584,134160384,209375232,70692864,14462976,200048640,104079360,330756096,35819520,9732096,292098048,84344832,4055040,2568192,295477248,15003648,38252544,0,0,0,0,0,0,0,0,0,0,0,0,0,0,0,211132416,80293888,17731584,425537536,107945984,333402112,40361984,10698752,296243200,94048256,4796416,2912256,297783296,15847424,45735936,192344064,73400320,17731584,212242432,107945984,333402112,37793792,10698752,296243200,91074560,4796416,2912256,297783296,15847424,40194048,1073741824,1073741824,314572800,0,1073741824,1073741824,1073741824,314572800,1073741824,0,0,0,1073741824,314572800,2147483648,10.793166083133704,0,4.891771788990826,0,0.05449591280653951,14.059376142055592,44842.28815120963,0,20220.183486238533,0,809.1553133514986,46426.38175290754,10.793166083133704,0,4.891771788990826,0,0.05449591280653951,14.059376142055592,44842.28815120963,0,20220.183486238533,0,809.1553133514986,46426.38175290754,99.55734406438633,39.749575351378745,485.5239368947668,21.07843137254902,33.96945698790533,38.71170322522766,17.032575610387926,58.34577485816662,46.061143110323435,91.89566712332447,0,0,0,0,0,0,0,0,0,0,118187.84708249498,97923.89307635615,1572687.8173217424,99721.40522875817,333857.1104404457,550025.0975642579,3094.5750491116723,8688.862346969245,588727.8334071776,123954.14618422114,0,0,0,0,0,0,0,0,0,0,118.06841046277667,32.881082551691975,468.3359338237115,27.941176470588236,47.312169552293,54.680841519759575,15.111283811497527,70.97641086891609,61.03677447939742,124.3989577457222,0,0,0,0,0,0,0,0,0,0,23587.659289067742,5389.366006805894,142082.34886197586,5824.110384894699,11984.229276815904,6594.222401650743,2860.047924357231,10063.451776649747,12915.03766061143,23291.616299997317,0,0,0,0,0,0,0,0,0,0,46,18,52,6,8,2,6,82,0,0,0,0,0.009766899766899765,0.00414367816091954,0.03093236903831118,0.015970394736842107,0.0015517241379310342,0.003,0.0029966442953020134,0.0032202599950944323,0.022109756097560974,0.04137711864406778,0.0727197802197802,0.023878289473684214,0.004319540229885057,0.0046,0.004615436241610738,0.004996467991169978,0.023699695121951216,0.047171610169491514,0.08672619047619047,0.02486677631578947,0.004665517241379311,0.0048,0.004817785234899329,0.007632387706855791,0.024971646341463413,0.08046428571428556,0.09793131868131867,0.04672826086956521,0.004942298850574712,0.00496,0.004979664429530201,0.00977234042553192,0.4598337950138504,0.3770833333333333,0.38583481349911186,0.45868055555555554,0.8755186721991701,0.375,0.45879501385041555,0.49213483146067416,2.1823350253807106,2.163729508196721,0.49450266429840145,2.125933609958506,2.125311203319502,0.475,2.1262396694214876,2.1943268797838815,2.3411675126903546,2.3318647540983606,0.686577868852459,2.312966804979253,2.312655601659751,0.4875,2.313119834710744,2.3471634398919403,2.468233502538071,2.466372950819672,0.9373155737704917,2.4625933609958506,2.4625311203319495,0.4975,2.4626239669421484,2.4694326879783874,395.529411764689,397.7983193277357,396.68907563024806,392.10084033611554,396.62184873949644,132760033.88235293,38627069.8487395,413.0420168067227,64493068.90756302,54079384.7394958,3692155120.9411764,2616061229.1764703,763520697.0084033,5552520871.798319,4235413727.7310925,0,0,0,0,0,15.714285714285714,1.2941176470588234,4.655462184873949,0.9747899159663865,16.789915966386555,0,0,0,0,0,62790.991596638654,15996.773109243697,992049.4789915966,47258.89075630252,73401.00840336134,1552.3025210084033,269.34453781512605,2833.5966386554624,1731.2941176470588,428.90756302521004,1754.3697478991596,379.94957983193274,1910.235294117647,2116.067226890756,533.1260504201681,0,0,0,0,0,0,0,0,0,0,0,0,0,0,0,0,0,0,0,0
1693106524,0.4239084357778724,0.33874856310492174,0.2674382376658601,0.04469873055605225,1.674236352302074,0.36681715575620744,0.17918577981651354,0.19682133543276054,0.1531510835439162,0.02469257741122966,0,0.21971985718209305,0.047061038166502,0.6208769887466052,0.19347765333103994,3.452151239932181,6.5792342349541455,42.07956795803553,0.44646388789558367,9.876536655089502,3.075417697516939,0.31142033221043536,0.6302013211632134,1.136322546392018,0.9697825892636711,0.00004478646110224928,0.3040786102719032,0.9535951291825578,2.6381975999223894,1.0489809145043754,2.543450614667216,5.939391473106288,41.51464335459279,0.24584301805828587,7.7121738356042355,2.3702031602708904,0.34045298165137605,0.4182453377946168,0.9444316818541425,0.7901624771593667,0,0.1647898928865698,0.6823850534142764,1.2611563833915416,0.5374379259195563,50000,100000,50000,50000,50000,50000,10000,50000,50000,20000,50000,0,6893568,2162688,220594176,0,0,2703360,0,0,2973696,0,0,0,0,5541888,232.56676557863503,0,0,4.425174325049169,209.24392198771037,493.51015801354407,0,0,87.60241978711998,3.2594202182823846,0,23.564954682779458,31.060285189891292,0,9.931852870993401,0,0,2162688,0,0,0,0,0,0,0,0,0,0,0,0,225292288,80490496,17997824,439984128,111808512,349663232,40620032,10944512,310304768,94294016,4952064,3993600,305532928,16195584,134160384,209375232,70692864,14462976,200048640,104079360,330756096,35819520,9732096,292098048,84344832,4055040,2568192,295477248,15003648,38252544,0,0,0,0,0,0,0,0,0,0,0,0,0,0,0,211132416,80293888,17731584,425537536,107945984,333402112,40361984,10698752,296243200,94048256,4796416,2912256,297783296,15847424,45735936,192344064,73400320,17731584,212242432,107945984,333402112,37793792,10698752,296243200,91074560,4796416,2912256,297783296,15847424,40194048,1073741824,1073741824,314572800,0,1073741824,1073741824,1073741824,314572800,1073741824,0,0,0,1073741824,314572800,2147483648,9.259127391534532,0,4.891771788990826,0,0.08239494644328482,14.059376142055592,38468.8288238959,0,20220.183486238533,0,1223.400164789893,46426.38175290754,9.259127391534532,0,4.891771788990826,0,0.08239494644328482,14.059376142055592,38468.8288238959,0,20220.183486238533,0,1223.400164789893,46426.38175290754,99.55734406438633,50.085113103908185,485.5239368947668,20.90374620125536,33.96945698790533,38.71170322522766,17.032575610387926,58.34577485816662,46.061143110323435,91.89566712332447,0,0,0,0,0,0,0,0,0,0,118187.84708249498,120763.139883825,1572687.8173217424,99262.43290067879,333857.1104404457,550025.0975642579,3094.5750491116723,8688.862346969245,588727.8334071776,123954.14618422114,0,0,0,0,0,0,0,0,0,0,118.06841046277667,41.25791902848218,468.3359338237115,27.862194325314547,47.312169552293,54.680841519759575,15.111283811497527,70.97641086891609,61.03677447939742,124.3989577457222,0,0,0,0,0,0,0,0,0,0,23587.659289067742,6805.3454539073055,142082.34886197586,5768.553494845067,11984.229276815904,6594.222401650743,2860.047924357231,10063.451776649747,12915.03766061143,23291.616299997317,0,0,0,0,0,0,0,0,0,0,16,24,56,8,2,2,2,70,0,0,0,0,0.009766899766899765,0.00414367816091954,0.03093236903831118,0.015970394736842107,0.0015517241379310342,0.003,0.0029966442953020134,0.0032202599950944323,0.022109756097560974,0.04137711864406778,0.0727197802197802,0.023878289473684214,0.004319540229885057,0.0046,0.004615436241610738,0.004996467991169978,0.023699695121951216,0.047171610169491514,0.08672619047619047,0.02486677631578947,0.004665517241379311,0.0048,0.004817785234899329,0.007632387706855791,0.024971646341463413,0.08046428571428556,0.09793131868131867,0.04672826086956521,0.004942298850574712,0.00496,0.004979664429530201,0.00977234042553192,0.4598337950138504,0.3770833333333333,0.38583481349911186,0.45868055555555554,0.8755186721991701,0.375,0.45879501385041555,0.49213483146067416,2.1823350253807106,2.163729508196721,0.49450266429840145,2.125933609958506,2.125311203319502,0.475,2.1262396694214876,2.1943268797838815,2.3411675126903546,2.3318647540983606,0.686577868852459,2.312966804979253,2.312655601659751,0.4875,2.313119834710744,2.3471634398919403,2.468233502538071,2.466372950819672,0.9373155737704917,2.4625933609958506,2.4625311203319495,0.4975,2.4626239669421484,2.4694326879783874,395.4285714285698,397.66386554622824,396.6890756302469,392.23529411764895,396.65546218486924,116165175.9327731,38627069.8487395,344.2016806722689,51594592.806722686,54079384.7394958,3692129030.453781,2672884865.07563,763517048.4705882,5460117383.529411,4235402300.235294,0,0,0,0,0,15.680672268907562,1.2941176470588234,4.655462184873949,0.9747899159663865,16.840336134453782,0,0,0,0,0,62670.52100840336,15996.773109243697,992049.4789915966,47258.89075630252,73512.87394957982,1550.638655462185,269.68067226890753,2834.470588235294,1731.563025210084,428.77310924369743,1752.5546218487393,380.26890756302515,1909.7478991596638,2116.252100840336,532.9915966386556,0,0,0,0,0,0,0,0,0,0,0,0,0,0,0,0,0,0,0,0
1693106525,0.4239084357778724,0.3920250896057347,0.26214374149826075,0.04469873055605225,1.674236352302074,0.36681715575620744,0.17918577981651354,0.19682133543276054,0.1531510835439162,0.021070862209930357,0,0.21971985718209305,0.047061038166502,0.6208769887466052,0.19347765333103994,3.452151239932181,8.036939249178614,41.24651538772054,0.44646388789558367,9.876536655089502,3.075417697516939,0.31142033221043536,0.6302013211632134,1.136322546392018,0.8275424218239477,0.00004478646110224928,0.3040786102719032,0.9535951291825578,2.6381975999223894,1.0489809145043754,2.543450614667216,7.280465949820786,40.692774641806984,0.24584301805828587,7.7121738356042355,2.3702031602708904,0.34045298165137605,0.4182453377946168,0.9444316818541425,0.6742675907177863,0,0.1647898928865698,0.6823850534142764,1.2611563833915416,0.5374379259195563,50000,100000,50000,50000,50000,50000,10000,50000,50000,20000,50000,0,7163904,2162688,220594176,0,0,2703360,0,0,2973696,0,0,0,0,5541888,232.56676557863503,0,0,4.425174325049169,209.24392198771037,493.51015801354407,0,0,87.60241978711998,2.7813538117108663,0,23.564954682779458,31.060285189891292,0,9.931852870993401,0,0,2162688,0,0,0,0,0,0,0,0,0,0,0,0,225292288,80683008,17997824,439984128,111808512,349663232,40620032,10944512,310304768,94294016,4952064,3993600,305532928,16195584,134160384,209375232,70692864,14462976,200048640,104079360,330756096,35819520,9732096,292098048,84344832,4055040,2568192,295477248,15003648,38252544,0,0,0,0,0,0,0,0,0,0,0,0,0,0,0,211132416,80449536,17731584,425537536,107945984,333402112,40361984,10698752,296243200,94048256,4796416,2912256,297783296,15847424,45735936,192344064,73420800,17731584,212242432,107945984,333402112,37793792,10698752,296243200,91074560,4796416,2912256,297783296,15847424,40194048,1073741824,1073741824,314572800,0,1073741824,1073741824,1073741824,314572800,1073741824,0,0,0,1073741824,314572800,2147483648,10.69668458781362,0,4.891771788990826,0,0.08239494644328482,14.059376142055592,42790.91995221027,0,20220.183486238533,0,1223.400164789893,46426.38175290754,10.69668458781362,0,4.891771788990826,0,0.08239494644328482,14.059376142055592,42790.91995221027,0,20220.183486238533,0,1223.400164789893,46426.38175290754,102.16637607968097,50.085113103908185,485.5239368947668,20.90374620125536,33.96945698790533,38.71170322522766,17.032575610387926,58.34577485816662,45.780621394988124,93.22477464379179,0,0,0,0,0,0,0,0,0,0,118740.99681356341,120763.139883825,1572687.8173217424,99262.43290067879,333857.1104404457,550025.0975642579,3094.5750491116723,8688.862346969245,589415.5397217779,123529.9021033246,0,0,0,0,0,0,0,0,0,0,120.62365979278144,41.25791902848218,468.3359338237115,27.862194325314547,47.312169552293,54.680841519759575,15.111283811497527,70.97641086891609,60.97620086277931,125.98623630900454,0,0,0,0,0,0,0,0,0,0,24257.27970500411,6805.3454539073055,142082.34886197586,5768.553494845067,11984.229276815904,6594.222401650743,2860.047924357231,10063.451776649747,12850.807037952594,23742.250654259955,0,0,0,0,0,0,0,0,0,0,24,14,32,16,18,2,18,52,0,0,0,0,0.009766899766899765,0.00414367816091954,0.03093236903831118,0.015970394736842107,0.0015517241379310342,0.003,0.0029966442953020134,0.0032279525528623003,0.022109756097560974,0.04137711864406778,0.0727197802197802,0.023878289473684214,0.004319540229885057,0.0046,0.004615436241610738,0.005120192307692307,0.023699695121951216,0.047171610169491514,0.08672619047619047,0.02486677631578947,0.004665517241379311,0.0048,0.004817785234899329,0.007716346153846159,0.024971646341463413,0.08046428571428556,0.09793131868131867,0.04672826086956521,0.004942298850574712,0.00496,0.004979664429530201,0.00979326923076924,0.4598337950138504,0.3770833333333333,0.38583481349911186,0.45868055555555554,0.8755186721991701,0.375,0.45879501385041555,0.47452830188679246,2.1823350253807106,2.163729508196721,0.49450266429840145,2.125933609958506,2.125311203319502,0.475,2.1262396694214876,2.18,2.3411675126903546,2.3318647540983606,0.686577868852459,2.312966804979253,2.312655601659751,0.4875,2.313119834710744,2.34,2.468233502538071,2.466372950819672,0.9373155737704917,2.4625933609958506,2.4625311203319495,0.4975,2.4626239669421484,2.468,395.4789915966584,397.56302521008246,396.80672268907796,392.33613445379063,396.68907563024504,132760102.72268908,28970285.176470585,344.2016806722689,51594523.96638655,54079384.7394958,3692103834.890756,2672883625.9495797,700361960.3361344,5460047992.470588,4156967824.134454,0,0,0,0,0,15.596638655462185,1.2941176470588234,4.655462184873949,1.1092436974789917,16.722689075630253,0,0,0,0,0,63315.899159663866,15996.773109243697,992049.4789915966,53592.20168067227,73074.01680672269,1545.6638655462186,267.79831932773106,2833.394957983193,1717.1764705882351,425.52941176470586,1747.563025210084,378.5042016806722,1908.3529411764705,2100.991596638655,529.8823529411765,0,0,0,0,0,0,0,0,0,0,0,0,0,0,0,0,0,0,0,0
1693106526,0.4239084357778724,0.3920250896057347,0.2568492453306615,0.04469873055605225,1.6745182969032575,0.40675960507340114,0.17918577981651354,0.17641178430719143,0.1531510835439162,0.020659319253076527,0,0.21971985718209305,0.047061038166502,0.6846068776660177,0.19347765333103994,3.452151239932181,8.036939249178614,40.413462817405566,0.44646388789558367,9.837059795932062,2.802143900454831,0.31142033221043536,0.6358248877825043,1.136322546392018,0.8113793786695532,0.00004478646110224928,0.3040786102719032,0.9535951291825578,2.6129074648480666,1.0489809145043754,2.543450614667216,7.280465949820786,39.87090592902119,0.24584301805828587,7.79209180825648,2.052287098324889,0.34045298165137605,0.4116274967167806,0.9444316818541425,0.6610982160984635,0,0.1647898928865698,0.6823850534142764,1.2638896203064944,0.5374379259195563,50000,100000,50000,50000,50000,50000,10000,50000,50000,20000,50000,0,7163904,2162688,220594176,0,0,2703360,0,0,2973696,0,0,0,0,5541888,232.56676557863503,0,0,4.425174325049169,195.98562146955726,424.65702769663125,0,0,87.60241978711998,2.7270301414061597,0,23.564954682779458,31.060285189891292,0,9.931852870993401,0,0,2162688,0,0,0,0,0,0,0,0,0,0,0,0,225292288,80683008,17997824,439984128,111808512,349663232,40620032,10944512,310304768,94294016,4952064,3993600,305532928,16195584,134160384,209375232,70692864,14462976,200048640,104079360,330756096,35819520,9732096,292098048,84344832,4055040,2568192,295477248,15003648,38252544,0,0,0,0,0,0,0,0,0,0,0,0,0,0,0,211132416,80449536,17731584,425537536,107945984,333402112,40361984,10567680,296243200,94048256,4796416,2912256,297783296,15847424,45735936,192344064,73420800,17731584,212242432,107945984,333402112,37793792,10567680,296243200,91074560,4796416,2912256,297783296,15847424,40194048,1073741824,1073741824,314572800,0,1073741824,1073741824,1073741824,314572800,1073741824,0,0,0,1073741824,314572800,2147483648,10.69668458781362,0,4.891771788990826,0,0.08239494644328482,14.059376142055592,42790.91995221027,0,20220.183486238533,0,1223.400164789893,46426.38175290754,10.69668458781362,0,4.891771788990826,0,0.08239494644328482,14.059376142055592,42790.91995221027,0,20220.183486238533,0,1223.400164789893,46426.38175290754,102.16637607968097,50.085113103908185,485.5239368947668,20.90374620125536,33.96945698790533,38.71170322522766,17.032575610387926,58.34577485816662,45.780621394988124,93.22477464379179,0,0,0,0,0,0,0,0,0,0,118740.99681356341,120763.139883825,1572687.8173217424,99262.43290067879,333857.1104404457,550025.0975642579,3094.5750491116723,8688.862346969245,589415.5397217779,123529.9021033246,0,0,0,0,0,0,0,0,0,0,120.62365979278144,41.25791902848218,468.3359338237115,27.862194325314547,47.312169552293,54.680841519759575,15.111283811497527,70.97641086891609,60.97620086277931,125.98623630900454,0,0,0,0,0,0,0,0,0,0,24257.27970500411,6805.3454539073055,142082.34886197586,5768.553494845067,11984.229276815904,6594.222401650743,2860.047924357231,10063.451776649747,12850.807037952594,23742.250654259955,0,0,0,0,0,0,0,0,0,0,56,32,76,8,8,2,10,106,0,0,0,0,0.009766899766899765,0.00414367816091954,0.03093236903831118,0.015970394736842107,0.0015517241379310342,0.003,0.0029966442953020134,0.0032216176106851352,0.022109756097560974,0.04137711864406778,0.0727197802197802,0.023878289473684214,0.004319540229885057,0.0046,0.004615436241610738,0.004998911699233243,0.023699695121951216,0.047171610169491514,0.08672619047619047,0.02486677631578947,0.004665517241379311,0.0048,0.004817785234899329,0.00764751184834123,0.024971646341463413,0.08046428571428556,0.09793131868131867,0.04672826086956521,0.004942298850574712,0.00496,0.004979664429530201,0.00977594786729858,0.4598337950138504,0.3770833333333333,0.38583481349911186,0.45868055555555554,0.8755186721991701,0.375,0.45879501385041555,0.48885767790262175,2.1823350253807106,2.163729508196721,0.49450266429840145,2.125933609958506,2.125311203319502,0.475,2.1262396694214876,2.1918344007319313,2.3411675126903546,2.3318647540983606,0.686577868852459,2.312966804979253,2.312655601659751,0.4875,2.313119834710744,2.345917200365965,2.468233502538071,2.466372950819672,0.9373155737704917,2.4625933609958506,2.4625311203319495,0.4975,2.4626239669421484,2.469183440073193,395.6974789916132,397.64705882353655,396.80672268906875,392.5378151260616,396.7226890756419,132760102.72268908,28970285.176470585,344.2016806722689,51594523.96638655,72105708.63865545,3621139430.1848736,2672907582.3865547,701489152,5460025550.5210085,4078606318.7899156,0,0,0,0,0,15.731092436974789,1.2605042016806722,4.655462184873949,1.1092436974789917,16.60504201680672,0,0,0,0,0,63694.52100840336,15583.731092436974,992049.4789915966,53592.20168067227,72678.18487394958,1555.781512605042,268.4201680672268,2830.4033613445376,1720.7226890756301,424.67226890756297,1757.731092436975,379.2436974789916,1905.2773109243697,2105.4453781512602,529.0084033613446,0,0,0,0,0,0,0,0,0,0,0,0,0,0,0,0,0,0,0,0
1693106527,0.44364716548039357,0.3920250896057347,0.27635466933100883,0.04469873055605225,1.6745182969032575,0.40675960507340114,0.17498578240517923,0.17641178430719143,0.1531510835439162,0.020247776296222698,0,0.21971985718209305,0.047061038166502,0.6846068776660177,0.19347765333103994,3.4550224369731612,8.036939249178614,50.03380149231522,0.44646388789558367,9.837059795932062,2.802143900454831,0.3116606019510908,0.6358248877825043,1.136322546392018,0.7952163355151587,0.000056056338028167394,0.3040786102719032,0.9535951291825578,2.6129074648480666,1.0489809145043754,2.372547884960342,7.280465949820786,49.33993750132864,0.24584301805828587,7.79209180825648,2.052287098324889,0.3280983420097115,0.4116274967167806,0.9444316818541425,0.6479288414791408,0,0.1647898928865698,0.6823850534142764,1.2638896203064944,0.5374379259195563,50000,100000,50000,50000,50000,50000,10000,50000,50000,20000,50000,0,7163904,2162688,220594176,0,0,2703360,0,0,2973696,0,0,0,0,5541888,196.05346912794403,0,0,4.425174325049169,195.98562146955726,424.65702769663125,0,0,87.60241978711998,2.672706471101453,0,23.564954682779458,31.060285189891292,0,9.931852870993401,0,0,2162688,0,0,0,0,0,0,0,0,0,0,0,0,225292288,80683008,18128896,439984128,111808512,349663232,40620032,10944512,310304768,94294016,4952064,3993600,305532928,16195584,134160384,209510400,70692864,14462976,200048640,104079360,330756096,35819520,9732096,292098048,84344832,4055040,2568192,295477248,15003648,38252544,0,0,0,0,0,0,0,0,0,0,0,0,0,0,0,211222528,80449536,17743872,425537536,107945984,333402112,40361984,10567680,296243200,94048256,4796416,2912256,297783296,15847424,45735936,192434176,73420800,17743872,212242432,107945984,333402112,37793792,10567680,296243200,91074560,4796416,2912256,297783296,15847424,40194048,1073741824,1073741824,314572800,0,1073741824,1073741824,1073741824,314572800,1073741824,0,0,0,1073741824,314572800,2147483648,10.69668458781362,0,4.899601907345028,0,0.08239494644328482,14.059376142055592,42790.91995221027,0,20651.122096329673,0,1223.400164789893,46426.38175290754,10.69668458781362,0,4.899601907345028,0,0.08239494644328482,14.059376142055592,42790.91995221027,0,20651.122096329673,0,1223.400164789893,46426.38175290754,102.16637607968097,49.8319116335445,416.04950755793317,20.90374620125536,33.96945698790533,38.71170322522766,16.711557296767875,60.485625024716256,45.780621394988124,93.22477464379179,0,0,0,0,0,0,0,0,0,0,118740.99681356341,120155.39597960071,1347649.2963948122,99262.43290067879,333857.1104404457,550025.0975642579,3055.0624387855046,9016.866374026178,589415.5397217779,123529.9021033246,0,0,0,0,0,0,0,0,0,0,120.62365979278144,40.8671987559174,401.32096449298695,27.862194325314547,47.312169552293,54.680841519759575,14.84451518119491,72.9821647486851,60.97620086277931,125.98623630900454,0,0,0,0,0,0,0,0,0,0,24257.27970500411,6759.39350973083,121751.54875940099,5768.553494845067,11984.229276815904,6594.222401650743,2818.4378060724785,10396.330130106378,12850.807037952594,23742.250654259955,0,0,0,0,0,0,0,0,0,0,8,6,22,6,6,2,6,38,0,0,0,0,0.009801864801864802,0.004164963503649635,0.030780632411067196,0.015948827292110872,0.0016686046511627905,0.003,0.0029964850615114232,0.003227541954590326,0.022006012024048095,0.04162393162393161,0.07275322283609574,0.02375266524520256,0.004343023255813954,0.0046,0.004616168717047451,0.00511098398169337,0.023570641282565127,0.0474145299145299,0.08679097605893184,0.024728144989339014,0.004677325581395348,0.0048,0.004818629173989455,0.007692791762013727,0.02482234468937876,0.08193333333333319,0.09802117863720075,0.044875,0.004944767441860465,0.00496,0.004980597539543058,0.009758237986270023,0.45821917808219176,0.375,0.386018915060671,0.45890410958904115,0.8622448979591837,0.375,0.4528169014084507,0.4869153674832962,2.1813265306122447,2.1626556016597505,0.4948340471092077,2.126530612244898,2.1079545454545454,0.475,2.109049773755656,2.1903247941445563,2.340663265306122,2.3313278008298757,0.6913967611336028,2.313265306122449,2.303977272727273,0.4875,2.304524886877828,2.3451623970722775,2.4681326530612244,2.466265560165975,0.9382793522267209,2.4626530612244895,2.460795454545455,0.4975,2.4609049773755656,2.4690324794144556,395.76470588234696,397.66386554624285,396.8235294117701,392.58823529411086,396.6554621848682,132760102.72268908,28970285.176470585,344.2016806722689,51594523.96638655,72105708.63865545,3621124285.310924,2616105631.1932774,765756149.2436974,5460066717.042017,4156994809.5462184,0,0,0,0,0,15.61344537815126,1.2605042016806722,4.705882352941177,1.1092436974789917,16.705882352941178,0,0,0,0,0,63324.50420168067,15583.731092436974,992256,53592.20168067227,73030.99159663865,1551.344537815126,268.5210084033613,2830.521008403361,1726.840336134454,424.82352941176464,1753.5966386554621,379.36134453781506,1904.8403361344535,2112.5546218487393,529.0924369747898,0,0,0,0,0,0,0,0,0,0,0,0,0,0,0,0,0,0,0,0
1693106528,0.44364716548039357,0.3920250896057347,0.27635466933100883,0.04469873055605225,1.6745182969032575,0.40675960507340114,0.17498578240517923,0.17641178430719143,0.1531510835439162,0.01983623333936887,0,0.21971985718209305,0.047061038166502,0.6491925667451104,0.19347765333103994,3.4550224369731604,8.036939249178614,50.03380149231522,0.44646388789558367,9.837059795932062,2.802143900454831,0.3116606019510908,0.6358248877825043,1.136322546392018,0.7790532923607641,0.000056056338028167394,0.3040786102719032,0.9535951291825578,2.660166335307964,1.0489809145043754,2.3725478849603414,7.280465949820786,49.33993750132864,0.24584301805828587,7.79209180825648,2.052287098324889,0.3280983420097115,0.4116274967167806,0.9444316818541425,0.634759466859818,0,0.1647898928865698,0.6823850534142764,1.3592469366225755,0.5374379259195563,50000,100000,50000,50000,50000,50000,10000,50000,50000,20000,50000,0,7163904,2162688,220594176,0,0,2703360,0,0,2973696,0,0,0,0,5541888,196.053469127944,0,0,4.425174325049169,195.98562146955726,424.65702769663125,0,0,87.60241978711998,2.618382800796747,0,23.564954682779458,31.060285189891292,0,9.931852870993401,0,0,2162688,0,0,0,0,0,0,0,0,0,0,0,0,225292288,80683008,18128896,439984128,111808512,349663232,40620032,10944512,310304768,94294016,4952064,3993600,305532928,16244736,134160384,209510400,70692864,14462976,200048640,104079360,330756096,35819520,9732096,292098048,84344832,4055040,2568192,295477248,15003648,38252544,0,0,0,0,0,0,0,0,0,0,0,0,0,0,0,211222528,80449536,17743872,425537536,107945984,333402112,40361984,10567680,296243200,94048256,4796416,2912256,297783296,15851520,45735936,192434176,73420800,17743872,212242432,107945984,333402112,37793792,10567680,296243200,91074560,4796416,2912256,297783296,15851520,40194048,1073741824,1073741824,314572800,0,1073741824,1073741824,1073741824,314572800,1073741824,0,0,0,1073741824,314572800,2147483648,10.69668458781362,0,4.899601907345028,0,0.08239494644328482,14.059376142055592,42790.91995221027,0,20651.122096329673,0,1223.400164789893,46426.38175290754,10.69668458781362,0,4.899601907345028,0,0.08239494644328482,14.059376142055592,42790.91995221027,0,20651.122096329673,0,1223.400164789893,46426.38175290754,102.16637607968097,49.8319116335445,484.8035449461289,20.90374620125536,34.31778452479529,38.71170322522766,16.711557296767875,60.485625024716256,45.780621394988124,93.22477464379179,0,0,0,0,0,0,0,0,0,0,118740.99681356341,120155.39597960071,1578065.1991352045,99262.43290067879,335501.73889042233,550025.0975642579,3055.0624387855046,9016.866374026178,589415.5397217779,123529.9021033246,0,0,0,0,0,0,0,0,0,0,120.62365979278144,40.8671987559174,469.4373470080583,27.862194325314547,47.47446867237097,54.680841519759575,14.84451518119491,72.9821647486851,60.97620086277931,125.98623630900454,0,0,0,0,0,0,0,0,0,0,24257.27970500411,6759.39350973083,143058.10566941233,5768.553494845067,12252.755543288253,6594.222401650743,2818.4378060724785,10396.330130106378,12850.807037952594,23742.250654259955,0,0,0,0,0,0,0,0,0,0,36,22,46,12,14,2,14,69.797,0,0,0,0,0.009801864801864802,0.004164963503649635,0.030780632411067196,0.015948827292110872,0.0015762711864406777,0.003,0.002996677740863787,0.00322754615532368,0.022006012024048095,0.04162393162393161,0.07275322283609574,0.02375266524520256,0.004324293785310735,0.0046,0.004615282392026578,0.005111069484919049,0.023570641282565127,0.0474145299145299,0.08679097605893184,0.024728144989339014,0.004667796610169491,0.0048,0.004817607973421927,0.007692832497237196,0.02482234468937876,0.08193333333333319,0.09802117863720075,0.044875,0.004942598870056497,0.00496,0.004979468438538206,0.009758242907091732,0.45821917808219176,0.375,0.386018915060671,0.45890410958904115,0.8755102040816326,0.375,0.45856164383561643,0.4869056424838269,2.1813265306122447,2.1626556016597505,0.4948340471092077,2.126530612244898,2.124691358024691,0.475,2.1256147540983608,2.190317158464484,2.340663265306122,2.3313278008298757,0.6913967611336028,2.313265306122449,2.3123456790123456,0.4875,2.31280737704918,2.3451585792322414,2.4681326530612244,2.466265560165975,0.9382793522267209,2.4626530612244895,2.462469135802469,0.4975,2.462561475409836,2.4690317158464485,395.6302521008352,397.7310924369689,396.94117647059994,392.6050420168099,396.70588235295105,132760102.72268908,28970285.176470585,344.2016806722689,51594523.96638655,72105708.63865545,3621146933.7815123,2559341611.02521,765756975.327731,5367630598.453781,4078587250.0168066,0,0,0,0,0,15.596638655462185,1.2773109243697478,4.705882352941177,1.0084033613445378,16.655462184873947,0,0,0,0,0,61396.97478991596,15859.09243697479,992256,35762.554621848736,72790.05042016806,1547.4285714285716,268.4033613445378,2829.5966386554624,1724.689075630252,425.81512605042013,1749.8823529411766,379.2941176470588,1903.2436974789914,2108.9747899159665,530.1008403361344,0,0,0,0,0,0,0,0,0,0,0,0,0,0,0,0,0,0,0,0
1693106529,0.44364716548039357,0.3920250896057347,0.27635466933100883,0.04469873055605225,1.6745182969032575,0.40675960507340114,0.17498578240517923,0.17641178430719143,0.1531510835439162,0.06162695152013107,0,0.21971985718209305,0.047061038166502,0.6491925667451104,0.19347765333103994,3.4550224369731604,8.036939249178614,50.03380149231522,0.44646388789558367,9.837059795932062,2.802143900454831,0.3116606019510908,0.6358248877825043,1.136322546392018,0.9189969248151216,0.000056056338028167394,0.3040786102719032,0.9535951291825578,2.660166335307964,1.0489809145043754,2.3725478849603414,7.280465949820786,49.33993750132864,0.24584301805828587,7.79209180825648,2.052287098324889,0.3280983420097115,0.4116274967167806,0.9444316818541425,0.6984387838948231,0,0.1647898928865698,0.6823850534142764,1.3592469366225755,0.5374379259195563,50000,100000,50000,50000,50000,50000,10000,50000,50000,20000,50000,0,7163904,2162688,220594176,0,0,2703360,0,0,2973696,0,0,0,0,5541888,196.053469127944,0,0,4.425174325049169,195.98562146955726,424.65702769663125,0,0,87.60241978711998,6.778964667214462,0,23.564954682779458,31.060285189891292,0,9.931852870993401,0,0,2162688,0,0,0,0,0,0,0,0,0,0,0,0,225292288,80683008,18128896,439984128,111808512,349663232,40620032,10944512,310304768,94748672,4952064,3993600,305532928,16244736,134160384,209510400,70692864,14462976,200048640,104079360,330756096,35819520,9732096,292098048,84750336,4055040,2568192,295477248,15003648,38252544,0,0,0,0,0,0,0,0,0,0,0,0,0,0,0,211222528,80449536,17743872,425537536,107945984,333402112,40361984,10567680,296243200,94486528,4796416,2912256,297783296,15851520,45735936,192434176,73420800,17743872,212242432,107945984,333402112,37793792,10567680,296243200,91512832,4796416,2912256,297783296,15851520,40194048,1073741824,1073741824,314572800,0,1073741824,1073741824,1073741824,314572800,1073741824,0,0,0,1073741824,314572800,2147483648,10.69668458781362,0,4.899601907345028,0,0.08239494644328482,14.059376142055592,42790.91995221027,0,20651.122096329673,0,1223.400164789893,46426.38175290754,10.69668458781362,0,4.899601907345028,0,0.08239494644328482,14.059376142055592,42790.91995221027,0,20651.122096329673,0,1223.400164789893,46426.38175290754,102.16637607968097,49.8319116335445,484.8035449461289,20.90374620125536,34.31778452479529,38.71170322522766,16.720124159337818,60.485625024716256,45.780621394988124,93.22477464379179,0,0,0,0,0,0,0,0,0,0,118740.99681356341,120155.39597960071,1578065.1991352045,99262.43290067879,335501.73889042233,550025.0975642579,3062.1624418003107,9016.866374026178,589415.5397217779,123529.9021033246,0,0,0,0,0,0,0,0,0,0,120.62365979278144,40.8671987559174,469.4373470080583,27.862194325314547,47.47446867237097,54.680841519759575,14.878427315054322,72.9821647486851,60.97620086277931,125.98623630900454,0,0,0,0,0,0,0,0,0,0,24257.27970500411,6759.39350973083,143058.10566941233,5768.553494845067,12252.755543288253,6594.222401650743,2821.127780651837,10396.330130106378,12850.807037952594,23742.250654259955,0,0,0,0,0,0,0,0,0,0,16,26,48,8,6,2,6,64,0,0,0,0,0.009801864801864802,0.004164963503649635,0.030780632411067196,0.015948827292110872,0.0015762711864406777,0.003,0.002996677740863787,0.003227541954590326,0.022006012024048095,0.04162393162393161,0.07275322283609574,0.02375266524520256,0.004324293785310735,0.0046,0.004615282392026578,0.00511098398169337,0.023570641282565127,0.0474145299145299,0.08679097605893184,0.024728144989339014,0.004667796610169491,0.0048,0.004817607973421927,0.007692791762013727,0.02482234468937876,0.08193333333333319,0.09802117863720075,0.044875,0.004942598870056497,0.00496,0.004979468438538206,0.009758237986270023,0.45821917808219176,0.375,0.386018915060671,0.45890410958904115,0.8755102040816326,0.375,0.45856164383561643,0.4869153674832962,2.1813265306122447,2.1626556016597505,0.4948340471092077,2.126530612244898,2.124691358024691,0.475,2.1256147540983608,2.1903247941445563,2.340663265306122,2.3313278008298757,0.6913967611336028,2.313265306122449,2.3123456790123456,0.4875,2.31280737704918,2.3451623970722775,2.4681326530612244,2.466265560165975,0.9382793522267209,2.4626530612244895,2.462469135802469,0.4975,2.462561475409836,2.4690324794144556,395.69747899160484,397.6974789916022,397.0420168067233,392.5378151260448,396.6218487394896,132760102.72268908,28970285.176470585,344.2016806722689,51594523.96638655,72105708.63865545,3621162560.537815,2616222797.445378,765761381.1092436,5182713202.016807,4157019316.705882,0,0,0,0,0,15.546218487394958,1.2773109243697478,4.705882352941177,1.0084033613445378,16.672268907563023,0,0,0,0,0,61276.50420168067,15859.09243697479,992256,35762.554621848736,72669.57983193277,1553.8991596638652,267.17647058823525,2831.294117647059,1725.9495798319329,426.53781512605036,1755.7142857142858,377.99999999999994,1903.0084033613446,2110.689075630252,530.7731092436975,0,0,0,0,0,0,0,0,0,0,0,0,0,0,0,0,0,0,0,0
1693106530,0.44364716548039357,0.3920250896057347,0.27635466933100883,0.04469873055605225,1.6745182969032575,0.40675960507340114,0.17498578240517923,0.17641178430719143,0.16589555952885715,0.06162695152013107,0,0.21971985718209305,0.047061038166502,0.6491925667451104,0.19347765333103994,3.4550224369731604,8.036939249178614,50.03380149231522,0.44646388789558367,9.837059795932062,2.802143900454831,0.3116606019510908,0.6358248877825043,1.1479852187056467,0.9189969248151216,0.000056056338028167394,0.3040786102719032,0.9535951291825578,2.660166335307964,1.0489809145043754,2.3725478849603414,7.280465949820786,49.33993750132864,0.24584301805828587,7.79209180825648,2.052287098324889,0.3280983420097115,0.4116274967167806,0.9400748373301836,0.6984387838948231,0,0.1647898928865698,0.6823850534142764,1.3592469366225755,0.5374379259195563,50000,100000,50000,50000,50000,50000,10000,50000,50000,20000,50000,0,7163904,2162688,220594176,0,0,2703360,0,0,2973696,0,0,0,0,5541888,196.053469127944,0,0,4.425174325049169,195.98562146955726,424.65702769663125,0,0,118.00704134485999,6.778964667214462,0,23.564954682779458,31.060285189891292,0,9.931852870993401,0,0,2162688,0,0,0,0,0,0,0,0,0,0,0,0,225292288,80683008,18128896,439984128,111808512,349663232,40620032,10944512,310304768,94748672,4952064,3993600,305532928,16244736,134160384,209510400,70692864,14462976,200048640,104079360,330756096,35819520,9732096,292098048,84750336,4055040,2568192,295477248,15003648,38252544,0,0,0,0,0,0,0,0,0,0,0,0,0,0,0,211222528,80449536,17743872,425537536,107945984,333402112,40361984,10567680,296263680,94486528,4796416,2912256,297783296,15851520,45735936,192434176,73420800,17743872,212242432,107945984,333402112,37793792,10567680,296263680,91512832,4796416,2912256,297783296,15851520,40194048,1073741824,1073741824,314572800,0,1073741824,1073741824,1073741824,314572800,1073741824,0,0,0,1073741824,314572800,2147483648,10.69668458781362,0,4.899601907345028,0,0.08239494644328482,14.059376142055592,42790.91995221027,0,20651.122096329673,0,1223.400164789893,46426.38175290754,10.69668458781362,0,4.899601907345028,0,0.08239494644328482,14.059376142055592,42790.91995221027,0,20651.122096329673,0,1223.400164789893,46426.38175290754,102.16637607968097,49.8319116335445,484.8035449461289,20.90374620125536,34.31778452479529,38.71170322522766,16.720124159337818,60.485625024716256,45.780621394988124,93.22477464379179,0,0,0,0,0,0,0,0,0,0,118740.99681356341,120155.39597960071,1578065.1991352045,99262.43290067879,335501.73889042233,550025.0975642579,3062.1624418003107,9016.866374026178,589415.5397217779,123529.9021033246,0,0,0,0,0,0,0,0,0,0,120.62365979278144,40.8671987559174,469.4373470080583,27.862194325314547,47.47446867237097,54.680841519759575,14.878427315054322,72.9821647486851,60.97620086277931,125.98623630900454,0,0,0,0,0,0,0,0,0,0,24257.27970500411,6759.39350973083,143058.10566941233,5768.553494845067,12252.755543288253,6594.222401650743,2821.127780651837,10396.330130106378,12850.807037952594,23742.250654259955,0,0,0,0,0,0,0,0,0,0,34,30,66,10,10,2,10,72,0,0,0,0,0.009801864801864802,0.004164963503649635,0.030780632411067196,0.015948827292110872,0.0015762711864406777,0.003,0.002996677740863787,0.0032356292076644224,0.022006012024048095,0.04162393162393161,0.07275322283609574,0.02375266524520256,0.004324293785310735,0.0046,0.004615282392026578,0.005270301624129927,0.023570641282565127,0.0474145299145299,0.08679097605893184,0.024728144989339014,0.004667796610169491,0.0048,0.004817607973421927,0.007774361948955914,0.02482234468937876,0.08193333333333319,0.09802117863720075,0.044875,0.004942598870056497,0.00496,0.004979468438538206,0.009777610208816704,0.45821917808219176,0.375,0.386018915060671,0.45890410958904115,0.8755102040816326,0.375,0.45856164383561643,0.47036275243081527,2.1813265306122447,2.1626556016597505,0.4948340471092077,2.126530612244898,2.124691358024691,0.475,2.1256147540983608,2.176225,2.340663265306122,2.3313278008298757,0.6913967611336028,2.313265306122449,2.3123456790123456,0.4875,2.31280737704918,2.3381125000000003,2.4681326530612244,2.466265560165975,0.9382793522267209,2.4626530612244895,2.462469135802469,0.4975,2.462561475409836,2.4676225,395.7310924369738,397.69747899159086,397.07563025209,392.6050420168179,396.67226890756876,132760102.72268908,28970285.176470585,344.2016806722689,51594523.96638655,72105708.63865545,3621177223.529412,2729980695.6638656,830099696.9411764,5090234815.462185,4078613271.6638656,0,0,0,0,0,15.546218487394958,1.2773109243697478,4.554621848739496,1.0084033613445378,16.63865546218487,0,0,0,0,0,63074.95798319327,15859.09243697479,991395.4957983192,35762.554621848736,72497.47899159664,1553.2436974789914,264.52100840336135,2827.8991596638657,1726.386554621849,425.34453781512605,1755.495798319328,375.6638655462185,1900.6050420168067,2112.453781512605,529.4789915966386,0,0,0,0,0,0,0,0,0,0,0,0,0,0,0,0,0,0,0,0
1693106531,0.44364716548039357,0.3920250896057347,0.27635466933100883,0.04469873055605225,1.6745182969032575,0.37984794197325905,0.17498578240517923,0.17641178430719143,0.16589555952885715,0.06162695152013107,0,0.21971985718209305,0.047061038166502,0.6491925667451104,0.18895852360406837,3.4550224369731604,8.036939249178614,50.03380149231522,0.44646388789558367,9.837059795932062,2.1530045511547655,0.3116606019510908,0.6358248877825043,1.1479852187056467,0.9189969248151216,0.000056056338028167394,0.3040786102719032,0.9535951291825578,2.660166335307964,1.0573034736875293,2.3725478849603414,7.280465949820786,49.33993750132864,0.24584301805828587,7.79209180825648,1.5431322642663434,0.3280983420097115,0.4116274967167806,0.9400748373301836,0.6984387838948231,0,0.1647898928865698,0.6823850534142764,1.3592469366225755,0.5668755708122057,50000,100000,50000,50000,50000,50000,10000,50000,50000,20000,50000,0,7163904,2162688,220594176,0,0,2703360,0,0,2973696,0,0,0,0,5541888,196.053469127944,0,0,4.425174325049169,195.98562146955726,335.3107707768941,0,0,118.00704134485999,6.778964667214462,0,23.564954682779458,31.060285189891292,0,8.314175038579032,0,0,2162688,0,0,0,0,0,0,0,0,0,0,0,0,225292288,80683008,18128896,439984128,111808512,349663232,40620032,10944512,310304768,94748672,4952064,3993600,305532928,16244736,134160384,209510400,70692864,14462976,200048640,104079360,330756096,35819520,9732096,292098048,84750336,4055040,2568192,295477248,15003648,38252544,0,0,0,0,0,0,0,0,0,0,0,0,0,0,0,211222528,80449536,17743872,425537536,107945984,333402112,40361984,10567680,296263680,94486528,4796416,2912256,297783296,15851520,45735936,192434176,73420800,17743872,212242432,107945984,333402112,37793792,10567680,296263680,91512832,4796416,2912256,297783296,15851520,40194048,1073741824,1073741824,314572800,0,1073741824,1073741824,1073741824,314572800,1073741824,0,0,0,1073741824,314572800,2147483648,10.69668458781362,0,4.899601907345028,0,0.08239494644328482,14.644285579315339,42790.91995221027,0,20651.122096329673,0,1223.400164789893,50405.064088432584,10.69668458781362,0,4.899601907345028,0,0.08239494644328482,14.644285579315339,42790.91995221027,0,20651.122096329673,0,1223.400164789893,50405.064088432584,102.16637607968097,49.8319116335445,484.8035449461289,20.879562120923943,34.31778452479529,38.71170322522766,16.720124159337818,60.485625024716256,45.780621394988124,93.22477464379179,0,0,0,0,0,0,0,0,0,0,118740.99681356341,120155.39597960071,1578065.1991352045,99180.47718675373,335501.73889042233,550025.0975642579,3062.1624418003107,9016.866374026178,589415.5397217779,123529.9021033246,0,0,0,0,0,0,0,0,0,0,120.62365979278144,40.8671987559174,469.4373470080583,27.642173334178658,47.47446867237097,54.680841519759575,14.878427315054322,72.9821647486851,60.97620086277931,125.98623630900454,0,0,0,0,0,0,0,0,0,0,24257.27970500411,6759.39350973083,143058.10566941233,5751.833301633593,12252.755543288253,6594.222401650743,2821.127780651837,10396.330130106378,12850.807037952594,23742.250654259955,0,0,0,0,0,0,0,0,0,0,36,12,48,20,16,2,16,154,0,0,0,0,0.009801864801864802,0.004164963503649635,0.030780632411067196,0.015948827292110872,0.0015762711864406777,0.003,0.002996677740863787,0.0032309775917261758,0.022006012024048095,0.04162393162393161,0.07275322283609574,0.02375266524520256,0.004324293785310735,0.0046,0.004615282392026578,0.005179775280898876,0.023570641282565127,0.0474145299145299,0.08679097605893184,0.024728144989339014,0.004667796610169491,0.0048,0.004817607973421927,0.007724719101123595,0.02482234468937876,0.08193333333333319,0.09802117863720075,0.044875,0.004942598870056497,0.00496,0.004979468438538206,0.009760674157303374,0.45821917808219176,0.375,0.386018915060671,0.45890410958904115,0.8755102040816326,0.375,0.45856164383561643,0.48849294729027476,2.1813265306122447,2.1626556016597505,0.4948340471092077,2.126530612244898,2.124691358024691,0.475,2.1256147540983608,2.191556967771221,2.340663265306122,2.3313278008298757,0.6913967611336028,2.313265306122449,2.3123456790123456,0.4875,2.31280737704918,2.3457784838856104,2.4681326530612244,2.466265560165975,0.9382793522267209,2.4626530612244895,2.462469135802469,0.4975,2.462561475409836,2.469155696777122,395.8487394958022,397.71428571427685,397.0084033613436,392.5714285714374,396.60504201679976,132760033.88235293,28970285.176470585,344.2016806722689,51594523.96638655,72105708.63865545,3621183969.882353,2730023307.8319325,830103207.7983193,5090221942.319327,4078603220.9747896,0,0,0,0,0,14.991596638655462,1.2773109243697478,4.554621848739496,1.0084033613445378,16.15126050420168,0,0,0,0,0,56810.48739495798,15859.09243697479,991395.4957983192,35762.554621848736,67119.32773109243,1566.268907563025,268.1344537815126,2828.6050420168067,1732.0840336134454,426.8739495798319,1768.3697478991596,379.2100840336134,1901.5126050420165,2118.705882352941,530.9747899159663,0,0,0,0,0,0,0,0,0,0,0,0,0,0,0,0,0,0,0,0
1693106532,0.44364716548039357,0.4292820888361403,0.2763546693310089,0.04469873055605225,1.6745182969032575,0.46607824288502475,0.17498578240517923,0.17641178430719143,0.16589555952885715,0.06162695152013107,0,0.21971985718209305,0.047061038166502,0.6491925667451104,0.18895852360406837,3.4550224369731604,8.256743670614366,50.033801492315234,0.44646388789558367,9.837059795932062,2.6417638935011465,0.3116606019510908,0.6358248877825043,1.1479852187056467,0.9189969248151216,0.000056056338028167394,0.3040786102719032,0.9535951291825578,2.660166335307964,1.0573034736875293,2.3725478849603414,7.474558723264566,49.33993750132865,0.24584301805828587,7.79209180825648,1.8934428617203864,0.3280983420097115,0.4116274967167806,0.9400748373301836,0.6984387838948231,0,0.1647898928865698,0.6823850534142764,1.3592469366225755,0.5668755708122057,50000,100000,50000,50000,50000,50000,10000,50000,50000,20000,50000,0,7163904,2162688,220594176,0,0,2703360,0,0,2973696,0,0,0,0,5541888,196.053469127944,0,0,4.425174325049169,195.98562146955726,411.4305689067552,0,0,118.00704134485999,6.778964667214462,0,23.564954682779458,31.060285189891292,0,8.314175038579032,0,0,2162688,0,0,0,0,0,0,0,0,0,0,0,0,225292288,80683008,18128896,439984128,111808512,349663232,40620032,10944512,310304768,94748672,4952064,3993600,305532928,16244736,134160384,209510400,70692864,14462976,200048640,104079360,330756096,35819520,9732096,292098048,84750336,4055040,2568192,295477248,15003648,38252544,0,0,0,0,0,0,0,0,0,0,0,0,0,0,0,211222528,80449536,17743872,425537536,107945984,333402112,40361984,10567680,296263680,94486528,4796416,2912256,297783296,15851520,45735936,192434176,73420800,17743872,212242432,107945984,333402112,37793792,10567680,296263680,91512832,4796416,2912256,297783296,15851520,40194048,1073741824,1073741824,314572800,0,1073741824,1073741824,1073741824,314572800,1073741824,0,0,0,1073741824,314572800,2147483648,10.984571096689477,0,4.899601907345028,0,0.08239494644328482,14.644285579315339,45251.38254084493,0,20651.122096329673,0,1223.400164789893,50405.064088432584,10.984571096689477,0,4.899601907345028,0,0.08239494644328482,14.644285579315339,45251.38254084493,0,20651.122096329673,0,1223.400164789893,50405.064088432584,102.16637607968097,49.8319116335445,484.4924698431117,20.879562120923943,34.31778452479529,38.71170322522766,16.720124159337818,60.485625024716256,45.780621394988124,93.22477464379179,0,0,0,0,0,0,0,0,0,0,118740.99681356341,120155.39597960071,1576751.516909614,99180.47718675373,335501.73889042233,550025.0975642579,3062.1624418003107,9016.866374026178,589415.5397217779,123529.9021033246,0,0,0,0,0,0,0,0,0,0,120.62365979278144,40.8671987559174,469.74641622549376,27.642173334178658,47.47446867237097,54.680841519759575,14.878427315054322,72.9821647486851,60.97620086277931,125.98623630900454,0,0,0,0,0,0,0,0,0,0,24257.27970500411,6759.39350973083,143178.6689873571,5751.833301633593,12252.755543288253,6594.222401650743,2821.127780651837,10396.330130106378,12850.807037952594,23742.250654259955,0,0,0,0,0,0,0,0,0,0,32,12,42,20,16,2,18,126,0,0,0,0,0.009790229885057471,0.004213352685050798,0.0309938128383604,0.01592767295597484,0.0016627906976744184,0.003,0.0029894921190893172,0.003237321516494338,0.0220105,0.04152489626556015,0.0727404718693285,0.023663522012578615,0.004341860465116278,0.0046,0.004603502626970227,0.005301969365426695,0.02358025,0.04726659751037342,0.08673321234119778,0.024630503144654085,0.004676744186046511,0.0048,0.004805253940455342,0.0077877461706783386,0.024836050000000002,0.08091379310344803,0.09792740471869328,0.043897058823529414,0.004944651162790698,0.00496,0.004966654991243432,0.00977636761487965,0.4594686648501362,0.3760416666666666,0.38550087873462213,0.45889945652173914,0.8603238866396762,0.375,0.4516806722689075,0.48720326409495546,2.181914893617021,2.163866396761134,0.49390158172231985,2.1265182186234814,2.1054794520547944,0.475,2.1054794520547944,2.1906037221970043,2.3409574468085106,2.3319331983805665,0.6774058577405851,2.313259109311741,2.3027397260273976,0.4875,2.3027397260273976,2.345301861098502,2.4681914893617023,2.4663866396761134,0.9354811715481173,2.462651821862348,2.4605479452054797,0.4975,2.4605479452054797,2.4690603722197,395.9159663865536,397.7983193277366,396.8571428571397,392.3361344537753,396.7058823529536,132760171.5630252,28970285.176470585,344.2016806722689,51594523.96638655,90132032.53781512,3621163111.2605042,2843785267.630252,894490469.1092436,5090315289.815125,4078578507.2941175,0,0,0,0,0,14.873949579831931,1.2773109243697478,4.605042016806722,1.0084033613445378,16.15126050420168,0,0,0,0,0,56483.49579831932,15859.09243697479,991774.1176470588,35762.554621848736,67127.93277310923,1561.4117647058824,267.5462184873949,2830.201680672269,1729.9159663865546,426.9747899159664,1763.2605042016808,378.62184873949576,1903.126050420168,2115.8487394957983,531.0588235294117,0,0,0,0,0,0,0,0,0,0,0,0,0,0,0,0,0,0,0,0
1693106533,0.44364716548039357,0.4292820888361403,0.2763546693310089,0.04469873055605225,1.6745182969032575,0.46607824288502475,0.17498578240517923,0.17641178430719143,0.16589555952885715,0.06162695152013107,0,0.21971985718209305,0.047061038166502,0.6491925667451104,0.18895852360406837,3.4550224369731604,8.256743670614366,50.033801492315234,0.44646388789558367,9.837059795932062,2.6417638935011465,0.3116606019510908,0.6358248877825043,1.1479852187056467,0.9189969248151216,0.000056056338028167394,0.3040786102719032,0.9535951291825578,2.660166335307964,1.0573034736875293,2.3725478849603414,7.474558723264566,49.33993750132865,0.24584301805828587,7.79209180825648,1.8934428617203864,0.3280983420097115,0.4116274967167806,0.9400748373301836,0.6984387838948231,0,0.1647898928865698,0.6823850534142764,1.3592469366225755,0.5668755708122057,50000,100000,50000,50000,50000,50000,10000,50000,50000,20000,50000,0,7163904,2162688,220594176,0,0,2703360,0,0,2973696,0,0,0,0,5541888,196.053469127944,0,0,4.425174325049169,195.98562146955726,411.4305689067552,0,0,118.00704134485999,6.778964667214462,0,23.564954682779458,31.060285189891292,0,8.314175038579032,0,0,2162688,0,0,0,0,0,0,0,0,0,0,0,0,225292288,80683008,18128896,439984128,111808512,349663232,40620032,10944512,310304768,94748672,4952064,3993600,305532928,16244736,134160384,209510400,70692864,14462976,200048640,104079360,330756096,35819520,9732096,292098048,84750336,4055040,2568192,295477248,15003648,38252544,0,0,0,0,0,0,0,0,0,0,0,0,0,0,0,211222528,80449536,17743872,425537536,107945984,333402112,40361984,10567680,296263680,94486528,4796416,2912256,297783296,15851520,45735936,192434176,73420800,17743872,212242432,107945984,333402112,37793792,10567680,296263680,91512832,4796416,2912256,297783296,15851520,40194048,1073741824,1073741824,314572800,0,1073741824,1073741824,1073741824,314572800,1073741824,0,0,0,1073741824,314572800,2147483648,10.984571096689477,0,4.899601907345028,0,0.08239494644328482,14.644285579315339,45251.38254084493,0,20651.122096329673,0,1223.400164789893,50405.064088432584,10.984571096689477,0,4.899601907345028,0,0.08239494644328482,14.644285579315339,45251.38254084493,0,20651.122096329673,0,1223.400164789893,50405.064088432584,102.16637607968097,49.8319116335445,484.4924698431117,20.879562120923943,34.32951339475195,38.71170322522766,16.720124159337818,60.485625024716256,45.780621394988124,76.20827844154483,0,0,0,0,0,0,0,0,0,0,118740.99681356341,120155.39597960071,1576751.516909614,99180.47718675373,334059.67093600973,550025.0975642579,3062.1624418003107,9016.866374026178,589415.5397217779,99442.88402452445,0,0,0,0,0,0,0,0,0,0,120.62365979278144,40.8671987559174,469.74641622549376,27.642173334178658,47.112575837015946,54.680841519759575,14.878427315054322,72.9821647486851,60.97620086277931,102.68677998742336,0,0,0,0,0,0,0,0,0,0,24257.27970500411,6759.39350973083,143178.6689873571,5751.833301633593,12119.891144233889,6594.222401650743,2821.127780651837,10396.330130106378,12850.807037952594,19486.220473065034,0,0,0,0,0,0,0,0,0,0,26,16,44,2,2,2,2,52,0,0,0,0,0.009790229885057471,0.004213352685050798,0.0309938128383604,0.01592767295597484,0.0015521126760563379,0.003,0.0029868421052631584,0.003237321516494338,0.0220105,0.04152489626556015,0.0727404718693285,0.023663522012578615,0.00431943661971831,0.0046,0.004602631578947369,0.005301969365426695,0.02358025,0.04726659751037342,0.08673321234119778,0.024630503144654085,0.004665352112676056,0.0048,0.004804605263157896,0.0077877461706783386,0.024836050000000002,0.08091379310344803,0.09792740471869328,0.043897058823529414,0.004942084507042254,0.00496,0.004966184210526316,0.00977636761487965,0.4594686648501362,0.3760416666666666,0.38550087873462213,0.45889945652173914,0.8785425101214575,0.375,0.45912806539509543,0.48720326409495546,2.181914893617021,2.163866396761134,0.49390158172231985,2.1265182186234814,2.1271255060728746,0.475,2.1271255060728746,2.1906037221970043,2.3409574468085106,2.3319331983805665,0.6774058577405851,2.313259109311741,2.3135627530364373,0.4875,2.3135627530364373,2.345301861098502,2.4681914893617023,2.4663866396761134,0.9354811715481173,2.462651821862348,2.462712550607288,0.4975,2.462712550607288,2.4690603722197,395.89915966386377,397.7647058823512,396.9915966386508,392.4033613445442,396.7058823529483,132760171.5630252,28970285.176470585,344.2016806722689,51594523.96638655,90132032.53781512,3692134537.680672,2786914751.462185,831244236.3697479,5090398448.941176,4156955570.5546217,0,0,0,0,0,15.260504201680671,2.3865546218487395,4.605042016806722,0.9915966386554621,16.655462184873947,0,0,0,0,0,61259.294117647056,21366.319327731093,991774.1176470588,35487.19327731092,72514.68907563025,1554.7394957983192,268.13445378151255,2829.310924369748,1729.361344537815,427.5966386554622,1756.5714285714287,379.22689075630245,1901.5294117647056,2114.1344537815125,531.6470588235294,0,0,0,0,0,0,0,0,0,0,0,0,0,0,0,0,0,0,0,0
1693106534,0.44364716548039357,0.4292820888361403,0.2763546693310089,0.062439511723018384,1.6745182969032575,0.46607824288502475,0.17498578240517923,0.17641178430719143,0.16589555952885715,0.06162695152013107,0,0.21971985718209305,0.04009443581658749,0.6491925667451104,0.18895852360406837,3.4550224369731604,8.256743670614366,50.033801492315234,0.44393783210015336,9.837059795932062,2.6417638935011465,0.3116606019510908,0.6358248877825043,1.1479852187056467,0.9189969248151216,0.000056056338028167394,0.3040786102719032,0.812431263559233,2.660166335307964,1.0573034736875293,2.3725478849603414,7.474558723264566,49.33993750132865,0.21853829103056227,7.79209180825648,1.8934428617203864,0.3280983420097115,0.4116274967167806,0.9400748373301836,0.6984387838948231,0,0.1647898928865698,0.5813693193405163,1.3592469366225755,0.5668755708122057,50000,100000,50000,50000,50000,50000,10000,50000,50000,20000,50000,0,7163904,2162688,220594176,0,0,2703360,0,0,2973696,0,0,0,0,5541888,196.053469127944,0,0,4.12100777371921,195.98562146955726,411.4305689067552,0,0,118.00704134485999,6.778964667214462,0,23.564954682779458,26.462327638947716,0,8.314175038579032,0,0,2162688,0,0,0,0,0,0,0,0,0,0,0,0,225292288,80683008,18128896,439984128,111808512,349663232,40620032,10944512,310304768,94748672,4952064,3993600,305532928,16244736,134160384,209510400,70692864,14462976,200048640,104079360,330756096,35819520,9732096,292098048,84750336,4055040,2568192,295477248,15003648,38252544,0,0,0,0,0,0,0,0,0,0,0,0,0,0,0,211222528,80449536,17743872,425537536,107945984,333402112,40361984,10567680,296263680,94486528,4796416,2912256,297783296,15851520,45735936,192434176,73420800,17743872,212242432,107945984,333402112,37793792,10567680,296263680,91512832,4796416,2912256,297783296,15851520,40194048,1073741824,1073741824,314572800,0,1073741824,1073741824,1073741824,314572800,1073741824,0,0,0,1073741824,314572800,2147483648,10.984571096689477,0,4.899601907345028,0,0.08239494644328482,14.644285579315339,45251.38254084493,0,20651.122096329673,0,1223.400164789893,50405.064088432584,10.984571096689477,0,4.899601907345028,0,0.08239494644328482,14.644285579315339,45251.38254084493,0,20651.122096329673,0,1223.400164789893,50405.064088432584,102.16637607968097,50.22459655803464,484.4924698431117,20.879562120923943,34.32951339475195,38.71170322522766,16.720124159337818,60.485625024716256,45.780621394988124,77.77983427658125,0,0,0,0,0,0,0,0,0,0,118740.99681356341,120790.00683956596,1576751.516909614,99180.47718675373,334059.67093600973,550025.0975642579,3062.1624418003107,9016.866374026178,589415.5397217779,101493.58045590315,0,0,0,0,0,0,0,0,0,0,120.62365979278144,40.92648390853467,469.74641622549376,27.642173334178658,47.112575837015946,54.680841519759575,14.878427315054322,72.9821647486851,60.97620086277931,104.8043715610753,0,0,0,0,0,0,0,0,0,0,24257.27970500411,6817.512985932676,143178.6689873571,5751.833301633593,12119.891144233889,6594.222401650743,2821.127780651837,10396.330130106378,12850.807037952594,19888.062426636272,0,0,0,0,0,0,0,0,0,0,14,8,32,2,2,2,2,12,0,0,0,0,0.009790229885057471,0.004213352685050798,0.0309938128383604,0.01592767295597484,0.0015521126760563379,0.003,0.0029868421052631584,0.003237321516494338,0.0220105,0.04152489626556015,0.0727404718693285,0.023663522012578615,0.00431943661971831,0.0046,0.004602631578947369,0.005301969365426695,0.02358025,0.04726659751037342,0.08673321234119778,0.024630503144654085,0.004665352112676056,0.0048,0.004804605263157896,0.0077877461706783386,0.024836050000000002,0.08091379310344803,0.09792740471869328,0.043897058823529414,0.004942084507042254,0.00496,0.004966184210526316,0.00977636761487965,0.4594686648501362,0.3760416666666666,0.38550087873462213,0.45889945652173914,0.8785425101214575,0.375,0.45912806539509543,0.48720326409495546,2.181914893617021,2.163866396761134,0.49390158172231985,2.1265182186234814,2.1271255060728746,0.475,2.1271255060728746,2.1906037221970043,2.3409574468085106,2.3319331983805665,0.6774058577405851,2.313259109311741,2.3135627530364373,0.4875,2.3135627530364373,2.345301861098502,2.4681914893617023,2.4663866396761134,0.9354811715481173,2.462651821862348,2.462712550607288,0.4975,2.462712550607288,2.4690603722197,395.9495798319252,397.6302521008444,396.87394957985447,392.55462184874375,396.7226890756201,116165313.61344537,28970285.176470585,344.2016806722689,51594523.96638655,90132032.53781512,3692224925.0420165,2843800205.983193,832334529.6134454,4997817627.966387,4156886799.0588236,0,0,0,0,0,15.142857142857142,2.3865546218487395,4.605042016806722,0.9915966386554621,16.57142857142857,0,0,0,0,0,60949.512605042015,21366.319327731093,991774.1176470588,35487.19327731092,72153.27731092437,1550.1344537815125,267.66386554621846,2827.983193277311,1723.0420168067228,425.81512605042013,1752.487394957983,378.7394957983193,1899.579831932773,2108.5546218487393,529.7647058823528,0,0,0,0,0,0,0,0,0,0,0,0,0,0,0,0,0,0,0,0
1693106535,0.5199049316696375,0.4292820888361403,0.2763546693310089,0.062439511723018384,1.6745182969032575,0.46607824288502475,0.17498578240517923,0.19519336342564314,0.16589555952885715,0.06162695152013107,0,0.21971985718209305,0.03931008518047911,0.6491925667451104,0.15658441722041966,3.5830695038621405,8.256743670614366,50.033801492315234,0.44393783210015336,9.837059795932062,2.6417638935011465,0.3116606019510908,0.6439452629010628,1.1479852187056467,0.9189969248151216,0.000056056338028167394,0.3040786102719032,0.7965380114061903,2.660166335307964,0.8761565506268729,2.4014656367597516,7.474558723264566,49.33993750132865,0.21853829103056227,7.79209180825648,1.8934428617203864,0.3280983420097115,0.4391850677076982,0.9400748373301836,0.6984387838948231,0,0.1647898928865698,0.569996235116945,1.3592469366225755,0.46975325166125953,50000,100000,50000,50000,50000,50000,10000,50000,50000,20000,50000,0,7163904,2162688,220594176,0,0,2703360,0,0,2973696,0,0,0,0,5541888,243.4640522875817,0,0,4.12100777371921,195.98562146955726,411.4305689067552,0,0,118.00704134485999,6.778964667214462,0,23.564954682779458,25.94465621911619,0,6.889714357698484,0,0,2162688,0,0,0,0,0,0,0,0,0,0,0,0,225292288,80683008,18128896,439984128,111808512,349663232,40620032,10944512,310304768,94748672,4952064,3993600,305532928,16244736,134160384,209510400,70692864,14462976,200048640,104079360,330756096,35819520,9732096,292098048,84750336,4055040,2568192,295477248,15003648,38252544,0,0,0,0,0,0,0,0,0,0,0,0,0,0,0,211222528,80449536,17743872,425537536,107945984,333402112,40361984,10567680,296263680,94486528,4796416,2912256,297783296,15851520,45735936,192434176,73420800,17743872,212242432,107945984,333402112,37793792,10567680,296263680,91512832,4796416,2912256,297783296,15851520,40194048,1073741824,1073741824,314572800,0,1073741824,1073741824,1073741824,314572800,1073741824,0,0,0,1073741824,314572800,2147483648,10.984571096689477,0,4.899601907345028,0,0.08239494644328482,12.135292334582557,45251.38254084493,0,20651.122096329673,0,1223.400164789893,41769.2064623815,10.984571096689477,0,4.899601907345028,0,0.08239494644328482,12.135292334582557,45251.38254084493,0,20651.122096329673,0,1223.400164789893,41769.2064623815,103.04948692485931,50.22459655803464,484.4924698431117,20.879562120923943,34.32951339475195,38.71170322522766,16.720124159337818,60.485625024716256,45.780621394988124,94.2933501021852,0,0,0,0,0,0,0,0,0,0,120069.61684872558,120790.00683956596,1576751.516909614,99180.47718675373,334059.67093600973,550025.0975642579,3062.1624418003107,9016.866374026178,589415.5397217779,123041.78588272286,0,0,0,0,0,0,0,0,0,0,121.71052631578947,40.92648390853467,469.74641622549376,27.642173334178658,47.112575837015946,54.680841519759575,14.878427315054322,72.9821647486851,60.97620086277931,127.0554944191165,0,0,0,0,0,0,0,0,0,0,24512.930321085732,6817.512985932676,143178.6689873571,5751.833301633593,12119.891144233889,6594.222401650743,2821.127780651837,10396.330130106378,12850.807037952594,24110.51721427449,0,0,0,0,0,0,0,0,0,0,24,18,36,14,18,2,18,60,0,0,0,0,0.009790229885057471,0.004213352685050798,0.0309938128383604,0.01592767295597484,0.0015521126760563379,0.003,0.0029868421052631584,0.0032442144183170442,0.0220105,0.04152489626556015,0.0727404718693285,0.023663522012578615,0.00431943661971831,0.0046,0.004602631578947369,0.005424193440005684,0.02358025,0.04726659751037342,0.08673321234119778,0.024630503144654085,0.004665352112676056,0.0048,0.004804605263157896,0.007829039004596179,0.024836050000000002,0.08091379310344803,0.09792740471869328,0.043897058823529414,0.004942084507042254,0.00496,0.004966184210526316,0.009752915456268578,0.4594686648501362,0.3760416666666666,0.38550087873462213,0.45889945652173914,0.8785425101214575,0.375,0.45912806539509543,0.46800318607840247,2.181914893617021,2.163866396761134,0.49390158172231985,2.1265182186234814,2.1271255060728746,0.475,2.1271255060728746,2.174163643937696,2.3409574468085106,2.3319331983805665,0.6774058577405851,2.313259109311741,2.3135627530364373,0.4875,2.3135627530364373,2.337081821968848,2.4681914893617023,2.4663866396761134,0.9354811715481173,2.462651821862348,2.462712550607288,0.4975,2.462712550607288,2.46741636439377,395.9999999999954,397.69747899159535,396.76585813119806,392.62184873950156,396.72268907560783,132760378.08403361,19313500.50420168,341.4186880053347,51594523.96638655,90132032.53781512,3763151261.0420165,2843779140.840336,825560971.5762274,4998014580.168067,4078436696.2016807,0,0,0,0,0,15.126050420168067,2.3865546218487395,4.567808618821372,0.9915966386554621,16.470588235294116,0,0,0,0,0,60906.48739495798,21366.319327731093,983755.2721513711,35487.19327731092,71766.05042016806,1544.6050420168065,266.99159663865544,2828.073685087939,1710.5714285714287,423.6302521008403,1746.7563025210081,378.0504201680672,1899.3748437109275,2095.344537815126,527.563025210084,0,0,0,0,0,0,0,0,0,0,0,0,0,0,0,0,0,0,0,0
1693106536,0.5199049316696375,0.4292820888361403,0.2763546693310089,0.062439511723018384,1.6745182969032575,0.46607824288502475,0.18662097280423437,0.19519336342564314,0.13301497387256853,0.06162695152013107,0,0.18841617364434582,0.050000000000000044,0.6491925667451104,0.1534351084936852,3.5830695038621405,8.256743670614366,50.033801492315234,0.44393783210015336,9.837059795932062,2.6417638935011465,0.3199961844493828,0.6439452629010628,0.7991226091801357,0.9189969248151216,0.000056056338028167394,0.29926974978332127,0.4842660949999989,2.660166335307964,0.8585348260654142,2.4014656367597516,7.474558723264566,49.33993750132865,0.21853829103056227,7.79209180825648,1.8934428617203864,0.32234531666185967,0.4391850677076982,0.598567382426549,0.6984387838948231,0,0.13189132155104205,0.3250000000000064,1.3592469366225755,0.4603053254810562,50000,100000,50000,50000,50000,50000,10000,50000,50000,20000,50000,0,7163904,2162688,220594176,0,0,2703360,0,0,2973696,0,0,0,0,5541888,243.4640522875817,0,0,4.12100777371921,195.98562146955726,411.4305689067552,0,0,68.76874149211787,6.778964667214462,0,17.409654444737537,4.95,0,6.751144773722167,0,0,2162688,0,0,0,0,0,0,0,0,0,0,0,0,225292288,80683008,18128896,439984128,111808512,349663232,40624128,10944512,310304768,94748672,4952064,3993600,305532928,16244736,134160384,209510400,70692864,14462976,200048640,104079360,330756096,35819520,9732096,292098048,84750336,4055040,2568192,295477248,15003648,38252544,0,0,0,0,0,0,0,0,0,0,0,0,0,0,0,211222528,80449536,17743872,425537536,107945984,333402112,40402944,10567680,296263680,94486528,4796416,2912256,297783296,15851520,45735936,192434176,73420800,17743872,212242432,107945984,333402112,37699584,10567680,296263680,91512832,4796416,2912256,297783296,15851520,40194048,1073741824,1073741824,314572800,0,1073741824,1073741824,1073741824,314572800,1073741824,0,0,0,1073741824,314572800,2147483648,10.984571096689477,0,4.818214206945694,0,0.05652485209330369,11.891220908260635,45251.38254084493,0,19857.01440374599,0,839.2810038813732,40929.122060907626,10.984571096689477,0,4.818214206945694,0,0.05652485209330369,11.891220908260635,45251.38254084493,0,19857.01440374599,0,839.2810038813732,40929.122060907626,103.04948692485931,50.22459655803464,484.4924698431117,20.879562120923943,34.32951339475195,38.71170322522766,16.720124159337818,61.973287900453315,46.166603572909345,94.2933501021852,0,0,0,0,0,0,0,0,0,0,120069.61684872558,120790.00683956596,1576751.516909614,99180.47718675373,334059.67093600973,550025.0975642579,3062.1624418003107,9243.512123885728,593333.3513601212,123041.78588272286,0,0,0,0,0,0,0,0,0,0,121.71052631578947,40.92648390853467,469.74641622549376,27.642173334178658,47.112575837015946,54.680841519759575,14.878427315054322,74.44704736986218,60.94856957438754,127.0554944191165,0,0,0,0,0,0,0,0,0,0,24512.930321085732,6817.512985932676,143178.6689873571,5751.833301633593,12119.891144233889,6594.222401650743,2821.127780651837,10631.385195777175,12982.13545328358,24110.51721427449,0,0,0,0,0,0,0,0,0,0,30,10,36,14,18,2,18,50,0,0,0,0,0.009790229885057471,0.004213352685050798,0.0309938128383604,0.01592767295597484,0.0015521126760563379,0.003,0.0029868421052631584,0.0032383908616836353,0.0220105,0.04152489626556015,0.0727404718693285,0.023663522012578615,0.00431943661971831,0.0046,0.004602631578947369,0.005321978021978027,0.02358025,0.04726659751037342,0.08673321234119778,0.024630503144654085,0.004665352112676056,0.0048,0.004804605263157896,0.0077983516483516434,0.024836050000000002,0.08091379310344803,0.09792740471869328,0.043897058823529414,0.004942084507042254,0.00496,0.004966184210526316,0.009779450549450541,0.4594686648501362,0.3760416666666666,0.38550087873462213,0.45889945652173914,0.8785425101214575,0.375,0.45912806539509543,0.48377225519287825,2.181914893617021,2.163866396761134,0.49390158172231985,2.1265182186234814,2.1271255060728746,0.475,2.1271255060728746,2.187880886426593,2.3409574468085106,2.3319331983805665,0.6774058577405851,2.313259109311741,2.3135627530364373,0.4875,2.3135627530364373,2.343940443213296,2.4681914893617023,2.4663866396761134,0.9354811715481173,2.462651821862348,2.462712550607288,0.4975,2.462712550607288,2.4687880886426594,396.1512605042149,397.6974789915873,396.82352941176276,392.7731092437073,396.67226890755705,132760378.08403361,19313500.50420168,137.68067226890756,51594523.96638655,90132032.53781512,3763139695.865546,2900616613.6470585,833336707.2268907,4998058637.983193,4078419968,0,0,0,0,0,14.974789915966387,2.3865546218487395,4.605042016806722,0.9915966386554621,16.369747899159663,0,0,0,0,0,60459.02521008403,21366.319327731093,991774.1176470588,35487.19327731092,71421.84873949579,1542,266.7731092436975,2825.361344537815,1705.8823529411764,422.85714285714283,1744.4201680672268,378.2016806722689,1897.4621848739494,2090.6050420168067,526.8403361344538,0,0,0,0,0,0,0,0,0,0,0,0,0,0,0,0,0,0,0,0
1693106537,0.5199049316696375,0.4292820888361403,0.2763546693310089,0.05173815990758958,1.713353838531883,0.46607824288502475,0.20509080965294044,0.19519336342564314,0.13564967285820942,0.06162695152013107,0,0.18841617364434582,0.038994200137833876,0.6491925667451104,0.1961438126434299,3.5830695038621405,8.256743670614366,50.033801492315234,0.3678524369010883,9.69566355717029,2.6417638935011465,0.32573621447941076,0.6439452629010628,0.8149512596434035,0.9189969248151216,0.000056056338028167394,0.29926974978332127,0.7331202628332552,2.660166335307964,1.0520302394915975,2.4014656367597516,7.474558723264566,49.33993750132865,0.18108355967656178,7.534628326073954,1.8934428617203864,0.3190301483490182,0.43918506770769833,0.6104235278619328,0.6984387838948231,0,0.13189132155104205,0.42893620151617007,1.3592469366225755,0.5884314379302902,50000,100000,50000,50000,50000,50000,10000,50000,50000,20000,50000,0,7163904,2162688,220594176,0,0,2703360,0,0,2973696,0,0,0,0,5677056,243.4640522875817,0,0,3.414718553900909,219.35057696674443,411.4305689067552,0,0,70.1308808676942,6.778964667214462,0,17.409654444737537,15.441703254582201,0,6.4727458172331955,0,0,2162688,0,0,0,0,0,0,0,0,0,0,0,0,225292288,80683008,18128896,439984128,111808512,349663232,40624128,10944512,310304768,94748672,4952064,3993600,305532928,16244736,134160384,209510400,70692864,14462976,200048640,104620032,330756096,35819520,9732096,292098048,84750336,4055040,2568192,295477248,15003648,38387712,0,0,0,0,0,0,0,0,0,0,0,0,0,0,0,211222528,80449536,17743872,425537536,108552192,333402112,40402944,10567680,296263680,94486528,4796416,2912256,297914368,15851520,46047232,192434176,73420800,17743872,212242432,108552192,333402112,37699584,10567680,296263680,91512832,4796416,2912256,297914368,15851520,40235008,1073741824,1073741824,314572800,0,1073741824,1073741824,1073741824,314572800,1073741824,0,0,0,1073741824,314572800,2147483648,10.984571096689477,0,4.8993915639313625,0,0.05652485209330369,13.749681266304455,45251.38254084493,0,20791.28591937652,0,839.2810038813732,45121.23649059491,10.984571096689477,0,4.8993915639313625,0,0.05652485209330369,13.749681266304455,45251.38254084493,0,20791.28591937652,0,839.2810038813732,45121.23649059491,103.04948692485931,50.22459655803464,484.4924698431117,20.879562120923943,34.32951339475195,38.71170322522766,16.720124159337818,61.973287900453315,46.166603572909345,94.2933501021852,0,0,0,0,0,0,0,0,0,0,120069.61684872558,120790.00683956596,1576751.516909614,99180.47718675373,334059.67093600973,550025.0975642579,3062.1624418003107,9243.512123885728,593333.3513601212,123041.78588272286,0,0,0,0,0,0,0,0,0,0,121.71052631578947,40.92648390853467,469.74641622549376,27.642173334178658,47.112575837015946,54.680841519759575,14.878427315054322,74.44704736986218,60.94856957438754,127.0554944191165,0,0,0,0,0,0,0,0,0,0,24512.930321085732,6817.512985932676,143178.6689873571,5751.833301633593,12119.891144233889,6594.222401650743,2821.127780651837,10631.385195777175,12982.13545328358,24110.51721427449,0,0,0,0,0,0,0,0,0,0,50,20,50,18,16,2,18,138,0,0,0,0,0.009804550758459743,0.004106685633001423,0.031037808641975306,0.015840425531914892,0.001589970501474926,0.003,0.002986062717770035,0.0032282012954658688,0.02199544994944388,0.0403964757709251,0.07189849624060152,0.02357659574468085,0.004327433628318584,0.0046,0.0046027874564459935,0.0051244239631336305,0.023558392315470172,0.04640969162995594,0.08618421052631575,0.024543617021276595,0.004669616519174041,0.0048,0.004804878048780488,0.007700460829493082,0.0248087462082912,0.07518181818181809,0.09761278195488722,0.04053124999999996,0.004943362831858407,0.00496,0.004966550522648084,0.009761290322580647,0.45890883977900554,0.375,0.3857142857142857,0.45810439560439564,0.8719008264462811,0.375,0.45596590909090906,0.48684210526315785,2.1816168898043258,2.1629629629629625,0.49428571428571433,2.124380165289256,2.118421052631579,0.475,2.1184210526315788,2.190304709141274,2.3408084449021627,2.331481481481482,0.6833333333333327,2.312190082644628,2.309210526315789,0.4875,2.309210526315789,2.345152354570637,2.468161688980432,2.4662962962962967,0.9366666666666669,2.462438016528926,2.4618421052631585,0.4975,2.461842105263158,2.4690304709141273,396.2352941176449,397.6974789916041,396.84033613445257,392.68907563025437,396.6722689075468,132760378.08403361,19313500.50420168,137.68067226890756,51594523.96638655,90132032.53781512,3834044966.7226887,2957480314.6218486,833335399.2605041,4905678555.428571,4078413497.0084033,0,0,0,0,0,15.008403361344538,2.3865546218487395,4.605042016806722,0.9915966386554621,16.48739495798319,0,0,0,0,0,60553.68067226891,21366.319327731093,991774.1176470588,35487.19327731092,71834.89075630251,1548.1344537815123,266.5210084033613,2824.7899159663866,1716.3529411764705,424.2689075630252,1750.487394957983,377.9159663865546,1896.5546218487395,2101.1932773109243,528.2521008403361,0,0,0,0,0,0,0,0,0,0,0,0,0,0,0,0,0,0,0,0
1693106538,0.5199049316696375,0.4292820888361403,0.2763546693310089,0.058700373725712775,1.713353838531883,0.46607824288502475,0.20509080965294044,0.19519336342564314,0.1580819391384536,0.06162695152013107,0,0.18841617364434582,0.039768547556546754,0.6491925667451104,0.1961438126434299,3.5830695038621405,8.256743670614366,50.033801492315234,0.4401343573287407,9.69566355717029,2.6417638935011465,0.32573621447941076,0.6439452629010628,0.9497190277960775,0.9189969248151216,0.00009724037981859128,0.29926974978332127,0.7476785761497076,2.660166335307964,1.0520302394915975,2.4014656367597516,7.474558723264566,49.33993750132865,0.21523470366094552,7.534628326073954,1.8934428617203864,0.3190301483490182,0.43918506770769833,0.71136872612303,0.6984387838948231,0,0.13189132155104205,0.43745402312201165,1.3592469366225755,0.5884314379302902,50000,100000,50000,50000,50000,50000,10000,50000,50000,20000,50000,0,7163904,2162688,220594176,0,0,2703360,0,0,2973696,0,0,0,0,5677056,243.4640522875817,0,0,5.165632887862719,219.35057696674443,411.4305689067552,0,0,81.72836253458043,6.778964667214462,0,17.409654444737537,15.748344832392501,0,6.4727458172331955,0,0,2162688,0,0,0,0,0,0,0,0,0,0,0,0,225292288,80683008,18128896,439984128,111808512,349663232,40624128,10944512,310304768,94748672,4952064,3993600,305532928,16244736,134160384,209510400,70692864,14462976,200048640,104620032,330756096,35819520,9732096,292098048,84750336,4055040,2568192,295477248,15003648,38387712,0,0,0,0,0,0,0,0,0,0,0,0,0,0,0,211222528,80449536,17743872,425537536,108552192,333402112,40402944,10567680,296263680,94486528,4796416,2912256,297914368,15851520,46047232,192434176,73420800,17743872,212242432,108552192,333402112,37699584,10567680,296263680,91512832,4796416,2912256,297914368,15851520,40235008,1073741824,1073741824,314572800,0,1073741824,1073741824,1073741824,314572800,1073741824,0,0,0,1073741824,314572800,2147483648,10.984571096689477,0,4.8993915639313625,0,0.05652485209330369,13.749681266304455,45251.38254084493,0,20791.28591937652,0,839.2810038813732,45121.23649059491,10.984571096689477,0,4.8993915639313625,0,0.05652485209330369,13.749681266304455,45251.38254084493,0,20791.28591937652,0,839.2810038813732,45121.23649059491,103.04948692485931,50.22459655803464,484.4924698431117,20.879562120923943,34.32951339475195,38.71170322522766,16.720124159337818,61.973287900453315,46.166603572909345,94.2933501021852,0,0,0,0,0,0,0,0,0,0,120069.61684872558,120790.00683956596,1576751.516909614,99180.47718675373,334059.67093600973,550025.0975642579,3062.1624418003107,9243.512123885728,593333.3513601212,123041.78588272286,0,0,0,0,0,0,0,0,0,0,121.71052631578947,40.92648390853467,469.74641622549376,27.642173334178658,47.112575837015946,54.680841519759575,14.878427315054322,74.44704736986218,60.94856957438754,127.0554944191165,0,0,0,0,0,0,0,0,0,0,24512.930321085732,6817.512985932676,143178.6689873571,5751.833301633593,12119.891144233889,6594.222401650743,2821.127780651837,10631.385195777175,12982.13545328358,24110.51721427449,0,0,0,0,0,0,0,0,0,0,22,20,52,4,2,2,2,40,0,0,0,0,0.009804550758459743,0.004106685633001423,0.031037808641975306,0.015840425531914892,0.0015344827586206895,0.0030168067226890756,0.002986666666666667,0.0032282012954658688,0.02199544994944388,0.0403964757709251,0.07189849624060152,0.02357659574468085,0.004325287356321839,0.004630252100840336,0.004602666666666666,0.0051244239631336305,0.023558392315470172,0.04640969162995594,0.08618421052631575,0.024543617021276595,0.004674137931034483,0.004831932773109243,0.004804666666666667,0.007700460829493082,0.0248087462082912,0.07518181818181809,0.09761278195488722,0.04053124999999996,0.004953218390804598,0.0049932773109243695,0.004966266666666667,0.009761290322580647,0.45890883977900554,0.375,0.3857142857142857,0.45810439560439564,0.8791322314049587,0.375,0.4592541436464088,0.48684210526315785,2.1816168898043258,2.1629629629629625,0.49428571428571433,2.124380165289256,2.128367346938776,0.475,2.1274590163934426,2.190304709141274,2.3408084449021627,2.331481481481482,0.6833333333333327,2.312190082644628,2.314183673469388,0.4875,2.3137295081967215,2.345152354570637,2.468161688980432,2.4662962962962967,0.9366666666666669,2.462438016528926,2.4628367346938775,0.4975,2.462745901639344,2.4690304709141273,396.2184873949444,397.6974789915919,396.8739495798383,392.9075630252148,396.739495798313,132760378.08403361,19313500.50420168,137.68067226890756,51594523.96638655,90132032.53781512,3834019220.4369745,2843752706.1512604,897728787.3613445,4998182206.386555,4000023009.882353,0,0,0,0,0,14.924369747899158,2.3865546218487395,4.605042016806722,0.9915966386554621,16.403361344537814,0,0,0,0,0,60286.924369747896,21366.319327731093,991774.1176470588,35487.19327731092,71516.50420168067,1544.3025210084031,266.85714285714283,2825.865546218487,1716.5210084033613,424.3529411764705,1747.159663865546,378.16806722689074,1896.5714285714284,2101.731092436975,528.5882352941177,0,0,0,0,0,0,0,0,0,0,0,0,0,0,0,0,0,0,0,0
1693106539,0.5199049316696375,0.4292820888361403,0.2763546693310089,0.058700373725712775,1.713353838531883,0.46607824288502475,0.20509080965294044,0.19519336342564314,0.1580819391384536,0.06162695152013107,0,0.18841617364434582,0.04646084512277283,0.5916855320024695,0.1961438126434299,3.5830695038621405,8.256743670614366,50.033801492315234,0.4401343573287407,9.69566355717029,2.6417638935011465,0.32573621447941076,0.6439452629010628,0.9497190277960775,0.9189969248151216,0.00009949661564625561,0.29926974978332127,0.8734987989871481,2.655860166700975,1.0520302394915975,2.4014656367597516,7.474558723264566,49.33993750132865,0.21523470366094552,7.534628326073954,1.8934428617203864,0.3190301483490182,0.43918506770769833,0.71136872612303,0.6984387838948231,0,0.13189132155104205,0.511069296350498,1.311998353570693,0.5884314379302902,50000,100000,50000,50000,50000,50000,10000,50000,50000,20000,50000,0,7163904,2162688,220594176,0,0,2703360,0,0,2973696,0,0,0,0,5677056,243.4640522875817,0,0,5.165632887862719,219.35057696674443,411.4305689067552,0,0,81.72836253458043,6.778964667214462,0,17.409654444737537,18.398494668618024,0,6.4727458172331955,0,0,2162688,0,0,0,0,0,0,0,0,0,0,0,0,225292288,80683008,18128896,439984128,111808512,349663232,40624128,10944512,310304768,94748672,4952064,3993600,305532928,16244736,134160384,209510400,70692864,14462976,200048640,104620032,330756096,35819520,9732096,292098048,84750336,4055040,2568192,295477248,15003648,38387712,0,0,0,0,0,0,0,0,0,0,0,0,0,0,0,211222528,80449536,17743872,425537536,108552192,333402112,40402944,10567680,296263680,94486528,4796416,2912256,297914368,15851520,46047232,192434176,73420800,17743872,212242432,108552192,333402112,37699584,10567680,296263680,91512832,4796416,2912256,297914368,15851520,40235008,1073741824,1073741824,314572800,0,1073741824,1073741824,1073741824,314572800,1073741824,0,0,0,1073741824,314572800,2147483648,10.984571096689477,0,4.8993915639313625,0,0.05652485209330369,13.749681266304455,45251.38254084493,0,20791.28591937652,0,839.2810038813732,45121.23649059491,10.984571096689477,0,4.8993915639313625,0,0.05652485209330369,13.749681266304455,45251.38254084493,0,20791.28591937652,0,839.2810038813732,45121.23649059491,103.04948692485931,50.22459655803464,484.4924698431117,20.879562120923943,34.311804358049855,38.771722625274165,16.720124159337818,61.973287900453315,46.166603572909345,94.2933501021852,0,0,0,0,0,0,0,0,0,0,120069.61684872558,120790.00683956596,1576751.516909614,99180.47718675373,334365.966452422,548600.438670491,3062.1624418003107,9243.512123885728,593333.3513601212,123041.78588272286,0,0,0,0,0,0,0,0,0,0,121.71052631578947,40.92648390853467,469.74641622549376,27.642173334178658,47.186079322777864,54.327653112873286,14.878427315054322,74.44704736986218,60.94856957438754,127.0554944191165,0,0,0,0,0,0,0,0,0,0,24512.930321085732,6817.512985932676,143178.6689873571,5751.833301633593,12237.145320583164,6577.796524379955,2821.127780651837,10631.385195777175,12982.13545328358,24110.51721427449,0,0,0,0,0,0,0,0,0,0,36,20,54,14,18,2,18,104,0,0,0,0,0.009804550758459743,0.004106685633001423,0.031037808641975306,0.015840425531914892,0.0015344827586206895,0.0030168067226890756,0.002986666666666667,0.0032282012954658688,0.02199544994944388,0.0403964757709251,0.07189849624060152,0.02357659574468085,0.004325287356321839,0.004630252100840336,0.004602666666666666,0.0051244239631336305,0.023558392315470172,0.04640969162995594,0.08618421052631575,0.024543617021276595,0.004674137931034483,0.004831932773109243,0.004804666666666667,0.007700460829493082,0.0248087462082912,0.07518181818181809,0.09761278195488722,0.04053124999999996,0.004953218390804598,0.0049932773109243695,0.004966266666666667,0.009761290322580647,0.45890883977900554,0.375,0.3857142857142857,0.45810439560439564,0.8791322314049587,0.375,0.4592541436464088,0.48684210526315785,2.1816168898043258,2.1629629629629625,0.49428571428571433,2.124380165289256,2.128367346938776,0.475,2.1274590163934426,2.190304709141274,2.3408084449021627,2.331481481481482,0.6833333333333327,2.312190082644628,2.314183673469388,0.4875,2.3137295081967215,2.345152354570637,2.468161688980432,2.4662962962962967,0.9366666666666669,2.462438016528926,2.4628367346938775,0.4975,2.462745901639344,2.4690304709141273,396.21848739495476,397.6974789916155,396.9747899159888,392.8907563025078,396.60504201680476,132760378.08403361,19313500.50420168,137.68067226890756,51594523.96638655,90132032.53781512,3834046137.0084033,2786888041.4117646,897712472.2016807,5090648821.243697,4156836683.2941175,0,0,0,0,0,14.84033613445378,2.3865546218487395,4.605042016806722,0.9915966386554621,16.45378151260504,0,0,0,0,0,59977.142857142855,21366.319327731093,991774.1176470588,35487.19327731092,71705.81512605042,1548.1176470588234,266.0504201680672,2824.8571428571427,1710.7899159663864,422.72268907563017,1750.8571428571424,377.26050420168065,1895.058823529412,2095.9663865546217,527.0252100840336,0,0,0,0,0,0,0,0,0,0,0,0,0,0,0,0,0,0,0,0
1693106540,0.5199049316696375,0.36719478183772003,0.2174917760922161,0.058700373725712775,1.713353838531883,0.46607824288502475,0.20509080965294044,0.19519336342564314,0.1580819391384536,0.06162695152013107,0,0.18841617364434582,0.04646084512277283,0.5916855320024695,0.1961438126434299,3.5830695038621405,7.062566246453596,50.0173143055216,0.4401343573287407,9.69566355717029,2.6417638935011465,0.32573621447941076,0.6439452629010628,0.9497190277960775,0.9189969248151216,0.00010175285147391996,0.29926974978332127,0.8734987989871481,2.655860166700975,1.0520302394915975,2.4014656367597516,6.393509142586189,49.34344670092163,0.21523470366094552,7.534628326073954,1.8934428617203864,0.3190301483490182,0.43918506770769833,0.71136872612303,0.6984387838948231,0,0.13189132155104205,0.511069296350498,1.311998353570693,0.5884314379302902,50000,100000,50000,50000,50000,50000,10000,50000,50000,20000,50000,0,7163904,2162688,220594176,0,0,2703360,0,0,2973696,0,0,0,0,5677056,243.4640522875817,0,0,5.165632887862719,219.35057696674443,411.4305689067552,0,0,81.72836253458043,6.778964667214462,0,17.409654444737537,18.398494668618024,0,6.4727458172331955,0,0,2162688,0,0,0,0,0,0,0,0,0,0,0,0,225292288,80683008,18128896,439984128,111808512,349663232,40624128,10944512,310304768,94748672,4952064,3993600,305532928,16244736,134160384,209510400,70692864,14462976,200048640,104620032,330756096,35819520,9732096,292098048,84750336,4055040,2568192,295477248,15003648,38387712,0,0,0,0,0,0,0,0,0,0,0,0,0,0,0,211222528,80449536,17743872,425537536,108552192,333402112,40402944,10567680,296263680,94486528,4796416,2912256,297914368,15851520,46047232,192434176,73420800,17743872,212242432,108552192,333402112,37699584,10567680,296263680,91512832,4796416,2912256,297914368,15851520,40235008,1073741824,1073741824,314572800,0,1073741824,1073741824,1073741824,314572800,1073741824,0,0,0,1073741824,314572800,2147483648,9.395866476435781,0,4.8993915639313625,0,0.05652485209330369,13.749681266304455,38706.649944305565,0,20791.28591937652,0,839.2810038813732,45121.23649059491,9.395866476435781,0,4.8993915639313625,0,0.05652485209330369,13.749681266304455,38706.649944305565,0,20791.28591937652,0,839.2810038813732,45121.23649059491,103.04948692485931,51.068057625434676,484.4924698431117,20.879562120923943,34.311804358049855,39.120280264694436,16.720124159337818,59.949677278197136,46.166603572909345,94.2933501021852,0,0,0,0,0,0,0,0,0,0,120069.61684872558,120691.23199205167,1576751.516909614,99180.47718675373,334365.966452422,548277.129016911,3062.1624418003107,8943.00404769719,593333.3513601212,123041.78588272286,0,0,0,0,0,0,0,0,0,0,121.71052631578947,41.35618479880775,469.74641622549376,27.642173334178658,47.186079322777864,54.97167077548549,14.878427315054322,72.44283995186522,60.94856957438754,127.0554944191165,0,0,0,0,0,0,0,0,0,0,24512.930321085732,6969.8460009935425,143178.6689873571,5751.833301633593,12237.145320583164,6695.212144803426,2821.127780651837,10284.257739853409,12982.13545328358,24110.51721427449,0,0,0,0,0,0,0,0,0,0,26,2.008,26,10,10,2,10,84,0,0,0,0,0.009804550758459743,0.004106685633001423,0.031037808641975306,0.015840425531914892,0.0015344827586206895,0.0030168067226890756,0.002986666666666667,0.003235844155844156,0.02199544994944388,0.0403964757709251,0.07189849624060152,0.02357659574468085,0.004325287356321839,0.004630252100840336,0.004602666666666666,0.005274418604651162,0.023558392315470172,0.04640969162995594,0.08618421052631575,0.024543617021276595,0.004674137931034483,0.004831932773109243,0.004804666666666667,0.00777674418604651,0.0248087462082912,0.07518181818181809,0.09761278195488722,0.04053124999999996,0.004953218390804598,0.0049932773109243695,0.004966266666666667,0.009778604651162785,0.45890883977900554,0.375,0.3857142857142857,0.45810439560439564,0.8791322314049587,0.375,0.4592541436464088,0.4727272727272728,2.1816168898043258,2.1629629629629625,0.49428571428571433,2.124380165289256,2.128367346938776,0.475,2.1274590163934426,2.1784860557768924,2.3408084449021627,2.331481481481482,0.6833333333333327,2.312190082644628,2.314183673469388,0.4875,2.3137295081967215,2.339243027888446,2.468161688980432,2.4662962962962967,0.9366666666666669,2.462438016528926,2.4628367346938775,0.4975,2.462745901639344,2.467848605577689,396.28571428570945,397.6974789915915,397.0756302520964,392.9411764705972,396.5546218487246,132760378.08403361,19313500.50420168,137.68067226890756,51594523.96638655,90132101.37815125,3834049510.1848736,2843781412.5714283,897702352.6722689,4998142898.554622,4078474558.3865542,0,0,0,0,0,14.924369747899158,2.3865546218487395,4.605042016806722,1.1260504201680672,16.521008403361343,0,0,0,0,0,60218.08403361344,21366.319327731093,991774.1176470588,44642.95798319328,71998.38655462184,1546.3697478991596,263.04201680672264,2826.6050420168062,1715.0420168067224,423.8991596638655,1749.4453781512605,374.3865546218487,1896,2099.126050420168,528.2689075630251,0,0,0,0,0,0,0,0,0,0,0,0,0,0,0,0,0,0,0,0
1693106541,0.5199049316696375,0.3600400803571177,0.2174917760922161,0.058700373725712775,1.713353838531883,0.46607824288502475,0.20509080965294044,0.16739403304732053,0.1580819391384536,0.05244526025960409,0,0.18841617364434582,0.04646084512277283,0.5061713974224199,0.1961438126434299,3.5830695038621405,6.924953851943356,50.0173143055216,0.4401343573287407,9.69566355717029,2.6417638935011465,0.32573621447941076,0.5522349363060617,0.9497190277960775,0.9263304733184733,0.0001040090873015843,0.29926974978332127,0.8734987989871481,2.680771405209672,1.0520302394915975,2.4014656367597516,6.268933163865113,49.34344670092163,0.21523470366094552,7.534628326073954,1.8934428617203864,0.3190301483490182,0.37663657435647224,0.71136872612303,0.6293431231152491,0,0.13189132155104205,0.511069296350498,1.3238328855663273,0.5884314379302902,50000,100000,50000,50000,50000,50000,10000,50000,50000,20000,50000,0,7163904,2162688,220594176,0,0,2703360,0,0,2973696,0,0,0,0,5677056,243.4640522875817,0,0,5.165632887862719,219.35057696674443,411.4305689067552,0,0,81.72836253458043,6.922774354267733,0,17.409654444737537,18.398494668618024,0,6.4727458172331955,0,0,2162688,0,0,0,0,0,0,0,0,0,0,0,0,225292288,80683008,18128896,439984128,111808512,349663232,40624128,10944512,310304768,94748672,4952064,3993600,305532928,16244736,134160384,209510400,70692864,14462976,200048640,104620032,330756096,35819520,9732096,292098048,84750336,4055040,2568192,295477248,15003648,38387712,0,0,0,0,0,0,0,0,0,0,0,0,0,0,0,211222528,80449536,17743872,425537536,108552192,333402112,40402944,10567680,296263680,94486528,4796416,2912256,297914368,15855616,46047232,192434176,73420800,17743872,212242432,108552192,333402112,37699584,10567680,296263680,91512832,4796416,2912256,297914368,15855616,40235008,1073741824,1073741824,314572800,0,1073741824,1073741824,1073741824,314572800,1073741824,0,0,0,1073741824,314572800,2147483648,9.212790291490958,0,4.8993915639313625,0,0.05652485209330369,13.749681266304455,37952.46023529148,0,20791.28591937652,0,839.2810038813732,45121.23649059491,9.212790291490958,0,4.8993915639313625,0,0.05652485209330369,13.749681266304455,37952.46023529148,0,20791.28591937652,0,839.2810038813732,45121.23649059491,103.04948692485931,51.068057625434676,484.4924698431117,20.879562120923943,34.311804358049855,39.120280264694436,13.209390545090228,59.949677278197136,46.25893279830474,94.2933501021852,0,0,0,0,0,0,0,0,0,0,120069.61684872558,120691.23199205167,1576751.516909614,99180.47718675373,334365.966452422,548277.129016911,2423.1362226086044,8943.00404769719,594798.1018508081,123041.78588272286,0,0,0,0,0,0,0,0,0,0,121.71052631578947,41.35618479880775,469.74641622549376,27.642173334178658,47.186079322777864,54.97167077548549,11.832241318048906,72.44283995186522,60.66412678374174,127.0554944191165,0,0,0,0,0,0,0,0,0,0,24512.930321085732,6969.8460009935425,143178.6689873571,5751.833301633593,12237.145320583164,6695.212144803426,2240.1159008434397,10284.257739853409,12893.59543722807,24110.51721427449,0,0,0,0,0,0,0,0,0,0,36,18,48,6,4,2,6,68,0,0,0,0,0.009804550758459743,0.004106685633001423,0.031037808641975306,0.015840425531914892,0.0015344827586206895,0.0030168067226890756,0.002986666666666667,0.0032289097187962507,0.02199544994944388,0.0403964757709251,0.07189849624060152,0.02357659574468085,0.004325287356321839,0.004630252100840336,0.004602666666666666,0.005138952164009117,0.023558392315470172,0.04640969162995594,0.08618421052631575,0.024543617021276595,0.004674137931034483,0.004831932773109243,0.004804666666666667,0.007711845102505694,0.0248087462082912,0.07518181818181809,0.09761278195488722,0.04053124999999996,0.004953218390804598,0.0049932773109243695,0.004966266666666667,0.009770159453302963,0.45890883977900554,0.375,0.3857142857142857,0.45810439560439564,0.8791322314049587,0.375,0.4592541436464088,0.49116541353383464,2.1816168898043258,2.1629629629629625,0.49428571428571433,2.124380165289256,2.128367346938776,0.475,2.1274590163934426,2.193625678119349,2.3408084449021627,2.331481481481482,0.6833333333333327,2.312190082644628,2.314183673469388,0.4875,2.3137295081967215,2.3468128390596745,2.468161688980432,2.4662962962962967,0.9366666666666669,2.462438016528926,2.4628367346938775,0.4975,2.462745901639344,2.4693625678119346,396.4033613445412,397.7142857142875,397.042016806722,392.84033613446593,396.6050420167995,132760378.08403361,19313500.50420168,137.68067226890756,51594523.96638655,90132101.37815125,3834017224.067227,2843779003.1596637,897706483.0924369,4998076949.512605,4156899396.840336,0,0,0,0,0,14.924369747899158,2.3865546218487395,4.605042016806722,1.1260504201680672,16.857142857142858,0,0,0,0,0,60175.05882352941,21366.319327731093,991774.1176470588,44642.95798319328,73900.10084033613,1539.2773109243697,266.6890756302521,2823.8991596638652,1711.7647058823527,423.99999999999994,1741.6638655462184,377.9831932773109,1892.9411764705883,2095.2268907563025,528.3697478991596,0,0,0,0,0,0,0,0,0,0,0,0,0,0,0,0,0,0,0,0
1693106542,0.44476133887898583,0.35288537887651533,0.2174917760922161,0.058700373725712775,1.713353838531883,0.46607824288502475,0.20509080965294044,0.1641408103235598,0.13994402239104325,0.05244526025960409,0,0.18841617364434582,0.04646084512277283,0.5061713974224199,0.1961438126434299,3.0651965249039326,6.787341457433116,50.0173143055216,0.4401343573287407,9.69566355717029,2.6417638935011465,0.32573621447941076,0.5415025152577105,1.0347779108356672,0.9263304733184733,0.000053412894156286085,0.29926974978332127,0.8734987989871481,2.680771405209672,1.0520302394915975,2.0543738033934087,6.1443571851440355,49.34344670092163,0.21523470366094552,7.534628326073954,1.8934428617203864,0.3190301483490182,0.36931682322801057,0.7796881247501011,0.6293431231152491,0,0.13189132155104205,0.511069296350498,1.3238328855663273,0.5884314379302902,50000,100000,50000,50000,50000,50000,10000,50000,50000,20000,50000,0,7163904,2162688,220594176,0,0,2703360,0,0,2973696,0,0,0,0,5677056,208.27538126361657,0,0,5.165632887862719,219.35057696674443,411.4305689067552,0,0,83.12674930027988,6.922774354267733,0,17.409654444737537,18.398494668618024,0,6.4727458172331955,0,0,2162688,0,0,0,0,0,0,0,0,0,0,0,0,225292288,80683008,18128896,439984128,111808512,349663232,40624128,10944512,310304768,94748672,4952064,3993600,305532928,16244736,134160384,209510400,70692864,14462976,200048640,104620032,330756096,35819520,9732096,292098048,84750336,4055040,2568192,295477248,15003648,38387712,0,0,0,0,0,0,0,0,0,0,0,0,0,0,0,211222528,80449536,17743872,425537536,108552192,333402112,40402944,10567680,296292352,94486528,4796416,2912256,297914368,15855616,46047232,192434176,73420800,17743872,212242432,108552192,333402112,37699584,10567680,296292352,91512832,4796416,2912256,297914368,15855616,40235008,1073741824,1073741824,314572800,0,1073741824,1073741824,1073741824,314572800,1073741824,0,0,0,1073741824,314572800,2147483648,9.02971410654613,0,4.8993915639313625,0,0.05652485209330369,13.749681266304455,37198.270526277396,0,20791.28591937652,0,839.2810038813732,45121.23649059491,9.02971410654613,0,4.8993915639313625,0,0.05652485209330369,13.749681266304455,37198.270526277396,0,20791.28591937652,0,839.2810038813732,45121.23649059491,103.04948692485931,51.068057625434676,480.81754234855015,20.879562120923943,34.311804358049855,39.120280264694436,13.483158878831302,59.949677278197136,46.25893279830474,78.91606914531258,0,0,0,0,0,0,0,0,0,0,120069.61684872558,120691.23199205167,1569744.006603503,99180.47718675373,334365.966452422,548277.129016911,2473.3564022472306,8943.00404769719,594798.1018508081,102976.23397578998,0,0,0,0,0,0,0,0,0,0,121.71052631578947,41.35618479880775,466.26471432672986,27.642173334178658,47.186079322777864,54.97167077548549,12.077467846782932,72.44283995186522,60.66412678374174,106.33539026882566,0,0,0,0,0,0,0,0,0,0,24512.930321085732,6969.8460009935425,142419.60953201263,5751.833301633593,12237.145320583164,6695.212144803426,2286.5429328452105,10284.257739853409,12893.59543722807,20178.59415906828,0,0,0,0,0,0,0,0,0,0,24,14,34,18,14,2,14,142,0,0,0,0,0.009745075318655852,0.004065527065527066,0.03111826697892272,0.0158829568788501,0.001628242074927954,0.003018348623853211,0.0029862542955326464,0.003238761974944731,0.021987667009249746,0.04066964285714285,0.07223163841807911,0.023546201232032857,0.004344092219020173,0.00463302752293578,0.004602749140893471,0.005328633405639914,0.023570914696813973,0.04667410714285713,0.08639830508474575,0.024504106776180697,0.0046835734870317005,0.0048348623853211,0.004804810996563574,0.007799891540130155,0.024837512846865358,0.07758333333333307,0.09773163841807911,0.03963333333333334,0.004955158501440923,0.004996330275229358,0.0049664604810996564,0.009776898047722346,0.459005376344086,0.3770833333333333,0.3858342361863488,0.45956873315363883,0.8675298804780878,0.375,0.453601108033241,0.48772156573116693,2.181055900621118,2.163048016701461,0.49450162513542795,2.1282868525896417,2.1125,0.475,2.1114537444933923,2.190981012658228,2.3405279503105585,2.3315240083507307,0.6865624999999995,2.3141434262948204,2.30625,0.4875,2.305726872246696,2.345490506329114,2.468105590062111,2.466304801670146,0.9373125000000002,2.462828685258964,2.46125,0.4975,2.4611453744493392,2.469098101265823,396.36974789917355,397.596638655469,397.0588235294107,392.6050420168001,396.62184873950423,132760378.08403361,19313500.50420168,137.68067226890756,51594523.96638655,90132101.37815125,3834001459.630252,2900684352.537815,897733606.1848739,4998042873.546218,4078467536.672269,0,0,0,0,0,14.924369747899158,2.3361344537815123,5.2100840336134455,1.1260504201680672,16.941176470588236,0,0,0,0,0,60200.87394957983,16547.495798319327,1133103.3277310925,44642.95798319328,74201.27731092437,1546.8739495798318,267.3781512605042,2822.7226890756297,1713.9663865546215,423.64705882352933,1749.4789915966385,378.7394957983193,1891.2773109243697,2097.6470588235293,528.016806722689,0,0,0,0,0,0,0,0,0,0,0,0,0,0,0,0,0,0,0,0
1693106543,0.43609625668449187,0.4190968462962312,0.2174917760922161,0.058700373725712775,1.713353838531883,0.46607824288502475,0.20509080965294044,0.16088758759979907,0.13994402239104325,0.05745255376601537,0,0.17368649587494586,0.04646084512277283,0.5061713974224199,0.1961438126434299,3.0054786998395633,8.156732726224982,50.0173143055216,0.4401343573287407,9.69566355717029,2.6417638935011465,0.32573621447941076,0.5307700942093596,1.0347779108356672,0.9324877013233231,0.00005454843269800888,0.30434820089738035,0.8734987989871481,2.680771405209672,1.0520302394915975,2.0143493761140796,7.229420598609996,49.34344670092163,0.21523470366094552,7.534628326073954,1.8934428617203864,0.3190301483490182,0.3619970720995489,0.7796881247501011,0.6128272401708261,0,0.11579099724996392,0.511069296350498,1.3238328855663273,0.5884314379302902,50000,100000,50000,50000,50000,50000,10000,50000,50000,20000,50000,0,7163904,2162688,220594176,0,0,2703360,0,0,2973696,0,0,0,0,5677056,204.2176470588235,0,0,5.165632887862719,219.35057696674443,411.4305689067552,0,0,83.12674930027988,6.319780914261639,0,26.74772036474164,18.398494668618024,0,6.4727458172331955,0,0,2162688,0,0,0,0,0,0,0,0,0,0,0,0,225292288,80924672,18128896,439984128,111808512,349663232,40624128,10944512,310304768,94846976,4952064,3993600,305532928,16244736,134160384,209510400,70692864,14462976,200048640,104620032,330756096,35819520,9732096,292098048,84885504,4055040,2568192,295477248,15003648,38387712,0,0,0,0,0,0,0,0,0,0,0,0,0,0,0,211222528,80572416,17743872,425537536,108552192,333402112,40402944,10567680,296292352,94720000,4796416,2912256,297914368,15855616,46047232,192434176,73543680,17743872,212242432,108552192,333402112,37699584,10567680,296292352,91746304,4796416,2912256,297914368,15855616,40235008,1073741824,1073741824,314572800,0,1073741824,1073741824,1073741824,314572800,1073741824,0,0,0,1073741824,314572800,2147483648,10.529808263192818,0,4.8993915639313625,0,0.08684324793747286,13.749681266304455,42003.56232319352,0,20791.28591937652,0,1289.448545375597,45121.23649059491,10.529808263192818,0,4.8993915639313625,0,0.08684324793747286,13.749681266304455,42003.56232319352,0,20791.28591937652,0,1289.448545375597,45121.23649059491,103.04948692485931,51.068057625434676,480.81754234855015,16.745770192527246,34.311804358049855,39.120280264694436,13.756927212572375,59.949677278197136,46.25893279830474,77.34451331027616,0,0,0,0,0,0,0,0,0,0,120069.61684872558,120691.23199205167,1569744.006603503,78711.52269936344,334365.966452422,548277.129016911,2523.5765818858563,8943.00404769719,594798.1018508081,100925.53754441126,0,0,0,0,0,0,0,0,0,0,121.71052631578947,41.35618479880775,466.26471432672986,22.14381846635368,47.186079322777864,54.97167077548549,12.322694375516956,72.44283995186522,60.66412678374174,104.21779869517371,0,0,0,0,0,0,0,0,0,0,24512.930321085732,6969.8460009935425,142419.60953201263,4632.865080558479,12237.145320583164,6695.212144803426,2332.969964846981,10284.257739853409,12893.59543722807,19776.75220549704,0,0,0,0,0,0,0,0,0,0,26,20,52,4,6,2,6,40,0,0,0,0,0.009745075318655852,0.004065527065527066,0.03111826697892272,0.0158829568788501,0.0015418994413407825,0.0030168067226890756,0.002987034035656402,0.003238761974944731,0.021987667009249746,0.04066964285714285,0.07223163841807911,0.023546201232032857,0.004326256983240224,0.004630252100840336,0.00460259319286872,0.005328633405639914,0.023570914696813973,0.04667410714285713,0.08639830508474575,0.024504106776180697,0.004674301675977654,0.004831932773109243,0.00480453808752026,0.007799891540130155,0.024837512846865358,0.07758333333333307,0.09773163841807911,0.03963333333333334,0.0049527374301675964,0.0049932773109243695,0.00496609400324149,0.009776898047722346,0.459005376344086,0.3770833333333333,0.3858342361863488,0.45956873315363883,0.8814741035856573,0.375,0.45990566037735847,0.48772156573116693,2.181055900621118,2.163048016701461,0.49450162513542795,2.1282868525896417,2.129166666666667,0.475,2.129166666666667,2.190981012658228,2.3405279503105585,2.3315240083507307,0.6865624999999995,2.3141434262948204,2.314583333333333,0.4875,2.314583333333333,2.345490506329114,2.468105590062111,2.466304801670146,0.9373125000000002,2.462828685258964,2.462916666666666,0.4975,2.462916666666666,2.469098101265823,396.4033613445264,397.6470588235209,397.1092436974898,392.50420168069013,396.6890756302387,132760378.08403361,19313500.50420168,137.68067226890756,51594523.96638655,72105570.9579832,3833932963.495798,2900706037.243697,834269287.2605041,4905488969.142857,4156904077.983193,0,0,0,0,0,15.025210084033613,2.403361344537815,5.2100840336134455,1.1260504201680672,16.873949579831933,0,0,0,0,0,60467.63025210084,21710.52100840336,1133103.3277310925,44642.95798319328,73968.94117647059,1543.5126050420167,266.8235294117647,2822.689075630252,1707.5966386554621,422.3361344537814,1746.1680672268906,378.16806722689074,1890.5882352941176,2091.529411764706,526.6890756302521,0,0,0,0,0,0,0,0,0,0,0,0,0,0,0,0,0,0,0,0
1693106544,0.4274311744899979,0.4190968462962312,0.2174917760922161,0.058700373725712775,1.713353838531883,0.5633273870998041,0.20509080965294044,0.15763436487603835,0.13994402239104325,0.05745255376601537,0,0.17368649587494586,0.04646084512277283,0.5061713974224199,0.1961438126434299,2.9457608747751944,8.156732726224982,50.0173143055216,0.4401343573287407,9.69566355717029,2.6773531405501982,0.32573621447941076,0.5200376731610086,1.0347779108356672,0.9324877013233231,0.00006813231250336785,0.30434820089738035,0.8734987989871481,2.680771405209672,1.0520302394915975,1.9743249488347503,7.229420598609996,49.34344670092163,0.21523470366094552,7.534628326073954,1.8589803774293396,0.3190301483490182,0.3546773209710873,0.7796881247501011,0.6128272401708261,0,0.11579099724996392,0.511069296350498,1.3238328855663273,0.5884314379302902,50000,100000,50000,50000,50000,50000,10000,50000,50000,20000,50000,0,7163904,2162688,220594176,0,0,2703360,0,0,2973696,0,0,0,0,5677056,200.15991285403047,0,0,5.165632887862719,219.35057696674443,394.10384001502206,0,0,83.12674930027988,6.319780914261639,0,26.74772036474164,18.398494668618024,0,6.4727458172331955,0,0,2162688,0,0,0,0,0,0,0,0,0,0,0,0,225292288,80924672,18128896,439984128,111808512,349663232,40624128,10944512,310304768,94846976,4952064,3993600,305532928,16244736,134160384,209510400,70692864,14462976,200048640,104620032,330620928,35819520,9732096,292098048,84885504,4055040,2568192,295477248,15003648,38387712,0,0,0,0,0,0,0,0,0,0,0,0,0,0,0,211222528,80572416,17743872,425537536,108552192,333713408,40402944,10567680,296292352,94720000,4796416,2912256,297914368,15855616,46047232,192434176,73543680,17743872,212242432,108552192,333713408,37699584,10567680,296292352,91746304,4796416,2912256,297914368,15855616,40235008,1073741824,1073741824,314572800,0,1073741824,1073741824,1073741824,314572800,1073741824,0,0,0,1073741824,314572800,2147483648,10.529808263192818,0,4.8993915639313625,0,0.08684324793747286,13.749681266304455,42003.56232319352,0,20791.28591937652,0,1289.448545375597,45121.23649059491,10.529808263192818,0,4.8993915639313625,0,0.08684324793747286,13.749681266304455,42003.56232319352,0,20791.28591937652,0,1289.448545375597,45121.23649059491,103.04948692485931,51.068057625434676,480.81754234855015,17.10080669863387,34.311804358049855,39.120280264694436,14.030695546313448,59.949677278197136,46.25893279830474,96.523733898006,0,0,0,0,0,0,0,0,0,0,120069.61684872558,120691.23199205167,1569744.006603503,80380.33002731692,334365.966452422,548277.129016911,2573.796761524482,8943.00404769719,594798.1018508081,125017.41074054467,0,0,0,0,0,0,0,0,0,0,121.71052631578947,41.35618479880775,466.26471432672986,22.61330203442879,47.186079322777864,54.97167077548549,12.56792090425098,72.44283995186522,60.66412678374174,129.12965903966432,0,0,0,0,0,0,0,0,0,0,24512.930321085732,6969.8460009935425,142419.60953201263,4731.089062647931,12237.145320583164,6695.212144803426,2379.3969968487518,10284.257739853409,12893.59543722807,24300.648981432463,0,0,0,0,0,0,0,0,0,0,24,14,44,10,6,2,6,104,0,0,0,0,0.009745075318655852,0.004065527065527066,0.03111826697892272,0.0158829568788501,0.0015418994413407825,0.0030168067226890756,0.002987034035656402,0.003238761974944731,0.021987667009249746,0.04066964285714285,0.07223163841807911,0.023546201232032857,0.004326256983240224,0.004630252100840336,0.00460259319286872,0.005328633405639914,0.023570914696813973,0.04667410714285713,0.08639830508474575,0.024504106776180697,0.004674301675977654,0.004831932773109243,0.00480453808752026,0.007799891540130155,0.024837512846865358,0.07758333333333307,0.09773163841807911,0.03963333333333334,0.0049527374301675964,0.0049932773109243695,0.00496609400324149,0.009776898047722346,0.459005376344086,0.3770833333333333,0.3858342361863488,0.45956873315363883,0.8814741035856573,0.375,0.45990566037735847,0.48772156573116693,2.181055900621118,2.163048016701461,0.49450162513542795,2.1282868525896417,2.129166666666667,0.475,2.129166666666667,2.190981012658228,2.3405279503105585,2.3315240083507307,0.6865624999999995,2.3141434262948204,2.314583333333333,0.4875,2.314583333333333,2.345490506329114,2.468105590062111,2.466304801670146,0.9373125000000002,2.462828685258964,2.462916666666666,0.4975,2.462916666666666,2.469098101265823,396.38655462184505,397.6302521008487,397.09243697480304,392.5210084033732,396.7563025210022,132760378.08403361,19313500.50420168,137.68067226890756,38696116.70588235,72105570.9579832,3833800032.8067226,2900689790.92437,834280783.5966386,4812994749.310925,4078516206.7899156,0,0,0,0,0,14.890756302521007,2.403361344537815,5.2100840336134455,1.1260504201680672,16.89075630252101,0,0,0,0,0,59839.46218487395,21710.52100840336,1133103.3277310925,44642.95798319328,73762.42016806723,1543.1932773109245,266.97478991596637,2821.1092436974786,1710.2521008403362,422.60504201680664,1745.5294117647059,378.3193277310924,1888.1680672268906,2094.151260504201,527.109243697479,0,0,0,0,0,0,0,0,0,0,0,0,0,0,0,0,0,0,0,0
1693106545,0.418766092295504,0.4190968462962312,0.2174917760922161,0.058700373725712775,1.713353838531883,0.5633273870998041,0.20509080965294044,0.11538961591270865,0.13994402239104325,0.05745255376601537,0,0.17368649587494586,0.04646084512277283,0.5061713974224199,0.1961438126434299,2.8860430497108256,8.156732726224982,50.0173143055216,0.4401343573287407,9.69566355717029,2.6773531405501982,0.32573621447941076,0.5127937637931375,1.0347779108356672,0.9324877013233231,0.00006813231250336785,0.30434820089738035,0.8734987989871481,2.680771405209672,1.0520302394915975,1.934300521555421,7.229420598609996,49.34344670092163,0.21523470366094552,7.534628326073954,1.8589803774293396,0.3190301483490182,0.4038636556944803,0.7796881247501011,0.6128272401708261,0,0.11579099724996392,0.511069296350498,1.3238328855663273,0.5884314379302902,50000,100000,50000,50000,50000,50000,10000,50000,50000,20000,50000,0,7163904,2162688,220594176,0,0,2703360,0,0,2973696,0,0,0,0,5677056,196.10217864923746,0,0,5.165632887862719,219.35057696674443,394.10384001502206,0,0,83.12674930027988,6.319780914261639,0,26.74772036474164,18.398494668618024,0,6.4727458172331955,0,0,2162688,0,0,0,0,0,0,0,0,0,0,0,0,225292288,80924672,18128896,439984128,111808512,349663232,40624128,10944512,310304768,94846976,4952064,3993600,305532928,16244736,134160384,209510400,70692864,14462976,200048640,104620032,330620928,35819520,9732096,292098048,84885504,4055040,2568192,295477248,15003648,38387712,0,0,0,0,0,0,0,0,0,0,0,0,0,0,0,211222528,80572416,17743872,425537536,108552192,333713408,40402944,10567680,296292352,94720000,4796416,2912256,297914368,15855616,46047232,192434176,73543680,17743872,212242432,108552192,333713408,37699584,10567680,296292352,91746304,4796416,2912256,297914368,15855616,40235008,1073741824,1073741824,314572800,0,1073741824,1073741824,1073741824,314572800,1073741824,0,0,0,1073741824,314572800,2147483648,10.529808263192818,0,4.8993915639313625,0,0.08684324793747286,13.749681266304455,42003.56232319352,0,20791.28591937652,0,1289.448545375597,45121.23649059491,10.529808263192818,0,4.8993915639313625,0,0.08684324793747286,13.749681266304455,42003.56232319352,0,20791.28591937652,0,1289.448545375597,45121.23649059491,103.04948692485931,51.068057625434676,480.81754234855015,17.4558432047405,34.311804358049855,39.120280264694436,17.35845662634348,59.949677278197136,46.25893279830474,96.523733898006,0,0,0,0,0,0,0,0,0,0,120069.61684872558,120691.23199205167,1569744.006603503,82049.1373552704,334365.966452422,548277.129016911,3156.4959302064126,8943.00404769719,594798.1018508081,125017.41074054467,0,0,0,0,0,0,0,0,0,0,121.71052631578947,41.35618479880775,466.26471432672986,23.08278560250391,47.186079322777864,54.97167077548549,15.357287403876422,72.44283995186522,60.66412678374174,129.12965903966432,0,0,0,0,0,0,0,0,0,0,24512.930321085732,6969.8460009935425,142419.60953201263,4829.313044737384,12237.145320583164,6695.212144803426,2917.142600170886,10284.257739853409,12893.59543722807,24300.648981432463,0,0,0,0,0,0,0,0,0,0,38,24,60,2,2,2,2,44,0,0,0,0,0.009745075318655852,0.004065532085114542,0.03111826697892272,0.0158829568788501,0.0015418994413407825,0.0030168067226890756,0.002987034035656402,0.003248396202206826,0.021987667009249746,0.04066970573240141,0.07223163841807911,0.023546201232032857,0.004326256983240224,0.004630252100840336,0.00460259319286872,0.0055,0.023570914696813973,0.046674110142419976,0.08639830508474575,0.024504106776180697,0.004674301675977654,0.004831932773109243,0.00480453808752026,0.007886165577342046,0.024837512846865358,0.07758308087386688,0.09773163841807911,0.03963333333333334,0.0049527374301675964,0.0049932773109243695,0.00496609400324149,0.009795098039215685,0.459005376344086,0.37710838585434175,0.3858342361863488,0.45956873315363883,0.8814741035856573,0.375,0.45990566037735847,0.4731212797619047,2.181055900621118,2.1630555481482783,0.49450162513542795,2.1282868525896417,2.129166666666667,0.475,2.129166666666667,2.178812316715543,2.3405279503105585,2.3315277740741385,0.6865624999999995,2.3141434262948204,2.314583333333333,0.4875,2.314583333333333,2.339406158357771,2.468105590062111,2.4663055548148276,0.9373125000000002,2.462828685258964,2.462916666666666,0.4975,2.462916666666666,2.4678812316715546,396.4873949579824,397.4957983193278,397.14285714286103,392.38655462184545,396.6890756302445,149355580.2352941,9656715.831932772,137.68067226890756,38696047.86554622,54079247.058823526,3762768026.890756,2900724761.815126,834286566.1848739,4812989448.6050415,4156938360.470588,0,0,0,0,0,14.890756302521007,2.403361344537815,5.2100840336134455,1.1260504201680672,16.840336134453782,0,0,0,0,0,59856.67226890756,21710.52100840336,1133103.3277310925,44642.95798319328,73598.9243697479,1546.6890756302519,266.2016806722689,2819.9159663865544,1715.3781512605042,423.0084033613445,1749.5126050420165,377.57983193277306,1886.6218487394958,2100.336134453781,527.4789915966386,0,0,0,0,0,0,0,0,0,0,0,0,0,0,0,0,0,0,0,0
1693106546,0.46973560595893055,0.4287680816013358,0.2174917760922161,0.058700373725712775,1.713353838531883,0.5633273870998041,0.20509080965294044,0.14916467780429607,0.13994402239104325,0.05745255376601537,0,0.17368649587494586,0.04646084512277283,0.5061713974224199,0.23439331197749788,3.3698896020668445,8.206175023130918,50.0173143055216,0.4401343573287407,9.69566355717029,2.6773531405501982,0.32573621447941076,0.6412555233549274,1.0347779108356672,0.9324877013233231,0.00006813231250336785,0.30434820089738035,0.8734987989871481,2.680771405209672,1.064901653775035,2.331901758153269,7.266490646085795,49.34344670092163,0.21523470366094552,7.534628326073954,1.8589803774293396,0.3190301483490182,0.5540402318445273,0.7796881247501011,0.6128272401708261,0,0.11579099724996392,0.511069296350498,1.3238328855663273,0.5990051306091633,50000,100000,50000,50000,50000,50000,10000,50000,50000,20000,50000,0,7163904,2162688,220594176,0,0,2703360,0,0,2973696,0,0,0,0,5677056,169.4067910347604,0,0,5.165632887862719,219.35057696674443,394.10384001502206,0,0,83.12674930027988,6.319780914261639,0,26.74772036474164,18.398494668618024,0,6.875537151339948,0,0,2162688,0,0,0,0,0,0,0,0,0,0,0,0,225292288,80924672,18128896,439984128,111808512,349663232,40624128,10964992,310304768,94846976,4952064,3993600,305532928,16244736,134160384,209510400,70692864,14462976,200048640,104620032,330620928,35819520,9732096,292098048,84885504,4055040,2568192,295477248,15003648,38387712,0,0,0,0,0,0,0,0,0,0,0,0,0,0,0,211312640,80572416,17743872,425537536,108552192,333713408,40402944,10711040,296292352,94720000,4796416,2912256,297914368,15855616,46047232,192524288,73543680,17743872,212242432,108552192,333713408,37699584,10711040,296292352,91746304,4796416,2912256,297914368,15855616,40235008,1073741824,1073741824,314572800,0,1073741824,1073741824,1073741824,314572800,1073741824,0,0,0,1073741824,314572800,2147483648,10.65150181662266,0,4.8993915639313625,0,0.08684324793747286,13.881292809334063,43570.78058357592,0,20791.28591937652,0,1289.448545375597,46830.32528582962,10.65150181662266,0,4.8993915639313625,0,0.08684324793747286,13.881292809334063,43570.78058357592,0,20791.28591937652,0,1289.448545375597,46830.32528582962,103.04948692485931,51.068057625434676,478.2970119074365,17.81087971084713,34.311804358049855,39.120280264694436,17.35845662634348,59.949677278197136,46.25893279830474,96.523733898006,0,0,0,0,0,0,0,0,0,0,120069.61684872558,120691.23199205167,1571097.1242417432,83717.94468322389,334365.966452422,548277.129016911,3156.4959302064126,8943.00404769719,594798.1018508081,125017.41074054467,0,0,0,0,0,0,0,0,0,0,121.71052631578947,41.35618479880775,464.14288923837336,23.552269170579027,47.186079322777864,54.97167077548549,15.357287403876422,72.44283995186522,60.66412678374174,129.12965903966432,0,0,0,0,0,0,0,0,0,0,24512.930321085732,6969.8460009935425,142538.89013704786,4927.537026826836,12237.145320583164,6695.212144803426,2917.142600170886,10284.257739853409,12893.59543722807,24300.648981432463,0,0,0,0,0,0,0,0,0,0,32,26,54,8,8,2,10,68,0,0,0,0,0.009745075318655852,0.004065527065527066,0.03111826697892272,0.0158829568788501,0.0015418994413407825,0.0030168067226890756,0.002987034035656402,0.003240509429341171,0.021987667009249746,0.04066964285714285,0.07223163841807911,0.023546201232032857,0.004326256983240224,0.004630252100840336,0.00460259319286872,0.0053612903225806535,0.023570914696813973,0.04667410714285713,0.08639830508474575,0.024504106776180697,0.004674301675977654,0.004831932773109243,0.00480453808752026,0.007820430107526885,0.024837512846865358,0.07758333333333307,0.09773163841807911,0.03963333333333334,0.0049527374301675964,0.0049932773109243695,0.00496609400324149,0.009787741935483882,0.459005376344086,0.3770833333333333,0.3858342361863488,0.45956873315363883,0.8814741035856573,0.375,0.45990566037735847,0.4892909896602659,2.181055900621118,2.163048016701461,0.49450162513542795,2.1282868525896417,2.129166666666667,0.475,2.129166666666667,2.1921938088829074,2.3405279503105585,2.3315240083507307,0.6865624999999995,2.3141434262948204,2.314583333333333,0.4875,2.314583333333333,2.3460969044414535,2.468105590062111,2.466304801670146,0.9373125000000002,2.462828685258964,2.462916666666666,0.4975,2.462916666666666,2.4692193808882914,396.4873949579893,397.3949579831911,397.0420168067281,392.3193277310961,396.6722689075658,149355580.2352941,9656715.831932772,137.68067226890756,38696047.86554622,54079247.058823526,3762699186.5546217,2957628596.705882,834305153.0756302,4812983390.655462,4156929204.705882,0,0,0,0,0,14.957983193277311,2.403361344537815,5.2100840336134455,1.1260504201680672,16.789915966386555,0,0,0,0,0,60915.09243697479,21710.52100840336,1133103.3277310925,44642.95798319328,73349.3781512605,1545.7310924369744,266.21848739495795,2818.72268907563,1714.8235294117646,422.62184873949576,1748.252100840336,377.563025210084,1885.0420168067228,2100.3697478991594,527.0756302521007,0,0,0,0,0,0,0,0,0,0,0,0,0,0,0,0,0,0,0,0
1693106547,0.4732394366197183,0.4287680816013358,0.2642287163768957,0.0513760694567371,1.713353838531883,0.5633273870998041,0.20509080965294044,0.14916467780429607,0.13994402239104325,0.05745255376601537,0,0.17368649587494586,0.04646084512277283,0.5061713974224199,0.23439331197749788,3.2075700461972008,8.206175023130918,50.003118221212276,0.3632328363741728,9.69566355717029,2.6773531405501982,0.32573621447941076,0.6412555233549274,1.0347779108356672,0.9324877013233231,0.00006813231250336785,0.30434820089738035,0.8734987989871481,2.680771405209672,1.064901653775035,2.163380281690127,7.266490646085795,49.30507847592878,0.15412820837021016,7.534628326073954,1.8589803774293396,0.3190301483490182,0.5540402318445273,0.7796881247501011,0.6128272401708261,0,0.11579099724996392,0.511069296350498,1.3238328855663273,0.5990051306091633,50000,100000,50000,50000,50000,50000,10000,50000,50000,20000,50000,0,7163904,2162688,220594176,0,0,2703360,0,0,2973696,0,0,0,0,5677056,38.67042253521127,0,1.1626063520583416,3.3908205841446457,219.35057696674443,394.10384001502206,0,0,83.12674930027988,6.319780914261639,0,26.74772036474164,18.398494668618024,0,6.875537151339948,0,0,2162688,0,0,0,0,0,0,0,0,0,0,0,0,225292288,80924672,18128896,439984128,111808512,349663232,40624128,10964992,310304768,94846976,4952064,3993600,305532928,16244736,134160384,209510400,70692864,14462976,200048640,104620032,330620928,35819520,9732096,292098048,84885504,4055040,2568192,295477248,15003648,38387712,0,0,0,0,0,0,0,0,0,0,0,0,0,0,0,211312640,80572416,17883136,425537536,108552192,333713408,40402944,10711040,296292352,94720000,4796416,2912256,297914368,15855616,46047232,192524288,73543680,17883136,212242432,108552192,333713408,37699584,10711040,296292352,91746304,4796416,2912256,297914368,15855616,40235008,1073741824,1073741824,314572800,0,1073741824,1073741824,1073741824,314572800,1073741824,0,0,0,1073741824,314572800,2147483648,10.65150181662266,0,4.8993915639313625,0,0.08684324793747286,13.881292809334063,43570.78058357592,0,20791.28591937652,0,1289.448545375597,46830.32528582962,10.65150181662266,0,4.8993915639313625,0,0.08684324793747286,13.881292809334063,43570.78058357592,0,20791.28591937652,0,1289.448545375597,46830.32528582962,103.0709195792331,51.068057625434676,478.2970119074365,18.165916216953757,34.233529028049574,39.120280264694436,17.35845662634348,59.949677278197136,46.25893279830474,96.523733898006,0,0,0,0,0,0,0,0,0,0,120115.79572446554,120691.23199205167,1571097.1242417432,85386.75201117738,336083.0789302022,548277.129016911,3156.4959302064126,8943.00404769719,594798.1018508081,125017.41074054467,0,0,0,0,0,0,0,0,0,0,121.59258002488404,41.35618479880775,464.14288923837336,24.021752738654147,46.757990867579906,54.97167077548549,15.357287403876422,72.44283995186522,60.66412678374174,129.12965903966432,0,0,0,0,0,0,0,0,0,0,24510.717113448703,6969.8460009935425,142538.89013704786,5025.761008916289,12246.053489889106,6695.212144803426,2917.142600170886,10284.257739853409,12893.59543722807,24300.648981432463,0,0,0,0,0,0,0,0,0,0,24,32,60,2,2,2,2,28,0,0,0,0,0.0098268779342723,0.004030386740331492,0.03119283536585366,0.015831567796610168,0.0015857988165680471,0.003018348623853211,0.002986086956521739,0.003234482758620689,0.022031882591093118,0.039823943661971825,0.07192523364485981,0.02354766949152542,0.0043360946745562125,0.00463302752293578,0.004602782608695652,0.005248888888888879,0.023591852226720642,0.04626173708920186,0.08619626168224298,0.02451218220338983,0.004679881656804733,0.0048348623853211,0.004804869565217391,0.007768888888888878,0.024839827935222672,0.07615217391304316,0.09761308411214953,0.039883333333333264,0.00495491124260355,0.004996330275229358,0.004966539130434782,0.009784888888888876,0.4570741758241758,0.3739583333333334,0.3857574679943101,0.4590220385674931,0.8698770491803279,0.375,0.4551553672316384,0.4927020958083832,2.1805699481865286,2.1628073770491802,0.4943634423897582,2.126844262295082,2.116079295154185,0.475,2.116079295154185,2.1947510094212648,2.340284974093264,2.3314036885245897,0.6845041322314048,2.3134221311475414,2.3080396475770923,0.4875,2.3080396475770923,2.3473755047106324,2.468056994818653,2.4662807377049174,0.9369008264462806,2.462684426229508,2.4616079295154187,0.4975,2.4616079295154187,2.4694751009421263,396.42016806722154,397.3613445378203,397.0756302520932,392.38655462186495,396.6722689075639,149355580.2352941,9656715.831932772,137.68067226890756,38696047.86554622,54079247.058823526,3691757154.957983,2900811156.4369745,770823692.907563,4627986965.512605,4078501474.957983,0,0,0,0,0,14.873949579831931,2.403361344537815,3.5126050420168067,1.1260504201680672,16.705882352941178,0,0,0,0,0,60648.33613445378,21710.52100840336,723133.3109243697,44642.95798319328,73022.38655462184,1537.9159663865544,265.4285714285714,2817.0588235294113,1704.033613445378,419.8655462184874,1740.3025210084033,376.7899159663865,1883.781512605042,2089.378151260504,524.2689075630252,0,0,0,0,0,0,0,0,0,0,0,0,0,0,0,0,0,0,0,0
1693106548,0.4732394366197183,0.4287680816013358,0.2642287163768957,0.05242972141442243,1.3885624926926223,0.5633273870998041,0.20509080965294044,0.14916467780429607,0.13994402239104325,0.05745255376601537,0,0.17368649587494586,0.04646084512277283,0.5061713974224199,0.2600104004160164,3.2075700461972008,8.206175023130918,50.003118221212276,0.370682238268639,7.802069058398978,2.6773531405501982,0.32573621447941076,0.6412555233549274,1.0347779108356672,0.9324877013233231,0.00006813231250336785,0.30434820089738035,0.8734987989871481,2.680771405209672,1.0668151966078654,2.163380281690127,7.266490646085795,49.30507847592878,0.15728916424326614,6.137446217701413,1.8589803774293396,0.3190301483490182,0.5540402318445273,0.7796881247501011,0.6128272401708261,0,0.11579099724996392,0.511069296350498,1.3238328855663273,0.6600264010560424,50000,100000,50000,50000,50000,50000,10000,50000,50000,20000,50000,0,7163904,2162688,220594176,0,0,2703360,0,0,2973696,0,0,0,0,5812224,38.67042253521127,0,1.1626063520583416,3.460361613351878,183.29024903542617,394.10384001502206,0,0,83.12674930027988,6.319780914261639,0,26.74772036474164,18.398494668618024,0,7.920316812672507,0,0,2162688,0,0,0,0,0,0,0,0,0,0,0,0,225292288,80924672,18128896,439984128,111808512,349663232,40624128,10964992,310304768,94846976,4952064,3993600,305532928,16244736,134160384,209510400,70692864,14462976,200048640,104620032,330620928,35819520,9732096,292098048,84885504,4055040,2568192,295477248,15003648,38387712,0,0,0,0,0,0,0,0,0,0,0,0,0,0,0,211312640,80572416,17883136,425537536,108552192,333713408,40402944,10711040,296292352,94720000,4796416,2912256,297914368,15855616,46067712,192524288,73543680,17883136,212242432,108552192,333713408,37699584,10711040,296292352,91746304,4796416,2912256,297914368,15855616,40255488,1073741824,1073741824,314572800,0,1073741824,1073741824,1073741824,314572800,1073741824,0,0,0,1073741824,314572800,2147483648,10.65150181662266,0,4.8993915639313625,0,0.08684324793747286,13.720548821952878,43570.78058357592,0,20791.28591937652,0,1289.448545375597,44893.955758230324,10.65150181662266,0,4.8993915639313625,0,0.08684324793747286,13.720548821952878,43570.78058357592,0,20791.28591937652,0,1289.448545375597,44893.955758230324,90.65259161859517,51.068057625434676,478.2970119074365,21.302190366397674,34.233529028049574,39.120280264694436,17.35845662634348,59.949677278197136,46.12207434603028,96.523733898006,0,0,0,0,0,0,0,0,0,0,105643.84426959619,120691.23199205167,1571097.1242417432,100128.43967720916,336083.0789302022,548277.129016911,3156.4959302064126,8943.00404769719,591462.5798707946,125017.41074054467,0,0,0,0,0,0,0,0,0,0,106.94270067488593,41.35618479880775,464.14288923837336,28.169014084507044,46.757990867579906,54.97167077548549,15.357287403876422,72.44283995186522,60.101669785010756,129.12965903966432,0,0,0,0,0,0,0,0,0,0,21557.584213230024,6969.8460009935425,142538.89013704786,5893.43892536715,12246.053489889106,6695.212144803426,2917.142600170886,10284.257739853409,12862.07505207046,24300.648981432463,0,0,0,0,0,0,0,0,0,0,28,18,32,14,14,2,14,66,0,0,0,0,0.0098268779342723,0.004030386740331492,0.03119283536585366,0.015831567796610168,0.0015344827586206895,0.0030168067226890756,0.002986688851913478,0.003234482758620689,0.022031882591093118,0.039823943661971825,0.07192523364485981,0.02354766949152542,0.004325287356321839,0.004630252100840336,0.004602662229617306,0.005248888888888879,0.023591852226720642,0.04626173708920186,0.08619626168224298,0.02451218220338983,0.004674137931034483,0.004831932773109243,0.004804658901830283,0.007768888888888878,0.024839827935222672,0.07615217391304316,0.09761308411214953,0.039883333333333264,0.004953218390804598,0.0049932773109243695,0.004966256239600666,0.009784888888888876,0.4570741758241758,0.3739583333333334,0.3857574679943101,0.4590220385674931,0.8760245901639344,0.375,0.4584478021978023,0.4927020958083832,2.1805699481865286,2.1628073770491802,0.4943634423897582,2.126844262295082,2.125308641975309,0.475,2.125308641975309,2.1947510094212648,2.340284974093264,2.3314036885245897,0.6845041322314048,2.3134221311475414,2.3126543209876544,0.4875,2.3126543209876544,2.3473755047106324,2.468056994818653,2.4662807377049174,0.9369008264462806,2.462684426229508,2.4625308641975305,0.4975,2.4625308641975305,2.4694751009421263,396.55462184874165,397.29411764707356,397.07563025210845,392.28571428570035,396.78991596638866,149355580.2352941,9656715.831932772,137.68067226890756,38696047.86554622,54079453.57983193,3549853885.310924,2957674857.4117646,770821145.8151261,4720754137.27731,4000078082.1512604,0,0,0,0,0,14.857142857142856,2.403361344537815,3.5126050420168067,1.0756302521008403,16.621848739495796,0,0,0,0,0,60622.52100840336,21710.52100840336,723133.3109243697,44436.43697478991,72678.18487394958,1537.9999999999998,265.9159663865546,2817.7478991596636,1703.0924369747897,420.33613445378154,1740.2016806722688,377.34453781512605,1883.344537815126,2087.8655462184875,524.7731092436975,0,0,0,0,0,0,0,0,0,0,0,0,0,0,0,0,0,0,0,0
1693106549,0.4732394366197183,0.4287680816013358,0.2642287163768957,0.0632191174611203,1.4177920028060331,0.5633273870998041,0.20509080965294044,0.14916467780429607,0.13994402239104325,0.05745255376601537,0,0.12748055921471987,0.04646084512277283,0.5061713974224199,0.2600104004160164,3.2075700461972008,8.206175023130918,50.003118221212276,0.44696411366797306,7.9663041271467865,2.6773531405501982,0.32573621447941076,0.6412555233549274,1.0347779108356672,0.9324877013233231,0.00006813231250336785,0.30449108485955856,0.8734987989871481,2.680771405209672,1.0668151966078654,2.163380281690127,7.266490646085795,49.30507847592878,0.18965735238335948,6.26664065240269,1.8589803774293396,0.3190301483490182,0.5540402318445273,0.7796881247501011,0.6128272401708261,0,0.14872731908383985,0.511069296350498,1.3238328855663273,0.6600264010560424,50000,100000,50000,50000,50000,50000,10000,50000,50000,20000,50000,0,7163904,2162688,220594176,0,0,2703360,0,0,2973696,0,0,0,0,5812224,38.67042253521127,0,1.1626063520583416,4.172461752433936,187.1485443703964,394.10384001502206,0,0,83.12674930027988,6.319780914261639,0,19.63200611906684,18.398494668618024,0,7.920316812672507,0,0,2162688,0,0,0,0,0,0,0,0,0,0,0,0,225292288,80924672,18128896,439984128,111808512,349663232,40624128,10964992,310304768,94846976,4952064,3993600,305532928,16244736,134160384,209510400,70692864,14462976,200048640,104620032,330620928,35819520,9732096,292098048,84885504,4055040,2568192,295477248,15003648,38387712,0,0,0,0,0,0,0,0,0,0,0,0,0,0,0,211312640,80572416,17883136,425537536,108552192,333713408,40402944,10711040,296292352,94720000,4796416,2912256,297914368,15855616,46067712,192524288,73543680,17883136,212242432,108552192,333713408,37699584,10711040,296292352,91746304,4796416,2912256,297914368,15855616,40255488,1073741824,1073741824,314572800,0,1073741824,1073741824,1073741824,314572800,1073741824,0,0,0,1073741824,314572800,2147483648,10.65150181662266,0,4.8993915639313625,0,0.06374027960735987,13.720548821952878,43570.78058357592,0,20791.28591937652,0,946.4156716100794,44893.955758230324,10.65150181662266,0,4.8993915639313625,0,0.06374027960735987,13.720548821952878,43570.78058357592,0,20791.28591937652,0,946.4156716100794,44893.955758230324,88.9347429589413,43.73128001324723,478.2970119074365,21.302190366397674,34.233529028049574,39.120280264694436,17.35845662634348,59.949677278197136,46.12207434603028,96.523733898006,0,0,0,0,0,0,0,0,0,0,103641.9143408551,103351.92499586024,1571097.1242417432,100128.43967720916,336083.0789302022,548277.129016911,3156.4959302064126,8943.00404769719,591462.5798707946,125017.41074054467,0,0,0,0,0,0,0,0,0,0,104.91615767447121,35.414679582712374,464.14288923837336,28.169014084507044,46.757990867579906,54.97167077548549,15.357287403876422,72.44283995186522,60.101669785010756,129.12965903966432,0,0,0,0,0,0,0,0,0,0,21149.072261339214,5968.511458850803,142538.89013704786,5893.43892536715,12246.053489889106,6695.212144803426,2917.142600170886,10284.257739853409,12862.07505207046,24300.648981432463,0,0,0,0,0,0,0,0,0,0,56,26,70,8,6,2,6,84,0,0,0,0,0.0098268779342723,0.004030386740331492,0.03119283536585366,0.015831567796610168,0.0015344827586206895,0.0030168067226890756,0.002986688851913478,0.003234482758620689,0.022031882591093118,0.039823943661971825,0.07192523364485981,0.02354766949152542,0.004325287356321839,0.004630252100840336,0.004602662229617306,0.005248888888888879,0.023591852226720642,0.04626173708920186,0.08619626168224298,0.02451218220338983,0.004674137931034483,0.004831932773109243,0.004804658901830283,0.007768888888888878,0.024839827935222672,0.07615217391304316,0.09761308411214953,0.039883333333333264,0.004953218390804598,0.0049932773109243695,0.004966256239600666,0.009784888888888876,0.4570741758241758,0.3739583333333334,0.3857574679943101,0.4590220385674931,0.8760245901639344,0.375,0.4584478021978023,0.4927020958083832,2.1805699481865286,2.1628073770491802,0.4943634423897582,2.126844262295082,2.125308641975309,0.475,2.125308641975309,2.1947510094212648,2.340284974093264,2.3314036885245897,0.6845041322314048,2.3134221311475414,2.3126543209876544,0.4875,2.3126543209876544,2.3473755047106324,2.468056994818653,2.4662807377049174,0.9369008264462806,2.462684426229508,2.4625308641975305,0.4975,2.4625308641975305,2.4694751009421263,396.52100840336004,397.2941176470717,397.0420168067291,392.4873949579833,396.82352941175225,149355580.2352941,9656715.831932772,137.68067226890756,38696047.86554622,54079453.57983193,3620932633.815126,3014595282.8235292,770813711.0588235,4720854850.689075,4156938291.630252,0,0,0,0,0,14.941176470588236,2.403361344537815,3.5126050420168067,1.0756302521008403,16.621848739495796,0,0,0,0,0,60863.46218487395,21710.52100840336,723133.3109243697,44436.43697478991,72712.6050420168,1545.8151260504198,264.97478991596637,2817.529411764706,1704.7899159663864,420.7394957983193,1748.5042016806722,376.3865546218487,1882.3193277310927,2089.109243697479,525.2773109243697,0,0,0,0,0,0,0,0,0,0,0,0,0,0,0,0,0,0,0,0
1693106550,0.4732394366197183,0.4287680816013358,0.2642287163768957,0.0632191174611203,1.4470215129194437,0.5633273870998041,0.20509080965294044,0.14916467780429607,0.13994402239104328,0.05745255376601537,0,0.12748055921471987,0.04646084512277283,0.49546260561176575,0.2600104004160164,3.2075700461972008,8.206175023130918,50.003118221212276,0.44696411366797306,8.130539195894594,2.6773531405501982,0.32573621447941076,0.6412555233549274,1.0347779108356674,0.9324877013233231,0.00006813231250336785,0.30449108485955856,0.8734987989871481,2.689250169500364,1.0668151966078654,2.163380281690127,7.266490646085795,49.30507847592878,0.18965735238335948,6.395835087103964,1.8589803774293396,0.3190301483490182,0.5540402318445273,0.7796881247501011,0.6128272401708261,0,0.14872731908383985,0.511069296350498,1.3038489621362261,0.6600264010560424,50000,100000,50000,50000,50000,50000,10000,50000,50000,20000,50000,0,7163904,2162688,220594176,0,0,2703360,0,0,2973696,0,0,0,0,5812224,38.67042253521127,0,1.1626063520583416,4.172461752433936,191.00683970536656,394.10384001502206,0,0,83.1267493002799,6.319780914261639,0,19.63200611906684,18.398494668618024,0,7.920316812672507,0,0,2162688,0,0,0,0,0,0,0,0,0,0,0,0,225292288,80924672,18128896,439984128,111808512,349663232,40624128,10964992,310304768,94846976,4952064,3993600,305532928,16244736,134160384,209510400,70692864,14462976,200048640,104620032,330620928,35819520,9732096,292098048,84885504,4055040,2568192,295477248,15003648,38387712,0,0,0,0,0,0,0,0,0,0,0,0,0,0,0,211312640,80572416,17883136,425537536,108552192,333713408,40402944,10711040,296292352,94720000,4796416,2912256,297914368,15855616,46067712,192524288,73543680,17883136,212242432,108552192,333713408,37699584,10711040,296292352,91746304,4796416,2912256,297914368,15855616,40255488,1073741824,1073741824,314572800,0,1073741824,1073741824,1073741824,314572800,1073741824,0,0,0,1073741824,314572800,2147483648,10.65150181662266,0,4.8993915639313625,0,0.06374027960735987,13.720548821952878,43570.78058357592,0,20791.28591937652,0,946.4156716100794,44893.955758230324,10.65150181662266,0,4.8993915639313625,0,0.06374027960735987,13.720548821952878,43570.78058357592,0,20791.28591937652,0,946.4156716100794,44893.955758230324,87.2168942992874,42.88014571948998,478.29701190743657,21.302190366397674,34.233529028049574,39.120280264694436,17.35845662634348,59.949677278197136,46.12207434603028,96.523733898006,0,0,0,0,0,0,0,0,0,0,101639.984412114,101340.40446265938,1571097.1242417435,100128.43967720916,336083.0789302022,548277.129016911,3156.4959302064126,8943.00404769719,591462.5798707946,125017.41074054467,0,0,0,0,0,0,0,0,0,0,102.88961467405647,34.72540983606557,464.1428892383734,28.169014084507044,46.757990867579906,54.97167077548549,15.357287403876422,72.44283995186522,60.101669785010756,129.12965903966432,0,0,0,0,0,0,0,0,0,0,20740.560309448403,5852.347358834244,142538.89013704786,5893.43892536715,12246.053489889106,6695.212144803426,2917.142600170886,10284.257739853409,12862.07505207046,24300.648981432463,0,0,0,0,0,0,0,0,0,0,32,16,56,2,2,2,2,38,0,0,0,0,0.0098268779342723,0.004030386740331492,0.03119283536585366,0.015831567796610168,0.0015344827586206895,0.0030168067226890756,0.002986688851913478,0.003240185950413223,0.022031882591093118,0.039823943661971825,0.07192523364485981,0.02354766949152542,0.004325287356321839,0.004630252100840336,0.004602662229617306,0.005354072398190041,0.023591852226720642,0.04626173708920186,0.08619626168224298,0.02451218220338983,0.004674137931034483,0.004831932773109243,0.004804658901830283,0.007807126696832569,0.024839827935222672,0.07615217391304316,0.09761308411214953,0.039883333333333264,0.004953218390804598,0.0049932773109243695,0.004966256239600666,0.009769570135746596,0.4570741758241758,0.3739583333333334,0.3857574679943101,0.4590220385674931,0.8760245901639344,0.375,0.4584478021978023,0.4757730015082956,2.1805699481865286,2.1628073770491802,0.4943634423897582,2.126844262295082,2.125308641975309,0.475,2.125308641975309,2.18110294117647,2.340284974093264,2.3314036885245897,0.6845041322314048,2.3134221311475414,2.3126543209876544,0.4875,2.3126543209876544,2.340551470588235,2.468056994818653,2.4662807377049174,0.9369008264462806,2.462684426229508,2.4625308641975305,0.4975,2.4625308641975305,2.468110294117647,396.319327731099,397.3277310924383,396.94117647060165,392.4033613445383,396.7226890756524,149355580.2352941,9656715.831932772,137.68067226890756,38696047.86554622,54079453.57983193,3620949981.5798316,3014619445.7815123,835430761.4117646,4720943448.20168,4078513935.0588236,0,0,0,0,0,14.857142857142856,2.3193277310924367,3.5126050420168067,1.0924369747899159,16.672268907563023,0,0,0,0,0,60605.31092436975,20884.436974789915,723133.3109243697,49582.252100840335,72893.31092436974,1543.378151260504,264.90756302521004,2813.63025210084,1705.6638655462182,420.57142857142856,1745.9327731092433,376.3361344537815,1879.6974789915967,2090.638655462185,525.109243697479,0,0,0,0,0,0,0,0,0,0,0,0,0,0,0,0,0,0,0,0
1693106551,0.4732394366197183,0.4287680816013358,0.3059351417499493,0.06724798816435414,1.4678133257833148,0.6121579899925487,0.20509080965294044,0.14916467780429607,0.13994402239104328,0.07445759148250934,0,0.12748055921471987,0.04646084512277283,0.49546260561176575,0.2600104004160164,3.2075700461972008,8.206175023130918,50.0443404777687,0.4574543812064291,8.402302420149796,2.514033870967732,0.32573621447941076,0.6412555233549274,1.0347779108356674,0.7480524266385947,0.00006813231250336785,0.30449108485955856,0.8734987989871481,2.689250169500364,1.0668151966078654,2.163380281690127,7.266490646085795,49.30654701203346,0.20174396449306195,6.545654020385045,1.6235494517193638,0.3190301483490182,0.5540402318445273,0.7796881247501011,0.4715647460558874,0,0.14872731908383985,0.511069296350498,1.3038489621362261,0.6600264010560424,50000,100000,50000,50000,50000,50000,10000,50000,50000,20000,50000,0,7163904,2162688,220594176,0,0,2703360,0,0,2973696,0,0,0,0,5812224,38.67042253521127,0,1.6826432796247197,2.95891147923158,202.91527463193657,328.4893005429575,0,0,83.1267493002799,8.19033506307596,0,19.63200611906684,18.398494668618024,0,7.920316812672507,0,0,2162688,0,0,0,0,0,0,0,0,0,0,0,0,225292288,80924672,18128896,439984128,111808512,349663232,40624128,10964992,310304768,94846976,4952064,3993600,305532928,16244736,134160384,209510400,70692864,14462976,200048640,103538688,330620928,35819520,9732096,292098048,84885504,4055040,2568192,295477248,15003648,38387712,0,0,0,0,0,0,0,0,0,0,0,0,0,0,0,211312640,80572416,17883136,425537536,107446272,333713408,40402944,10711040,296292352,94720000,4796416,2912256,297914368,15855616,46067712,192524288,73543680,17883136,212242432,107446272,333713408,37699584,10711040,296292352,91746304,4796416,2912256,297914368,15855616,40255488,1073741824,1073741824,314572800,0,1073741824,1073741824,1073741824,314572800,1073741824,0,0,0,1073741824,314572800,2147483648,10.65150181662266,0,4.8993915639313625,0,0.06374027960735987,13.720548821952878,43570.78058357592,0,20791.28591937652,0,946.4156716100794,44893.955758230324,10.65150181662266,0,4.8993915639313625,0,0.06374027960735987,13.720548821952878,43570.78058357592,0,20791.28591937652,0,946.4156716100794,44893.955758230324,101.28147261416488,42.02901142573274,478.29701190743657,21.302190366397674,34.233529028049574,39.120280264694436,17.35845662634348,59.949677278197136,46.12207434603028,96.523733898006,0,0,0,0,0,0,0,0,0,0,119425.80999666385,99328.88392945853,1571097.1242417435,100128.43967720916,336083.0789302022,548277.129016911,3156.4959302064126,8943.00404769719,591462.5798707946,125017.41074054467,0,0,0,0,0,0,0,0,0,0,119.39478383735306,34.03614008941878,464.1428892383734,28.169014084507044,46.757990867579906,54.97167077548549,15.357287403876422,72.44283995186522,60.101669785010756,129.12965903966432,0,0,0,0,0,0,0,0,0,0,24032.203622662244,5736.183258817686,142538.89013704786,5893.43892536715,12246.053489889106,6695.212144803426,2917.142600170886,10284.257739853409,12862.07505207046,24300.648981432463,0,0,0,0,0,0,0,0,0,0,28,20,48,8,6,2,6,64,0,0,0,0,0.0098268779342723,0.004030386740331492,0.03119283536585366,0.015831567796610168,0.0015344827586206895,0.0030168067226890756,0.002986688851913478,0.003234386663349092,0.022031882591093118,0.039823943661971825,0.07192523364485981,0.02354766949152542,0.004325287356321839,0.004630252100840336,0.004602662229617306,0.0052455357142857225,0.023591852226720642,0.04626173708920186,0.08619626168224298,0.02451218220338983,0.004674137931034483,0.004831932773109243,0.004804658901830283,0.007751116071428577,0.024839827935222672,0.07615217391304316,0.09761308411214953,0.039883333333333264,0.004953218390804598,0.0049932773109243695,0.004966256239600666,0.009755580357142865,0.4570741758241758,0.3739583333333334,0.3857574679943101,0.4590220385674931,0.8760245901639344,0.375,0.4584478021978023,0.4883982035928144,2.1805699481865286,2.1628073770491802,0.4943634423897582,2.126844262295082,2.125308641975309,0.475,2.125308641975309,2.1914796152084293,2.340284974093264,2.3314036885245897,0.6845041322314048,2.3134221311475414,2.3126543209876544,0.4875,2.3126543209876544,2.3457398076042146,2.468056994818653,2.4662807377049174,0.9369008264462806,2.462684426229508,2.4625308641975305,0.4975,2.4625308641975305,2.4691479615208434,396.21848739494214,397.1932773109193,396.8739495798209,392.336134453777,396.60504201682795,132760791.12605041,9656715.831932772,137.68067226890756,38696047.86554622,54079453.57983193,3479018969.277311,3014616141.445378,835427938.9579831,4628480000,4078510493.0420165,0,0,0,0,0,14.957983193277311,2.3193277310924367,3.1596638655462184,1.0924369747899159,16.789915966386555,0,0,0,0,0,60820.43697478991,20884.436974789915,652296.6050420168,49582.252100840335,73306.35294117646,1546.1176470588234,262,2815.142857142857,1710.4033613445376,421.57983193277306,1748.9579831932772,373.66386554621846,1880.3025210084036,2096.655462184874,526.1848739495798,0,0,0,0,0,0,0,0,0,0,0,0,0,0,0,0,0,0,0,0
1693106552,0.4732394366197183,0.4287680816013358,0.3059351417499493,0.06724798816435414,1.4969123568642262,0.6121579899925487,0.1250000000000001,0.14916467780429607,0.15112588786459136,0.08946944618412886,0,0.12748055921471987,0.04646084512277283,0.49546260561176575,0.2600104004160164,3.2075700461972008,8.206175023130918,50.0443404777687,0.4574543812064291,8.568875958474008,2.514033870967732,0.20581442250000026,0.6412555233549274,1.0940369124981217,0.8988718946646376,0.00006813231250336785,0.30449108485955856,0.8734987989871481,2.689250169500364,1.0668151966078654,2.163380281690127,7.266490646085795,49.30654701203346,0.20174396449306195,6.675419969799918,1.6235494517193638,0.15000000000000013,0.5540402318445273,0.8563800312326921,0.5666398258328099,0,0.14872731908383985,0.511069296350498,1.3038489621362261,0.6600264010560424,50000,100000,50000,50000,50000,50000,10000,50000,50000,20000,50000,0,7163904,2162688,220594176,0,0,2703360,0,0,2973696,0,0,0,0,5812224,38.67042253521127,0,1.6826432796247197,2.95891147923158,206.93801906379767,328.4893005429575,0,0,103.0678555236512,9.841639080254092,0,19.63200611906684,18.398494668618024,0,7.920316812672507,0,0,2162688,0,0,0,0,0,0,0,0,0,0,0,0,225292288,80924672,18128896,439984128,111808512,349663232,40624128,10964992,310304768,94846976,4952064,3993600,305532928,16244736,134160384,209510400,70692864,14462976,200048640,103538688,330620928,35819520,9732096,292098048,84885504,4055040,2568192,295477248,15003648,38387712,0,0,0,0,0,0,0,0,0,0,0,0,0,0,0,211312640,80572416,17883136,425537536,107446272,333713408,40402944,10711040,296292352,94720000,4796416,2912256,297914368,15855616,46067712,192524288,73543680,17883136,212242432,107446272,333713408,37699584,10711040,296292352,91746304,4796416,2912256,297914368,15855616,40255488,1073741824,1073741824,314572800,0,1073741824,1073741824,1073741824,314572800,1073741824,0,0,0,1073741824,314572800,2147483648,10.65150181662266,0,2.875,0,0.06374027960735987,13.720548821952878,43570.78058357592,0,10880,0,946.4156716100794,44893.955758230324,10.65150181662266,0,2.875,0,0.06374027960735987,13.720548821952878,43570.78058357592,0,10880,0,946.4156716100794,44893.955758230324,101.28147261416488,41.177877131975485,478.29701190743657,21.302190366397674,34.233529028049574,39.120280264694436,17.35845662634348,59.949677278197136,45.96475962584294,96.523733898006,0,0,0,0,0,0,0,0,0,0,119425.80999666385,97317.36339625764,1571097.1242417435,100128.43967720916,336083.0789302022,548277.129016911,3156.4959302064126,8943.00404769719,593100.1522732216,125017.41074054467,0,0,0,0,0,0,0,0,0,0,119.39478383735306,33.34687034277198,464.1428892383734,28.169014084507044,46.757990867579906,54.97167077548549,15.357287403876422,72.44283995186522,59.56058298890581,129.12965903966432,0,0,0,0,0,0,0,0,0,0,24032.203622662244,5620.019158801125,142538.89013704786,5893.43892536715,12246.053489889106,6695.212144803426,2917.142600170886,10284.257739853409,12715.553621927344,24300.648981432463,0,0,0,0,0,0,0,0,0,0,36,22,60,14,14,2,14,94,0,0,0,0,0.00986764705882353,0.004023066485753054,0.031117624810892586,0.015721153846153847,0.0016029850746268658,0.003018348623853211,0.002985940246045694,0.0032319420144963757,0.022101310483870967,0.04006818181818183,0.07185288640595902,0.023375,0.0043397014925373135,0.00463302752293578,0.004597188049209139,0.005196629213483147,0.02365650201612903,0.04639772727272728,0.08620577281191805,0.024331730769230765,0.00468179104477612,0.0048348623853211,0.00479859402460457,0.007705056179775275,0.024900655241935483,0.0767916666666667,0.09768808193668528,0.03341666666666655,0.004955462686567163,0.004996330275229358,0.004959718804920914,0.009711797752808988,0.4577513966480447,0.375,0.3852667602667602,0.45786908077994426,0.8707983193277312,0.375,0.4558189655172414,0.49060364464692485,2.18125,2.1637826961770625,0.49348016848016846,2.1237394957983193,2.118,0.475,2.118,2.193197434722858,2.340625,2.331891348088531,0.6706196581196576,2.3118697478991597,2.309,0.4875,2.309,2.346598717361429,2.468125,2.4663782696177057,0.9341239316239311,2.4623739495798316,2.4617999999999998,0.4975,2.4617999999999998,2.469319743472286,396.36974789916167,397.1428571428613,396.8907563025222,392.4537815125936,396.70588235293434,132760653.44537814,9656715.831932772,137.68067226890756,38696047.86554622,54079591.2605042,3479111903.7310925,3071515226.352941,900058619.697479,4721059994.890756,4000143893.5126047,0,0,0,0,0,14.991596638655462,1.4285714285714286,4.117647058823529,1.2100840336134453,16.789915966386555,0,0,0,0,0,60949.512605042015,16693.78151260504,878781.3109243697,50718.11764705882,73246.11764705883,1549.6974789915964,265.1764705882353,2814.4033613445376,1717.4285714285713,422.5546218487395,1752.252100840336,376.60504201680675,1879.075630252101,2104.117647058824,527.1596638655462,0,0,0,0,0,0,0,0,0,0,0,0,0,0,0,0,0,0,0,0
1693106553,0.4732394366197183,0.4287680816013358,0.3059351417499493,0.06724798816435414,1.7459418648546627,0.6121579899925487,0.17865934308178427,0.14916467780429607,0.15112588786459136,0.08946944618412886,0,0.12748055921471987,0.03952153072997735,0.49546260561176575,0.2600104004160164,3.2075700461972008,8.206175023130918,50.0443404777687,0.4574543812064291,9.994412299452597,2.514033870967732,0.26666839453517355,0.6412555233549274,1.0940369124981217,0.8988718946646376,0.00006813231250336785,0.30449108485955856,0.7430344742017594,2.689250169500364,1.0668151966078654,2.163380281690127,7.266490646085795,49.30654701203346,0.20174396449306195,7.785956964892406,1.6235494517193638,0.23821245744237904,0.5540402318445273,0.8563800312326921,0.5666398258328099,0,0.14872731908383985,0.43473683802974816,1.3038489621362261,0.6600264010560424,50000,100000,50000,50000,50000,50000,10000,50000,50000,20000,50000,0,7163904,2162688,220594176,0,0,2703360,0,0,2973696,0,0,0,0,5812224,38.67042253521127,0,1.6826432796247197,2.95891147923158,241.3646659116648,328.4893005429575,0,0,103.0678555236512,9.841639080254092,0,19.63200611906684,15.650526169071016,0,7.920316812672507,0,0,2162688,0,0,0,0,0,0,0,0,0,0,0,0,225292288,80924672,18128896,439984128,111808512,349663232,40697856,10964992,310304768,94846976,4952064,3993600,305532928,16244736,134160384,209510400,70692864,14462976,200048640,103538688,330620928,35819520,9732096,292098048,84885504,4055040,2568192,295477248,15003648,38387712,0,0,0,0,0,0,0,0,0,0,0,0,0,0,0,211312640,80572416,17883136,425537536,107446272,333713408,40448000,10711040,296292352,94720000,4796416,2912256,297914368,15855616,46067712,192524288,73543680,17883136,212242432,107446272,333713408,37744640,10711040,296292352,91746304,4796416,2912256,297914368,15855616,40255488,1073741824,1073741824,314572800,0,1073741824,1073741824,1073741824,314572800,1073741824,0,0,0,1073741824,314572800,2147483648,10.65150181662266,0,3.573186861635682,0,0.06374027960735987,13.720548821952878,43570.78058357592,0,13497.435455295106,0,946.4156716100794,44893.955758230324,10.65150181662266,0,3.573186861635682,0,0.06374027960735987,13.720548821952878,43570.78058357592,0,13497.435455295106,0,946.4156716100794,44893.955758230324,101.28147261416488,40.326742838218244,478.29701190743657,21.302190366397674,29.33499630354425,39.120280264694436,17.35845662634348,59.949677278197136,45.96475962584294,98.7006794611992,0,0,0,0,0,0,0,0,0,0,119425.80999666385,95305.8428630568,1571097.1242417435,100128.43967720916,287992.3910276147,548277.129016911,3156.4959302064126,8943.00404769719,593100.1522732216,125782.81082369771,0,0,0,0,0,0,0,0,0,0,119.39478383735306,32.657600596125185,464.1428892383734,28.169014084507044,40.06731202435312,54.97167077548549,15.357287403876422,72.44283995186522,59.56058298890581,131.51150315889856,0,0,0,0,0,0,0,0,0,0,24032.203622662244,5503.855058784567,142538.89013704786,5893.43892536715,10493.745285931725,6695.212144803426,2917.142600170886,10284.257739853409,12715.553621927344,24741.864346167604,0,0,0,0,0,0,0,0,0,0,22,10,38,14,12,2,14,62,0,0,0,0,0.00986764705882353,0.004023066485753054,0.031117624810892586,0.015721153846153847,0.0015623188405797107,0.0030168067226890756,0.0029865092748735246,0.0032319420144963757,0.022101310483870967,0.04006818181818183,0.07185288640595902,0.023375,0.004331014492753624,0.004630252100840336,0.0045973018549747054,0.005196629213483147,0.02365650201612903,0.04639772727272728,0.08620577281191805,0.024331730769230765,0.004677101449275362,0.004831932773109243,0.004798650927487353,0.007705056179775275,0.024900655241935483,0.0767916666666667,0.09768808193668528,0.03341666666666655,0.004953971014492753,0.0049932773109243695,0.0049597301854974706,0.009711797752808988,0.4577513966480447,0.375,0.3852667602667602,0.45786908077994426,0.875,0.375,0.45844972067039114,0.49060364464692485,2.18125,2.1637826961770625,0.49348016848016846,2.1237394957983193,2.125313807531381,0.475,2.125313807531381,2.193197434722858,2.340625,2.331891348088531,0.6706196581196576,2.3118697478991597,2.3126569037656903,0.4875,2.3126569037656903,2.346598717361429,2.468125,2.4663782696177057,0.9341239316239311,2.4623739495798316,2.4625313807531377,0.4975,2.4625313807531377,2.469319743472286,396.20168067227183,397.07563025210277,396.92436974790877,392.3529411764842,396.6722689075505,132760653.44537814,9656715.831932772,137.68067226890756,38696047.86554622,54079591.2605042,3408148600.470588,3071508617.680672,900062199.3949579,4721239805.84874,4000170672.4033613,0,0,0,0,0,14.789915966386554,1.4285714285714286,5.109243697478991,1.2100840336134453,16.60504201680672,0,0,0,0,0,60364.36974789916,16693.78151260504,1108914.5546218487,50718.11764705882,72626.55462184874,1543.4285714285713,264.1344537815126,2814.268907563025,1703.2268907563025,419.3613445378151,1745.8655462184872,375.47899159663865,1877.8151260504203,2089.7815126050423,523.9663865546219,0,0,0,0,0,0,0,0,0,0,0,0,0,0,0,0,0,0,0,0
1693106554,0.4732394366197183,0.4287680816013358,0.3059351417499493,0.06724798816435414,1.7459418648546627,0.6121579899925487,0.18233338232052335,0.14916467780429607,0.15112588786459136,0.08946944618412886,0,0.12748055921471987,0.04126859666137056,0.49546260561176575,0.2600104004160164,3.2075700461972008,8.206175023130918,50.0443404777687,0.4574543812064291,9.994412299452597,2.514033870967732,0.27215229550756925,0.6412555233549274,1.0940369124981217,0.8988718946646376,0.00006813231250336785,0.30449108485955856,0.951881643728202,2.689250169500364,1.0668151966078654,2.163380281690127,7.266490646085795,49.30654701203346,0.20174396449306195,7.785956964892406,1.6235494517193638,0.24311117642736446,0.5540402318445273,0.8563800312326921,0.5666398258328099,0,0.14872731908383985,0.5571260549285085,1.3038489621362261,0.6600264010560424,50000,100000,50000,50000,50000,50000,10000,50000,50000,20000,50000,0,7163904,2162688,220594176,0,0,2703360,0,0,2973696,0,0,0,0,5812224,38.67042253521127,0,1.6826432796247197,2.95891147923158,241.3646659116648,328.4893005429575,0,0,103.0678555236512,9.841639080254092,0,19.63200611906684,17.704227967727956,0,7.920316812672507,0,0,2162688,0,0,0,0,0,0,0,0,0,0,0,0,225292288,80924672,18128896,439984128,111808512,349663232,40697856,10964992,310304768,94846976,4952064,3993600,305532928,16244736,134160384,209510400,70692864,14462976,200048640,103538688,330620928,35819520,9732096,292098048,84885504,4055040,2568192,295477248,15003648,38387712,0,0,0,0,0,0,0,0,0,0,0,0,0,0,0,211312640,80572416,17883136,425537536,107446272,333713408,40448000,10711040,296292352,94720000,4796416,2912256,297791488,15855616,46067712,192524288,73543680,17883136,212242432,107446272,333713408,37744640,10711040,296292352,91746304,4796416,2912256,297791488,15855616,40255488,1073741824,1073741824,314572800,0,1073741824,1073741824,1073741824,314572800,1073741824,0,0,0,1073741824,314572800,2147483648,10.65150181662266,0,3.6466676464104637,0,0.06374027960735987,13.720548821952878,43570.78058357592,0,13775.003404609695,0,946.4156716100794,44893.955758230324,10.65150181662266,0,3.6466676464104637,0,0.06374027960735987,13.720548821952878,43570.78058357592,0,13775.003404609695,0,946.4156716100794,44893.955758230324,101.28147261416488,50.9290837312168,478.29701190743657,20.95141304772701,28.764437486410092,39.400632798041904,17.35845662634348,60.42780748663102,45.96475962584294,98.7006794611992,0,0,0,0,0,0,0,0,0,0,119425.80999666385,120716.16957069925,1571097.1242417435,99523.68760505025,282391.006378778,551143.7824607486,3156.4959302064126,9022.192513368984,593100.1522732216,125782.81082369771,0,0,0,0,0,0,0,0,0,0,119.39478383735306,41.09051073768629,464.1428892383734,27.459641167963106,39.28801217656012,54.8922452390902,15.357287403876422,72.79411764705883,59.56058298890581,131.51150315889856,0,0,0,0,0,0,0,0,0,0,24032.203622662244,6812.984436038942,142538.89013704786,5652.308173396397,10289.644394433573,6724.0463255925015,2917.142600170886,10339.505347593584,12715.553621927344,24741.864346167604,0,0,0,0,0,0,0,0,0,0,42,14,46,2,2,2,2,56,0,0,0,0,0.00986764705882353,0.004023066485753054,0.031117624810892586,0.015721153846153847,0.0015623188405797107,0.0030168067226890756,0.0029865092748735246,0.0032319420144963757,0.022101310483870967,0.04006818181818183,0.07185288640595902,0.023375,0.004331014492753624,0.004630252100840336,0.0045973018549747054,0.005196629213483147,0.02365650201612903,0.04639772727272728,0.08620577281191805,0.024331730769230765,0.004677101449275362,0.004831932773109243,0.004798650927487353,0.007705056179775275,0.024900655241935483,0.0767916666666667,0.09768808193668528,0.03341666666666655,0.004953971014492753,0.0049932773109243695,0.0049597301854974706,0.009711797752808988,0.4577513966480447,0.375,0.3852667602667602,0.45786908077994426,0.875,0.375,0.45844972067039114,0.49060364464692485,2.18125,2.1637826961770625,0.49348016848016846,2.1237394957983193,2.125313807531381,0.475,2.125313807531381,2.193197434722858,2.340625,2.331891348088531,0.6706196581196576,2.3118697478991597,2.3126569037656903,0.4875,2.3126569037656903,2.346598717361429,2.468125,2.4663782696177057,0.9341239316239311,2.4623739495798316,2.4625313807531377,0.4975,2.4625313807531377,2.469319743472286,396.1680672268907,397.15966386556715,396.94117647057914,392.1848739495802,396.72268907563256,132760584.60504201,9656715.831932772,137.68067226890756,25797640.605042014,54079591.2605042,3479205595.428571,3014775024.9411764,900048982.0504202,4721287856.403361,4078627659.2941175,0,0,0,0,0,14.823529411764705,2.168067226890756,5.109243697478991,0.7899159663865546,16.655462184873947,0,0,0,0,0,59546.89075630252,21650.285714285714,1108914.5546218487,48171.02521008403,72790.05042016806,1545.5126050420167,265.327731092437,2812.504201680672,1702.3361344537814,418.8235294117647,1747.8823529411764,376.672268907563,1876.470588235294,2088.974789915966,523.3949579831932,0,0,0,0,0,0,0,0,0,0,0,0,0,0,0,0,0,0,0,0
1693106555,0.4732394366197183,0.4287680816013358,0.3059351417499493,0.06724798816435414,1.7459418648546627,0.5602938429932152,0.1860074215592624,0.14916467780429607,0.15112588786459136,0.08946944618412886,0,0.12748055921471987,0.04126859666137056,0.4276695583139204,0.2600104004160164,3.2075700461972008,8.206175023130918,50.0443404777687,0.4574543812064291,9.994412299452597,2.329449436593411,0.27763619647996496,0.6412555233549274,1.0940369124981217,0.8988718946646376,0.00006813231250336785,0.30449108485955856,0.951881643728202,2.321286044919117,1.0668151966078654,2.163380281690127,7.266490646085795,49.30654701203346,0.20174396449306195,7.785956964892406,1.5356201622776877,0.24800989541234986,0.5540402318445273,0.8563800312326921,0.5666398258328099,0,0.14872731908383985,0.5571260549285085,1.1254462060892645,0.6600264010560424,50000,100000,50000,50000,50000,50000,10000,50000,50000,20000,50000,0,7163904,2162688,220594176,0,0,2703360,0,0,2973696,0,0,0,0,5812224,38.67042253521127,0,1.6826432796247197,2.95891147923158,241.3646659116648,302.68318495922307,0,0,103.0678555236512,9.841639080254092,0,19.63200611906684,17.704227967727956,0,7.920316812672507,0,0,2162688,0,0,0,0,0,0,0,0,0,0,0,0,225292288,80924672,18128896,439984128,111808512,349663232,40697856,10964992,310304768,94846976,4952064,3993600,305532928,16244736,134160384,209510400,70692864,14462976,200048640,103538688,330756096,35819520,9732096,292098048,84885504,4055040,2568192,295477248,15003648,38387712,0,0,0,0,0,0,0,0,0,0,0,0,0,0,0,211312640,80572416,17883136,425537536,107446272,333426688,40448000,10711040,296292352,94720000,4796416,2912256,297791488,15855616,46067712,192524288,73543680,17883136,212242432,107446272,333426688,37744640,10711040,296292352,91746304,4796416,2912256,297791488,15855616,40255488,1073741824,1073741824,314572800,0,1073741824,1073741824,1073741824,314572800,1073741824,0,0,0,1073741824,314572800,2147483648,10.65150181662266,0,3.720148431185245,0,0.06374027960735987,13.720548821952878,43570.78058357592,0,14052.57135392428,0,946.4156716100794,44893.955758230324,10.65150181662266,0,3.720148431185245,0,0.06374027960735987,13.720548821952878,43570.78058357592,0,14052.57135392428,0,946.4156716100794,44893.955758230324,101.28147261416488,50.9290837312168,478.29701190743657,20.95141304772701,34.01915959068147,39.12775149146267,17.35845662634348,59.52537039465058,45.96475962584294,98.7006794611992,0,0,0,0,0,0,0,0,0,0,119425.80999666385,120716.16957069925,1571097.1242417435,99523.68760505025,333757.0396980913,555534.0053486937,3156.4959302064126,8884.773392771294,593100.1522732216,125782.81082369771,0,0,0,0,0,0,0,0,0,0,119.39478383735306,41.09051073768629,464.1428892383734,27.459641167963106,46.62892807896073,54.61839127751492,15.357287403876422,72.2651981993794,59.56058298890581,131.51150315889856,0,0,0,0,0,0,0,0,0,0,24032.203622662244,6812.984436038942,142538.89013704786,5652.308173396397,12018.869293852964,6607.488171158198,2917.142600170886,10226.454263362615,12715.553621927344,24741.864346167604,0,0,0,0,0,0,0,0,0,0,24,14,36,8,6,2,8,64,0,0,0,0,0.00986764705882353,0.004023066485753054,0.031117624810892586,0.015721153846153847,0.0015623188405797107,0.0030168067226890756,0.0029865092748735246,0.0032379084967320265,0.022101310483870967,0.04006818181818183,0.07185288640595902,0.023375,0.004331014492753624,0.004630252100840336,0.0045973018549747054,0.005307517084282463,0.02365650201612903,0.04639772727272728,0.08620577281191805,0.024331730769230765,0.004677101449275362,0.004831932773109243,0.004798650927487353,0.0077448747152619605,0.024900655241935483,0.0767916666666667,0.09768808193668528,0.03341666666666655,0.004953971014492753,0.0049932773109243695,0.0049597301854974706,0.00969476082004556,0.4577513966480447,0.375,0.3852667602667602,0.45786908077994426,0.875,0.375,0.45844972067039114,0.47475133894414695,2.18125,2.1637826961770625,0.49348016848016846,2.1237394957983193,2.125313807531381,0.475,2.125313807531381,2.1802788844621515,2.340625,2.331891348088531,0.6706196581196576,2.3118697478991597,2.3126569037656903,0.4875,2.3126569037656903,2.340139442231076,2.468125,2.4663782696177057,0.9341239316239311,2.4623739495798316,2.4625313807531377,0.4975,2.4625313807531377,2.468027888446215,396.2016806722653,397.14285714285404,396.95798319328804,392.26890756302544,396.7226890756288,116165657.81512605,9656715.831932772,137.68067226890756,38696323.22689076,72106121.68067227,3550260180.9747896,3071659791.0588236,836394939.1596638,4906484538.084033,4078630688.2689075,0,0,0,0,0,14.873949579831931,2.168067226890756,5.109243697478991,0.7899159663865546,16.63865546218487,0,0,0,0,0,59641.54621848739,21650.285714285714,1108914.5546218487,48171.02521008403,72712.6050420168,1539.2773109243697,264.2689075630252,2812.924369747899,1698.9579831932774,419.3781512605042,1741.9159663865546,375.7647058823529,1876.7563025210084,2084.6050420168067,523.983193277311,0,0,0,0,0,0,0,0,0,0,0,0,0,0,0,0,0,0,0,0
1693106556,0.4732394366197183,0.4287680816013358,0.3059351417499493,0.06724798816435414,1.7459418648546627,0.5602938429932152,0.18968146079800147,0.14916467780429607,0.15112588786459136,0.08946944618412886,0,0.12748055921471987,0.04126859666137056,0.41941184822039096,0.2600104004160164,3.2075700461972008,8.206175023130918,50.0443404777687,0.4574543812064291,9.994412299452597,2.329449436593411,0.2831200974523607,0.6412555233549274,1.0940369124981217,0.8988718946646376,0.00006813231250336785,0.30449108485955856,0.951881643728202,2.2764652087607784,1.0668151966078654,2.163380281690127,7.266490646085795,49.30654701203346,0.20174396449306195,7.785956964892406,1.5356201622776877,0.2529086143973353,0.5540402318445273,0.8563800312326921,0.5666398258328099,0,0.14872731908383985,0.5571260549285085,1.1037153900536607,0.6600264010560424,50000,100000,50000,50000,50000,50000,10000,50000,50000,20000,50000,0,7163904,2162688,220594176,0,0,2703360,0,0,2973696,0,0,0,0,5812224,38.67042253521127,0,1.6826432796247197,2.95891147923158,241.3646659116648,302.68318495922307,0,0,103.0678555236512,9.841639080254092,0,19.63200611906684,17.704227967727956,0,7.920316812672507,0,0,2162688,0,0,0,0,0,0,0,0,0,0,0,0,225292288,80924672,18128896,439984128,111808512,349663232,40697856,10964992,310304768,94846976,4952064,3993600,305532928,16244736,134160384,209510400,70692864,14462976,200048640,103538688,330756096,35819520,9732096,292098048,84885504,4055040,2568192,295477248,15003648,38387712,0,0,0,0,0,0,0,0,0,0,0,0,0,0,0,211312640,80572416,17883136,425537536,107446272,333426688,40448000,10711040,296292352,94720000,4796416,2912256,297791488,15855616,46067712,192524288,73543680,17883136,212242432,107446272,333426688,37744640,10711040,296292352,91746304,4796416,2912256,297791488,15855616,40255488,1073741824,1073741824,314572800,0,1073741824,1073741824,1073741824,314572800,1073741824,0,0,0,1073741824,314572800,2147483648,10.65150181662266,0,3.7936292159600264,0,0.06374027960735987,13.720548821952878,43570.78058357592,0,14330.13930323887,0,946.4156716100794,44893.955758230324,10.65150181662266,0,3.7936292159600264,0,0.06374027960735987,13.720548821952878,43570.78058357592,0,14330.13930323887,0,946.4156716100794,44893.955758230324,101.28147261416488,50.9290837312168,478.29701190743657,20.95141304772701,34.01915959068147,39.12775149146267,17.35845662634348,59.52537039465058,45.96475962584294,98.7006794611992,0,0,0,0,0,0,0,0,0,0,119425.80999666385,120716.16957069925,1571097.1242417435,99523.68760505025,333757.0396980913,555534.0053486937,3156.4959302064126,8884.773392771294,593100.1522732216,125782.81082369771,0,0,0,0,0,0,0,0,0,0,119.39478383735306,41.09051073768629,464.1428892383734,27.459641167963106,46.62892807896073,54.61839127751492,15.357287403876422,72.2651981993794,59.56058298890581,131.51150315889856,0,0,0,0,0,0,0,0,0,0,24032.203622662244,6812.984436038942,142538.89013704786,5652.308173396397,12018.869293852964,6607.488171158198,2917.142600170886,10226.454263362615,12715.553621927344,24741.864346167604,0,0,0,0,0,0,0,0,0,0,30,4,40,20,20,2,22,100,0,0,0,0,0.00986764705882353,0.004023066485753054,0.031117624810892586,0.015721153846153847,0.0015623188405797107,0.0030168067226890756,0.0029865092748735246,0.0032315047810770004,0.022101310483870967,0.04006818181818183,0.07185288640595902,0.023375,0.004331014492753624,0.004630252100840336,0.0045973018549747054,0.005186936936936941,0.02365650201612903,0.04639772727272728,0.08620577281191805,0.024331730769230765,0.004677101449275362,0.004831932773109243,0.004798650927487353,0.007683558558558561,0.024900655241935483,0.0767916666666667,0.09768808193668528,0.03341666666666655,0.004953971014492753,0.0049932773109243695,0.0049597301854974706,0.009680855855855854,0.4577513966480447,0.375,0.3852667602667602,0.45786908077994426,0.875,0.375,0.45844972067039114,0.487661351556568,2.18125,2.1637826961770625,0.49348016848016846,2.1237394957983193,2.125313807531381,0.475,2.125313807531381,2.190938661710037,2.340625,2.331891348088531,0.6706196581196576,2.3118697478991597,2.3126569037656903,0.4875,2.3126569037656903,2.3454693308550185,2.468125,2.4663782696177057,0.9341239316239311,2.4623739495798316,2.4625313807531377,0.4975,2.4625313807531377,2.4690938661710033,396.21848739495397,397.1932773109216,396.8403361344586,392.0168067226793,396.82352941175867,116165657.81512605,9656715.831932772,137.68067226890756,38696323.22689076,72106121.68067227,3621334317.1764703,3185415830.5882354,772772838.1848739,4999128623.327731,4078742829.1764703,0,0,0,0,0,14.823529411764705,2.168067226890756,5.109243697478991,0.7899159663865546,16.588235294117645,0,0,0,0,0,60338.554621848736,21650.285714285714,1108914.5546218487,48171.02521008403,72523.29411764705,1538,264.9075630252101,2810.72268907563,1700.3697478991596,419.781512605042,1740.6722689075632,376.3697478991597,1875.3949579831933,2086.3025210084033,524.2689075630252,0,0,0,0,0,0,0,0,0,0,0,0,0,0,0,0,0,0,0,0
1693106557,0.4208754208754216,0.4287680816013358,0.3059351417499493,0.06724798816435414,1.7459418648546627,0.5602938429932152,0.2204423543243444,0.14916467780429607,0.12965845549342614,0.08946944618412886,0,0.12748055921471987,0.04126859666137056,0.4111541381268615,0.2600104004160164,3.168200009149463,8.206175023130918,50.0443404777687,0.4574543812064291,9.994412299452597,2.329449436593411,0.32903405834374405,0.6412555233549274,0.9386289690777634,0.8988718946646376,0.00006813231250336785,0.30449108485955856,0.951881643728202,2.2316443726024384,1.0668151966078654,2.1409749670619265,7.266490646085795,49.30654701203346,0.20174396449306195,7.785956964892406,1.5356201622776877,0.2939231390991259,0.5540402318445273,0.7347312477960882,0.5666398258328099,0,0.14872731908383985,0.5571260549285085,1.081984574018057,0.6600264010560424,50000,100000,50000,50000,50000,50000,10000,50000,50000,20000,50000,0,7163904,2162688,220594176,0,0,2703360,0,0,2973696,0,0,0,0,5812224,31.400966183574877,0,1.6826432796247197,2.95891147923158,241.3646659116648,302.68318495922307,0,0,88.42706664651655,9.841639080254092,0,19.63200611906684,17.704227967727956,0,7.920316812672507,0,0,2162688,0,0,0,0,0,0,0,0,0,0,0,0,225292288,80924672,18128896,439984128,111808512,349663232,40697856,10964992,310304768,94846976,4952064,3993600,305532928,16244736,134160384,209510400,70692864,14462976,200048640,103538688,330756096,35819520,9732096,292098048,84885504,4055040,2568192,295477248,15003648,38387712,0,0,0,0,0,0,0,0,0,0,0,0,0,0,0,211369984,80572416,17883136,425537536,107446272,333426688,40448000,10711040,296292352,94720000,4796416,2912256,297791488,15855616,46067712,192581632,73543680,17883136,212242432,107446272,333426688,37744640,10711040,296292352,91746304,4796416,2912256,297791488,15855616,40255488,1073741824,1073741824,314572800,0,1073741824,1073741824,1073741824,314572800,1073741824,0,0,0,1073741824,314572800,2147483648,10.65150181662266,0,4.408847086486884,0,0.06374027960735987,13.720548821952878,43570.78058357592,0,16654.076958875256,0,946.4156716100794,44893.955758230324,10.65150181662266,0,4.408847086486884,0,0.06374027960735987,13.720548821952878,43570.78058357592,0,16654.076958875256,0,946.4156716100794,44893.955758230324,101.28147261416488,50.9290837312168,478.29701190743657,20.95141304772701,34.01915959068147,39.12775149146267,17.35845662634348,59.52537039465058,45.96475962584294,98.7006794611992,0,0,0,0,0,0,0,0,0,0,119425.80999666385,120716.16957069925,1571097.1242417435,99523.68760505025,333757.0396980913,555534.0053486937,3156.4959302064126,8884.773392771294,593100.1522732216,125782.81082369771,0,0,0,0,0,0,0,0,0,0,119.39478383735306,41.09051073768629,464.1428892383734,27.459641167963106,46.62892807896073,54.61839127751492,15.357287403876422,72.2651981993794,59.56058298890581,131.51150315889856,0,0,0,0,0,0,0,0,0,0,24032.203622662244,6812.984436038942,142538.89013704786,5652.308173396397,12018.869293852964,6607.488171158198,2917.142600170886,10226.454263362615,12715.553621927344,24741.864346167604,0,0,0,0,0,0,0,0,0,0,54,18,52,10,14,2,14,64,0,0,0,0,0.009984885126964932,0.004013927576601671,0.031012412723041116,0.01573051948051948,0.0016126126126126126,0.003018348623853211,0.0029858156028368795,0.003238843813387424,0.0222205,0.03978672985781989,0.07197368421052633,0.02343181818181818,0.0043417417417417415,0.00463302752293578,0.004597163120567376,0.005324175824175835,0.023752749999999996,0.04619668246445496,0.08622180451127816,0.024394480519480517,0.0046828828828828824,0.0048348623853211,0.004798581560283688,0.007749999999999995,0.02497855,0.07540909090909081,0.09762030075187968,0.03652272727272713,0.004955795795795795,0.004996330275229358,0.0049597163120567375,0.00969065934065934,0.45833333333333337,0.375,0.3860861759425494,0.45821629213483145,0.8670886075949368,0.375,0.45461095100864557,0.48945668693009114,2.181444906444906,2.1625779625779624,0.4949551166965889,2.1246835443037977,2.11447963800905,0.475,2.11447963800905,2.192263011152417,2.340722453222453,2.331288981288981,0.6931174089068819,2.3123417721518984,2.307239819004525,0.4875,2.307239819004525,2.3461315055762078,2.4681444906444905,2.4662577962577963,0.9386234817813762,2.4624683544303796,2.4614479638009046,0.4975,2.4614479638009046,2.4692263011152416,396.302521008405,397.2941176470533,396.8235294117703,392.1512605041998,396.7058823529375,116165657.81512605,9656715.831932772,137.68067226890756,38696323.22689076,72106121.68067227,3692278276.3025208,3185471109.378151,837473804.907563,4906517168.403361,4157138272.8067226,0,0,0,0,0,14.924369747899158,2.1176470588235294,5.109243697478991,0.7899159663865546,16.57142857142857,0,0,0,0,0,60613.91596638655,21443.764705882353,1108914.5546218487,48171.02521008403,72488.87394957982,1533.5630252100839,265.0420168067227,2812.6050420168067,1695.2436974789914,419.02521008403363,1736.0840336134454,376.4873949579832,1877.3445378151262,2080.1680672268903,523.4117647058823,0,0,0,0,0,0,0,0,0,0,0,0,0,0,0,0,0,0,0,0
1693106558,0.4208754208754216,0.41948420222494415,0.3059351417499493,0.06724798816435414,1.7459418648546627,0.5602938429932152,0.2204423543243444,0.14916467780429607,0.12713969069568296,0.08946944618412886,0,0.12748055921471987,0.04126859666137056,0.45064532410411634,0.21158682278658944,3.168200009149463,8.43095487860127,50.0443404777687,0.4574543812064291,9.994412299452597,2.329449436593411,0.32903405834374405,0.6412555233549274,0.9203950205361279,0.8988718946646376,0.00006813231250336785,0.30449108485955856,0.951881643728202,2.616517438171462,0.859907306110152,2.1409749670619265,7.500377535782,49.30654701203346,0.20174396449306195,7.785956964892406,1.5356201622776877,0.2939231390991259,0.5540402318445273,0.7204582472755432,0.5666398258328099,0,0.14872731908383985,0.5571260549285085,1.2978585334198585,0.5818637626631198,50000,100000,50000,50000,50000,50000,10000,50000,50000,20000,50000,0,7163904,2162688,220594176,0,0,2703360,0,0,2973696,0,0,0,0,5812224,31.400966183574877,1.1074382938738525,1.6826432796247197,2.95891147923158,241.3646659116648,302.68318495922307,0,0,86.70926905445569,9.841639080254092,0,19.63200611906684,17.704227967727956,1.1897036556348692,5.236773863968084,0,0,2162688,0,0,0,0,0,0,0,0,0,0,0,0,225292288,81006592,18128896,439984128,111808512,349663232,40697856,10964992,310304768,94846976,4952064,3993600,305532928,16244736,134160384,209510400,70828032,14462976,200048640,103538688,330756096,35819520,9732096,292098048,84885504,4055040,2568192,295477248,15138816,38387712,0,0,0,0,0,0,0,0,0,0,0,0,0,0,0,211369984,80850944,17883136,425537536,107446272,333426688,40448000,10711040,296292352,94720000,4796416,2912256,297791488,15904768,46067712,192581632,73687040,17883136,212242432,107446272,333426688,37744640,10711040,296292352,91746304,4796416,2912256,297791488,15904768,40255488,1073741824,1073741824,314572800,0,1073741824,1073741824,1073741824,314572800,1073741824,0,0,0,1073741824,314572800,2147483648,10.571001896068593,0,4.408847086486884,0,0.06374027960735987,10.288409257997902,41958.62207829253,0,16654.076958875256,0,946.4156716100794,30319.54535802709,10.571001896068593,0,4.408847086486884,0,0.06374027960735987,10.288409257997902,41958.62207829253,0,16654.076958875256,0,946.4156716100794,30319.54535802709,101.28147261416488,50.9290837312168,475.7660288541167,20.95141304772701,34.01915959068147,39.12775149146267,16.411206459618644,59.52537039465058,45.96475962584294,98.7006794611992,0,0,0,0,0,0,0,0,0,0,119425.80999666385,120716.16957069925,1577683.9558906856,99523.68760505025,333757.0396980913,555534.0053486937,3006.7637240680215,8884.773392771294,593100.1522732216,125782.81082369771,0,0,0,0,0,0,0,0,0,0,119.39478383735306,41.09051073768629,462.4068343285534,27.459641167963106,46.62892807896073,54.61839127751492,14.69842878864673,72.2651981993794,59.56058298890581,131.51150315889856,0,0,0,0,0,0,0,0,0,0,24032.203622662244,6812.984436038942,140670.5313167415,5652.308173396397,12018.869293852964,6607.488171158198,2779.820682664243,10226.454263362615,12715.553621927344,24741.864346167604,0,0,0,0,0,0,0,0,0,0,38,14,36,18,14,2,18,96,0,0,0,0,0.009984885126964932,0.004013927576601671,0.031012412723041116,0.01573051948051948,0.0015539358600583095,0.0030168067226890756,0.002986463620981388,0.003238843813387424,0.0222205,0.03978672985781989,0.07197368421052633,0.02343181818181818,0.004329446064139942,0.004630252100840336,0.004597292724196278,0.005324175824175835,0.023752749999999996,0.04619668246445496,0.08622180451127816,0.024394480519480517,0.004676384839650146,0.004831932773109243,0.004798646362098139,0.007749999999999995,0.02497855,0.07540909090909081,0.09762030075187968,0.03652272727272713,0.004953935860058309,0.0049932773109243695,0.004959729272419627,0.00969065934065934,0.45833333333333337,0.375,0.3860861759425494,0.45821629213483145,0.8744725738396624,0.375,0.45833333333333337,0.48945668693009114,2.181444906444906,2.1625779625779624,0.4949551166965889,2.1246835443037977,2.125,0.475,2.125,2.192263011152417,2.340722453222453,2.331288981288981,0.6931174089068819,2.3123417721518984,2.3125,0.4875,2.3125,2.3461315055762078,2.4681444906444905,2.4662577962577963,0.9386234817813762,2.4624683544303796,2.4625,0.4975,2.4625,2.4692263011152416,396.35294117647413,397.2436974789991,396.6722689075675,392.06722689075866,396.8571428571547,116165657.81512605,9656715.831932772,137.68067226890756,38696323.22689076,72106121.68067227,3621275458.6890755,3242333364.705882,837467471.5966386,4906588280.470588,4078742278.453781,0,0,0,0,0,15.07563025210084,2.1176470588235294,5.109243697478991,0.7899159663865546,16.588235294117645,0,0,0,0,0,61052.773109243695,21443.764705882353,1108914.5546218487,48171.02521008403,72583.5294117647,1533.3781512605042,265.4453781512605,2814.1008403361343,1701.1596638655462,420.5042016806722,1736.3697478991596,376.8067226890756,1879.4285714285713,2085.798319327731,524.924369747899,0,0,0,0,0,0,0,0,0,0,0,0,0,0,0,0,0,0,0,0
1693106559,0.4208754208754216,0.3915104059344734,0.3059351417499493,0.06724798816435414,1.7459418648546627,0.5602938429932152,0.2204423543243444,0.13393156097234327,0.12462092589793977,0.08946944618412886,0,0.12748055921471987,0.04126859666137056,0.45064532410411634,0.21591147438184533,3.168200009149463,8.616065423449404,50.0443404777687,0.4574543812064291,9.994412299452597,2.329449436593411,0.32903405834374405,0.6408449239938399,0.9021610719944926,0.8988718946646376,0.00006813231250336785,0.30449108485955856,0.951881643728202,2.616517438171462,0.8774830674650655,2.1409749670619265,7.624150010302912,49.30654701203346,0.20174396449306195,7.785956964892406,1.5356201622776877,0.2939231390991259,0.5357262438893716,0.7061852467549984,0.5666398258328099,0,0.14872731908383985,0.5571260549285085,1.2978585334198585,0.5937565545500735,50000,100000,50000,50000,50000,50000,10000,50000,50000,20000,50000,0,7163904,2162688,220594176,0,0,2703360,0,0,2973696,0,0,0,0,5812224,31.400966183574877,1.359983515351329,1.6826432796247197,2.95891147923158,241.3646659116648,302.68318495922307,0,0,84.99147146239484,9.841639080254092,0,19.63200611906684,17.704227967727956,1.1897036556348692,5.343808990950667,0,0,2162688,0,0,0,0,0,0,0,0,0,0,0,0,225292288,81006592,18128896,439984128,111808512,349663232,40697856,10964992,310304768,94846976,4952064,3993600,305532928,16244736,134160384,209510400,70828032,14462976,200048640,103538688,330756096,35819520,9732096,292098048,84885504,4055040,2568192,295477248,15138816,38387712,0,0,0,0,0,0,0,0,0,0,0,0,0,0,0,211369984,80850944,17883136,425537536,107446272,333426688,40448000,10711040,296292352,94720000,4796416,2912256,297791488,15904768,46067712,192581632,73687040,17883136,212242432,107446272,333426688,37744640,10711040,296292352,91746304,4796416,2912256,297791488,15904768,40255488,1073741824,1073741824,314572800,0,1073741824,1073741824,1073741824,314572800,1073741824,0,0,0,1073741824,314572800,2147483648,10.076241500103029,0,4.408847086486884,0,0.06374027960735987,10.498695441817219,36514.15619204615,0,16654.076958875256,0,946.4156716100794,30939.25063302088,10.076241500103029,0,4.408847086486884,0,0.06374027960735987,10.498695441817219,36514.15619204615,0,16654.076958875256,0,946.4156716100794,30939.25063302088,101.28147261416488,50.9290837312168,475.7660288541167,20.95141304772701,34.01915959068147,39.12775149146267,16.411206459618644,59.52537039465058,45.96475962584294,98.7006794611992,0,0,0,0,0,0,0,0,0,0,119425.80999666385,120716.16957069925,1577683.9558906856,99523.68760505025,333757.0396980913,555534.0053486937,3006.7637240680215,8884.773392771294,593100.1522732216,125782.81082369771,0,0,0,0,0,0,0,0,0,0,119.39478383735306,41.09051073768629,462.4068343285534,27.459641167963106,46.62892807896073,54.61839127751492,14.69842878864673,72.2651981993794,59.56058298890581,131.51150315889856,0,0,0,0,0,0,0,0,0,0,24032.203622662244,6812.984436038942,140670.5313167415,5652.308173396397,12018.869293852964,6607.488171158198,2779.820682664243,10226.454263362615,12715.553621927344,24741.864346167604,0,0,0,0,0,0,0,0,0,0,50,20,64,8,14,2,10,102,0,0,0,0,0.009984885126964932,0.004013927576601671,0.031012412723041116,0.01573051948051948,0.0015539358600583095,0.0030168067226890756,0.002986463620981388,0.003238843813387424,0.0222205,0.03978672985781989,0.07197368421052633,0.02343181818181818,0.004329446064139942,0.004630252100840336,0.004597292724196278,0.005324175824175835,0.023752749999999996,0.04619668246445496,0.08622180451127816,0.024394480519480517,0.004676384839650146,0.004831932773109243,0.004798646362098139,0.007749999999999995,0.02497855,0.07540909090909081,0.09762030075187968,0.03652272727272713,0.004953935860058309,0.0049932773109243695,0.004959729272419627,0.00969065934065934,0.45833333333333337,0.375,0.3860861759425494,0.45821629213483145,0.8744725738396624,0.375,0.45833333333333337,0.48945668693009114,2.181444906444906,2.1625779625779624,0.4949551166965889,2.1246835443037977,2.125,0.475,2.125,2.192263011152417,2.340722453222453,2.331288981288981,0.6931174089068819,2.3123417721518984,2.3125,0.4875,2.3125,2.3461315055762078,2.4681444906444905,2.4662577962577963,0.9386234817813762,2.4624683544303796,2.4625,0.4975,2.4625,2.4692263011152416,396.2857142857021,397.2268907563016,396.739495798308,392.01680672268526,396.82352941175446,116165657.81512605,9656715.831932772,137.68067226890756,38696323.22689076,72106121.68067227,3692253080.7394958,3242361107.3613443,837478623.7310925,4999204829.579832,4157221018.890756,0,0,0,0,0,14.655462184873949,2.1176470588235294,5.109243697478991,0.6890756302521008,16.48739495798319,0,0,0,0,0,57111.663865546216,21443.764705882353,1108914.5546218487,31442.823529411762,72032.80672268907,1525.4789915966385,264.0672268907563,2814.3529411764703,1682.0504201680671,418.0672268907563,1728.9243697478992,375.3109243697479,1879.7310924369747,2065.176470588235,522.5546218487395,0,0,0,0,0,0,0,0,0,0,0,0,0,0,0,0,0,0,0,0
1693106560,0.4208754208754216,0.3915104059344734,0.3059351417499493,0.06724798816435414,1.7459418648546627,0.5602938429932152,0.2204423543243444,0.15767186232993974,0.1912212081703605,0.08946944618412886,0,0.12748055921471987,0.04126859666137056,0.45064532410411634,0.25947909571535166,3.168200009149463,8.616065423449404,50.0443404777687,0.4574543812064291,9.994412299452597,2.329449436593411,0.32903405834374405,0.6329204590503656,1.4340929456757936,0.8988718946646376,0.00006813231250336785,0.30449108485955856,0.951881643728202,2.616517438171462,1.0545456812948015,2.1409749670619265,7.624150010302912,49.30654701203346,0.20174396449306195,7.785956964892406,1.5356201622776877,0.2939231390991259,0.4730155869898188,1.0951760104302524,0.5666398258328099,0,0.14872731908383985,0.5571260549285085,1.2978585334198585,0.7135675132172157,50000,100000,50000,50000,50000,50000,10000,50000,50000,20000,50000,0,7163904,2162688,220594176,0,0,2703360,0,0,2973696,0,0,0,0,5812224,31.400966183574877,1.359983515351329,1.6826432796247197,2.95891147923158,241.3646659116648,302.68318495922307,0,1.4866204162537164,236.34941329856588,9.841639080254092,0,19.63200611906684,17.704227967727956,1.1897036556348692,6.422107618954948,0,0,2162688,0,0,0,0,0,0,0,0,0,0,0,0,225292288,81006592,18128896,439984128,111808512,349663232,40697856,10964992,310304768,94846976,4952064,3993600,305532928,16244736,134160384,209510400,70828032,14462976,200048640,103538688,330756096,35819520,9732096,292233216,84885504,4055040,2568192,295477248,15138816,38387712,0,0,0,0,0,0,0,0,0,0,0,0,0,0,0,211369984,80850944,17883136,425537536,107446272,333426688,40448000,10715136,296390656,94720000,4796416,2912256,297791488,15904768,46067712,192581632,73687040,17883136,212242432,107446272,333426688,37744640,10715136,296390656,91746304,4796416,2912256,297791488,15904768,40255488,1073741824,1073741824,314572800,0,1073741824,1073741824,1073741824,314572800,1073741824,0,0,0,1073741824,314572800,2147483648,10.076241500103029,0,4.408847086486884,0,0.06374027960735987,12.617171029158964,36514.15619204615,0,16654.076958875256,0,946.4156716100794,37182.316499627,10.076241500103029,0,4.408847086486884,0,0.06374027960735987,12.617171029158964,36514.15619204615,0,16654.076958875256,0,946.4156716100794,37182.316499627,101.53142143990017,50.9290837312168,475.7660288541167,20.95141304772701,28.38085606896914,39.12775149146267,16.517161127053345,59.52537039465058,45.96475962584294,98.7006794611992,0,0,0,0,0,0,0,0,0,0,119537.94753126545,120716.16957069925,1577683.9558906856,99523.68760505025,276172.3081033486,555534.0053486937,3027.4306889305644,8884.773392771294,593100.1522732216,125782.81082369771,0,0,0,0,0,0,0,0,0,0,119.47167260341647,41.09051073768629,462.4068343285534,27.459641167963106,38.955819271408295,54.61839127751492,14.777323361276181,72.2651981993794,59.56058298890581,131.51150315889856,0,0,0,0,0,0,0,0,0,0,24102.23343126804,6812.984436038942,140670.5313167415,5652.308173396397,10203.493191137044,6607.488171158198,2792.665567028944,10226.454263362615,12715.553621927344,24741.864346167604,0,0,0,0,0,0,0,0,0,0,30,18,46,8,6,2,6,90,0,0,0,0,0.009984885126964932,0.004013927576601671,0.031012412723041116,0.01573051948051948,0.0015539358600583095,0.0030168067226890756,0.002986463620981388,0.003247792346802248,0.0222205,0.03978672985781989,0.07197368421052633,0.02343181818181818,0.004329446064139942,0.004630252100840336,0.004597292724196278,0.00548098434004475,0.023752749999999996,0.04619668246445496,0.08622180451127816,0.024394480519480517,0.004676384839650146,0.004831932773109243,0.004798646362098139,0.007829977628635347,0.02497855,0.07540909090909081,0.09762030075187968,0.03652272727272713,0.004953935860058309,0.0049932773109243695,0.004959729272419627,0.00970917225950783,0.45833333333333337,0.375,0.3860861759425494,0.45821629213483145,0.8744725738396624,0.375,0.45833333333333337,0.47071209800918834,2.181444906444906,2.1625779625779624,0.4949551166965889,2.1246835443037977,2.125,0.475,2.125,2.1764252696456086,2.340722453222453,2.331288981288981,0.6931174089068819,2.3123417721518984,2.3125,0.4875,2.3125,2.3382126348228045,2.4681444906444905,2.4662577962577963,0.9386234817813762,2.4624683544303796,2.4625,0.4975,2.4625,2.4676425269645605,396.3529411764684,397.2436974789914,396.73949579831407,391.94957983191784,396.756302521007,116165657.81512605,9656715.831932772,137.68067226890756,38696323.22689076,72106121.68067227,3621176190.92437,3356062969.5462184,837470362.8907562,4906581809.4789915,4078836658.5546217,0,0,0,0,0,14.672268907563025,2.1176470588235294,5.109243697478991,0.6890756302521008,16.60504201680672,0,0,0,0,0,57197.71428571428,21443.764705882353,1108914.5546218487,31442.823529411762,72445.84873949579,1530.5210084033613,264.99159663865544,2812.235294117647,1695.0588235294117,420.2352941176471,1733.5630252100839,376.08403361344534,1878.0672268907563,2077.949579831932,524.7226890756302,0,0,0,0,0,0,0,0,0,0,0,0,0,0,0,0,0,0,0,0
1693106561,0.4208754208754216,0.3915104059344734,0.3059351417499493,0.06724798816435414,1.7459418648546627,0.5602938429932152,0.2204423543243444,0.15767186232993974,0.1912212081703605,0.08946944618412886,0,0.12748055921471987,0.04126859666137056,0.45064532410411634,0.25947909571535166,3.168200009149463,8.616065423449404,50.0443404777687,0.4574543812064291,9.994412299452597,2.329449436593411,0.32903405834374405,0.6329204590503656,1.4340929456757936,0.8988718946646376,0.00006813231250336785,0.30449108485955856,0.951881643728202,2.616517438171462,1.0545456812948015,2.1409749670619265,7.624150010302912,49.30654701203346,0.20174396449306195,7.785956964892406,1.5356201622776877,0.2939231390991259,0.4730155869898188,1.0951760104302524,0.5666398258328099,0,0.14872731908383985,0.5571260549285085,1.2978585334198585,0.7135675132172157,50000,100000,50000,50000,50000,50000,10000,50000,50000,20000,50000,0,7163904,2162688,220594176,0,0,2703360,0,0,2973696,0,0,0,0,5812224,31.400966183574877,1.359983515351329,1.6826432796247197,2.95891147923158,241.3646659116648,302.68318495922307,0,1.4866204162537164,236.34941329856588,9.841639080254092,0,19.63200611906684,17.704227967727956,1.1897036556348692,6.422107618954948,0,0,2162688,0,0,0,0,0,0,0,0,0,0,0,0,225292288,81006592,18128896,439984128,111808512,349663232,40697856,10964992,310304768,94846976,4952064,3993600,305532928,16244736,134160384,209510400,70828032,14462976,200048640,103538688,330756096,35819520,9732096,292233216,84885504,4055040,2568192,295477248,15138816,38387712,0,0,0,0,0,0,0,0,0,0,0,0,0,0,0,211369984,80850944,17883136,425537536,107446272,333426688,40448000,10715136,296390656,94720000,4796416,2912256,297791488,15904768,46067712,192581632,73687040,17883136,212242432,107446272,333426688,37744640,10715136,296390656,91746304,4796416,2912256,297791488,15904768,40255488,1073741824,1073741824,314572800,0,1073741824,1073741824,1073741824,314572800,1073741824,0,0,0,1073741824,314572800,2147483648,10.076241500103029,0,4.408847086486884,0,0.06374027960735987,12.617171029158964,36514.15619204615,0,16654.076958875256,0,946.4156716100794,37182.316499627,10.076241500103029,0,4.408847086486884,0,0.06374027960735987,12.617171029158964,36514.15619204615,0,16654.076958875256,0,946.4156716100794,37182.316499627,101.53142143990017,50.9290837312168,475.7660288541167,20.95141304772701,28.95340859310659,39.12775149146267,16.517161127053345,59.52537039465058,45.96475962584294,98.7006794611992,0,0,0,0,0,0,0,0,0,0,119537.94753126545,120716.16957069925,1577683.9558906856,99523.68760505025,281743.78035623545,555534.0053486937,3027.4306889305644,8884.773392771294,593100.1522732216,125782.81082369771,0,0,0,0,0,0,0,0,0,0,119.47167260341647,41.09051073768629,462.4068343285534,27.459641167963106,39.74171003522052,54.61839127751492,14.777323361276181,72.2651981993794,59.56058298890581,131.51150315889856,0,0,0,0,0,0,0,0,0,0,24102.23343126804,6812.984436038942,140670.5313167415,5652.308173396397,10409.337432318773,6607.488171158198,2792.665567028944,10226.454263362615,12715.553621927344,24741.864346167604,0,0,0,0,0,0,0,0,0,0,14,16,44,12,6,2,6,86,0,0,0,0,0.009984885126964932,0.004013927576601671,0.031012412723041116,0.01573051948051948,0.0015539358600583095,0.0030168067226890756,0.002986463620981388,0.00324,0.0222205,0.03978672985781989,0.07197368421052633,0.02343181818181818,0.004329446064139942,0.004630252100840336,0.004597292724196278,0.005345733041575482,0.023752749999999996,0.04619668246445496,0.08622180451127816,0.024394480519480517,0.004676384839650146,0.004831932773109243,0.004798646362098139,0.0077658643326039304,0.02497855,0.07540909090909081,0.09762030075187968,0.03652272727272713,0.004953935860058309,0.0049932773109243695,0.004959729272419627,0.009701969365426687,0.45833333333333337,0.375,0.3860861759425494,0.45821629213483145,0.8744725738396624,0.375,0.45833333333333337,0.49031155015197564,2.181444906444906,2.1625779625779624,0.4949551166965889,2.1246835443037977,2.125,0.475,2.125,2.1929199444701526,2.340722453222453,2.331288981288981,0.6931174089068819,2.3123417721518984,2.3125,0.4875,2.3125,2.3464599722350763,2.4681444906444905,2.4662577962577963,0.9386234817813762,2.4624683544303796,2.4625,0.4975,2.4625,2.469291994447015,396.52100840335555,397.2605042016756,396.75630252101047,392.0504201680796,396.7394957983252,116165657.81512605,9656715.831932772,137.68067226890756,38696323.22689076,72106121.68067227,3621146451.8991594,3412916069.1092434,837473323.02521,4721481297.747899,4157301286.7226887,0,0,0,0,0,14.6890756302521,2.1176470588235294,4.773109243697479,0.6890756302521008,16.352941176470587,0,0,0,0,0,57430.05042016807,21443.764705882353,1106023.2605042015,31442.823529411762,69700.84033613445,1528.6554621848738,261.6470588235294,2811.159663865546,1700.857142857143,422.0672268907563,1731.8151260504198,373.109243697479,1877.344537815126,2084.050420168067,526.6722689075631,0,0,0,0,0,0,0,0,0,0,0,0,0,0,0,0,0,0,0,0
1693106562,0.36707350646967085,0.3915104059344734,0.3059351417499493,0.06724798816435414,1.7459418648546627,0.5602938429932152,0.2204423543243444,0.15767186232993974,0.1912212081703605,0.07360912290119652,0,0.057524127691165605,0.04126859666137056,0.45064532410411634,0.25947909571535166,3.114748121042474,8.616065423449404,50.0443404777687,0.4574543812064291,9.994412299452597,2.329449436593411,0.32903405834374405,0.6329204590503656,1.4340929456757936,0.7395281248375251,0.000055191147512623977,0.24819962123626516,0.951881643728202,2.616517438171462,1.0545456812948015,2.06478847389191,7.624150010302912,49.30654701203346,0.20174396449306195,7.785956964892406,1.5356201622776877,0.2939231390991259,0.4730155869898188,1.0951760104302524,0.4661911117075729,0,0.11504825538233121,0.5571260549285085,1.2978585334198585,0.7135675132172157,50000,100000,50000,50000,50000,50000,10000,50000,50000,20000,50000,0,7163904,2162688,220594176,0,0,2703360,0,0,2973696,0,0,0,0,5812224,37.854455354684774,1.359983515351329,1.6826432796247197,2.95891147923158,241.3646659116648,302.68318495922307,0,1.4866204162537164,236.34941329856588,8.09700351913155,0,1.8982962138084631,17.704227967727956,1.1897036556348692,6.422107618954948,0,0,2162688,0,0,0,0,0,0,0,0,0,0,0,0,225292288,81006592,18128896,439984128,111808512,349663232,40697856,10964992,310304768,94846976,4952064,3993600,305532928,16244736,134160384,209510400,70828032,14462976,200048640,103538688,330756096,35819520,9732096,292233216,84885504,4055040,2568192,295477248,15138816,38387712,0,0,0,0,0,0,0,0,0,0,0,0,0,0,0,211369984,80850944,17883136,425537536,107446272,333426688,40448000,10715136,296390656,94720000,4796416,2912256,297791488,15904768,46067712,192581632,73687040,17883136,212242432,107446272,333426688,37744640,10715136,296390656,91746304,4796416,2912256,297791488,15904768,40255488,1073741824,1073741824,314572800,0,1073741824,1073741824,1073741824,314572800,1073741824,0,0,0,1073741824,314572800,2147483648,10.076241500103029,0,4.408847086486884,0,0,12.617171029158964,36514.15619204615,0,16654.076958875256,0,0,37182.316499627,10.076241500103029,0,4.408847086486884,0,0,12.617171029158964,36514.15619204615,0,16654.076958875256,0,0,37182.316499627,101.53142143990017,50.9290837312168,475.7660288541167,20.95141304772701,29.52596111724404,39.12775149146267,16.517161127053345,59.52537039465058,36.71996434769486,82.00545953033736,0,0,0,0,0,0,0,0,0,0,119537.94753126545,120716.16957069925,1577683.9558906856,99523.68760505025,287315.2526091223,555534.0053486937,3027.4306889305644,8884.773392771294,468085.4077142911,104506.64837286924,0,0,0,0,0,0,0,0,0,0,119.47167260341647,41.09051073768629,462.4068343285534,27.459641167963106,40.527600799032754,54.61839127751492,14.777323361276181,72.2651981993794,47.02418791971629,109.26633239957087,0,0,0,0,0,0,0,0,0,0,24102.23343126804,6812.984436038942,140670.5313167415,5652.308173396397,10615.181673500501,6607.488171158198,2792.665567028944,10226.454263362615,10323.551436467214,20556.777992013354,0,0,0,0,0,0,0,0,0,0,38,26,60,4,6,2,6,52,0,0,0,0,0.010210960232783705,0.004015299026425591,0.031034820031298902,0.015779220779220778,0.001650602409638554,0.003018348623853211,0.002996422182468694,0.003236418511066399,0.02225169738118332,0.03985576923076923,0.07250932835820895,0.023519480519480516,0.004349397590361445,0.00463302752293578,0.004599284436493739,0.005280973451327447,0.023756789524733268,0.0463701923076923,0.08662779850746267,0.024487012987012984,0.004686746987951807,0.0048348623853211,0.00479964221824687,0.007740044247787617,0.02496086323957323,0.07741666666666648,0.09792257462686568,0.03935714285714282,0.004956626506024096,0.004996330275229358,0.004959928443649375,0.009707300884955757,0.45775139664804465,0.375,0.3865974729241877,0.4581005586592179,0.8571428571428571,0.375,0.4511494252873564,0.4883546205860256,2.1813655030800825,2.1626556016597505,0.49587545126353794,2.1243697478991597,2.10377358490566,0.475,2.1037735849056602,2.191392873669598,2.340682751540041,2.3313278008298757,0.705544747081712,2.31218487394958,2.3018867924528306,0.4875,2.3018867924528306,2.3456964368347983,2.4681365503080084,2.466265560165975,0.9411089494163427,2.4624369747899157,2.4603773584905664,0.4975,2.4603773584905664,2.4691392873669593,396.5546218487443,397.14285714284983,396.6722689075554,392.05042016807784,396.84033613445877,132760722.28571428,9656715.831932772,137.68067226890756,38696323.22689076,72106121.68067227,3550092072.8739495,3299118312.3361344,837465406.3865546,4721584076.369748,4157304728.7394958,0,0,0,0,0,14.621848739495798,2.1176470588235294,4.773109243697479,0.6890756302521008,16.252100840336134,0,0,0,0,0,57292.36974789916,21443.764705882353,1106023.2605042015,31442.823529411762,69382.4537815126,1528.9075630252098,264.8571428571428,2814.067226890756,1697.714285714286,421.49579831932766,1732.0840336134452,376.20168067226894,1879.8319327731092,2080.890756302521,526.0672268907564,0,0,0,0,0,0,0,0,0,0,0,0,0,0,0,0,0,0,0,0
1693106563,0.36707350646967085,0.3915104059344734,0.3059351417499493,0.06724798816435414,1.7459418648546627,0.5602938429932152,0.2204423543243444,0.15767186232993974,0.20016903162670668,0.05652272213429846,0,0.06852835360630467,0.04126859666137056,0.3664256400234499,0.25947909571535166,3.114748121042474,8.616065423449404,50.0443404777687,0.4574543812064291,9.994412299452597,2.329449436593411,0.32903405834374405,0.6329204590503656,1.6132597815933347,0.9006332146356149,0.00005405560897090118,0.2956796059619661,0.951881643728202,2.6475567422317776,1.0545456812948015,2.06478847389191,7.624150010302912,49.30654701203346,0.20174396449306195,7.785956964892406,1.5356201622776877,0.2939231390991259,0.4730155869898188,1.22325519327433,0.621749943477278,0,0.13705670721260935,0.5571260549285085,1.416845808090678,0.7135675132172157,50000,100000,50000,50000,50000,50000,10000,50000,50000,20000,50000,0,7163904,2162688,220594176,0,0,2703360,0,0,2973696,0,0,0,0,5812224,37.854455354684774,1.359983515351329,1.6826432796247197,2.95891147923158,241.3646659116648,302.68318495922307,0,1.4866204162537164,300.92077754548285,7.460999321727335,0,2.2614356690080526,17.704227967727956,1.6122728161031854,6.422107618954948,0,0,2162688,0,0,0,0,0,0,0,0,0,0,0,0,225292288,81006592,18128896,439984128,111808512,349663232,40697856,10964992,310304768,95150080,4952064,3993600,305532928,16244736,134160384,209510400,70828032,14462976,200048640,103538688,330756096,35819520,9732096,292233216,84885504,4055040,2568192,295477248,15138816,38387712,0,0,0,0,0,0,0,0,0,0,0,0,0,0,0,211369984,80850944,17883136,425537536,107446272,333426688,40448000,10715136,296390656,94773248,4796416,2912256,297791488,15904768,46067712,192581632,73687040,17883136,212242432,107446272,333426688,37744640,10715136,296390656,91799552,4796416,2912256,297791488,15904768,40255488,1073741824,1073741824,314572800,0,1073741824,1073741824,1073741824,314572800,1073741824,0,0,0,1073741824,314572800,2147483648,10.076241500103029,0,4.408847086486884,0,0,12.617171029158964,36514.15619204615,0,16654.076958875256,0,0,37182.316499627,10.076241500103029,0,4.408847086486884,0,0,12.617171029158964,36514.15619204615,0,16654.076958875256,0,0,37182.316499627,101.53142143990017,50.9290837312168,475.7660288541167,17.80150022517451,34.35315144824686,39.12775149146267,16.517161127053345,59.52537039465058,37.600916330723265,94.56957146096289,0,0,0,0,0,0,0,0,0,0,119537.94753126545,120716.16957069925,1577683.9558906856,84475.10095073681,334288.33517321135,555534.0053486937,3027.4306889305644,8884.773392771294,485366.1822692009,123608.3629355302,0,0,0,0,0,0,0,0,0,0,119.47167260341647,41.09051073768629,462.4068343285534,23.258720508394003,47.15344582873364,54.61839127751492,14.777323361276181,72.2651981993794,48.93189785984682,126.63441916710755,0,0,0,0,0,0,0,0,0,0,24102.23343126804,6812.984436038942,140670.5313167415,4822.919705584328,12350.654470903643,6607.488171158198,2792.665567028944,10226.454263362615,10479.890248691625,23950.55173456277,0,0,0,0,0,0,0,0,0,0,36,20,56,14,10,2,10,104,0,0,0,0,0.010210960232783705,0.004015299026425591,0.031034820031298902,0.015779220779220778,0.001543859649122807,0.0030168067226890756,0.0029966329966329966,0.003236418511066399,0.02225169738118332,0.03985576923076923,0.07250932835820895,0.023519480519480516,0.0043274853801169594,0.004630252100840336,0.0045993265993266,0.005280973451327447,0.023756789524733268,0.0463701923076923,0.08662779850746267,0.024487012987012984,0.004675438596491228,0.004831932773109243,0.004799663299663299,0.007740044247787617,0.02496086323957323,0.07741666666666648,0.09792257462686568,0.03935714285714282,0.004953801169590644,0.0049932773109243695,0.00495993265993266,0.009707300884955757,0.45775139664804465,0.375,0.3865974729241877,0.4581005586592179,0.8728991596638654,0.375,0.45775139664804476,0.4883546205860256,2.1813655030800825,2.1626556016597505,0.49587545126353794,2.1243697478991597,2.1234177215189876,0.475,2.1234177215189876,2.191392873669598,2.340682751540041,2.3313278008298757,0.705544747081712,2.31218487394958,2.3117088607594938,0.4875,2.3117088607594938,2.3456964368347983,2.4681365503080084,2.466265560165975,0.9411089494163427,2.4624369747899157,2.462341772151899,0.4975,2.462341772151899,2.4691392873669593,396.55462184872795,397.00840336134496,396.62184873950815,392.00000000000193,396.8571428571574,132760722.28571428,9656715.831932772,137.68067226890756,38696323.22689076,72106121.68067227,3550066257.747899,3355993096.605042,902282024.8739495,4721650300.773109,4157326619.9663863,0,0,0,0,0,14.84033613445378,2.1176470588235294,4.823529411764706,0.6890756302521008,16.60504201680672,0,0,0,0,0,60691.361344537814,21443.764705882353,1106410.487394958,31442.823529411762,72566.3193277311,1538.487394957983,265.44537815126046,2810.957983193277,1704.151260504202,421.88235294117646,1741.6302521008402,376.7899159663865,1878.2016806722688,2087.9831932773104,526.436974789916,0,0,0,0,0,0,0,0,0,0,0,0,0,0,0,0,0,0,0,0
1693106564,0.36707350646967085,0.3915104059344734,0.28506779268444804,0.08758254655012357,1.7459418648546627,0.5602938429932152,0.2204423543243444,0.15767186232993974,0.20016903162670668,0.05652272213429846,0,0.06852835360630467,0.04126859666137056,0.3664256400234499,0.2584702866866266,3.114748121042474,8.616065423449404,50.02894063819553,0.44043834714218266,9.994412299452597,2.329449436593411,0.32903405834374405,0.6329204590503656,1.6132597815933347,0.9006332146356149,0.00005292007042917839,0.2956796059619661,0.951881643728202,2.6475567422317776,1.0467629461304817,2.06478847389191,7.624150010302912,49.33454487145224,0.21019811172029654,7.785956964892406,1.5356201622776877,0.2939231390991259,0.4730155869898188,1.22325519327433,0.621749943477278,0,0.13705670721260935,0.5571260549285085,1.416845808090678,0.7754108600598797,50000,100000,50000,50000,50000,50000,10000,50000,50000,20000,50000,0,7163904,2162688,220594176,0,0,2703360,0,0,2973696,0,0,0,0,5947392,37.854455354684774,1.359983515351329,1.175904644823347,3.46826884338489,241.3646659116648,302.68318495922307,0,1.4866204162537164,300.92077754548285,7.460999321727335,0,2.2614356690080526,17.704227967727956,1.6122728161031854,8.529519460658669,0,0,2162688,0,0,0,0,0,0,0,0,0,0,0,0,225292288,81006592,18128896,439984128,111808512,349663232,40697856,10964992,310304768,95150080,4952064,3993600,305532928,16244736,134160384,209510400,70828032,14462976,200048640,103538688,330756096,35819520,9732096,292233216,84885504,4055040,2568192,295477248,15138816,38658048,0,0,0,0,0,0,0,0,0,0,0,0,0,0,0,211369984,80850944,17756160,425537536,107446272,333426688,40448000,10715136,296390656,94773248,4796416,2912256,297791488,15904768,46350336,192581632,73687040,17756160,212242432,107446272,333426688,37744640,10715136,296390656,91799552,4796416,2912256,297791488,15904768,40402944,1073741824,1073741824,314572800,0,1073741824,1073741824,1073741824,314572800,1073741824,0,0,0,1073741824,314572800,2147483648,10.076241500103029,0,4.408847086486884,0,0,13.009671096560192,36514.15619204615,0,16654.076958875256,0,0,38322.527839403796,10.076241500103029,0,4.408847086486884,0,0,13.009671096560192,36514.15619204615,0,16654.076958875256,0,0,38322.527839403796,101.53142143990017,50.9290837312168,475.7660288541167,18.151928056743976,34.35315144824686,39.12775149146267,16.517161127053345,59.52537039465058,38.373519377856866,94.56957146096289,0,0,0,0,0,0,0,0,0,0,119537.94753126545,120716.16957069925,1577683.9558906856,86138.01846180791,334288.33517321135,555534.0053486937,3027.4306889305644,8884.773392771294,495339.2209073679,123608.3629355302,0,0,0,0,0,0,0,0,0,0,119.47167260341647,41.09051073768629,462.4068343285534,23.71657534589307,47.15344582873364,54.61839127751492,14.777323361276181,72.2651981993794,49.937323713196506,126.63441916710755,0,0,0,0,0,0,0,0,0,0,24102.23343126804,6812.984436038942,140670.5313167415,4917.860315807251,12350.654470903643,6607.488171158198,2792.665567028944,10226.454263362615,10695.225297139608,23950.55173456277,0,0,0,0,0,0,0,0,0,0,56,24,60,22,20,2,18,170,0,0,0,0,0.010210960232783705,0.004015299026425591,0.031034820031298902,0.015779220779220778,0.001543859649122807,0.0030168067226890756,0.0029966329966329966,0.003236418511066399,0.02225169738118332,0.03985576923076923,0.07250932835820895,0.023519480519480516,0.0043274853801169594,0.004630252100840336,0.0045993265993266,0.005280973451327447,0.023756789524733268,0.0463701923076923,0.08662779850746267,0.024487012987012984,0.004675438596491228,0.004831932773109243,0.004799663299663299,0.007740044247787617,0.02496086323957323,0.07741666666666648,0.09792257462686568,0.03935714285714282,0.004953801169590644,0.0049932773109243695,0.00495993265993266,0.009707300884955757,0.45775139664804465,0.375,0.3865974729241877,0.4581005586592179,0.8728991596638654,0.375,0.45775139664804476,0.4883546205860256,2.1813655030800825,2.1626556016597505,0.49587545126353794,2.1243697478991597,2.1234177215189876,0.475,2.1234177215189876,2.191392873669598,2.340682751540041,2.3313278008298757,0.705544747081712,2.31218487394958,2.3117088607594938,0.4875,2.3117088607594938,2.3456964368347983,2.4681365503080084,2.466265560165975,0.9411089494163427,2.4624369747899157,2.462341772151899,0.4975,2.462341772151899,2.4691392873669593,396.5210084033835,396.99159663865663,396.5210084033653,391.94957983193063,396.77310924371284,132760722.28571428,9656715.831932772,0,38696116.70588235,72106121.68067227,3479018074.352941,3355896100.5714283,838486033.210084,4629099907.226891,4000534768.9411764,0,0,0,0,0,14.924369747899158,2.1176470588235294,4.823529411764706,0.6890756302521008,16.672268907563023,0,0,0,0,0,60966.72268907563,21443.764705882353,1106410.487394958,31442.823529411762,72747.02521008403,1543.4285714285713,265.8487394957983,2811.6638655462184,1709.7478991596638,423.9327731092436,1746.218487394958,377.15966386554624,1879.126050420168,2093.0420168067226,528.5546218487394,0,0,0,0,0,0,0,0,0,0,0,0,0,0,0,0,0,0,0,0
1693106565,0.36707350646967085,0.3915104059344734,0.28506779268444804,0.08758254655012357,1.7459418648546627,0.5602938429932152,0.2204423543243444,0.15767186232993974,0.20016903162670668,0.05652272213429846,0,0.06644518272425255,0.02844950213371332,0.3664256400234499,0.2584702866866266,3.114748121042474,8.616065423449404,50.02894063819553,0.44043834714218266,9.994412299452597,2.329449436593411,0.32903405834374405,0.6329204590503656,1.6132597815933347,0.9006332146356149,0,0.2968994772978956,1.0141560142247454,2.6475567422317776,1.0467629461304817,2.06478847389191,7.624150010302912,49.33454487145224,0.21019811172029654,7.785956964892406,1.5356201622776877,0.2939231390991259,0.4730155869898188,1.22325519327433,0.621749943477278,0,0.11074197120708756,0.5974395448079683,1.416845808090678,0.7754108600598797,50000,100000,50000,50000,50000,50000,10000,50000,50000,20000,50000,0,7163904,2162688,220594176,0,0,2703360,0,0,2973696,0,0,0,0,5947392,37.854455354684774,1.359983515351329,1.175904644823347,3.46826884338489,241.3646659116648,302.68318495922307,0,1.4866204162537164,300.92077754548285,7.460999321727335,0,1.4617940199335546,20.65433854907539,1.6122728161031854,8.529519460658669,0,0,2162688,0,0,0,0,0,0,0,0,0,0,0,0,225292288,81006592,18128896,439984128,111808512,349663232,40697856,10964992,310304768,95150080,4952064,3993600,305532928,16244736,134160384,209510400,70828032,14462976,200048640,103538688,330756096,35819520,9732096,292233216,84885504,4055040,2568192,295477248,15138816,38658048,0,0,0,0,0,0,0,0,0,0,0,0,0,0,0,211369984,80850944,17756160,425537536,107446272,333426688,40448000,10715136,296390656,94773248,4796416,2912256,297791488,15904768,46350336,192581632,73687040,17756160,212242432,107446272,333426688,37744640,10715136,296390656,91799552,4796416,2912256,297791488,15904768,40402944,1073741824,1073741824,314572800,0,1073741824,1073741824,1073741824,314572800,1073741824,0,0,0,1073741824,314572800,2147483648,10.076241500103029,0,4.408847086486884,0,0,13.009671096560192,36514.15619204615,0,16654.076958875256,0,0,38322.527839403796,10.076241500103029,0,4.408847086486884,0,0,13.009671096560192,36514.15619204615,0,16654.076958875256,0,0,38322.527839403796,103.80504813158493,41.39202231706233,475.7660288541167,18.502355888313442,34.35315144824686,39.12775149146267,16.517161127053345,59.52537039465058,39.14612242499045,94.56957146096289,0,0,0,0,0,0,0,0,0,0,120368.69931024028,99774.62227038322,1577683.9558906856,87800.93597287897,334288.33517321135,555534.0053486937,3027.4306889305644,8884.773392771294,505312.25954553473,123608.3629355302,0,0,0,0,0,0,0,0,0,0,122.29970438869097,33.13548946385703,462.4068343285534,24.17443018339213,47.15344582873364,54.61839127751492,14.777323361276181,72.2651981993794,50.94274956654618,126.63441916710755,0,0,0,0,0,0,0,0,0,0,24670.86712650648,5467.35576153641,140670.5313167415,5012.800926030173,12350.654470903643,6607.488171158198,2792.665567028944,10226.454263362615,10910.560345587588,23950.55173456277,0,0,0,0,0,0,0,0,0,0,58.615,41.841,91.27,1.721,1.795,1.976,2,55.81,0,0,0,0,0.010213283679951569,0.004015304748612127,0.031034820031298902,0.015780512744415078,0.0015435205772328436,0.0030168067226890756,0.0029966311615829046,0.003241983158309409,0.022252162919050918,0.03985586875141192,0.07250932835820896,0.023519808127537102,0.004327422438067333,0.004630252100840336,0.004599326232316582,0.005382421526937095,0.023757022823938337,0.0463702002708975,0.08662779850746267,0.024487220050427354,0.004675410170671643,0.004831932773109243,0.00479966311615829,0.007792852273810324,0.024960910747848276,0.07741632960605913,0.09792257462686567,0.03936049398559998,0.004953800356755092,0.0049932773109243695,0.004959932623231658,0.009721196871308905,0.45771751298474933,0.37503375123241,0.3865974729241877,0.4580291305778153,0.8729486849897202,0.375,0.45782625481447836,0.47349122644612296,2.181362419239638,2.1626656850154924,0.49587545126353794,2.12417564330115,2.1234783984105032,0.475,2.123622506027854,2.1789419421940748,2.340681209619819,2.331332842507746,0.705544747081712,2.3120878216505742,2.311739199205251,0.4875,2.3118112530139263,2.3394709710970374,2.468136241923964,2.466266568501549,0.9411089494163427,2.462417564330115,2.46234783984105,0.4975,2.462362250602785,2.467894194219407,396.5387004179631,397.0089060661874,396.57627118646343,391.87281527293646,396.8142068247867,132598038.97738908,9655093.127205512,0,25795768.75504168,72012928.47911108,3474798727.2086344,3412184191.1611495,845595873.6271186,4628975066.415704,3995416204.7770114,0,0,0,0,0,14.939653870041797,2.1172912115610822,4.864406779661017,0.6890293089540199,16.734645920405526,0,0,0,0,0,60977.9598140097,21440.16131742564,1115786.847457627,31440.709868244154,72799.10032395052,1543.9712621489602,264.3421273735507,2811.0169491525426,1717.5652057004575,426.2215284421841,1745.7573061621874,374.9957990253739,1877.813559322034,2100.8167518150044,530.724944189872,0,0,0,0,0,0,0,0,0,0,0,0,0,0,0,0,0,0,0,0
1693106566,0.36707350646967085,0.3915104059344734,0.28506779268444804,0.08758254655012357,1.486087517302127,0.5602938429932152,0.22202486678508013,0.15767186232993974,0.20016903162670668,0.05652272213429846,0,0.06644518272425255,0.02844950213371332,0.3664256400234499,0.2584702866866266,3.114748121042474,8.616065423449404,50.02894063819553,0.44043834714218266,8.5069106022174,2.329449436593411,0.3283067939609238,0.6329204590503656,1.6132597815933347,0.9006332146356149,0,0.2968994772978956,1.0141560142247454,2.6475567422317776,1.0467629461304817,2.06478847389191,7.624150010302912,49.33454487145224,0.21019811172029654,6.627147036617585,1.5356201622776877,0.31453522794553057,0.4730155869898188,1.22325519327433,0.621749943477278,0,0.11074197120708756,0.5974395448079683,1.416845808090678,0.7754108600598797,50000,100000,50000,50000,50000,50000,10000,50000,50000,20000,50000,0,7163904,2162688,220594176,0,0,2703360,0,0,2973696,0,0,0,0,5947392,37.854455354684774,1.359983515351329,1.175904644823347,3.46826884338489,205.44155813514533,302.68318495922307,0,1.4866204162537164,300.92077754548285,7.460999321727335,0,1.4617940199335546,20.65433854907539,1.6122728161031854,8.529519460658669,0,0,2162688,0,0,0,0,0,0,0,0,0,0,0,0,225292288,81006592,18128896,439984128,111808512,349663232,40738816,10964992,310304768,95150080,4952064,3993600,305532928,16244736,134160384,209510400,70828032,14462976,200048640,103538688,330756096,35819520,9732096,292233216,84885504,4055040,2568192,295477248,15138816,38658048,0,0,0,0,0,0,0,0,0,0,0,0,0,0,0,211369984,80850944,17756160,425537536,107446272,333426688,40480768,10715136,296390656,94773248,4796416,2912256,297791488,15904768,46350336,192581632,73687040,17756160,212242432,107446272,333426688,37777408,10715136,296390656,91799552,4796416,2912256,297791488,15904768,40402944,1073741824,1073741824,314572800,0,1073741824,1073741824,1073741824,314572800,1073741824,0,0,0,1073741824,314572800,2147483648,10.076241500103029,0,4.384991119005329,0,0,13.009671096560192,36514.15619204615,0,16502.072232089995,0,0,38322.527839403796,10.076241500103029,0,4.384991119005329,0,0,13.009671096560192,36514.15619204615,0,16502.072232089995,0,0,38322.527839403796,103.80504813158493,41.94841633640517,475.7660288541167,21.02566989416798,34.35315144824686,39.12775149146267,16.517161127053345,59.52537039465058,39.918725472124045,94.56957146096289,0,0,0,0,0,0,0,0,0,0,120368.69931024028,100619.18731636665,1577683.9558906856,99775.05066426481,334288.33517321135,555534.0053486937,3027.4306889305644,8884.773392771294,515285.2981837016,123608.3629355302,0,0,0,0,0,0,0,0,0,0,122.29970438869097,33.9620071941301,462.4068343285534,27.471290249943706,47.15344582873364,54.61839127751492,14.777323361276181,72.2651981993794,51.94817541989586,126.63441916710755,0,0,0,0,0,0,0,0,0,0,24670.86712650648,5628.540453055118,140670.5313167415,5696.436613375366,12350.654470903643,6607.488171158198,2792.665567028944,10226.454263362615,11125.89539403557,23950.55173456277,0,0,0,0,0,0,0,0,0,0,34,14,26,10,10,2.012,10,62.49,0,0,0,0,0.010210960232783705,0.004015299026425591,0.031034820031298902,0.015779220779220778,0.001543859649122807,0.0030168067226890756,0.0029966329966329966,0.0032353527798553976,0.02225169738118332,0.03985576923076923,0.07250932835820895,0.023519480519480516,0.0043274853801169594,0.004630252100840336,0.0045993265993266,0.005262168141592927,0.023756789524733268,0.0463701923076923,0.08662779850746267,0.024487012987012984,0.004675438596491228,0.004831932773109243,0.004799663299663299,0.0077417035398230066,0.02496086323957323,0.07741666666666648,0.09792257462686568,0.03935714285714282,0.004953801169590644,0.0049932773109243695,0.00495993265993266,0.009725331858407084,0.45775139664804465,0.375,0.3865974729241877,0.4581005586592179,0.8728991596638654,0.375,0.45775139664804476,0.49182945154019536,2.1813655030800825,2.1626556016597505,0.49587545126353794,2.1243697478991597,2.1234177215189876,0.475,2.1234177215189876,2.1940627843494087,2.340682751540041,2.3313278008298757,0.705544747081712,2.31218487394958,2.3117088607594938,0.4875,2.3117088607594938,2.3470313921747037,2.4681365503080084,2.466265560165975,0.9411089494163427,2.4624369747899157,2.462341772151899,0.4975,2.462341772151899,2.4694062784349406,396.3865546218359,397.0420168067173,396.5210084033477,391.9663865546069,396.7563025210127,132760722.28571428,9656715.831932772,0,25797502.924369745,72106052.84033613,3549993011.630252,3355873796.3025208,903402607.8655462,4722043585.613445,4000660953.277311,0,0,0,0,0,15.008403361344538,2.1176470588235294,4.823529411764706,0.6890756302521008,16.521008403361343,0,0,0,0,0,61224.87394957983,21443.764705882353,1106410.487394958,31442.823529411762,71223.93277310923,1548.5882352941176,265.5126050420168,2808.168067226891,1720.1344537815128,428.05042016806715,1751.4117647058822,376.75630252100837,1874.0504201680671,2102.134453781512,532.5882352941177,0,0,0,0,0,0,0,0,0,0,0,0,0,0,0,0,0,0,0,0
1693106567,0.36707350646967085,0.3915104059344734,0.28506779268444804,0.08982910013698944,1.456988486221216,0.5013751142402616,0.22202486678508013,0.15767186232993974,0.20016903162670668,0.05652272213429846,0,0.06644518272425255,0.02844950213371332,0.3664256400234499,0.2584702866866266,3.114748121042474,8.616065423449404,50.02894063819553,0.43293588447977743,8.340337063893191,1.9411541725640784,0.3283067939609238,0.6329204590503656,1.6132597815933347,0.9006332146356149,0,0.2968994772978956,1.0141560142247454,2.6475567422317776,1.0467629461304817,2.06478847389191,7.624150010302912,49.33454487145224,0.22457275034247462,6.4973810872027125,1.3091461316273423,0.31453522794553057,0.4730155869898188,1.22325519327433,0.621749943477278,0,0.11074197120708756,0.5974395448079683,1.416845808090678,0.7754108600598797,50000,100000,50000,50000,50000,50000,10000,50000,50000,20000,50000,0,7163904,2162688,220594176,0,0,2703360,0,0,2973696,0,0,0,0,5947392,37.854455354684774,1.359983515351329,1.175904644823347,4.446540456780974,201.41881370328426,253.69580780557152,0,1.4866204162537164,300.92077754548285,7.460999321727335,0,1.4617940199335546,20.65433854907539,1.6122728161031854,8.529519460658669,0,0,2162688,0,0,0,0,0,0,0,0,0,0,0,0,225292288,81006592,18128896,439984128,111808512,349663232,40738816,10964992,310304768,95150080,4952064,3993600,305532928,16244736,134160384,209510400,70828032,14462976,200048640,103538688,330756096,35819520,9732096,292233216,84885504,4055040,2568192,295477248,15138816,38658048,0,0,0,0,0,0,0,0,0,0,0,0,0,0,0,211369984,80850944,17756160,425537536,107446272,333426688,40480768,10715136,296390656,94773248,4796416,2912256,297791488,15904768,46350336,192581632,73687040,17756160,212242432,107446272,333426688,37777408,10715136,296390656,91799552,4796416,2912256,297791488,15904768,40402944,1073741824,1073741824,314572800,0,1073741824,1073741824,1073741824,314572800,1073741824,0,0,0,1073741824,314572800,2147483648,10.076241500103029,0,4.384991119005329,0,0,13.009671096560192,36514.15619204615,0,16502.072232089995,0,0,38322.527839403796,10.076241500103029,0,4.384991119005329,0,0,13.009671096560192,36514.15619204615,0,16502.072232089995,0,0,38322.527839403796,103.80504813158493,42.79277165003422,475.7660288541167,18.422458342715604,34.35315144824686,39.161280151347945,16.517161127053345,59.52537039465058,46.35618282801568,94.56957146096289,0,0,0,0,0,0,0,0,0,0,120368.69931024028,102644.49250982825,1577683.9558906856,87421.79078035477,334288.33517321135,556069.5569919597,3027.4306889305644,8884.773392771294,598382.3182900148,123608.3629355302,0,0,0,0,0,0,0,0,0,0,122.29970438869097,34.64560871572045,462.4068343285534,24.07003928044234,47.15344582873364,55.115875768563775,14.777323361276181,72.2651981993794,60.32555120098099,126.63441916710755,0,0,0,0,0,0,0,0,0,0,24670.86712650648,5741.834075426952,140670.5313167415,4991.1544668993465,12350.654470903643,6640.012612328551,2792.665567028944,10226.454263362615,12920.102906878894,23950.55173456277,0,0,0,0,0,0,0,0,0,0,20,16,42,8,10,2,8,38,0,0,0,0,0.01022770398481973,0.003974496644295302,0.03117738187451588,0.015818965517241376,0.0015748502994011974,0.003018348623853211,0.0029965095986038393,0.00323608017817372,0.022284629981024665,0.040095693779904296,0.07291970802919712,0.02357758620689655,0.004324550898203593,0.00463302752293578,0.0045993019197207675,0.005276923076923085,0.02379174573055028,0.0467224880382775,0.08687043795620437,0.024547413793103445,0.004668263473053893,0.0048348623853211,0.004799650959860384,0.007759340659340664,0.02499743833017078,0.08021428571428578,0.09803102189781024,0.040625,0.004943233532934132,0.004996330275229358,0.0049599301919720775,0.00974527472527473,0.4590277777777777,0.375,0.38622594440484675,0.45833333333333337,0.86875,0.375,0.455,0.488670133729569,2.1823,2.1635627530364374,0.49520669992872424,2.125,2.115625,0.475,2.115625,2.1916742493175616,2.34115,2.3317813765182183,0.6966269841269839,2.3125,2.3078125,0.4875,2.3078125,2.34583712465878,2.4682300000000006,2.466356275303644,0.9393253968253971,2.4625,2.4615625,0.4975,2.4615625,2.469167424931756,396.43697478991027,396.9579831932904,396.65546218485895,392.03361344536404,396.57142857142804,132760722.28571428,9656715.831932772,0,25797502.924369745,72106052.84033613,3550017518.789916,3299069229.1764703,903353180.5042017,4722257954.420168,4079069751.932773,0,0,0,0,0,15.008403361344538,2.1176470588235294,4.823529411764706,0.6890756302521008,16.840336134453782,0,0,0,0,0,61224.87394957983,21443.764705882353,1106410.487394958,31442.823529411762,74468.03361344537,1549.983193277311,265.12605042016804,2809.2436974789916,1721.7478991596638,427.34453781512605,1753.1092436974789,376.453781512605,1874.3361344537816,2103.8487394957983,531.8487394957983,0,0,0,0,0,0,0,0,0,0,0,0,0,0,0,0,0,0,0,0
1693106568,0.36707350646967085,0.3915104059344734,0.29819187291604565,0.08982910013698944,1.3995009988733642,0.5115298040144891,0.22202486678508013,0.15767186232993974,0.20016903162670668,0.05652272213429846,0,0.06644518272425255,0.02844950213371332,0.3664256400234499,0.2584702866866266,3.114748121042474,8.616065423449404,49.984420464094974,0.43293588447977743,8.111551308238795,1.980469682780825,0.3283067939609238,0.6329204590503656,1.6132597815933347,0.9006332146356149,0,0.2968994772978956,1.0141560142247454,2.6475567422317776,1.0467629461304817,2.06478847389191,7.624150010302912,49.31009243948059,0.22457275034247462,6.340596362242583,1.335661154926714,0.31453522794553057,0.4730155869898188,1.22325519327433,0.621749943477278,0,0.11074197120708756,0.5974395448079683,1.416845808090678,0.7754108600598797,50000,100000,50000,50000,50000,50000,10000,50000,50000,20000,50000,0,7163904,2162688,220594176,0,0,2703360,0,0,2973696,0,0,0,0,5947392,37.854455354684774,1.359983515351329,1.7891512374962724,4.446540456780974,197.92942698351857,258.8340808313306,0,1.4866204162537164,300.92077754548285,7.460999321727335,0,1.4617940199335546,20.65433854907539,1.6122728161031854,8.529519460658669,0,0,2162688,0,0,0,0,0,0,0,0,0,0,0,0,225292288,81006592,18128896,439984128,111808512,349663232,40738816,10964992,310304768,95150080,4952064,3993600,305532928,16244736,134160384,209510400,70828032,14462976,200048640,103538688,330756096,35819520,9732096,292233216,84885504,4055040,2568192,295477248,15138816,38658048,0,0,0,0,0,0,0,0,0,0,0,0,0,0,0,211369984,80850944,17756160,425537536,107446272,333426688,40480768,10715136,296390656,94773248,4796416,2912256,297791488,15904768,46350336,192581632,73687040,17756160,212242432,107446272,333426688,37777408,10715136,296390656,91799552,4796416,2912256,297791488,15904768,40402944,1073741824,1073741824,314572800,0,1073741824,1073741824,1073741824,314572800,1073741824,0,0,0,1073741824,314572800,2147483648,10.076241500103029,0,4.384991119005329,0,0,13.009671096560192,36514.15619204615,0,16502.072232089995,0,0,38322.527839403796,10.076241500103029,0,4.384991119005329,0,0,13.009671096560192,36514.15619204615,0,16502.072232089995,0,0,38322.527839403796,103.80504813158493,50.66131881774341,475.7660288541167,18.07203051114614,34.35315144824686,39.161280151347945,16.517161127053345,59.52537039465058,46.35618282801568,94.56957146096289,0,0,0,0,0,0,0,0,0,0,120368.69931024028,121518.3116076971,1577683.9558906856,85758.8732692837,334288.33517321135,556069.5569919597,3027.4306889305644,8884.773392771294,598382.3182900148,123608.3629355302,0,0,0,0,0,0,0,0,0,0,122.29970438869097,41.016091295420914,462.4068343285534,23.61218444294328,47.15344582873364,55.115875768563775,14.777323361276181,72.2651981993794,60.32555120098099,126.63441916710755,0,0,0,0,0,0,0,0,0,0,24670.86712650648,6797.617342310081,140670.5313167415,4896.213856676424,12350.654470903643,6640.012612328551,2792.665567028944,10226.454263362615,12920.102906878894,23950.55173456277,0,0,0,0,0,0,0,0,0,0,34,32,76,14,12,2,14,106,0,0,0,0,0.01022770398481973,0.003974496644295302,0.03117738187451588,0.015818965517241376,0.0015174418604651163,0.0030168067226890756,0.0029966666666666666,0.00323608017817372,0.022284629981024665,0.040095693779904296,0.07291970802919712,0.02357758620689655,0.004312790697674419,0.004630252100840336,0.004599333333333334,0.005276923076923085,0.02379174573055028,0.0467224880382775,0.08687043795620437,0.024547413793103445,0.004662209302325581,0.004831932773109243,0.004799666666666667,0.007759340659340664,0.02499743833017078,0.08021428571428578,0.09803102189781024,0.040625,0.004941744186046511,0.0049932773109243695,0.004959933333333334,0.00974527472527473,0.4590277777777777,0.375,0.38622594440484675,0.45833333333333337,0.8760416666666667,0.375,0.4586805555555556,0.488670133729569,2.1823,2.1635627530364374,0.49520669992872424,2.125,2.125933609958506,0.475,2.125933609958506,2.1916742493175616,2.34115,2.3317813765182183,0.6966269841269839,2.3125,2.312966804979253,0.4875,2.312966804979253,2.34583712465878,2.4682300000000006,2.466356275303644,0.9393253968253971,2.4625,2.4625933609958506,0.4975,2.4625933609958506,2.469167424931756,396.47058823529494,396.9243697478954,396.6386554621787,392.10084033612634,396.6050420168203,132760722.28571428,9656715.831932772,0,25797502.924369745,72106052.84033613,3549978279.7983193,3299161681.747899,903360546.420168,4815022441.411764,4000651453.310924,0,0,0,0,0,14.974789915966387,2.1176470588235294,4.823529411764706,0.6890756302521008,16.941176470588236,0,0,0,0,0,61130.21848739495,21443.764705882353,1106410.487394958,31442.823529411762,74752,1558.7394957983192,265.5126050420168,2808.5210084033615,1732.3025210084036,429.5294117647059,1761.4117647058822,376.9075630252101,1873.126050420168,2114.90756302521,534.1680672268908,0,0,0,0,0,0,0,0,0,0,0,0,0,0,0,0,0,0,0,0
1693106569,0.36707350646967085,0.36989710135180537,0.29819187291604565,0.08982910013698944,1.7404797852709277,0.6092813864536459,0.22202486678508013,0.15767186232993974,0.20016903162670668,0.05652272213429846,0,0.06644518272425255,0.02844950213371332,0.3664256400234499,0.2584702866866266,3.114748121042474,9.033220238415494,49.984420464094974,0.43293588447977743,9.985382486160027,2.3589306130047794,0.3283067939609238,0.6329204590503656,1.6132597815933347,0.9006332146356149,0,0.2968994772978956,1.0141560142247454,2.6475567422317776,1.0467629461304817,2.06478847389191,8.036855202098328,49.31009243948059,0.22457275034247462,7.549068948163078,1.5909013979622886,0.31453522794553057,0.4730155869898188,1.22325519327433,0.621749943477278,0,0.11074197120708756,0.5974395448079683,1.416845808090678,0.7754108600598797,50000,100000,50000,50000,50000,50000,10000,50000,50000,20000,50000,0,7434240,2162688,220594176,0,0,2703360,0,0,2973696,0,0,0,0,5947392,37.854455354684774,3.329073912166252,1.7891512374962724,4.446540456780974,225.59134373427278,308.2963815455438,0,1.4866204162537164,300.92077754548285,7.460999321727335,0,1.4617940199335546,20.65433854907539,1.6122728161031854,8.529519460658669,0,0,2162688,0,0,0,0,0,0,0,0,0,0,0,0,225292288,81244160,18128896,439984128,111808512,349663232,40738816,10964992,310304768,95150080,4952064,3993600,305532928,16244736,134160384,209510400,70963200,14462976,200048640,105025536,330756096,35819520,9732096,292233216,84885504,4055040,2568192,295477248,15138816,38658048,0,0,0,0,0,0,0,0,0,0,0,0,0,0,0,211369984,81117184,17756160,425537536,108863488,333426688,40480768,10715136,296390656,94773248,4796416,2912256,297791488,15904768,46350336,192581632,73818112,17756160,212242432,108863488,333426688,37777408,10715136,296390656,91799552,4796416,2912256,297791488,15904768,40402944,1073741824,1073741824,314572800,0,1073741824,1073741824,1073741824,314572800,1073741824,0,0,0,1073741824,314572800,2147483648,10.979218508305872,0,4.384991119005329,0,0,13.009671096560192,43507.43156903625,0,16502.072232089995,0,0,38322.527839403796,10.979218508305872,0,4.384991119005329,0,0,13.009671096560192,43507.43156903625,0,16502.072232089995,0,0,38322.527839403796,103.80504813158493,50.66131881774341,485.16054076890583,17.72160267957667,29.863767106485135,39.161280151347945,16.624477118902714,59.52537039465058,46.35618282801568,94.56957146096289,0,0,0,0,0,0,0,0,0,0,120368.69931024028,121518.3116076971,1577166.7018729758,84095.95575821261,290602.42123832554,556069.5569919597,3049.5861833719327,8884.773392771294,598382.3182900148,123608.3629355302,0,0,0,0,0,0,0,0,0,0,122.29970438869097,41.016091295420914,472.13420644979584,23.154329605444218,40.99127634968197,55.115875768563775,14.829177214053608,72.2651981993794,60.32555120098099,126.63441916710755,0,0,0,0,0,0,0,0,0,0,24670.86712650648,6797.617342310081,144622.67638360796,4801.273246453501,10736.629775797719,6640.012612328551,2809.249385109783,10226.454263362615,12920.102906878894,23950.55173456277,0,0,0,0,0,0,0,0,0,0,40,22,58,10,10,2,10,68,0,0,0,0,0.01022770398481973,0.003974496644295302,0.03117738187451588,0.015818965517241376,0.0015174418604651163,0.0030168067226890756,0.0029966666666666666,0.00323608017817372,0.022284629981024665,0.040095693779904296,0.07291970802919712,0.02357758620689655,0.004312790697674419,0.004630252100840336,0.004599333333333334,0.005276923076923085,0.02379174573055028,0.0467224880382775,0.08687043795620437,0.024547413793103445,0.004662209302325581,0.004831932773109243,0.004799666666666667,0.007759340659340664,0.02499743833017078,0.08021428571428578,0.09803102189781024,0.040625,0.004941744186046511,0.0049932773109243695,0.004959933333333334,0.00974527472527473,0.4590277777777777,0.375,0.38622594440484675,0.45833333333333337,0.8760416666666667,0.375,0.4586805555555556,0.488670133729569,2.1823,2.1635627530364374,0.49520669992872424,2.125,2.125933609958506,0.475,2.125933609958506,2.1916742493175616,2.34115,2.3317813765182183,0.6966269841269839,2.3125,2.312966804979253,0.4875,2.312966804979253,2.34583712465878,2.4682300000000006,2.466356275303644,0.9393253968253971,2.4625,2.4625933609958506,0.4975,2.4625933609958506,2.469167424931756,396.52100840336783,396.8403361344486,396.6554621848643,392.11764705882996,396.47058823528954,132760722.28571428,9656715.831932772,0,25797502.924369745,72106052.84033613,3550014420.9747896,3356087545.5462184,903373281.882353,4815133893.915966,4079105273.5462184,0,0,0,0,0,15.058823529411764,2.134453781512605,4.823529411764706,0.6890756302521008,16.974789915966387,0,0,0,0,0,61319.529411764706,21512.605042016807,1106410.487394958,31442.823529411762,74915.49579831933,1555.9327731092437,264.7226890756302,2808.084033613445,1732.9411764705883,430.1344537815126,1758.7731092436975,376.03361344537814,1872.521008403361,2115.6974789915967,534.7226890756302,0,0,0,0,0,0,0,0,0,0,0,0,0,0,0,0,0,0,0,0
1693106570,0.36707350646967085,0.3645062079963543,0.29819187291604565,0.08982910013698944,1.7404797852709277,0.6092813864536459,0.22202486678508013,0.15767186232993974,0.20016903162670668,0.02453769788166312,0,0.06644518272425255,0.038660790226552263,0.3664256400234499,0.2584702866866266,3.114748121042474,9.068679489691315,49.984420464094974,0.43293588447977743,9.985382486160027,2.3589306130047794,0.3283067939609238,0.6329204590503656,1.6132597815933347,0.7613564922549445,0.00005418382807998492,0.2968994772978956,0.9563222898786016,2.6475567422317776,1.0467629461304817,2.06478847389191,7.996354937920033,49.31009243948059,0.22457275034247462,7.549068948163078,1.5909013979622886,0.31453522794553057,0.4730155869898188,1.22325519327433,0.5398293533965777,0,0.11074197120708756,0.5412510631717334,1.416845808090678,0.7754108600598797,50000,100000,50000,50000,50000,50000,10000,50000,50000,20000,50000,0,7434240,2162688,220594176,0,0,2703360,0,0,2973696,0,0,0,0,5947392,37.854455354684774,4.510764323954893,1.7891512374962724,4.446540456780974,225.59134373427278,308.2963815455438,0,1.4866204162537164,300.92077754548285,3.238976120379457,0,1.4617940199335546,17.86128508466713,1.6122728161031854,8.529519460658669,0,0,2162688,0,0,0,0,0,0,0,0,0,0,0,0,225292288,81244160,18128896,439984128,111808512,349663232,40738816,10964992,310304768,95150080,4952064,3993600,305532928,16244736,134160384,209510400,70963200,14462976,200048640,105025536,330756096,35819520,9732096,292233216,84885504,4055040,2568192,295477248,15138816,38658048,0,0,0,0,0,0,0,0,0,0,0,0,0,0,0,211369984,81117184,17756160,425537536,108863488,333426688,40480768,10715136,296390656,94773248,4796416,2912256,297791488,15904768,46350336,192581632,73818112,17756160,212242432,108863488,333426688,37777408,10715136,296390656,91799552,4796416,2912256,297791488,15904768,40402944,1073741824,1073741824,314572800,0,1073741824,1073741824,1073741824,314572800,1073741824,0,0,0,1073741824,314572800,2147483648,11.16300261988837,0,4.384991119005329,0,0,13.009671096560192,45537.03155256863,0,16502.072232089995,0,0,38322.527839403796,11.16300261988837,0,4.384991119005329,0,0,13.009671096560192,45537.03155256863,0,16502.072232089995,0,0,38322.527839403796,103.80504813158493,50.66131881774341,485.16054076890583,17.371174848007204,34.526419230478496,39.161280151347945,16.624477118902714,47.95474085826533,46.35618282801568,93.78727376445573,0,0,0,0,0,0,0,0,0,0,120368.69931024028,121518.3116076971,1577166.7018729758,82433.03824714154,335285.09335550683,556069.5569919597,3049.5861833719327,7154.882880024176,598382.3182900148,124047.08810869677,0,0,0,0,0,0,0,0,0,0,122.29970438869097,41.016091295420914,472.13420644979584,22.69647476794516,47.7360344697256,55.115875768563775,14.829177214053608,59.03261181625869,60.32555120098099,125.34356687237462,0,0,0,0,0,0,0,0,0,0,24670.86712650648,6797.617342310081,144622.67638360796,4706.332636230579,12498.261395419157,6640.012612328551,2809.249385109783,8270.608129344213,12920.102906878894,23593.11310480734,0,0,0,0,0,0,0,0,0,0,32,8,38,16,16,2,18,82,0,0,0,0,0.01022770398481973,0.003974496644295302,0.03117738187451588,0.015818965517241376,0.0015174418604651163,0.0030168067226890756,0.0029966666666666666,0.0032435996896819238,0.022284629981024665,0.040095693779904296,0.07291970802919712,0.02357758620689655,0.004312790697674419,0.004630252100840336,0.004599333333333334,0.005414253897550111,0.02379174573055028,0.0467224880382775,0.08687043795620437,0.024547413793103445,0.004662209302325581,0.004831932773109243,0.004799666666666667,0.007829621380846325,0.02499743833017078,0.08021428571428578,0.09803102189781024,0.040625,0.004941744186046511,0.0049932773109243695,0.004959933333333334,0.009761915367483297,0.4590277777777777,0.375,0.38622594440484675,0.45833333333333337,0.8760416666666667,0.375,0.4586805555555556,0.4736152694610778,2.1823,2.1635627530364374,0.49520669992872424,2.125,2.125933609958506,0.475,2.125933609958506,2.1791420118343194,2.34115,2.3317813765182183,0.6966269841269839,2.3125,2.312966804979253,0.4875,2.312966804979253,2.3395710059171595,2.4682300000000006,2.466356275303644,0.9393253968253971,2.4625,2.4625933609958506,0.4975,2.4625933609958506,2.467914201183432,396.5210084033427,396.89075630251347,396.67226890757894,392.01680672268907,396.5210084033556,132760859.96638654,19313362.82352941,0,25797502.924369745,72106052.84033613,3621040575.462185,3299275887.865546,839429696.5378151,4815242455.12605,3922304679.7983193,0,0,0,0,0,15.277310924369747,2.134453781512605,4.823529411764706,0.6890756302521008,16.89075630252101,0,0,0,0,0,60983.93277310924,21512.605042016807,1106410.487394958,31442.823529411762,74648.73949579832,1558.1176470588234,265.6470588235294,2807.3109243697477,1726.0672268907563,428.5210084033613,1761.0420168067226,376.9243697478991,1872.1512605042017,2109.495798319327,532.90756302521,0,0,0,0,0,0,0,0,0,0,0,0,0,0,0,0,0,0,0,0
1693106571,0.36707350646967085,0.3645062079963543,0.29819187291604565,0.08982910013698944,1.7404797852709277,0.5240174672489089,0.22202486678508013,0.15767186232993974,0.20016903162670668,0.02973800814821492,0,0.06644518272425255,0.038660790226552263,0.3664256400234499,0.2584702866866266,3.114748121042474,9.068679489691315,49.984420464094974,0.43293588447977743,9.985382486160027,2.364604292576419,0.3283067939609238,0.6329204590503656,1.6132597815933347,0.9227118892556553,0.00005418382807998492,0.2968994772978956,0.9563222898786016,2.6475567422317776,1.0467629461304817,2.06478847389191,7.996354937920033,49.31009243948059,0.22457275034247462,7.549068948163078,1.5720524017467226,0.31453522794553057,0.4730155869898188,1.22325519327433,0.654236179260715,0,0.11074197120708756,0.5412510631717334,1.416845808090678,0.7754108600598797,50000,100000,50000,50000,50000,50000,10000,50000,50000,20000,50000,0,7434240,2162688,220594176,0,0,2703360,0,0,2973696,0,0,0,0,5947392,37.854455354684774,4.510764323954893,1.7891512374962724,4.446540456780974,225.59134373427278,314.14847161572055,0,1.4866204162537164,300.92077754548285,3.9254170755642788,0,1.4617940199335546,17.86128508466713,1.6122728161031854,8.529519460658669,0,0,2162688,0,0,0,0,0,0,0,0,0,0,0,0,225292288,81244160,18128896,439984128,111808512,349663232,40738816,10964992,310304768,95150080,4952064,3993600,305532928,16244736,134160384,209510400,70963200,14462976,200048640,105025536,330485760,35819520,9732096,292233216,84885504,4055040,2568192,295477248,15138816,38658048,0,0,0,0,0,0,0,0,0,0,0,0,0,0,0,211369984,81117184,17756160,425537536,108863488,333168640,40480768,10715136,296390656,94773248,4796416,2912256,297791488,15904768,46350336,192581632,73818112,17756160,212242432,108863488,333168640,37777408,10715136,296390656,91799552,4796416,2912256,297791488,15904768,40402944,1073741824,1073741824,314572800,0,1073741824,1073741824,1073741824,314572800,1073741824,0,0,0,1073741824,314572800,2147483648,11.16300261988837,0,4.384991119005329,0,0,13.009671096560192,45537.03155256863,0,16502.072232089995,0,0,38322.527839403796,11.16300261988837,0,4.384991119005329,0,0,13.009671096560192,45537.03155256863,0,16502.072232089995,0,0,38322.527839403796,103.80504813158493,50.66131881774341,485.16054076890583,17.020747016437742,34.526419230478496,39.161280151347945,16.624477118902714,48.033777053258014,46.35618282801568,93.78727376445573,0,0,0,0,0,0,0,0,0,0,120368.69931024028,121518.3116076971,1577166.7018729758,80770.12073607046,335285.09335550683,556069.5569919597,3049.5861833719327,7166.675138898575,598382.3182900148,124047.08810869677,0,0,0,0,0,0,0,0,0,0,122.29970438869097,41.016091295420914,472.13420644979584,22.2386199304461,47.7360344697256,55.115875768563775,14.829177214053608,59.12990590929167,60.32555120098099,125.34356687237462,0,0,0,0,0,0,0,0,0,0,24670.86712650648,6797.617342310081,144622.67638360796,4611.392026007657,12498.261395419157,6640.012612328551,2809.249385109783,8284.239261222307,12920.102906878894,23593.11310480734,0,0,0,0,0,0,0,0,0,0,16,14,36,6,8,2,6,22,0,0,0,0,0.01022770398481973,0.003974496644295302,0.03117738187451588,0.015818965517241376,0.0015174418604651163,0.0030168067226890756,0.0029966666666666666,0.003234016292273513,0.022284629981024665,0.040095693779904296,0.07291970802919712,0.02357758620689655,0.004312790697674419,0.004630252100840336,0.004599333333333334,0.00523783185840709,0.02379174573055028,0.0467224880382775,0.08687043795620437,0.024547413793103445,0.004662209302325581,0.004831932773109243,0.004799666666666667,0.007740597345132754,0.02499743833017078,0.08021428571428578,0.09803102189781024,0.040625,0.004941744186046511,0.0049932773109243695,0.004959933333333334,0.009742809734513282,0.4590277777777777,0.375,0.38622594440484675,0.45833333333333337,0.8760416666666667,0.375,0.4586805555555556,0.4893202080237742,2.1823,2.1635627530364374,0.49520669992872424,2.125,2.125933609958506,0.475,2.125933609958506,2.192176870748299,2.34115,2.3317813765182183,0.6966269841269839,2.3125,2.312966804979253,0.4875,2.312966804979253,2.3460884353741496,2.4682300000000006,2.466356275303644,0.9393253968253971,2.4625,2.4625933609958506,0.4975,2.4625933609958506,2.46921768707483,396.5882352941199,396.7563025209888,396.62184873948513,392.0336134453816,396.5378151260519,132760791.12605041,19313362.82352941,0,25797502.924369745,72106052.84033613,3550048909.983193,3412938304.537815,904420136.8739495,4815364027.159663,3843983514.890756,0,0,0,0,0,15.22689075630252,2.134453781512605,4.823529411764706,0.6890756302521008,17.025210084033613,0,0,0,0,0,60760.20168067227,21512.605042016807,1106410.487394958,31442.823529411762,75139.2268907563,1545.4789915966385,263.2436974789916,2805.7647058823527,1724.3193277310927,429.2100840336134,1748.4369747899157,374.6050420168067,1871.2605042016805,2107.2100840336134,533.579831932773,0,0,0,0,0,0,0,0,0,0,0,0,0,0,0,0,0,0,0,0
1693106572,0.36707350646967085,0.3645062079963543,0.29819187291604565,0.08982910013698944,1.7404797852709277,0.5240174672489089,0.23351937043177753,0.15767186232993974,0.20016903162670668,0.02973800814821492,0,0.06644518272425255,0.038660790226552263,0.3664256400234499,0.2584702866866266,3.114748121042474,9.068679489691315,49.984420464094974,0.43293588447977743,9.985382486160027,2.364604292576419,0.329841076057259,0.6329204590503656,1.6132597815933347,0.9227118892556553,0.00005418382807998492,0.2968994772978956,0.9563222898786016,2.6475567422317776,1.0467629461304817,2.06478847389191,7.996354937920033,49.31009243948059,0.22457275034247462,7.549068948163078,1.5720524017467226,0.3502790556476668,0.4730155869898188,1.22325519327433,0.654236179260715,0,0.11074197120708756,0.5412510631717334,1.416845808090678,0.7754108600598797,50000,100000,50000,50000,50000,50000,10000,50000,50000,20000,50000,0,7434240,2162688,220594176,0,0,2703360,0,0,2973696,0,0,0,0,5947392,37.854455354684774,4.510764323954893,1.7891512374962724,4.446540456780974,225.59134373427278,314.14847161572055,0,1.4866204162537164,300.92077754548285,3.9254170755642788,0,1.4617940199335546,17.86128508466713,1.6122728161031854,8.529519460658669,0,0,2162688,0,0,0,0,0,0,0,0,0,0,0,0,225292288,81244160,18128896,439984128,111808512,349663232,40738816,10964992,310304768,95150080,4952064,3993600,305532928,16244736,134160384,209510400,70963200,14462976,200048640,105025536,330485760,35819520,9732096,292233216,84885504,4055040,2568192,295477248,15138816,38658048,0,0,0,0,0,0,0,0,0,0,0,0,0,0,0,211369984,81117184,17756160,425537536,108863488,333168640,40480768,10715136,296390656,94773248,4796416,2912256,297791488,15904768,46350336,192581632,73818112,17756160,212242432,108863488,333168640,37777408,10715136,296390656,91799552,4796416,2912256,297791488,15904768,40402944,1073741824,1073741824,314572800,0,1073741824,1073741824,1073741824,314572800,1073741824,0,0,0,1073741824,314572800,2147483648,11.16300261988837,0,4.250052541858347,0,0,13.009671096560192,45537.03155256863,0,15949.559815986737,0,0,38322.527839403796,11.16300261988837,0,4.250052541858347,0,0,13.009671096560192,45537.03155256863,0,15949.559815986737,0,0,38322.527839403796,103.80504813158493,50.66131881774341,417.9178848507394,16.67031918486827,34.526419230478496,38.857142857142854,16.624477118902714,47.092869970011854,46.35618282801568,93.78727376445573,0,0,0,0,0,0,0,0,0,0,120368.69931024028,121518.3116076971,1351401.2156458073,79107.20322499936,335285.09335550683,549710.6493506493,3049.5861833719327,7026.291104679545,598382.3182900148,124047.08810869677,0,0,0,0,0,0,0,0,0,0,122.29970438869097,41.016091295420914,405.9428016885826,21.78076509294703,47.7360344697256,54.64935064935065,14.829177214053608,57.97164289699421,60.32555120098099,125.34356687237462,0,0,0,0,0,0,0,0,0,0,24670.86712650648,6797.617342310081,124049.57353906869,4516.4514157847325,12498.261395419157,6615.189610389611,2809.249385109783,8121.96388172118,12920.102906878894,23593.11310480734,0,0,0,0,0,0,0,0,0,0,22,14,30,6,6,2,6,34,0,0,0,0,0.010116166505324294,0.003947791164658634,0.031173430321592647,0.015838709677419353,0.0016011904761904763,0.003018348623853211,0.0029965034965034965,0.0032357884330202666,0.022336882865440465,0.03991504854368931,0.07232276119402983,0.023606451612903225,0.004329761904761904,0.00463302752293578,0.004599300699300699,0.005271428571428573,0.023864472410454984,0.04659587378640774,0.08658115671641789,0.024577419354838707,0.004670833333333333,0.0048348623853211,0.004799650349650349,0.007756593406593402,0.03051851851851844,0.07961111111111108,0.09798787313432836,0.04114705882352935,0.004943690476190476,0.004996330275229358,0.00495993006993007,0.009744725274725276,0.45787292817679554,0.3739583333333334,0.38584251688588694,0.45902777777777776,0.8646694214876034,0.375,0.45348011363636365,0.4894903273809524,2.1815338042381436,2.1629591836734687,0.49451653039459653,2.1268595041322316,2.1110859728506783,0.475,2.1110859728506783,2.1923129251700684,2.3407669021190713,2.3314795918367346,0.6867827868852455,2.313429752066116,2.305542986425339,0.4875,2.305542986425339,2.3461564625850344,2.4681533804238143,2.466295918367347,0.937356557377049,2.4626859504132232,2.461108597285068,0.4975,2.461108597285068,2.4692312925170072,396.4033613445153,396.68907563024936,396.65546218488316,392.1512605042065,396.5546218487334,116165795.49579832,19313362.82352941,0,25797502.924369745,72106052.84033613,3479040034.420168,3299253858.957983,904402720.2689075,4815480780.369748,4000936108.10084,0,0,0,0,0,15.142857142857142,2.084033613445378,4.823529411764706,0.6890756302521008,16.907563025210084,0,0,0,0,0,60536.470588235294,16831.462184873948,1106410.487394958,31442.823529411762,74777.81512605042,1546.2857142857142,266.94117647058823,2807.529411764706,1716.3025210084036,427.3781512605042,1748.4201680672268,378.11764705882354,1873.2100840336134,2099.0084033613443,531.7310924369748,0,0,0,0,0,0,0,0,0,0,0,0,0,0,0,0,0,0,0,0
1693106573,0.2566579911153307,0.3645062079963543,0.29819187291604565,0.08982910013698944,1.7404797852709277,0.5240174672489089,0.23351937043177753,0.15767186232993974,0.20016903162670668,0.02973800814821492,0,0.06644518272425257,0.038660790226552263,0.3135972412220691,0.2584702866866266,2.479456195404741,9.068679489691315,49.984420464094974,0.43293588447977743,9.985382486160027,2.364604292576419,0.329841076057259,0.6329204590503656,1.6132597815933347,0.9227118892556553,0.00005418382807998492,0.2968994772978957,0.9563222898786016,2.265852603244795,1.0467629461304817,1.7966059378073453,7.996354937920033,49.31009243948059,0.22457275034247462,7.549068948163078,1.5720524017467226,0.3502790556476668,0.4730155869898188,1.22325519327433,0.654236179260715,0,0.11074197120708759,0.5412510631717334,1.212575999392005,0.7754108600598797,50000,100000,50000,50000,50000,50000,10000,50000,50000,20000,50000,0,7434240,2162688,220594176,0,0,2703360,0,0,2973696,0,0,0,0,5947392,7.528634406049713,4.510764323954893,1.7891512374962724,4.446540456780974,225.59134373427278,314.14847161572055,0,1.4866204162537164,300.92077754548285,3.9254170755642788,0,1.4617940199335548,17.86128508466713,1.3798278613771089,8.529519460658669,0,0,2162688,0,0,0,0,0,0,0,0,0,0,0,0,225292288,81244160,18128896,439984128,111808512,349663232,40738816,10964992,310304768,95150080,4952064,3993600,305532928,16244736,134160384,209510400,70963200,14462976,200048640,105025536,330485760,35819520,9732096,292233216,84885504,4055040,2568192,295477248,15138816,38658048,0,0,0,0,0,0,0,0,0,0,0,0,0,0,0,211369984,81117184,17756160,425537536,108863488,333168640,40480768,10715136,296390656,94773248,4796416,2912256,297791488,15904768,46350336,192581632,73818112,17756160,212242432,108863488,333168640,37777408,10715136,296390656,91799552,4796416,2912256,297791488,15904768,40402944,1073741824,1073741824,314572800,0,1073741824,1073741824,1073741824,314572800,1073741824,0,0,0,1073741824,314572800,2147483648,11.16300261988837,0,4.250052541858347,0,0,13.009671096560192,45537.03155256863,0,15949.559815986737,0,0,38322.527839403796,11.16300261988837,0,4.250052541858347,0,0,13.009671096560192,45537.03155256863,0,15949.559815986737,0,0,38322.527839403796,101.89797748331176,50.66131881774341,486.0012615847445,21.074699326933683,34.526419230478496,38.857142857142854,14.136933457628624,60.25258914595708,46.35618282801568,93.78727376445573,0,0,0,0,0,0,0,0,0,0,120366.94231344029,121518.3116076971,1571559.1974380123,100076.07856118282,335285.09335550683,549710.6493506493,2591.0827390464774,8998.477603619445,598382.3182900148,124047.08810869677,0,0,0,0,0,0,0,0,0,0,120.45431901962739,41.016091295420914,472.07530690475033,27.805362462760673,47.7360344697256,54.64935064935065,12.60401296222311,73.5896391277312,60.32555120098099,125.34356687237462,0,0,0,0,0,0,0,0,0,0,24179.21191591113,6797.617342310081,144258.60061138336,5712.9721578579565,12498.261395419157,6615.189610389611,2389.4611127757803,10403.30638763214,12920.102906878894,23593.11310480734,0,0,0,0,0,0,0,0,0,0,50,14,42,14,18,2,18,80,0,0,0,0,0.010116166505324294,0.003947791164658634,0.031173430321592647,0.015838709677419353,0.0015317919075144508,0.0030168067226890756,0.0029966722129783695,0.0032357884330202666,0.022336882865440465,0.03991504854368931,0.07232276119402983,0.023606451612903225,0.004315606936416185,0.004630252100840336,0.004599334442595674,0.005271428571428573,0.023864472410454984,0.04659587378640774,0.08658115671641789,0.024577419354838707,0.004663583815028902,0.004831932773109243,0.0047996672212978365,0.007756593406593402,0.03051851851851844,0.07961111111111108,0.09798787313432836,0.04114705882352935,0.004941965317919075,0.0049932773109243695,0.004959933444259567,0.009744725274725276,0.45787292817679554,0.3739583333333334,0.38584251688588694,0.45902777777777776,0.8739669421487604,0.375,0.45787292817679565,0.4894903273809524,2.1815338042381436,2.1629591836734687,0.49451653039459653,2.1268595041322316,2.12375,0.475,2.12375,2.1923129251700684,2.3407669021190713,2.3314795918367346,0.6867827868852455,2.313429752066116,2.311875,0.4875,2.311875,2.3461564625850344,2.4681533804238143,2.466295918367347,0.937356557377049,2.4626859504132232,2.462375,0.4975,2.462375,2.4692312925170072,396.4537815126017,396.58823529411774,396.5714285714196,392.2521008403462,396.5378151260328,116165795.49579832,19313362.82352941,0,38696047.86554622,72106052.84033613,3479056693.7815123,3356108679.529412,840424714.7563025,4630442362.621848,4001014448.4033613,0,0,0,0,0,15.142857142857142,2.084033613445378,4.873949579831932,0.7058823529411764,16.941176470588236,0,0,0,0,0,60545.0756302521,16831.462184873948,1106685.8487394957,31511.663865546216,74881.0756302521,1555.7478991596638,267.2773109243697,2807.159663865546,1720.5882352941178,427.59663865546213,1758.0840336134452,378.4201680672269,1874.0336134453783,2104.7394957983192,531.9495798319327,0,0,0,0,0,0,0,0,0,0,0,0,0,0,0,0,0,0,0,0
1693106574,0.25157134863847497,0.3645062079963543,0.29819187291604565,0.07289028190316532,1.7404797852709277,0.5240174672489089,0.23351937043177753,0.15767186232993974,0.15224819839631873,0.02973800814821492,0,0.06644518272425257,0.038660790226552263,0.47047343567582567,0.2584702866866266,2.43031645442788,9.068679489691315,49.984420464094974,0.4465377863221382,9.985382486160027,2.364604292576419,0.329841076057259,0.6329204590503656,1.4057634401326176,0.9227118892556553,0.00005418382807998492,0.2968994772978957,0.9563222898786016,2.668704122741296,1.0467629461304817,1.7609994404693547,7.996354937920033,49.31009243948059,0.2368934161852869,7.549068948163078,1.5720524017467226,0.3502790556476668,0.4730155869898188,1.0657373887742372,0.654236179260715,0,0.11074197120708759,0.5412510631717334,1.3242955967171406,0.7754108600598797,50000,100000,50000,50000,50000,50000,10000,50000,50000,20000,50000,0,7434240,2162688,220594176,0,0,2703360,0,0,2973696,0,0,0,0,5947392,7.379426226728611,4.510764323954893,1.7891512374962724,4.810758605608907,225.59134373427278,314.14847161572055,0,1.4866204162537164,228.87979158913288,3.9254170755642788,0,1.4617940199335548,17.86128508466713,6.900277056578787,8.529519460658669,0,0,2162688,0,0,0,0,0,0,0,0,0,0,0,0,225292288,81244160,18128896,439984128,111808512,349663232,40738816,10964992,310304768,95150080,4952064,3993600,305532928,16994304,134160384,209510400,70963200,14462976,200048640,105025536,330485760,35819520,9732096,292233216,84885504,4055040,2568192,295477248,15814656,38658048,0,0,0,0,0,0,0,0,0,0,0,0,0,0,0,211369984,81117184,17756160,425553920,108863488,333168640,40480768,10715136,296652800,94773248,4796416,2912256,297791488,16609280,46350336,192581632,73818112,17756160,212258816,108863488,333168640,37777408,10715136,296652800,91799552,4796416,2912256,297791488,16609280,40402944,1073741824,1073741824,314572800,0,1073741824,1073741824,1073741824,314572800,1073741824,0,0,0,1073741824,314572800,2147483648,11.16300261988837,0,4.250052541858347,0,0,13.009671096560192,45537.03155256863,0,15949.559815986737,0,0,38322.527839403796,11.16300261988837,0,4.250052541858347,0,0,13.009671096560192,45537.03155256863,0,15949.559815986737,0,0,38322.527839403796,101.89797748331176,50.66131881774341,486.0012615847445,21.074699326933683,34.526419230478496,38.857142857142854,16.58010387534958,60.25258914595708,46.35618282801568,93.78727376445573,0,0,0,0,0,0,0,0,0,0,120366.94231344029,121518.3116076971,1571559.1974380123,100076.07856118282,335285.09335550683,549710.6493506493,3038.878345984818,8998.477603619445,598382.3182900148,124047.08810869677,0,0,0,0,0,0,0,0,0,0,120.45431901962739,41.016091295420914,472.07530690475033,27.805362462760673,47.7360344697256,54.64935064935065,14.78226128645625,73.5896391277312,60.32555120098099,125.34356687237462,0,0,0,0,0,0,0,0,0,0,24179.21191591113,6797.617342310081,144258.60061138336,5712.9721578579565,12498.261395419157,6615.189610389611,2802.412105473432,10403.30638763214,12920.102906878894,23593.11310480734,0,0,0,0,0,0,0,0,0,0,22,12,38,6,10,2,6,48,0,0,0,0,0.010116166505324294,0.003947791164658634,0.031173430321592647,0.015838709677419353,0.0015317919075144508,0.0030168067226890756,0.0029966722129783695,0.0032357884330202666,0.022336882865440465,0.03991504854368931,0.07232276119402983,0.023606451612903225,0.004315606936416185,0.004630252100840336,0.004599334442595674,0.005271428571428573,0.023864472410454984,0.04659587378640774,0.08658115671641789,0.024577419354838707,0.004663583815028902,0.004831932773109243,0.0047996672212978365,0.007756593406593402,0.03051851851851844,0.07961111111111108,0.09798787313432836,0.04114705882352935,0.004941965317919075,0.0049932773109243695,0.004959933444259567,0.009744725274725276,0.45787292817679554,0.3739583333333334,0.38584251688588694,0.45902777777777776,0.8739669421487604,0.375,0.45787292817679565,0.4894903273809524,2.1815338042381436,2.1629591836734687,0.49451653039459653,2.1268595041322316,2.12375,0.475,2.12375,2.1923129251700684,2.3407669021190713,2.3314795918367346,0.6867827868852455,2.313429752066116,2.311875,0.4875,2.311875,2.3461564625850344,2.4681533804238143,2.466295918367347,0.937356557377049,2.4626859504132232,2.462375,0.4975,2.462375,2.4692312925170072,396.48739495798065,396.6554621848934,396.6554621848808,392.48739495797764,396.58823529410034,116165726.65546218,19313362.82352941,0,38695910.184873946,72106052.84033613,3550107493.1092434,3356107371.563025,840494450.0168067,4630526347.831933,4001080948.168067,0,0,0,0,0,15.058823529411764,2.084033613445378,4.873949579831932,0.5378151260504201,16.941176470588236,0,0,0,0,0,60321.34453781512,16831.462184873948,1106685.8487394957,22562.420168067227,74846.65546218488,1553.6302521008404,267.1764705882353,2809.579831932773,1718.7058823529412,427.34453781512605,1756.0840336134454,378.235294117647,1875.6638655462184,2102.2016806722686,531.7647058823529,0,0,0,0,0,0,0,0,0,0,0,0,0,0,0,0,0,0,0,0
1693106575,0.24648470616161922,0.3645062079963543,0.29819187291604565,0.07289028190316532,1.7404797852709277,0.5240174672489089,0.23351937043177753,0.15767186232993974,0.1362397820163479,0.02973800814821492,0,0.09021850922935358,0.038660790226552263,0.47047343567582567,0.2584702866866266,2.3811767134510187,9.068679489691315,49.984420464094974,0.4465377863221382,9.985382486160027,2.364604292576419,0.329841076057259,0.6329204590503656,1.4836208514986282,0.9227118892556553,0.00005418382807998492,0.3006011187095141,0.9563222898786016,2.668704122741296,1.0467629461304817,1.7253929431313635,7.996354937920033,49.31009243948059,0.2368934161852869,7.549068948163078,1.5720524017467226,0.3502790556476668,0.4730155869898188,1.1126248864668529,0.654236179260715,0,0.1082622110752243,0.5412510631717334,1.3242955967171406,0.7754108600598797,50000,100000,50000,50000,50000,50000,10000,50000,50000,20000,50000,0,7434240,2162688,220594176,0,0,2703360,0,0,2973696,0,0,0,0,5947392,7.230218047407508,4.510764323954893,1.7891512374962724,4.810758605608907,225.59134373427278,314.14847161572055,0,1.4866204162537164,239.78201634877388,3.9254170755642788,0,1.190884321827466,17.86128508466713,6.900277056578787,8.529519460658669,0,0,2162688,0,0,0,0,0,0,0,0,0,0,0,0,225292288,81244160,18128896,439984128,111808512,349663232,40738816,10964992,310304768,95150080,4952064,3993600,305532928,16994304,134160384,209510400,70963200,14462976,200048640,105025536,330485760,35819520,9732096,292233216,84885504,4055040,2568192,295477248,15814656,38658048,0,0,0,0,0,0,0,0,0,0,0,0,0,0,0,211369984,81117184,17756160,425553920,108863488,333168640,40480768,10715136,296652800,94773248,4796416,2912256,297791488,16609280,46350336,192581632,73818112,17756160,212258816,108863488,333168640,37777408,10715136,296652800,91799552,4796416,2912256,297791488,16609280,40402944,1073741824,1073741824,314572800,0,1073741824,1073741824,1073741824,314572800,1073741824,0,0,0,1073741824,314572800,2147483648,11.16300261988837,0,4.250052541858347,0,0,13.009671096560192,45537.03155256863,0,15949.559815986737,0,0,38322.527839403796,11.16300261988837,0,4.250052541858347,0,0,13.009671096560192,45537.03155256863,0,15949.559815986737,0,0,38322.527839403796,101.89797748331176,50.66131881774341,486.0012615847445,21.074699326933683,34.526419230478496,38.857142857142854,16.58010387534958,60.25258914595708,46.35618282801568,93.78727376445573,0,0,0,0,0,0,0,0,0,0,120366.94231344029,121518.3116076971,1571559.1974380123,100076.07856118282,335285.09335550683,549710.6493506493,3038.878345984818,8998.477603619445,598382.3182900148,124047.08810869677,0,0,0,0,0,0,0,0,0,0,120.45431901962739,41.016091295420914,472.07530690475033,27.805362462760673,47.7360344697256,54.64935064935065,14.78226128645625,73.5896391277312,60.32555120098099,125.34356687237462,0,0,0,0,0,0,0,0,0,0,24179.21191591113,6797.617342310081,144258.60061138336,5712.9721578579565,12498.261395419157,6615.189610389611,2802.412105473432,10403.30638763214,12920.102906878894,23593.11310480734,0,0,0,0,0,0,0,0,0,0,28,16,42,6,6,2,6,54,0,0,0,0,0.010116166505324294,0.003947791164658634,0.031173430321592647,0.015838709677419353,0.0015317919075144508,0.0030168067226890756,0.0029966722129783695,0.0032451311347701894,0.022336882865440465,0.03991504854368931,0.07232276119402983,0.023606451612903225,0.004315606936416185,0.004630252100840336,0.004599334442595674,0.0054401330376940196,0.023864472410454984,0.04659587378640774,0.08658115671641789,0.024577419354838707,0.004663583815028902,0.004831932773109243,0.0047996672212978365,0.007836474501108652,0.03051851851851844,0.07961111111111108,0.09798787313432836,0.04114705882352935,0.004941965317919075,0.0049932773109243695,0.004959933444259567,0.009753547671840371,0.45787292817679554,0.3739583333333334,0.38584251688588694,0.45902777777777776,0.8739669421487604,0.375,0.45787292817679565,0.4725449775112444,2.1815338042381436,2.1629591836734687,0.49451653039459653,2.1268595041322316,2.12375,0.475,2.12375,2.178188585607941,2.3407669021190713,2.3314795918367346,0.6867827868852455,2.313429752066116,2.311875,0.4875,2.311875,2.33909429280397,2.4681533804238143,2.466295918367347,0.937356557377049,2.4626859504132232,2.462375,0.4975,2.462375,2.467818858560794,396.3865546218477,396.75630252101973,396.6554621848759,392.5378151260457,396.5042016806574,99570731.02521008,9656646.99159664,0,25797296.403361343,72106052.84033613,3550201666.6890755,3356122103.394958,905553248.8067226,4630664923.428572,4001135056.672269,0,0,0,0,0,15.159663865546218,2.084033613445378,4.873949579831932,0.5378151260504201,16.873949579831933,0,0,0,0,0,60622.52100840336,16831.462184873948,1106685.8487394957,22562.420168067227,74674.55462184874,1556.8907563025207,267.2941176470588,2808.7226890756306,1720.2184873949582,426.7226890756302,1759.6974789915967,378.4033613445378,1874.9747899159663,2104.504201680672,531.0756302521008,0,0,0,0,0,0,0,0,0,0,0,0,0,0,0,0,0,0,0,0
1693106576,0.3713024464705633,0.3645062079963543,0.29819187291604565,0.07289028190316532,1.7404797852709277,0.5240174672489089,0.23351937043177753,0.17634092578986055,0.1362397820163479,0.02973800814821492,0,0.09021850922935358,0.038660790226552263,0.47047343567582567,0.2584702866866266,3.168650589958345,9.068679489691315,49.984420464094974,0.4465377863221382,9.985382486160027,2.364604292576419,0.329841076057259,0.6253173049228503,1.4836208514986282,0.9227118892556553,0.00005418382807998492,0.3006011187095141,0.9563222898786016,2.668704122741296,1.0467629461304817,2.413465902058669,7.996354937920033,49.31009243948059,0.2368934161852869,7.549068948163078,1.5720524017467226,0.3502790556476668,0.49963262307127093,1.1126248864668529,0.654236179260715,0,0.1082622110752243,0.5412510631717334,1.3242955967171406,0.7754108600598797,50000,100000,50000,50000,50000,50000,10000,50000,50000,20000,50000,0,7434240,2162688,220594176,0,0,2703360,0,0,2973696,0,0,0,0,5947392,20.421634555881017,4.510764323954893,1.7891512374962724,4.810758605608907,225.59134373427278,314.14847161572055,0,1.9397501836884643,239.78201634877388,3.9254170755642788,0,1.190884321827466,17.86128508466713,6.900277056578787,8.529519460658669,0,0,2162688,0,0,0,0,0,0,0,0,0,0,0,0,225292288,81244160,18128896,439984128,111808512,349663232,40738816,10964992,310304768,95150080,4952064,3993600,305532928,16994304,134160384,209645568,70963200,14462976,200048640,105025536,330485760,35819520,9732096,292233216,84885504,4055040,2568192,295477248,15814656,38658048,0,0,0,0,0,0,0,0,0,0,0,0,0,0,0,211537920,81117184,17756160,425553920,108863488,333168640,40480768,10715136,296652800,94773248,4796416,2912256,297791488,16609280,46350336,192749568,73818112,17756160,212258816,108863488,333168640,37777408,10715136,296652800,91799552,4796416,2912256,297791488,16609280,40402944,1073741824,1073741824,314572800,0,1073741824,1073741824,1073741824,314572800,1073741824,0,0,0,1073741824,314572800,2147483648,11.16300261988837,0,4.250052541858347,0,0,13.009671096560192,45537.03155256863,0,15949.559815986737,0,0,38322.527839403796,11.16300261988837,0,4.250052541858347,0,0,13.009671096560192,45537.03155256863,0,15949.559815986737,0,0,38322.527839403796,101.89797748331176,50.6613188177434,486.0012615847445,21.074699326933683,34.526419230478496,38.857142857142854,16.58010387534958,60.25258914595708,45.95137596077636,93.5031246315293,0,0,0,0,0,0,0,0,0,0,120366.94231344029,121518.31160769708,1571559.1974380123,100076.07856118282,335285.09335550683,549710.6493506493,3038.878345984818,8998.477603619445,595145.2638563766,123979.99449750423,0,0,0,0,0,0,0,0,0,0,120.45431901962739,41.01609129542091,472.07530690475033,27.805362462760673,47.7360344697256,54.64935064935065,14.78226128645625,73.5896391277312,60.16257165502368,125.7516802263884,0,0,0,0,0,0,0,0,0,0,24179.21191591113,6797.61734231008,144258.60061138336,5712.9721578579565,12498.261395419157,6615.189610389611,2802.412105473432,10403.30638763214,12710.799402798002,23725.661282081517,0,0,0,0,0,0,0,0,0,0,44,32,74,22,20,2,22,144,0,0,0,0,0.010116166505324294,0.003947791164658634,0.031173430321592647,0.015838709677419353,0.0015317919075144508,0.0030168067226890756,0.0029966722129783695,0.0032390438247011954,0.022336882865440465,0.03991504854368931,0.07232276119402983,0.023606451612903225,0.004315606936416185,0.004630252100840336,0.004599334442595674,0.005331154684095859,0.023864472410454984,0.04659587378640774,0.08658115671641789,0.024577419354838707,0.004663583815028902,0.004831932773109243,0.0047996672212978365,0.007779956427015246,0.03051851851851844,0.07961111111111108,0.09798787313432836,0.04114705882352935,0.004941965317919075,0.0049932773109243695,0.004959933444259567,0.009738997821350756,0.45787292817679554,0.3739583333333334,0.38584251688588694,0.45902777777777776,0.8739669421487604,0.375,0.45787292817679565,0.48697916666666663,2.1815338042381436,2.1629591836734687,0.49451653039459653,2.1268595041322316,2.12375,0.475,2.12375,2.190358126721763,2.3407669021190713,2.3314795918367346,0.6867827868852455,2.313429752066116,2.311875,0.4875,2.311875,2.3451790633608818,2.4681533804238143,2.466295918367347,0.937356557377049,2.4626859504132232,2.462375,0.4975,2.462375,2.469035812672176,396.4033613445456,396.70588235295446,396.58823529414445,392.65546218488254,396.6890756302493,99570731.02521008,9656646.99159664,0,25797296.403361343,72106052.84033613,3479244972.10084,3356130777.277311,905605773.9831933,4630812448.268908,4001187375.327731,0,0,0,0,0,15.109243697478991,2.084033613445378,4.873949579831932,0.5378151260504201,16.941176470588236,0,0,0,0,0,60553.68067226891,16831.462184873948,1106685.8487394957,22562.420168067227,74872.47058823529,1561.798319327731,268.01680672268907,2808.134453781512,1730.0672268907563,427.79831932773106,1764.6218487394956,379.05882352941177,1874.689075630252,2115.142857142857,532.0672268907563,0,0,0,0,0,0,0,0,0,0,0,0,0,0,0,0,0,0,0,0
1693106577,0.3713024464705633,0.36450620799635425,0.29819187291604565,0.07289028190316532,1.7404797852709277,0.5240174672489089,0.23351937043177753,0.17634092578986055,0.1362397820163479,0.02973800814821492,0,0.09021850922935358,0.038660790226552263,0.45577862181226253,0.21706039948265324,3.168650589958345,9.068679489691313,49.984420464094974,0.4465377863221382,9.985382486160027,2.364604292576419,0.329841076057259,0.6253173049228503,1.4836208514986282,0.9227118892556553,0.00005418382807998492,0.3006011187095141,0.9563222898786016,2.6318468062940847,0.842071485913479,2.413465902058669,7.996354937920032,49.31009243948059,0.2368934161852869,7.549068948163078,1.5720524017467226,0.3502790556476668,0.49963262307127093,1.1126248864668529,0.654236179260715,0,0.1082622110752243,0.5412510631717334,1.2371134020618564,0.6709139620372897,50000,100000,50000,50000,50000,50000,10000,50000,50000,20000,50000,0,7434240,2162688,220594176,0,0,2703360,0,0,2973696,0,0,0,0,6082560,20.421634555881017,4.510764323954892,1.7891512374962724,4.810758605608907,225.59134373427278,314.14847161572055,0,1.9397501836884643,239.78201634877388,3.9254170755642788,0,1.190884321827466,17.86128508466713,8.594682582745524,7.814174381375494,0,0,2162688,0,0,0,0,0,0,0,0,0,0,0,0,225292288,81244160,18128896,439984128,111808512,349663232,40738816,10964992,310304768,95150080,4952064,3993600,305532928,16994304,134160384,209645568,70963200,14462976,200048640,105025536,330485760,35819520,9732096,292233216,84885504,4055040,2568192,295477248,15814656,38658048,0,0,0,0,0,0,0,0,0,0,0,0,0,0,0,211537920,81117184,17756160,425553920,108863488,333168640,40480768,10715136,296652800,94773248,4796416,2912256,297791488,16609280,46567424,192749568,73818112,17756160,212258816,108863488,333168640,37777408,10715136,296652800,91799552,4796416,2912256,297791488,16609280,40620032,1073741824,1073741824,314572800,0,1073741824,1073741824,1073741824,314572800,1073741824,0,0,0,1073741824,314572800,2147483648,11.163002619888369,0,4.250052541858347,0,0,11.938321971545895,45537.031552568624,0,15949.559815986737,0,0,39099.28708644611,11.163002619888369,0,4.250052541858347,0,0,11.938321971545895,45537.031552568624,0,15949.559815986737,0,0,39099.28708644611,101.89797748331176,51.23811317201769,486.0012615847445,21.074699326933683,34.21669793621013,38.857142857142854,16.58010387534958,60.25258914595708,45.95137596077636,93.5031246315293,0,0,0,0,0,0,0,0,0,0,120366.94231344029,122416.74041992277,1571559.1974380123,100076.07856118282,333533.13789868663,549710.6493506493,3038.878345984818,8998.477603619445,595145.2638563766,123979.99449750423,0,0,0,0,0,0,0,0,0,0,120.45431901962739,41.6156670746634,472.07530690475033,27.805362462760673,47.631332082551594,54.64935064935065,14.78226128645625,73.5896391277312,60.16257165502368,125.7516802263884,0,0,0,0,0,0,0,0,0,0,24179.21191591113,6876.226344035401,144258.60061138336,5712.9721578579565,12279.901500938086,6615.189610389611,2802.412105473432,10403.30638763214,12710.799402798002,23725.661282081517,0,0,0,0,0,0,0,0,0,0,46,20,54,18,24,2,22,110,0,0,0,0,0.010145914396887156,0.003936842105263158,0.03140977443609022,0.015835095137420718,0.0016053412462908013,0.003018348623853211,0.0029965095986038393,0.0032403774521976656,0.022391050583657587,0.03964114832535886,0.07226937269372695,0.023547568710359408,0.004330563798219584,0.00463302752293578,0.0045993019197207675,0.0053545258620689715,0.023921692607003883,0.04631578947368422,0.08645756457564574,0.02451162790697674,0.004671216617210682,0.0048348623853211,0.004799650959860384,0.007785021551724131,0.033080645161290355,0.07767999999999993,0.0978081180811808,0.03986666666666656,0.0049437388724035605,0.004996330275229358,0.0049599301919720775,0.009729418103448271,0.45741758241758235,0.3770833333333333,0.38600990449239475,0.45879120879120877,0.8627049180327869,0.375,0.4526836158192091,0.48563750926612304,2.1811550151975685,2.1645290581162326,0.49481782808631053,2.1262295081967215,2.1086363636363634,0.475,2.1086363636363634,2.1893250688705237,2.340577507598784,2.3322645290581163,0.6911646586345376,2.3131147540983608,2.304318181818182,0.4875,2.304318181818182,2.3446625344352614,2.4681155015197573,2.4664529058116234,0.938232931726907,2.462622950819672,2.4608636363636367,0.4975,2.4608636363636367,2.468932506887052,396.4705882352839,396.8235294117401,396.60504201681783,392.6218487394975,396.7058823529501,99570731.02521008,9656646.99159664,0,25797296.403361343,54079728.94117647,3550349191.529412,3299283322.6218486,970753239.1260504,4630908824.739495,4158126062.7899156,0,0,0,0,0,14.941176470588236,2.084033613445378,4.873949579831932,0.5378151260504201,16.92436974789916,0,0,0,0,0,60097.61344537815,16831.462184873948,1106685.8487394957,22562.420168067227,74881.0756302521,1557.6638655462184,267.9831932773109,2809.344537815126,1720.4033613445379,425.0252100840336,1760.4705882352941,379.2100840336134,1876.4705882352941,2104.9243697478987,529.1764705882352,0,0,0,0,0,0,0,0,0,0,0,0,0,0,0,0,0,0,0,0
1693106578,0.3713024464705633,0.36450620799635425,0.29819187291604565,0.07289028190316532,1.7404797852709277,0.5240174672489089,0.23351937043177753,0.17634092578986055,0.1362397820163479,0.02973800814821492,0,0.09021850922935358,0.038660790226552263,0.45577862181226253,0.22161062988977479,3.168650589958345,9.068679489691313,49.984420464094974,0.4465377863221382,9.985382486160027,2.364604292576419,0.329841076057259,0.6253173049228503,1.4836208514986282,0.9227118892556553,0.00005418382807998492,0.3006011187095141,0.9563222898786016,2.6318468062940847,0.8597238042972373,2.413465902058669,7.996354937920032,49.31009243948059,0.2368934161852869,7.549068948163078,1.5720524017467226,0.3502790556476668,0.49963262307127093,1.1126248864668529,0.654236179260715,0,0.1082622110752243,0.5412510631717334,1.2371134020618564,0.6849783105683925,50000,100000,50000,50000,50000,50000,10000,50000,50000,20000,50000,0,7434240,2162688,220594176,0,0,2703360,0,0,2973696,0,0,0,0,6082560,20.421634555881017,4.510764323954892,1.7891512374962724,4.810758605608907,225.59134373427278,314.14847161572055,0,1.9397501836884643,239.78201634877388,3.9254170755642788,0,1.190884321827466,17.86128508466713,8.594682582745524,7.977982676031869,0,0,2162688,0,0,0,0,0,0,0,0,0,0,0,0,225292288,81244160,18128896,439984128,111808512,349663232,40738816,10964992,310304768,95150080,4952064,3993600,305532928,16994304,134160384,209645568,70963200,14462976,200048640,105025536,330485760,35819520,9732096,292233216,84885504,4055040,2568192,295477248,15814656,38658048,0,0,0,0,0,0,0,0,0,0,0,0,0,0,0,211537920,81117184,17756160,425553920,108863488,333168640,40480768,10715136,296652800,94773248,4796416,2912256,297791488,16609280,46567424,192749568,73818112,17756160,212258816,108863488,333168640,37777408,10715136,296652800,91799552,4796416,2912256,297791488,16609280,40620032,1073741824,1073741824,314572800,0,1073741824,1073741824,1073741824,314572800,1073741824,0,0,0,1073741824,314572800,2147483648,11.163002619888369,0,4.250052541858347,0,0,12.188584643937578,45537.031552568624,0,15949.559815986737,0,0,39918.92422625401,11.163002619888369,0,4.250052541858347,0,0,12.188584643937578,45537.031552568624,0,15949.559815986737,0,0,39918.92422625401,101.89797748331176,51.23811317201769,486.0012615847445,21.074699326933683,34.21669793621013,38.857142857142854,16.58010387534958,60.25258914595708,45.95137596077636,93.5031246315293,0,0,0,0,0,0,0,0,0,0,120366.94231344029,122416.74041992277,1571559.1974380123,100076.07856118282,333533.13789868663,549710.6493506493,3038.878345984818,8998.477603619445,595145.2638563766,123979.99449750423,0,0,0,0,0,0,0,0,0,0,120.45431901962739,41.6156670746634,472.07530690475033,27.805362462760673,47.631332082551594,54.64935064935065,14.78226128645625,73.5896391277312,60.16257165502368,125.7516802263884,0,0,0,0,0,0,0,0,0,0,24179.21191591113,6876.226344035401,144258.60061138336,5712.9721578579565,12279.901500938086,6615.189610389611,2802.412105473432,10403.30638763214,12710.799402798002,23725.661282081517,0,0,0,0,0,0,0,0,0,0,18,22,60,16,14,2,14,90,0,0,0,0,0.010145914396887156,0.003936842105263158,0.03140977443609022,0.015835095137420718,0.0015014409221902017,0.0030168067226890756,0.002996710526315789,0.0032403774521976656,0.022391050583657587,0.03964114832535886,0.07226937269372695,0.023547568710359408,0.0043095100864553315,0.004630252100840336,0.004599342105263159,0.0053545258620689715,0.023921692607003883,0.04631578947368422,0.08645756457564574,0.02451162790697674,0.004660518731988473,0.004831932773109243,0.004799671052631579,0.007785021551724131,0.033080645161290355,0.07767999999999993,0.0978081180811808,0.03986666666666656,0.0049413256484149865,0.0049932773109243695,0.004959934210526316,0.009729418103448271,0.45741758241758235,0.3770833333333333,0.38600990449239475,0.45879120879120877,0.8780737704918034,0.375,0.4591346153846154,0.48563750926612304,2.1811550151975685,2.1645290581162326,0.49481782808631053,2.1262295081967215,2.127142857142857,0.475,2.1271428571428572,2.1893250688705237,2.340577507598784,2.3322645290581163,0.6911646586345376,2.3131147540983608,2.3135714285714286,0.4875,2.3135714285714286,2.3446625344352614,2.4681155015197573,2.4664529058116234,0.938232931726907,2.462622950819672,2.462714285714286,0.4975,2.462714285714286,2.468932506887052,396.5546218487318,396.8403361344636,396.537815126051,392.62184873949025,396.6050420168028,99570731.02521008,9656646.99159664,0,25797296.403361343,54079728.94117647,3621344987.428571,3242414733.983193,970809963.5630251,4723531776,4158085240.470588,0,0,0,0,0,14.789915966386554,2.084033613445378,4.873949579831932,0.5378151260504201,16.823529411764707,0,0,0,0,0,59650.1512605042,16831.462184873948,1106685.8487394957,22562.420168067227,74511.05882352941,1560.5378151260504,268.4033613445378,2812,1723.781512605042,425.1764705882353,1763.4957983193276,379.563025210084,1878.7394957983195,2109.3109243697477,529.3445378151259,0,0,0,0,0,0,0,0,0,0,0,0,0,0,0,0,0,0,0,0
1693106579,0.3713024464705633,0.36450620799635425,0.29819187291604565,0.06589457463944216,1.7404797852709277,0.5240174672489089,0.23351937043177753,0.17030295002554563,0.1362397820163479,0.02973800814821492,0,0.06432966947906191,0.06078473087560411,0.45577862181226253,0.2261608602968963,3.168650589958345,9.068679489691313,49.984420464094974,0.3565001963242967,9.985382486160027,2.364604292576419,0.329841076057259,0.6360729577837902,1.4836208514986282,0.9227118892556553,0.00005418382807998492,0.25405231964954683,0.9495062972981191,2.6318468062940847,0.8773761226809953,2.413465902058669,7.996354937920032,49.31009243948059,0.197683723918326,7.549068948163078,1.5720524017467226,0.3502790556476668,0.4352186500652828,1.1126248864668529,0.654236179260715,0,0.1072161157984365,0.5774549433182532,1.2371134020618564,0.6990426590994954,50000,100000,50000,50000,50000,50000,10000,50000,50000,20000,50000,0,7434240,2162688,220594176,0,0,2703360,0,0,2973696,0,0,0,0,6082560,20.421634555881017,4.510764323954892,1.7891512374962724,2.899361284135453,225.59134373427278,314.14847161572055,0,1.2488883001873334,239.78201634877388,3.9254170755642788,0,0,10.02948059447467,8.594682582745524,8.141790970688243,0,0,2162688,0,0,0,0,0,0,0,0,0,0,0,0,225292288,81244160,18128896,439984128,111808512,349663232,40738816,10964992,310304768,95150080,4952064,3993600,305532928,16994304,134160384,209645568,70963200,14462976,200048640,105025536,330485760,35819520,9732096,292233216,84885504,4055040,2568192,295477248,15814656,38658048,0,0,0,0,0,0,0,0,0,0,0,0,0,0,0,211537920,81117184,17756160,425553920,108863488,333168640,40480768,10719232,296652800,94773248,4796416,2912256,297791488,16609280,46567424,192749568,73818112,17756160,212258816,108863488,333168640,37777408,10719232,296652800,91799552,4796416,2912256,297791488,16609280,40620032,1073741824,1073741824,314572800,0,1073741824,1073741824,1073741824,314572800,1073741824,0,0,0,1073741824,314572800,2147483648,11.163002619888369,0,4.250052541858347,0,0,12.43884731632926,45537.031552568624,0,15949.559815986737,0,0,40738.5613660619,11.163002619888369,0,4.250052541858347,0,0,12.43884731632926,45537.031552568624,0,15949.559815986737,0,0,40738.5613660619,101.89797748331176,51.23811317201769,486.0012615847445,21.150752342197407,34.21669793621013,38.857142857142854,16.58010387534958,60.25258914595708,45.95137596077636,93.5031246315293,0,0,0,0,0,0,0,0,0,0,120366.94231344029,122416.74041992277,1571559.1974380123,100400.94161067474,333533.13789868663,549710.6493506493,3038.878345984818,8998.477603619445,595145.2638563766,123979.99449750423,0,0,0,0,0,0,0,0,0,0,120.45431901962739,41.6156670746634,472.07530690475033,28.035393205261663,47.631332082551594,54.64935064935065,14.78226128645625,73.5896391277312,60.16257165502368,125.7516802263884,0,0,0,0,0,0,0,0,0,0,24179.21191591113,6876.226344035401,144258.60061138336,5715.766064162013,12279.901500938086,6615.189610389611,2802.412105473432,10403.30638763214,12710.799402798002,23725.661282081517,0,0,0,0,0,0,0,0,0,0,48,14,46,12,10,2,10,102,0,0,0,0,0.010145914396887156,0.003936842105263158,0.03140977443609022,0.015835095137420718,0.0015014409221902017,0.0030168067226890756,0.002996710526315789,0.0032403061049943705,0.022391050583657587,0.03964114832535886,0.07226937269372695,0.023547568710359408,0.0043095100864553315,0.004630252100840336,0.004599342105263159,0.00535324073617636,0.023921692607003883,0.04631578947368422,0.08645756457564574,0.02451162790697674,0.004660518731988473,0.004831932773109243,0.004799671052631579,0.007784403052119942,0.033080645161290355,0.07767999999999993,0.0978081180811808,0.03986666666666656,0.0049413256484149865,0.0049932773109243695,0.004959934210526316,0.00972933290487481,0.45741758241758235,0.3770833333333333,0.38600990449239475,0.45879120879120877,0.8780737704918034,0.375,0.4591346153846154,0.48580218736944425,2.1811550151975685,2.1645290581162326,0.49481782808631053,2.1262295081967215,2.127142857142857,0.475,2.1271428571428572,2.1894557064147975,2.340577507598784,2.3322645290581163,0.6911646586345376,2.3131147540983608,2.3135714285714286,0.4875,2.3135714285714286,2.3447278532073987,2.4681155015197573,2.4664529058116234,0.938232931726907,2.462622950819672,2.462714285714286,0.4975,2.462714285714286,2.468945570641479,396.5030172341923,396.77310924369624,396.4022540095415,392.7563025210184,396.55462184873807,99033122.64513649,9656646.99159664,0,25797296.403361343,54079728.94117647,3531200127.3088946,3242431875.2268906,1027657391.6174852,4723671659.563025,4158045863.7983193,0,0,0,0,0,14.793641241662906,2.084033613445378,4.834783768463872,0.5378151260504201,16.857142857142858,0,0,0,0,0,59584.84195042041,16831.462184873948,1097792.804508019,22562.420168067227,74631.5294117647,1559.216354913662,267.2773109243697,2812.9105398286147,1722.8235294117646,425.3109243697479,1763.000852514919,378.3361344537815,1879.26377913374,2108.1512605042017,529.4453781512605,0,0,0,0,0,0,0,0,0,0,0,0,0,0,0,0,0,0,0,0
1693106580,0.3713024464705633,0.36450620799635425,0.29819187291604565,0.06729118367270939,1.7404797852709277,0.5240174672489089,0.23351937043177753,0.1703029500255456,0.1362397820163479,0.07941077207123153,0,0.06561975901127544,0.06078473087560411,0.45577862181226253,0.23071109070401788,3.168650589958345,9.068679489691313,49.984420464094974,0.364056074744825,9.985382486160027,2.364604292576419,0.329841076057259,0.63607295778379,1.4836208514986282,0.9731293859562032,0.00005418382807998492,0.25914717309537594,0.9495062972981191,2.6318468062940847,0.8950284410647537,2.413465902058669,7.996354937920032,49.31009243948059,0.20187355101812768,7.549068948163078,1.5720524017467226,0.3502790556476668,0.43521865006528276,1.1126248864668529,0.7544023346767004,0,0.10936626501879239,0.5774549433182532,1.2371134020618564,0.7131070076305983,50000,100000,50000,50000,50000,50000,10000,50000,50000,20000,50000,0,7434240,2162688,220594176,0,0,2703360,0,0,2973696,0,0,0,0,6082560,20.421634555881017,4.510764323954892,1.7891512374962724,2.9608120815992107,225.59134373427278,314.14847161572055,0,1.2488883001873332,239.78201634877388,3.930833217525957,0,0,10.02948059447467,8.594682582745524,8.30559926534462,0,0,2162688,0,0,0,0,0,0,0,0,0,0,0,0,225292288,81244160,18128896,439984128,111808512,349663232,40738816,10964992,310304768,95162368,4952064,3993600,305532928,16994304,134160384,209645568,70963200,14462976,200048640,105025536,330485760,35819520,9732096,292233216,85020672,4055040,2568192,295477248,15814656,38658048,0,0,0,0,0,0,0,0,0,0,0,0,0,0,0,211537920,81117184,17756160,425553920,108863488,333168640,40480768,10719232,296652800,94773248,4796416,2912256,297791488,16609280,46567424,192749568,73818112,17756160,212258816,108863488,333168640,37777408,10719232,296652800,91799552,4796416,2912256,297791488,16609280,40620032,1073741824,1073741824,314572800,0,1073741824,1073741824,1073741824,314572800,1073741824,0,0,0,1073741824,314572800,2147483648,11.163002619888369,0,4.250052541858347,0,0,12.689109988720945,45537.031552568624,0,15949.559815986737,0,0,41558.198505869805,11.163002619888369,0,4.250052541858347,0,0,12.689109988720945,45537.031552568624,0,15949.559815986737,0,0,41558.198505869805,87.41544438355861,51.23811317201769,486.0012615847445,21.150752342197407,34.21669793621013,38.857142857142854,16.58010387534958,60.25258914595708,45.95137596077636,93.5031246315293,0,0,0,0,0,0,0,0,0,0,103259.45628452503,122416.74041992277,1571559.1974380123,100400.94161067474,333533.13789868663,549710.6493506493,3038.878345984818,8998.477603619445,595145.2638563766,123979.99449750423,0,0,0,0,0,0,0,0,0,0,103.33441433363222,41.6156670746634,472.07530690475033,28.035393205261663,47.631332082551594,54.64935064935065,14.78226128645625,73.5896391277312,60.16257165502368,125.7516802263884,0,0,0,0,0,0,0,0,0,0,20742.674257884715,6876.226344035401,144258.60061138336,5715.766064162013,12279.901500938086,6615.189610389611,2802.412105473432,10403.30638763214,12710.799402798002,23725.661282081517,0,0,0,0,0,0,0,0,0,0,26,6,32,18,12,2,14,158,0,0,0,0,0.010145914396887156,0.003936842105263158,0.03140977443609022,0.015835095137420718,0.0015014409221902017,0.0030168067226890756,0.002996710526315789,0.003250261780104712,0.022391050583657587,0.03964114832535886,0.07226937269372695,0.023547568710359408,0.0043095100864553315,0.004630252100840336,0.004599342105263159,0.005526200873362449,0.023921692607003883,0.04631578947368422,0.08645756457564574,0.02451162790697674,0.004660518731988473,0.004831932773109243,0.004799671052631579,0.007872270742358085,0.033080645161290355,0.07767999999999993,0.0978081180811808,0.03986666666666656,0.0049413256484149865,0.0049932773109243695,0.004959934210526316,0.009749126637554596,0.45741758241758235,0.3770833333333333,0.38600990449239475,0.45879120879120877,0.8780737704918034,0.375,0.4591346153846154,0.467513069454817,2.1811550151975685,2.1645290581162326,0.49481782808631053,2.1262295081967215,2.127142857142857,0.475,2.1271428571428572,2.173569620253165,2.340577507598784,2.3322645290581163,0.6911646586345376,2.3131147540983608,2.3135714285714286,0.4875,2.3135714285714286,2.3367848101265825,2.4681155015197573,2.4664529058116234,0.938232931726907,2.462622950819672,2.462714285714286,0.4975,2.462714285714286,2.4673569620253164,396.55462184874716,396.756302521011,396.5042016806721,392.6890756302542,396.67226890756064,99570731.02521008,9656646.99159664,0,25797296.403361343,54079728.94117647,3550409289.142857,3242446607.0588236,1101199755.8319328,4631167870.92437,4157983219.092437,0,0,0,0,0,14.890756302521007,1.9831932773109242,4.873949579831932,0.5378151260504201,17.008403361344538,0,0,0,0,0,59925.512605042015,16392.605042016807,1106685.8487394957,22562.420168067227,75104.80672268907,1560.8235294117646,268.21848739495795,2811.075630252101,1724.218487394958,425.1428571428571,1763.3613445378148,379.52941176470586,1878.5714285714284,2109.5294117647054,529.3277310924369,0,0,0,0,0,0,0,0,0,0,0,0,0,0,0,0,0,0,0,0
1693106581,0.3713024464705633,0.36450620799635425,0.3159968772073314,0.06868779270597662,1.7404797852709277,0.5240174672489089,0.19990101373353383,0.1703029500255456,0.1362397820163479,0.07941077207123153,0,0.06690984854348897,0.06078473087560411,0.45577862181226253,0.2352613211111394,3.168650589958345,9.068679489691313,49.993242665154824,0.3716119531653533,9.985382486160027,2.364604292576419,0.2823558720327602,0.63607295778379,1.4836208514986282,0.9731293859562032,0.00005418382807998492,0.26424202654120504,0.9495062972981191,2.6318468062940847,0.9126807594485117,2.413465902058669,7.996354937920032,49.2583367411428,0.20606337811792935,7.549068948163078,1.5720524017467226,0.2998515206003012,0.43521865006528276,1.1126248864668529,0.7544023346767004,0,0.11151641423914828,0.5774549433182532,1.2371134020618564,0.7271713561617011,50000,100000,50000,50000,50000,50000,10000,50000,50000,20000,50000,0,7434240,2162688,220594176,0,0,2703360,0,0,2973696,0,0,0,0,6082560,20.421634555881017,4.510764323954892,1.226811405628462,3.0222628790629686,225.59134373427278,314.14847161572055,0,1.2488883001873332,239.78201634877388,3.930833217525957,0,0,10.02948059447467,8.594682582745524,8.469407560000993,0,0,2162688,0,0,0,0,0,0,0,0,0,0,0,0,225292288,81244160,18128896,439984128,111808512,349663232,40738816,10964992,310304768,95162368,4952064,3993600,305532928,16994304,134160384,209645568,70963200,14462976,200048640,105025536,330485760,35819520,9732096,292233216,85020672,4055040,2568192,295477248,15814656,38658048,0,0,0,0,0,0,0,0,0,0,0,0,0,0,0,211537920,81117184,17756160,425553920,108863488,333168640,40480768,10719232,296652800,94773248,4796416,2912256,297791488,16609280,46567424,192749568,73818112,17756160,212258816,108863488,333168640,37777408,10719232,296652800,91799552,4796416,2912256,297791488,16609280,40620032,1073741824,1073741824,314572800,0,1073741824,1073741824,1073741824,314572800,1073741824,0,0,0,1073741824,314572800,2147483648,11.163002619888369,0,3.6381984499503126,0,0,12.93937266111263,45537.031552568624,0,13653.399158811335,0,0,42377.8356456777,11.163002619888369,0,3.6381984499503126,0,0,12.93937266111263,45537.031552568624,0,13653.399158811335,0,0,42377.8356456777,85.71714475883675,51.23811317201769,486.0012615847445,21.150752342197407,34.30965501623009,38.857142857142854,16.58010387534958,60.25258914595708,45.95137596077636,93.5031246315293,0,0,0,0,0,0,0,0,0,0,101253.34057930105,122416.74041992277,1571559.1974380123,100400.94161067474,334932.267683249,549710.6493506493,3038.878345984818,8998.477603619445,595145.2638563766,123979.99449750423,0,0,0,0,0,0,0,0,0,0,101.32684234997178,41.6156670746634,472.07530690475033,28.035393205261663,47.8032762134823,54.64935064935065,14.78226128645625,73.5896391277312,60.16257165502368,125.7516802263884,0,0,0,0,0,0,0,0,0,0,20339.687392619533,6876.226344035401,144258.60061138336,5715.766064162013,12653.732920661281,6615.189610389611,2802.412105473432,10403.30638763214,12710.799402798002,23725.661282081517,0,0,0,0,0,0,0,0,0,0,28,8,36,10,10,2,10,80,0,0,0,0,0.010145914396887156,0.003936842105263158,0.03140977443609022,0.015835095137420718,0.0015014409221902017,0.0030168067226890756,0.002996710526315789,0.0032365328109696377,0.022391050583657587,0.03964114832535886,0.07226937269372695,0.023547568710359408,0.0043095100864553315,0.004630252100840336,0.004599342105263159,0.005284632034632036,0.023921692607003883,0.04631578947368422,0.08645756457564574,0.02451162790697674,0.004660518731988473,0.004831932773109243,0.004799671052631579,0.007755952380952379,0.033080645161290355,0.07767999999999993,0.0978081180811808,0.03986666666666656,0.0049413256484149865,0.0049932773109243695,0.004959934210526316,0.009733008658008665,0.45741758241758235,0.3770833333333333,0.38600990449239475,0.45879120879120877,0.8780737704918034,0.375,0.4591346153846154,0.4908265381764271,2.1811550151975685,2.1645290581162326,0.49481782808631053,2.1262295081967215,2.127142857142857,0.475,2.1271428571428572,2.1933527305282006,2.340577507598784,2.3322645290581163,0.6911646586345376,2.3131147540983608,2.3135714285714286,0.4875,2.3135714285714286,2.3466763652641003,2.4681155015197573,2.4664529058116234,0.938232931726907,2.462622950819672,2.462714285714286,0.4975,2.462714285714286,2.4693352730528204,396.5714285714438,396.70588235293735,396.5546218487403,392.7226890756035,396.67226890756405,99570662.18487394,9656646.99159664,0,25797296.403361343,54079728.94117647,3550462158.521008,3299278434.957983,1101199205.1092436,4446180739.226891,4079454913.6134453,0,0,0,0,0,14.924369747899158,1.9831932773109242,2.773109243697479,0.5546218487394958,16.974789915966387,0,0,0,0,0,60002.95798319327,16392.605042016807,599263.7310924369,39755.294117647056,75078.99159663865,1560.638655462185,265.4117647058823,2808.453781512605,1722.5882352941178,424.8571428571428,1763.9495798319329,377.0588235294117,1877.126050420168,2107.81512605042,529.0756302521008,0,0,0,0,0,0,0,0,0,0,0,0,0,0,0,0,0,0,0,0
1693106582,0.3713024464705633,0.36450620799635425,0.3159968772073314,0.07008440173924385,1.764902778200408,0.5240174672489089,0.25204577151210683,0.1703029500255456,0.1362397820163479,0.07941077207123153,0,0.07740537193281222,0.06745514233035087,0.45577862181226253,0.2730138244272923,3.168650589958345,9.068679489691313,49.993242665154824,0.3791678315858815,10.188968097860807,2.364604292576419,0.34373046057164025,0.63607295778379,1.4836208514986282,0.9731293859562032,0.00005418382807998492,0.305691206749748,1.1323050861177286,2.6318468062940847,1.059139103025489,2.413465902058669,7.996354937920032,49.2583367411428,0.210253205217731,7.516051486474147,1.5720524017467226,0.35286408011694925,0.43521865006528276,1.1126248864668529,0.7544023346767004,0,0.1290089532213537,0.719521518190404,1.2371134020618564,0.8438609118661733,50000,100000,50000,50000,50000,50000,10000,50000,50000,20000,50000,0,7434240,2162688,220594176,0,0,2838528,0,0,2973696,0,0,0,0,6082560,20.421634555881017,4.510764323954892,1.226811405628462,3.0837136765267266,226.94215378997657,314.14847161572055,0,1.2488883001873332,239.78201634877388,3.930833217525957,0,0,81.62072221972387,8.594682582745524,9.828497679382494,0,0,2162688,0,0,0,0,0,0,0,0,0,0,0,0,225292288,81244160,18128896,439984128,111808512,349663232,40820736,10964992,310304768,95162368,4952064,3993600,305532928,16994304,134160384,209645568,70963200,14462976,200048640,105025536,330485760,35819520,9732096,292233216,85020672,4055040,2568192,295477248,15814656,38658048,0,0,0,0,0,0,0,0,0,0,0,0,0,0,0,211537920,81117184,17756160,425553920,108863488,333168640,40579072,10719232,296652800,94773248,4796416,2912256,297779200,16609280,46567424,192749568,73818112,17756160,212258816,108863488,333168640,37740544,10719232,296652800,91799552,4796416,2912256,297779200,16609280,40620032,1073741824,1073741824,314572800,0,1073741824,1073741824,1073741824,314572800,1073741824,0,0,0,1073741824,314572800,2147483648,11.163002619888369,0,4.872884915900728,0,0,15.015760343501032,45537.031552568624,0,19976.54294019794,0,0,49178.22838847386,11.163002619888369,0,4.872884915900728,0,0,15.015760343501032,45537.031552568624,0,19976.54294019794,0,0,49178.22838847386,84.01884513411488,51.23811317201769,486.0012615847445,21.150752342197407,34.30965501623009,39.149066944392274,16.58010387534958,60.25258914595708,45.47724888866689,93.5031246315293,0,0,0,0,0,0,0,0,0,0,99247.22487407703,122416.74041992277,1571559.1974380123,100400.94161067474,334932.267683249,550504.5500332928,3038.878345984818,8998.477603619445,591751.1363068777,123979.99449750423,0,0,0,0,0,0,0,0,0,0,99.31927036631132,41.6156670746634,472.07530690475033,28.035393205261663,47.8032762134823,55.249184750132315,14.78226128645625,73.5896391277312,59.91209230308176,125.7516802263884,0,0,0,0,0,0,0,0,0,0,19936.700527354344,6876.226344035401,144258.60061138336,5715.766064162013,12653.732920661281,6737.805398576087,2802.412105473432,10403.30638763214,12479.171869536984,23725.661282081517,0,0,0,0,0,0,0,0,0,0,24,18,42,4,4,2,2,58,0,0,0,0,0.00996306818181818,0.003911528150134048,0.03130228136882129,0.015899209486166008,0.0016074498567335246,0.003018348623853211,0.002996627318718381,0.0032406959884001938,0.022373882820258192,0.03921182266009851,0.07207317073170731,0.023464426877470357,0.004330659025787966,0.00463302752293578,0.004599325463743677,0.005361344537815133,0.023932720953326714,0.04589901477832511,0.08636491557223264,0.0244100790513834,0.00467106017191977,0.0048348623853211,0.004799662731871837,0.007796218487394962,0.03414393939393935,0.07414285714285684,0.09779831144465291,0.036708333333333204,0.004943381088825216,0.004996330275229358,0.004959932546374368,0.009744117647058834,0.46075197889182057,0.375,0.3860267857142857,0.4604221635883905,0.8610038610038611,0.375,0.45121951219512196,0.48483754512635385,2.181914893617021,2.1627329192546587,0.49484821428571435,2.1305019305019304,2.104,0.475,2.104,2.1887197851387645,2.3409574468085106,2.331366459627329,0.6915991902834009,2.315250965250965,2.302,0.4875,2.302,2.3443598925693823,2.4681914893617023,2.4662732919254657,0.9383198380566805,2.4630501930501927,2.4604000000000004,0.4975,2.4604000000000004,2.4688719785138766,396.53781512604996,396.7058823529281,396.5042016806658,392.67226890755853,396.6722689075577,99571006.38655461,9656646.99159664,0,25797296.403361343,54079728.94117647,3408511457.882353,3242414252.10084,1101198447.8655462,4446168485.6470585,4079452573.0420165,0,0,0,0,0,14.857142857142856,2.0504201680672267,2.773109243697479,0.5546218487394958,17.04201680672269,0,0,0,0,0,59839.46218487395,17115.428571428572,599263.7310924369,39755.294117647056,75319.93277310923,1566.487394957983,268.5378151260504,2811.2268907563025,1726.016806722689,424.6050420168067,1769.4117647058824,380.10084033613447,1878.4033613445379,2111.243697478991,528.8235294117648,0,0,0,0,0,0,0,0,0,0,0,0,0,0,0,0,0,0,0,0
1693106583,0.3713024464705633,0.41681863179284073,0.3159968772073314,0.07148101077251107,1.764902778200408,0.5965540232305152,0.2592464569650884,0.1703029500255456,0.1362397820163479,0.07941077207123153,0,0.07740537193281222,0.06745514233035087,0.45577862181226253,0.2730138244272923,3.168650589958345,9.158779532468438,49.993242665154824,0.38672371000640987,10.188968097860807,2.490078424044639,0.3422786726581408,0.63607295778379,1.4836208514986282,0.9731293859562032,0.00008929450657663408,0.305691206749748,1.1323050861177286,2.6318468062940847,1.059139103025489,2.413465902058669,8.006391219020822,49.2583367411428,0.2144430323175327,7.516051486474147,1.6843878302979398,0.36726581403387476,0.43521865006528276,1.1126248864668529,0.7544023346767004,0,0.1290089532213537,0.719521518190404,1.2371134020618564,0.8438609118661733,50000,100000,50000,50000,50000,50000,10000,50000,50000,20000,50000,0,7569408,2162688,220594176,0,0,2838528,0,0,2973696,0,0,0,0,6082560,20.421634555881017,4.585004949721252,1.226811405628462,3.1451644739904845,226.94215378997657,332.35077376565954,0,1.2488883001873332,239.78201634877388,3.930833217525957,0,0,81.62072221972387,8.594682582745524,9.828497679382494,0,0,2162688,0,0,0,0,0,0,0,0,0,0,0,0,225292288,81596416,18128896,439984128,111808512,349663232,40820736,10964992,310304768,95162368,4952064,3993600,305532928,16994304,134160384,209645568,71098368,14462976,200048640,105025536,330485760,35819520,9732096,292233216,85020672,4055040,2568192,295477248,15814656,38658048,0,0,0,0,0,0,0,0,0,0,0,0,0,0,0,211537920,81338368,17756160,425553920,108863488,333328384,40579072,10719232,296652800,94773248,4796416,2912256,297779200,16609280,46567424,192749568,73768960,17756160,212258816,108863488,333328384,37740544,10719232,296652800,91799552,4796416,2912256,297779200,16609280,40620032,1073741824,1073741824,314572800,0,1073741824,1073741824,1073741824,314572800,1073741824,0,0,0,1073741824,314572800,2147483648,10.906754198579343,0,4.96889042516419,0,0,15.015760343501032,43455.84327619444,0,20795.022468026273,0,0,49178.22838847386,10.906754198579343,0,4.96889042516419,0,0,15.015760343501032,43455.84327619444,0,20795.022468026273,0,0,49178.22838847386,82.32054550939303,51.23811317201769,486.38139300437444,21.150752342197407,34.30965501623009,32.72044689098592,16.58010387534958,60.25258914595708,45.47724888866689,93.5031246315293,0,0,0,0,0,0,0,0,0,0,97241.10916885301,122416.74041992277,1579483.7350807393,100400.94161067474,334932.267683249,463815.7409724208,3038.878345984818,8998.477603619445,591751.1363068777,123979.99449750423,0,0,0,0,0,0,0,0,0,0,97.31169838265086,41.6156670746634,473.8879187744153,28.035393205261663,47.8032762134823,46.165284529596796,14.78226128645625,73.5896391277312,59.91209230308176,125.7516802263884,0,0,0,0,0,0,0,0,0,0,19533.713662089158,6876.226344035401,145416.13710417828,5715.766064162013,12653.732920661281,5609.82343993264,2802.412105473432,10403.30638763214,12479.171869536984,23725.661282081517,0,0,0,0,0,0,0,0,0,0,48,16,58,18,18,2,18,126,0,0,0,0,0.00996306818181818,0.003911528150134048,0.03130228136882129,0.015899209486166008,0.0014722222222222224,0.0030168067226890756,0.00299685534591195,0.0032406959884001938,0.022373882820258192,0.03921182266009851,0.07207317073170731,0.023464426877470357,0.004303333333333333,0.004630252100840336,0.00459937106918239,0.005361344537815133,0.023932720953326714,0.04589901477832511,0.08636491557223264,0.0244100790513834,0.004657222222222222,0.004831932773109243,0.004799685534591195,0.007796218487394962,0.03414393939393935,0.07414285714285684,0.09779831144465291,0.036708333333333204,0.004940333333333333,0.0049932773109243695,0.004959937106918238,0.009744117647058834,0.46075197889182057,0.375,0.3860267857142857,0.4604221635883905,0.8832046332046332,0.375,0.4600923482849604,0.48483754512635385,2.181914893617021,2.1627329192546587,0.49484821428571435,2.1305019305019304,2.1296511627906973,0.475,2.1296511627906973,2.1887197851387645,2.3409574468085106,2.331366459627329,0.6915991902834009,2.315250965250965,2.314825581395349,0.4875,2.314825581395349,2.3443598925693823,2.4681914893617023,2.4662732919254657,0.9383198380566805,2.4630501930501927,2.4629651162790696,0.4975,2.4629651162790696,2.4688719785138766,396.5210084033551,396.7058823529377,396.42016806721506,392.890756302526,396.65546218486065,99571006.38655461,9656646.99159664,0,25797296.403361343,54079728.94117647,3408636540.773109,3242433320.8739495,1166479600.9411764,4631405507.764706,4001026357.7815123,0,0,0,0,0,14.80672268907563,2.0504201680672267,4.80672268907563,0.6218487394957983,17.092436974789916,0,0,0,0,0,59684.57142857143,17115.428571428572,1059805.5798319327,40082.28571428571,75492.03361344537,1565.8319327731092,268.48739495798316,2809.226890756302,1734.2016806722688,426.8571428571428,1768.9747899159663,380.03361344537814,1876.5378151260504,2119.4789915966385,531.109243697479,0,0,0,0,0,0,0,0,0,0,0,0,0,0,0,0,0,0,0,0
1693106584,0.3713024464705633,0.41681863179284073,0.3159968772073314,0.07287761980577831,1.764902778200408,0.5965540232305152,0.2592464569650884,0.1703029500255456,0.1362397820163479,0.07941077207123153,0,0.07740537193281222,0.06745514233035087,0.45577862181226253,0.2730138244272923,3.168650589958345,9.158779532468438,49.993242665154824,0.3942795884269382,10.188968097860807,2.490078424044639,0.3422786726581408,0.63607295778379,1.4836208514986282,0.9731293859562032,0.00008929450657663408,0.305691206749748,1.1323050861177286,2.6318468062940847,1.059139103025489,2.413465902058669,8.006391219020822,49.2583367411428,0.21863285941733437,7.516051486474147,1.6843878302979398,0.36726581403387476,0.43521865006528276,1.1126248864668529,0.7544023346767004,0,0.1290089532213537,0.719521518190404,1.2371134020618564,0.8438609118661733,50000,100000,50000,50000,50000,50000,10000,50000,50000,20000,50000,0,7569408,2162688,220594176,0,0,2838528,0,0,2973696,0,0,0,0,6082560,20.421634555881017,4.585004949721252,1.226811405628462,3.2066152714542424,226.94215378997657,332.35077376565954,0,1.2488883001873332,239.78201634877388,3.930833217525957,0,0,81.62072221972387,8.594682582745524,9.828497679382494,0,0,2162688,0,0,0,0,0,0,0,0,0,0,0,0,225292288,81596416,18128896,439984128,111808512,349663232,40820736,10964992,310304768,95162368,4952064,3993600,305532928,16994304,134160384,209645568,71098368,14462976,200048640,105025536,330485760,35819520,9732096,292233216,85020672,4055040,2568192,295477248,15814656,38658048,0,0,0,0,0,0,0,0,0,0,0,0,0,0,0,211537920,81338368,17756160,425553920,108863488,333328384,40579072,10719232,296652800,94773248,4796416,2912256,297779200,16609280,46567424,192749568,73768960,17756160,212258816,108863488,333328384,37740544,10719232,296652800,91799552,4796416,2912256,297779200,16609280,40620032,1073741824,1073741824,314572800,0,1073741824,1073741824,1073741824,314572800,1073741824,0,0,0,1073741824,314572800,2147483648,10.906754198579343,0,4.96889042516419,0,0,15.015760343501032,43455.84327619444,0,20795.022468026273,0,0,49178.22838847386,10.906754198579343,0,4.96889042516419,0,0,15.015760343501032,43455.84327619444,0,20795.022468026273,0,0,49178.22838847386,103.54356580787574,51.08225108225108,486.38139300437444,21.150752342197407,34.30965501623009,33.36901868268039,14.159040262795756,60.25258914595708,45.47724888866689,93.5031246315293,0,0,0,0,0,0,0,0,0,0,120193.9777916323,122162.13876213875,1579483.7350807393,100400.94161067474,334932.267683249,473009.31363788,2595.134576841124,8998.477603619445,591751.1363068777,123979.99449750423,0,0,0,0,0,0,0,0,0,0,122.38192326486599,41.72224172224172,473.8879187744153,28.035393205261663,47.8032762134823,47.080354589648266,12.623722643938386,73.5896391277312,59.91209230308176,125.7516802263884,0,0,0,0,0,0,0,0,0,0,24603.87214181004,6831.005031005031,145416.13710417828,5715.766064162013,12653.732920661281,5721.019147364407,2393.1976622497446,10403.30638763214,12479.171869536984,23725.661282081517,0,0,0,0,0,0,0,0,0,0,38,24,76,10,10,2,10,70,0,0,0,0,0.00996306818181818,0.003911528150134048,0.03130228136882129,0.015899209486166008,0.0014722222222222224,0.0030168067226890756,0.00299685534591195,0.0032406959884001938,0.022373882820258192,0.03921182266009851,0.07207317073170731,0.023464426877470357,0.004303333333333333,0.004630252100840336,0.00459937106918239,0.005361344537815133,0.023932720953326714,0.04589901477832511,0.08636491557223264,0.0244100790513834,0.004657222222222222,0.004831932773109243,0.004799685534591195,0.007796218487394962,0.03414393939393935,0.07414285714285684,0.09779831144465291,0.036708333333333204,0.004940333333333333,0.0049932773109243695,0.004959937106918238,0.009744117647058834,0.46075197889182057,0.375,0.3860267857142857,0.4604221635883905,0.8832046332046332,0.375,0.4600923482849604,0.48483754512635385,2.181914893617021,2.1627329192546587,0.49484821428571435,2.1305019305019304,2.1296511627906973,0.475,2.1296511627906973,2.1887197851387645,2.3409574468085106,2.331366459627329,0.6915991902834009,2.315250965250965,2.314825581395349,0.4875,2.314825581395349,2.3443598925693823,2.4681914893617023,2.4662732919254657,0.9383198380566805,2.4630501930501927,2.4629651162790696,0.4975,2.4629651162790696,2.4688719785138766,396.47058823530017,396.6722689075699,396.3697478991724,392.7731092437129,396.58823529411427,82976148.4369748,9656646.99159664,0,25797296.403361343,54079728.94117647,3479827980.9075627,3242470150.4537816,1166485177.0084033,4631459065.546218,4079443899.1596637,0,0,0,0,0,14.890756302521007,2.134453781512605,4.80672268907563,0.48739495798319327,17.210084033613445,0,0,0,0,0,59942.72268907563,22484.974789915967,1059805.5798319327,33748.97478991596,75862.05042016806,1577.0252100840337,269.0252100840336,2808,1737.5798319327732,427.6470588235294,1780.1008403361345,380.5042016806723,1875.2436974789916,2122.8067226890753,531.8319327731093,0,0,0,0,0,0,0,0,0,0,0,0,0,0,0,0,0,0,0,0
1693106585,0.3713024464705633,0.3497146643060356,0.3159968772073314,0.0837965419960337,1.764902778200408,0.5965540232305152,0.2592464569650884,0.1703029500255456,0.1362397820163479,0.07941077207123153,0,0.07740537193281222,0.06745514233035087,0.45577862181226253,0.2730138244272923,3.168650589958345,7.965784505831146,49.993242665154824,0.45335270523169857,10.188968097860807,2.490078424044639,0.3422786726581408,0.63607295778379,1.4836208514986282,0.9731293859562032,0.00008929450657663408,0.305691206749748,1.1323050861177286,2.6318468062940847,1.059139103025489,2.413465902058669,7.0560076386453074,49.2583367411428,0.25138962598810044,7.516051486474147,1.6843878302979398,0.36726581403387476,0.43521865006528276,1.1126248864668529,0.7544023346767004,0,0.1290089532213537,0.719521518190404,1.2371134020618564,0.8438609118661733,50000,100000,50000,50000,50000,50000,10000,50000,50000,20000,50000,0,7569408,2162688,220594176,0,0,2838528,0,0,2973696,0,0,0,0,6082560,20.421634555881017,5.43086302216432,1.226811405628462,3.6870478478254793,226.94215378997657,332.35077376565954,0,1.2488883001873332,239.78201634877388,3.930833217525957,0,0,81.62072221972387,8.594682582745524,9.828497679382494,0,0,2162688,0,0,0,0,0,0,0,0,0,0,0,0,225292288,81596416,18128896,439984128,111808512,349663232,40820736,10964992,310304768,95162368,4952064,3993600,305532928,16994304,134160384,209645568,71098368,14462976,200048640,105025536,330485760,35819520,9732096,292233216,85020672,4055040,2568192,295477248,15814656,38658048,0,0,0,0,0,0,0,0,0,0,0,0,0,0,0,211537920,81338368,17756160,425553920,108863488,333328384,40579072,10719232,296652800,94773248,4796416,2912256,297779200,16609280,46567424,192749568,73768960,17756160,212258816,108863488,333328384,37740544,10719232,296652800,91799552,4796416,2912256,297779200,16609280,40620032,1073741824,1073741824,314572800,0,1073741824,1073741824,1073741824,314572800,1073741824,0,0,0,1073741824,314572800,2147483648,9.462867387104495,0,4.96889042516419,0,0,15.015760343501032,38854.69806305779,0,20795.022468026273,0,0,49178.22838847386,9.462867387104495,0,4.96889042516419,0,0,15.015760343501032,38854.69806305779,0,20795.022468026273,0,0,49178.22838847386,104.73901798260799,51.08225108225108,486.38139300437444,21.150752342197407,34.30965501623009,38.91430750166809,13.882705198206596,60.25258914595708,45.47724888866689,73.7238281578726,0,0,0,0,0,0,0,0,0,0,120013.31894181618,122162.13876213875,1579483.7350807393,100400.94161067474,334932.267683249,551614.359927557,2544.4866044080436,8998.477603619445,591751.1363068777,100048.15146638056,0,0,0,0,0,0,0,0,0,0,123.61770156609576,41.72224172224172,473.8879187744153,28.035393205261663,47.8032762134823,54.904203603088355,12.377351622497448,73.5896391277312,59.91209230308176,100.2581629218211,0,0,0,0,0,0,0,0,0,0,24889.8437977313,6831.005031005031,145416.13710417828,5715.766064162013,12653.732920661281,6671.742445906014,2346.4907938251877,10403.30638763214,12479.171869536984,19113.383709921738,0,0,0,0,0,0,0,0,0,0,46,16,54,10,10,2,10,98,0,0,0,0,0.00996306818181818,0.003911528150134048,0.03130228136882129,0.015899209486166008,0.0014722222222222224,0.0030168067226890756,0.00299685534591195,0.0032476717845456833,0.022373882820258192,0.03921182266009851,0.07207317073170731,0.023464426877470357,0.004303333333333333,0.004630252100840336,0.00459937106918239,0.00548404255319149,0.023932720953326714,0.04589901477832511,0.08636491557223264,0.0244100790513834,0.004657222222222222,0.004831932773109243,0.004799685534591195,0.007859042553191484,0.03414393939393935,0.07414285714285684,0.09779831144465291,0.036708333333333204,0.004940333333333333,0.0049932773109243695,0.004959937106918238,0.009759042553191492,0.46075197889182057,0.375,0.3860267857142857,0.4604221635883905,0.8832046332046332,0.375,0.4600923482849604,0.471,2.181914893617021,2.1627329192546587,0.49484821428571435,2.1305019305019304,2.1296511627906973,0.475,2.1296511627906973,2.176917510853835,2.3409574468085106,2.331366459627329,0.6915991902834009,2.315250965250965,2.314825581395349,0.4875,2.314825581395349,2.338458755426917,2.4681914893617023,2.4662732919254657,0.9383198380566805,2.4630501930501927,2.4629651162790696,0.4975,2.4629651162790696,2.4676917510853835,396.554621848747,396.60504201679873,396.4537815125952,392.68907563024385,396.45378151261724,82976010.75630252,9656853.512605041,0,25797296.403361343,36053473.88235294,3550885595.428571,3185658148.5714283,1102199592.8739495,4724171027.361344,4079410993.4789915,0,0,0,0,0,14.991596638655462,2.134453781512605,4.80672268907563,0.48739495798319327,17.327731092436974,0,0,0,0,0,59392,22484.974789915967,1059805.5798319327,33748.97478991596,76257.88235294117,1577.4957983193276,267.4117647058823,2808.9579831932774,1746.689075630252,430.38655462184875,1780.7731092436973,378.9411764705882,1875.2605042016803,2131.8823529411766,534.5714285714287,0,0,0,0,0,0,0,0,0,0,0,0,0,0,0,0,0,0,0,0
1693106586,0.3713024464705633,0.3568132596192924,0.3159968772073314,0.0837965419960337,1.764902778200408,0.4238613942302064,0.2592464569650884,0.1475743583593189,0.1362397820163479,0.07941077207123153,0,0.07740537193281222,0.06745514233035087,0.45577862181226253,0.2730138244272923,3.168650589958345,8.127475982714778,49.993242665154824,0.45335270523169857,10.188968097860807,1.9079315515361448,0.3422786726581408,0.5238345787266628,1.4836208514986282,0.9731293859562032,0.00008929450657663408,0.305691206749748,1.1323050861177286,2.6318468062940847,1.059139103025489,2.413465902058669,7.19923223820102,49.2583367411428,0.25138962598810044,7.516051486474147,1.3139703221136543,0.36726581403387476,0.2705529903254185,1.1126248864668529,0.7544023346767004,0,0.1290089532213537,0.719521518190404,1.2371134020618564,0.8438609118661733,50000,100000,50000,50000,50000,50000,10000,50000,50000,20000,50000,0,7569408,2162688,220594176,0,0,2838528,0,0,2973696,0,0,0,0,6082560,20.421634555881017,5.541100031734897,1.226811405628462,3.6870478478254793,226.94215378997657,255.9698959756226,0,1.6233179419525066,239.78201634877388,3.930833217525957,0,0,81.62072221972387,8.594682582745524,9.828497679382494,0,0,2162688,0,0,0,0,0,0,0,0,0,0,0,0,225292288,81596416,18128896,439984128,111808512,349663232,40820736,10964992,310304768,95162368,4952064,3993600,305532928,16994304,134160384,209645568,71098368,14462976,200048640,105025536,330485760,35819520,9732096,292233216,85020672,4055040,2568192,295477248,15814656,38658048,0,0,0,0,0,0,0,0,0,0,0,0,0,0,0,211537920,81338368,17756160,425553920,108863488,333328384,40579072,10719232,296652800,94773248,4796416,2912256,297779200,16609280,46567424,192749568,73768960,17756160,212258816,108863488,333328384,37740544,10719232,296652800,91799552,4796416,2912256,297779200,16609280,40620032,1073741824,1073741824,314572800,0,1073741824,1073741824,1073741824,314572800,1073741824,0,0,0,1073741824,314572800,2147483648,9.654947024992623,0,4.96889042516419,0,0,15.015760343501032,39643.38039674188,0,20795.022468026273,0,0,49178.22838847386,9.654947024992623,0,4.96889042516419,0,0,15.015760343501032,39643.38039674188,0,20795.022468026273,0,0,49178.22838847386,104.73901798260799,51.08225108225108,486.38139300437444,21.150752342197407,34.30965501623009,38.91430750166809,13.606370133617437,60.25258914595708,45.47724888866689,75.2144029285534,0,0,0,0,0,0,0,0,0,0,120013.31894181618,122162.13876213875,1579483.7350807393,100400.94161067474,334932.267683249,551614.359927557,2493.8386319749634,8998.477603619445,591751.1363068777,102070.96083690987,0,0,0,0,0,0,0,0,0,0,123.61770156609576,41.72224172224172,473.8879187744153,28.035393205261663,47.8032762134823,54.904203603088355,12.13098060105651,73.5896391277312,59.91209230308176,102.28521837919718,0,0,0,0,0,0,0,0,0,0,24889.8437977313,6831.005031005031,145416.13710417828,5715.766064162013,12653.732920661281,6671.742445906014,2299.7839254006303,10403.30638763214,12479.171869536984,19499.8249495077,0,0,0,0,0,0,0,0,0,0,36,26,62,6,6,2,6,42,0,0,0,0,0.00996306818181818,0.003911528150134048,0.03130228136882129,0.015899209486166008,0.0014722222222222224,0.0030168067226890756,0.00299685534591195,0.003235182550972025,0.022373882820258192,0.03921182266009851,0.07207317073170731,0.023464426877470357,0.004303333333333333,0.004630252100840336,0.00459937106918239,0.005259493670886088,0.023932720953326714,0.04589901477832511,0.08636491557223264,0.0244100790513834,0.004657222222222222,0.004831932773109243,0.004799685534591195,0.007745780590717305,0.03414393939393935,0.07414285714285684,0.09779831144465291,0.036708333333333204,0.004940333333333333,0.0049932773109243695,0.004959937106918238,0.009734810126582276,0.46075197889182057,0.375,0.3860267857142857,0.4604221635883905,0.8832046332046332,0.375,0.4600923482849604,0.4918772563176896,2.181914893617021,2.1627329192546587,0.49484821428571435,2.1305019305019304,2.1296511627906973,0.475,2.1296511627906973,2.19416089965398,2.3409574468085106,2.331366459627329,0.6915991902834009,2.315250965250965,2.314825581395349,0.4875,2.314825581395349,2.34708044982699,2.4681914893617023,2.4662732919254657,0.9383198380566805,2.4630501930501927,2.4629651162790696,0.4975,2.4629651162790696,2.469416089965398,396.3529411764643,396.6050420168094,396.487394957976,392.5210084033846,396.5714285714187,82976010.75630252,19313500.50420168,0,25797296.403361343,36053405.042016804,3550970819.7647057,3185700072.3361344,1103223386.352941,4724164281.008403,4079443623.7983193,0,0,0,0,0,14.991596638655462,2.134453781512605,4.756302521008403,0.5378151260504201,17.19327731092437,0,0,0,0,0,59392,22484.974789915967,1059599.0588235294,33955.49579831932,75767.3949579832,1575.0252100840335,268.30252100840335,2807.546218487395,1733.8319327731092,427.88235294117646,1777.764705882353,379.78151260504194,1873.579831932773,2119.4285714285716,532.0336134453781,0,0,0,0,0,0,0,0,0,0,0,0,0,0,0,0,0,0,0,0
1693106587,0.3038858701843128,0.36391185493254924,0.2392493789187273,0.07339576175712044,1.784651992861393,0.4326176549566258,0.2592464569650884,0.17989925641640697,0.1362397820163479,0.07941077207123153,0,0.07740537193281222,0.06745514233035087,0.45577862181226253,0.2730138244272923,2.6925616162460626,8.289167459598412,40.449804514615096,0.39708281932095413,10.124964378346206,1.9473461959006153,0.3422786726581408,0.6385760524106499,1.4836208514986282,0.9731293859562032,0.00008929450657663408,0.305691206749748,1.1323050861177286,2.6318468062940847,1.059139103025489,2.0719491148930356,7.342456837756732,39.85894652785993,0.22018728527136078,7.47570890343049,1.3411147303655546,0.36726581403387476,0.32981530343008014,1.1126248864668529,0.7544023346767004,0,0.1290089532213537,0.719521518190404,1.2371134020618564,0.8438609118661733,50000,100000,50000,50000,50000,50000,10000,50000,50000,20000,50000,0,7569408,2162688,220594176,0,0,2838528,0,0,2973696,0,0,0,0,6082560,20.056467432164585,5.651337041305473,0,3.2294135173132963,249.970255800119,261.25780182830727,0,1.978891820580475,239.78201634877388,3.930833217525957,0,0,81.62072221972387,8.594682582745524,9.828497679382494,0,0,2162688,0,0,0,0,0,0,0,0,0,0,0,0,225292288,81596416,18128896,439984128,112103424,349663232,40820736,10964992,310304768,95162368,4952064,3993600,305532928,16994304,134160384,209645568,71098368,14462976,200048640,105160704,330485760,35819520,9732096,292233216,85020672,4055040,2568192,295477248,15814656,38658048,0,0,0,0,0,0,0,0,0,0,0,0,0,0,0,211537920,81338368,17756160,425553920,109002752,333328384,40579072,10719232,296652800,94773248,4796416,2912256,297779200,16609280,46567424,192749568,73768960,17756160,212258816,109002752,333328384,37740544,10719232,296652800,91799552,4796416,2912256,297779200,16609280,40620032,1073741824,1073741824,314572800,0,1073741824,1073741824,1073741824,314572800,1073741824,0,0,0,1073741824,314572800,2147483648,9.847026662880749,0,4.96889042516419,0,0,15.015760343501032,40432.06273042597,0,20795.022468026273,0,0,49178.22838847386,9.847026662880749,0,4.96889042516419,0,0,15.015760343501032,40432.06273042597,0,20795.022468026273,0,0,49178.22838847386,104.73901798260799,51.08225108225108,486.38139300437444,21.150752342197407,34.30965501623009,38.91430750166809,13.330035069028277,62.335433862903464,45.47724888866689,89.43448624084827,0,0,0,0,0,0,0,0,0,0,120013.31894181618,122162.13876213875,1579483.7350807393,100400.94161067474,334932.267683249,551614.359927557,2443.190659541883,9311.765924085086,591751.1363068777,121368.56223175966,0,0,0,0,0,0,0,0,0,0,123.61770156609576,41.72224172224172,473.8879187744153,28.035393205261663,47.8032762134823,54.904203603088355,11.884609579615573,75.97408360699387,59.91209230308176,121.62332744256501,0,0,0,0,0,0,0,0,0,0,24889.8437977313,6831.005031005031,145416.13710417828,5715.766064162013,12653.732920661281,6671.742445906014,2253.077056976073,10786.071418005384,12479.171869536984,23186.474375157788,0,0,0,0,0,0,0,0,0,0,20,18,42,10,4,2,6,82,0,0,0,0,0.009972004479283314,0.0039786096256684495,0.03137659414853713,0.015895000000000003,0.0015517241379310342,0.003018348623853211,0.003,0.003228003784295176,0.02241043307086614,0.03966063348416291,0.07205555555555557,0.023490999999999998,0.004319540229885057,0.00463302752293578,0.004605333333333334,0.005119825708061016,0.023970964566929126,0.04596153846153848,0.08630555555555554,0.0244405,0.004665517241379311,0.0048348623853211,0.004806,0.007685185185185189,0.035319444444444244,0.07215000000000009,0.09770555555555557,0.03782692307692305,0.004942298850574712,0.004996330275229358,0.004966533333333333,0.009737472766884536,0.4608753315649867,0.375,0.3857142857142857,0.46043882978723405,0.8715953307392997,0.375,0.45504087193460496,0.4922214182344429,2.1822645290581164,2.1637826961770625,0.49428571428571433,2.130544747081712,2.115744680851064,0.475,2.115744680851064,2.194420415224914,2.3411322645290573,2.331891348088531,0.6833333333333331,2.3152723735408562,2.3078723404255315,0.4875,2.307872340425532,2.3472102076124566,2.468226452905811,2.4663782696177057,0.936666666666667,2.4630544747081706,2.4615744680851064,0.4975,2.4615744680851064,2.469442041522491,396.3529411764739,396.689075630244,396.3361344538107,392.638655462176,396.4369747899131,82976010.75630252,19313500.50420168,0,25797296.403361343,36053405.042016804,3479995951.327731,3242551313.210084,1168511079.2605042,4724311186.285714,4157830600.067227,0,0,0,0,0,14.957983193277311,2.134453781512605,4.756302521008403,0.5378151260504201,17.22689075630252,0,0,0,0,0,60114.82352941176,22484.974789915967,1059599.0588235294,33955.49579831932,75862.05042016806,1579.81512605042,268.67226890756297,2809.714285714286,1745.0084033613446,429.0252100840336,1782.6218487394956,380.1848739495798,1875.8487394957983,2130.8739495798322,533.2268907563025,0,0,0,0,0,0,0,0,0,0,0,0,0,0,0,0,0,0,0,0
1693106588,0.31015110609892327,0.42591571879540996,0.24417859537048014,0.07199915272385321,1.784651992861393,0.4413739156830451,0.2592464569650884,0.17989925641640697,0.1362397820163479,0.07941077207123153,0,0.07740537193281222,0.06745514233035087,0.5360173907864557,0.2730138244272923,2.7480743445284768,9.701488613017986,41.28318532749218,0.38952694090042583,10.124964378346206,1.9867608402650863,0.3422786726581408,0.6385760524106499,1.4836208514986282,0.9731293859562032,0.00008929450657663408,0.305691206749748,1.1323050861177286,2.584807897322898,1.059139103025489,2.1146666324926526,8.593475973342686,40.68015398872195,0.21599745817155908,7.47570890343049,1.3682591386174547,0.36726581403387476,0.32981530343008014,1.1126248864668529,0.7544023346767004,0,0.1290089532213537,0.719521518190404,1.191149757303238,0.8438609118661733,50000,100000,50000,50000,50000,50000,10000,50000,50000,20000,50000,0,7569408,2162688,220594176,0,0,2838528,0,0,2973696,0,0,0,0,6082560,20.469973002528878,6.614220574234604,0,3.1679627198495384,249.970255800119,266.54570768099194,0,1.978891820580475,239.78201634877388,3.930833217525957,0,0,81.62072221972387,11.792382597302044,9.828497679382494,0,0,2162688,0,0,0,0,0,0,0,0,0,0,0,0,225292288,81596416,18128896,439984128,112103424,349663232,40820736,10964992,310304768,95162368,4952064,3993600,305532928,16994304,134160384,209645568,71098368,14462976,200048640,105160704,330485760,35819520,9732096,292233216,85020672,4055040,2568192,295477248,15814656,38658048,0,0,0,0,0,0,0,0,0,0,0,0,0,0,0,211537920,81338368,17756160,425553920,109002752,333328384,40579072,10719232,296652800,94773248,4796416,2912256,297779200,16609280,46567424,192749568,73768960,17756160,212258816,109002752,333328384,37740544,10719232,296652800,91799552,4796416,2912256,297779200,16609280,40620032,1073741824,1073741824,314572800,0,1073741824,1073741824,1073741824,314572800,1073741824,0,0,0,1073741824,314572800,2147483648,11.524778273287568,0,4.96889042516419,0,0,15.015760343501032,47320.940021045244,0,20795.022468026273,0,0,49178.22838847386,11.524778273287568,0,4.96889042516419,0,0,15.015760343501032,47320.940021045244,0,20795.022468026273,0,0,49178.22838847386,104.73901798260799,51.08225108225108,492.0122365737593,18.170141320463074,34.32597776666905,38.91430750166809,13.053700004439118,62.335433862903464,45.47724888866689,89.43448624084827,0,0,0,0,0,0,0,0,0,0,120013.31894181618,122162.13876213875,1589917.6459162862,86252.21780569488,334788.2358542217,551614.359927557,2392.542687108803,9311.765924085086,591751.1363068777,121368.56223175966,0,0,0,0,0,0,0,0,0,0,123.61770156609576,41.72224172224172,480.04273089249295,24.084583293902398,47.89449879787664,54.904203603088355,11.638238558174637,75.97408360699387,59.91209230308176,121.62332744256501,0,0,0,0,0,0,0,0,0,0,24889.8437977313,6831.005031005031,147223.2931921919,4910.287608697938,12650.812921040728,6671.742445906014,2206.370188551516,10786.071418005384,12479.171869536984,23186.474375157788,0,0,0,0,0,0,0,0,0,0,38,32,68,16,18,2,18,100,0,0,0,0,0.009972004479283314,0.0039786096256684495,0.03137659414853713,0.015895000000000003,0.001474860335195531,0.0030168067226890756,0.003,0.003228003784295176,0.02241043307086614,0.03966063348416291,0.07205555555555557,0.023490999999999998,0.00430391061452514,0.004630252100840336,0.004605071315372425,0.005119825708061016,0.023970964566929126,0.04596153846153848,0.08630555555555554,0.0244405,0.004657541899441341,0.004831932773109243,0.004805705229793978,0.007685185185185189,0.035319444444444244,0.07215000000000009,0.09770555555555557,0.03782692307692305,0.004940446927374302,0.0049932773109243695,0.0049662123613312195,0.009737472766884536,0.4608753315649867,0.375,0.3857142857142857,0.46043882978723405,0.8822957198443581,0.375,0.4598806366047745,0.4922214182344429,2.1822645290581164,2.1637826961770625,0.49428571428571433,2.130544747081712,2.1291015625,0.475,2.1291015625,2.194420415224914,2.3411322645290573,2.331891348088531,0.6833333333333331,2.3152723735408562,2.31455078125,0.4875,2.31455078125,2.3472102076124566,2.468226452905811,2.4663782696177057,0.936666666666667,2.4630544747081706,2.46291015625,0.4975,2.46291015625,2.469442041522491,396.35294117645174,396.75630252099137,396.28571428571524,392.82352941176754,396.4537815126037,82976010.75630252,19313500.50420168,0,25797296.403361343,36053405.042016804,3338097431.6638656,3242506980.033613,1168518582.857143,4816934619.428571,4079395297.882353,0,0,0,0,0,14.84033613445378,2.1176470588235294,4.756302521008403,0.5378151260504201,17.142857142857142,0,0,0,0,0,59770.621848739494,22209.61344537815,1059599.0588235294,33955.49579831932,75535.05882352941,1576.5714285714287,268.6050420168067,2809.109243697479,1739.4453781512602,427.5126050420168,1779.3781512605042,380.1512605042017,1875.2605042016808,2126.9915966386557,531.6470588235294,0,0,0,0,0,0,0,0,0,0,0,0,0,0,0,0,0,0,0,0
1693106589,0.31641634201353386,0.42591571879540996,0.29575298710517,0.07060254369058598,1.784651992861393,0.4501301764094645,0.2592464569650884,0.17989925641640697,0.1362397820163479,0.08266967951720854,0,0.06684147379828166,0.06745514233035087,0.5360173907864557,0.24537561343903422,2.803587072810891,9.701488613017986,50.00284877262512,0.38197106247989754,10.124964378346206,2.0261754846295568,0.3422786726581408,0.6385760524106499,1.4836208514986282,0.9824300090936627,0.00008929450657663408,0.2639719993085762,1.1323050861177286,2.584807897322898,1.0887450943752364,2.1573841500922697,8.593475973342686,49.272447651721265,0.2118076310717574,7.47570890343049,1.395403546869355,0.36726581403387476,0.32981530343008014,1.1126248864668529,0.8266967951720926,0,0.11140245633046944,0.719521518190404,1.191149757303238,0.8493771234428089,50000,100000,50000,50000,50000,50000,10000,50000,50000,20000,50000,0,7569408,2162688,220594176,0,0,2838528,0,0,2973696,0,0,0,0,6082560,20.883478572893175,6.614220574234604,0,3.1065119223857804,249.970255800119,271.83361353367656,0,1.978891820580475,239.78201634877388,3.637465898757199,0,0,81.62072221972387,11.792382597302044,9.966024915062288,0,0,2162688,0,0,0,0,0,0,0,0,0,0,0,0,225292288,81596416,18128896,439984128,112103424,349663232,40820736,10964992,310304768,95162368,4952064,3993600,305532928,16994304,134160384,209645568,71098368,14462976,200048640,105160704,330485760,35819520,9732096,292233216,85020672,4055040,2568192,295477248,15814656,38658048,0,0,0,0,0,0,0,0,0,0,0,0,0,0,0,211537920,81338368,17756160,425553920,109002752,333328384,40579072,10719232,296652800,94773248,4796416,2912256,297779200,16609280,46723072,192749568,73768960,17756160,212258816,109002752,333328384,37740544,10719232,296652800,91799552,4796416,2912256,297779200,16609280,40640512,1073741824,1073741824,314572800,0,1073741824,1073741824,1073741824,314572800,1073741824,0,0,0,1073741824,314572800,2147483648,11.524778273287568,0,4.96889042516419,0,0,14.514911287278219,47320.940021045244,0,20795.022468026273,0,0,46580.596451491125,11.524778273287568,0,4.96889042516419,0,0,14.514911287278219,47320.940021045244,0,20795.022468026273,0,0,46580.596451491125,104.73901798260799,51.08225108225108,492.0122365737593,21.326082123373183,34.32597776666905,38.91430750166809,17.13164678239843,62.335433862903464,45.47724888866689,89.43448624084827,0,0,0,0,0,0,0,0,0,0,120013.31894181618,122162.13876213875,1589917.6459162862,99942.46917380672,334788.2358542217,551614.359927557,3124.529507037434,9311.765924085086,591751.1363068777,121368.56223175966,0,0,0,0,0,0,0,0,0,0,123.61770156609576,41.72224172224172,480.04273089249295,28.38917107040857,47.89449879787664,54.904203603088355,15.192645482126972,75.97408360699387,59.91209230308176,121.62332744256501,0,0,0,0,0,0,0,0,0,0,24889.8437977313,6831.005031005031,147223.2931921919,6004.480700494246,12650.812921040728,6671.742445906014,2878.527271482994,10786.071418005384,12479.171869536984,23186.474375157788,0,0,0,0,0,0,0,0,0,0,20,16,36,6,8,2,6,48,0,0,0,0,0.009972004479283314,0.0039786096256684495,0.03137659414853713,0.015895000000000003,0.001474860335195531,0.0030168067226890756,0.003,0.003228003784295176,0.02241043307086614,0.03966063348416291,0.07205555555555557,0.023490999999999998,0.00430391061452514,0.004630252100840336,0.004605071315372425,0.005119825708061016,0.023970964566929126,0.04596153846153848,0.08630555555555554,0.0244405,0.004657541899441341,0.004831932773109243,0.004805705229793978,0.007685185185185189,0.035319444444444244,0.07215000000000009,0.09770555555555557,0.03782692307692305,0.004940446927374302,0.0049932773109243695,0.0049662123613312195,0.009737472766884536,0.4608753315649867,0.375,0.3857142857142857,0.46043882978723405,0.8822957198443581,0.375,0.4598806366047745,0.4922214182344429,2.1822645290581164,2.1637826961770625,0.49428571428571433,2.130544747081712,2.1291015625,0.475,2.1291015625,2.194420415224914,2.3411322645290573,2.331891348088531,0.6833333333333331,2.3152723735408562,2.31455078125,0.4875,2.31455078125,2.3472102076124566,2.468226452905811,2.4663782696177057,0.936666666666667,2.4630544747081706,2.46291015625,0.4975,2.46291015625,2.469442041522491,396.45378151260877,396.70588235294986,396.2689075630121,392.9243697478969,396.2352941176493,82976010.75630252,19313500.50420168,0,25797296.403361343,36053405.042016804,3338199590.722689,3242455556.3025208,1168524296.605042,4909554541.714286,4157878375.2605042,0,0,0,0,0,14.84033613445378,2.1176470588235294,4.756302521008403,0.5378151260504201,17.058823529411764,0,0,0,0,0,59762.016806722684,22209.61344537815,1059599.0588235294,33955.49579831932,75328.53781512605,1572.2689075630253,267.7310924369748,2810.5210084033615,1730.5378151260502,425.79831932773106,1775.193277310924,378.9411764705882,1875.764705882353,2117.966386554622,529.9831932773109,0,0,0,0,0,0,0,0,0,0,0,0,0,0,0,0,0,0,0,0
1693106590,0.392763902686967,0.42591571879540996,0.29575298710517,0.06920593465731874,1.784651992861393,0.5253756435851615,0.2592464569650884,0.17989925641640697,0.15637216575449514,0.08266967951720854,0,0.06555138426606812,0.06745514233035087,0.5360173907864557,0.24537561343903422,3.336181087262893,9.701488613017986,50.00284877262512,0.3744151840593692,10.124964378346206,2.3648786618682416,0.3422786726581408,0.6385760524106499,1.552014289288495,0.9824300090936627,0.00005270587258422795,0.258877145862747,1.1323050861177286,2.584807897322898,1.0887450943752364,2.541413487974513,8.593475973342686,49.272447651721265,0.20761780397195573,7.47570890343049,1.6286644951140188,0.36726581403387476,0.32981530343008014,1.15715402658326,0.8266967951720926,0,0.10925230711011352,0.719521518190404,1.191149757303238,0.8493771234428089,50000,100000,50000,50000,50000,50000,10000,50000,50000,20000,50000,0,7569408,2162688,220594176,0,0,2838528,0,0,2973696,0,0,0,0,6082560,77.7672527320195,6.614220574234604,0,3.045061124922022,249.970255800119,317.2743511610802,0,1.978891820580475,297.2322126661454,3.637465898757199,0,0,81.62072221972387,11.792382597302044,9.966024915062288,0,0,2162688,0,0,0,0,0,0,0,0,0,0,0,0,225292288,81596416,18128896,439984128,112103424,349663232,40820736,10964992,310304768,95162368,4952064,3993600,305532928,16994304,134160384,209780736,71098368,14462976,200048640,105160704,330485760,35819520,9732096,292233216,85020672,4055040,2568192,295477248,15814656,38658048,0,0,0,0,0,0,0,0,0,0,0,0,0,0,0,211783680,81338368,17756160,425553920,109002752,333328384,40579072,10719232,296652800,94773248,4796416,2912256,297779200,16609280,46723072,192995328,73768960,17756160,212258816,109002752,333328384,37740544,10719232,296652800,91799552,4796416,2912256,297779200,16609280,40640512,1073741824,1073741824,314572800,0,1073741824,1073741824,1073741824,314572800,1073741824,0,0,0,1073741824,314572800,2147483648,11.524778273287568,0,4.96889042516419,0,0,14.514911287278219,47320.940021045244,0,20795.022468026273,0,0,46580.596451491125,11.524778273287568,0,4.96889042516419,0,0,14.514911287278219,47320.940021045244,0,20795.022468026273,0,0,46580.596451491125,104.73901798260799,51.08225108225108,492.0122365737593,21.326082123373183,34.32597776666905,38.9143075016681,17.13164678239843,62.335433862903464,45.47724888866689,89.43448624084827,0,0,0,0,0,0,0,0,0,0,120013.31894181618,122162.13876213875,1589917.6459162862,99942.46917380672,334788.2358542217,551614.359927557,3124.529507037434,9311.765924085086,591751.1363068777,121368.56223175966,0,0,0,0,0,0,0,0,0,0,123.61770156609576,41.72224172224172,480.04273089249295,28.38917107040857,47.89449879787664,54.90420360308836,15.192645482126972,75.97408360699387,59.91209230308176,121.62332744256501,0,0,0,0,0,0,0,0,0,0,24889.8437977313,6831.005031005031,147223.2931921919,6004.480700494246,12650.812921040728,6671.742445906015,2878.527271482994,10786.071418005384,12479.171869536984,23186.474375157788,0,0,0,0,0,0,0,0,0,0,40,30,88,10,10,2,10,72,0,0,0,0,0.009972004479283314,0.0039786096256684495,0.03137659414853713,0.015895000000000003,0.001474860335195531,0.0030168067226890756,0.003,0.0032323157110945642,0.02241043307086614,0.03966063348416291,0.07205555555555557,0.023490999999999998,0.00430391061452514,0.004630252100840336,0.004605071315372425,0.0052056179775280915,0.023970964566929126,0.04596153846153848,0.08630555555555554,0.0244405,0.004657541899441341,0.004831932773109243,0.004805705229793978,0.0077320224719101055,0.035319444444444244,0.07215000000000009,0.09770555555555557,0.03782692307692305,0.004940446927374302,0.0049932773109243695,0.0049662123613312195,0.00975314606741572,0.4608753315649867,0.375,0.3857142857142857,0.46043882978723405,0.8822957198443581,0.375,0.4598806366047745,0.4745809037900874,2.1822645290581164,2.1637826961770625,0.49428571428571433,2.130544747081712,2.1291015625,0.475,2.1291015625,2.1801564722617353,2.3411322645290573,2.331891348088531,0.6833333333333331,2.3152723735408562,2.31455078125,0.4875,2.31455078125,2.3400782361308674,2.468226452905811,2.4663782696177057,0.936666666666667,2.4630544747081706,2.46291015625,0.4975,2.46291015625,2.4680156472261734,396.33613445380485,396.6554621848918,396.31932773110526,392.94117647058744,396.2352941176591,82976010.75630252,19313500.50420168,0,25797296.403361343,36053473.88235294,3338187819.02521,3185523221.5126047,1104161542.4537814,4909564867.764706,4157922846.1176467,0,0,0,0,0,14.80672268907563,2.1176470588235294,4.756302521008403,0.5378151260504201,17.07563025210084,0,0,0,0,0,57800.06722689075,22209.61344537815,1059599.0588235294,33955.49579831932,75268.3025210084,1568.7899159663866,268.10084033613447,2807.378151260504,1732.2016806722688,425.6974789915966,1771.1764705882351,379.34453781512605,1873.563025210084,2119.9159663865544,529.9327731092436,0,0,0,0,0,0,0,0,0,0,0,0,0,0,0,0,0,0,0,0
1693106591,0.392763902686967,0.42591571879540996,0.29575298710517,0.06780932562405154,1.784651992861393,0.5253756435851615,0.2592464569650884,0.17989925641640697,0.15637216575449514,0.08266967951720854,0,0.06426129473385458,0.06745514233035087,0.5025933818503479,0.24537561343903422,3.336181087262893,9.701488613017986,50.00284877262512,0.3668593056388409,10.124964378346206,2.3648786618682416,0.3422786726581408,0.6385760524106499,1.552014289288495,0.9824300090936627,0.00005270587258422795,0.2537822924169178,1.1323050861177286,2.6874768244139764,1.0887450943752364,2.541413487974513,8.593475973342686,49.272447651721265,0.20342797687215408,7.47570890343049,1.6286644951140188,0.36726581403387476,0.32981530343008014,1.15715402658326,0.8266967951720926,0,0.10710215788975763,0.719521518190404,1.2665353222628781,0.8493771234428089,50000,100000,50000,50000,50000,50000,10000,50000,50000,20000,50000,0,7569408,2162688,220594176,0,0,2838528,0,0,2973696,0,0,0,0,6082560,77.7672527320195,6.614220574234604,0,2.9836103274582646,249.970255800119,317.2743511610802,0,1.978891820580475,297.2322126661454,3.637465898757199,0,0,81.62072221972387,9.287925696594428,9.966024915062288,0,0,2162688,0,0,0,0,0,0,0,0,0,0,0,0,225292288,81596416,18128896,439984128,112103424,349663232,40820736,10964992,310304768,95162368,4952064,3993600,305532928,17076224,134160384,209780736,71098368,14462976,200048640,105160704,330485760,35819520,9732096,292233216,85020672,4055040,2568192,295477248,15814656,38658048,0,0,0,0,0,0,0,0,0,0,0,0,0,0,0,211783680,81338368,17756160,425553920,109002752,333328384,40579072,10719232,296652800,94773248,4796416,2912256,297779200,16683008,46723072,192995328,73768960,17756160,212258816,109002752,333328384,37740544,10719232,296652800,91799552,4796416,2912256,297779200,16683008,40640512,1073741824,1073741824,314572800,0,1073741824,1073741824,1073741824,314572800,1073741824,0,0,0,1073741824,314572800,2147483648,11.524778273287568,0,4.96889042516419,0,0,14.514911287278219,47320.940021045244,0,20795.022468026273,0,0,46580.596451491125,11.524778273287568,0,4.96889042516419,0,0,14.514911287278219,47320.940021045244,0,20795.022468026273,0,0,46580.596451491125,104.73901798260799,51.08225108225108,492.0122365737593,21.02808782573026,34.32597776666905,38.9143075016681,17.13164678239843,61.98387443140778,38.80017814627974,89.43448624084827,0,0,0,0,0,0,0,0,0,0,120013.31894181618,122162.13876213875,1589917.6459162862,99186.55411386256,334788.2358542217,551614.359927557,3124.529507037434,9257.560080432619,504868.9194717769,121368.56223175966,0,0,0,0,0,0,0,0,0,0,123.61770156609576,41.72224172224172,480.04273089249295,27.893521017293118,47.89449879787664,54.90420360308836,15.192645482126972,75.68865548679305,51.11566577316041,121.62332744256501,0,0,0,0,0,0,0,0,0,0,24889.8437977313,6831.005031005031,147223.2931921919,5868.628424620566,12650.812921040728,6671.742445906015,2878.527271482994,10711.789625754058,10646.952124158524,23186.474375157788,0,0,0,0,0,0,0,0,0,0,28,14,28,4,2,2,2,60,0,0,0,0,0.009972004479283314,0.0039786096256684495,0.03137659414853713,0.015895000000000003,0.001474860335195531,0.0030168067226890756,0.003,0.003226207556193209,0.02241043307086614,0.03966063348416291,0.07205555555555557,0.023490999999999998,0.00430391061452514,0.004630252100840336,0.004605071315372425,0.005083333333333335,0.023970964566929126,0.04596153846153848,0.08630555555555554,0.0244405,0.004657541899441341,0.004831932773109243,0.004805705229793978,0.007669444444444437,0.035319444444444244,0.07215000000000009,0.09770555555555557,0.03782692307692305,0.004940446927374302,0.0049932773109243695,0.0049662123613312195,0.00973833333333333,0.4608753315649867,0.375,0.3857142857142857,0.46043882978723405,0.8822957198443581,0.375,0.4598806366047745,0.4872467438494935,2.1822645290581164,2.1637826961770625,0.49428571428571433,2.130544747081712,2.1291015625,0.475,2.1291015625,2.1906291537439073,2.3411322645290573,2.331891348088531,0.6833333333333331,2.3152723735408562,2.31455078125,0.4875,2.31455078125,2.3453145768719534,2.468226452905811,2.4663782696177057,0.936666666666667,2.4630544747081706,2.46291015625,0.4975,2.46291015625,2.469062915374391,396.30252100840414,396.6554621848674,396.3193277310789,393.04201680671656,396.3193277310981,82975941.91596638,19313500.50420168,0,25797296.403361343,36053886.924369745,3196252882.8235292,3128611056.9411764,1169538452.4369748,4817007865.546218,4236372673.6134453,0,0,0,0,0,14.941176470588236,2.1176470588235294,4.756302521008403,0.5714285714285714,16.974789915966387,0,0,0,0,0,58213.10924369748,22209.61344537815,1059599.0588235294,34506.21848739496,74924.10084033613,1557.81512605042,264.62184873949576,2809.2268907563025,1724.7899159663864,424.6218487394958,1760.9747899159663,376.1008403361344,1874.0336134453783,2112.285714285714,528.8403361344538,0,0,0,0,0,0,0,0,0,0,0,0,0,0,0,0,0,0,0,0
1693106592,0.392763902686967,0.42591571879540996,0.29575298710517,0.0664127165907843,1.784651992861393,0.5253756435851615,0.2592464569650884,0.17989925641640697,0.13979031452820734,0.08266967951720854,0,0.06297120520164104,0.06745514233035087,0.5025933818503479,0.24537561343903422,3.336181087262893,9.701488613017986,50.00284877262512,0.3593034272183126,10.124964378346206,2.3648786618682416,0.3422786726581408,0.6385760524106499,1.358577080379429,0.9824300090936627,0.00005270587258422795,0.24868743897108872,1.1323050861177286,2.6874768244139764,1.0887450943752364,2.541413487974513,8.593475973342686,49.272447651721265,0.1992381497723524,7.47570890343049,1.6286644951140188,0.36726581403387476,0.32981530343008014,1.0584123814278603,0.8266967951720926,0,0.10495200866940174,0.719521518190404,1.2665353222628781,0.8493771234428089,50000,100000,50000,50000,50000,50000,10000,50000,50000,20000,50000,0,7569408,2162688,220594176,0,0,2838528,0,0,2973696,0,0,0,0,6082560,77.7672527320195,6.614220574234604,0,2.9221595299945067,249.970255800119,317.2743511610802,0,1.978891820580475,199.02146779830252,3.637465898757199,0,0,81.62072221972387,9.287925696594428,9.966024915062288,0,0,2162688,0,0,0,0,0,0,0,0,0,0,0,0,225292288,81596416,18128896,439984128,112103424,349663232,40820736,10964992,310304768,95162368,4952064,3993600,305532928,17076224,134160384,209780736,71098368,14462976,200048640,105160704,330485760,35819520,9732096,292233216,85020672,4055040,2568192,295477248,15814656,38658048,0,0,0,0,0,0,0,0,0,0,0,0,0,0,0,211783680,81338368,17756160,425553920,109002752,333328384,40579072,10719232,296390656,94773248,4796416,2912256,297779200,16683008,46723072,192995328,73768960,17756160,212258816,109002752,333328384,37740544,10719232,296390656,91799552,4796416,2912256,297779200,16683008,40640512,1073741824,1073741824,314572800,0,1073741824,1073741824,1073741824,314572800,1073741824,0,0,0,1073741824,314572800,2147483648,11.524778273287568,0,4.96889042516419,0,0,14.514911287278219,47320.940021045244,0,20795.022468026273,0,0,46580.596451491125,11.524778273287568,0,4.96889042516419,0,0,14.514911287278219,47320.940021045244,0,20795.022468026273,0,0,46580.596451491125,104.73901798260799,51.08225108225108,492.0122365737593,21.02808782573026,34.32597776666905,38.9143075016681,17.13164678239843,61.98387443140778,46.48015244065322,89.43448624084827,0,0,0,0,0,0,0,0,0,0,120013.31894181618,122162.13876213875,1589917.6459162862,99186.55411386256,334788.2358542217,551614.359927557,3124.529507037434,9257.560080432619,591528.9298879846,121368.56223175966,0,0,0,0,0,0,0,0,0,0,123.61770156609576,41.72224172224172,480.04273089249295,27.893521017293118,47.89449879787664,54.90420360308836,15.192645482126972,75.68865548679305,60.74475094830197,121.62332744256501,0,0,0,0,0,0,0,0,0,0,24889.8437977313,6831.005031005031,147223.2931921919,5868.628424620566,12650.812921040728,6671.742445906015,2878.527271482994,10711.789625754058,13142.61036810144,23186.474375157788,0,0,0,0,0,0,0,0,0,0,48,16,50,8,14,2,14,66,0,0,0,0,0.01019775390625,0.003947368421052632,0.031136191198786044,0.015826446280991734,0.001558823529411765,0.003018348623853211,0.0030034129692832765,0.003219759036144578,0.02249658203125,0.03977272727272728,0.07215992647058826,0.023462809917355373,0.004321176470588235,0.00463302752293578,0.004606143344709898,0.004995566265060242,0.024033935546874996,0.046136363636363656,0.08635569852941177,0.024417355371900824,0.004666470588235294,0.0048348623853211,0.004806484641638226,0.007582379862700229,0.036544871794871675,0.07454545454545479,0.09771231617647064,0.03716666666666662,0.004942705882352941,0.004996330275229358,0.004966757679180887,0.009690389016018307,0.4583333333333333,0.3729166666666667,0.38619929453262786,0.45980926430517705,0.8684738955823293,0.375,0.4543871866295265,0.4915750915750915,2.1813259109311742,2.1633266533066133,0.4951587301587302,2.1289156626506025,2.113815789473684,0.475,2.113815789473684,2.193885688967656,2.3406629554655867,2.3316633266533064,0.695964566929134,2.3144578313253015,2.306907894736842,0.4875,2.306907894736842,2.3469428444838276,2.4681325910931173,2.466332665330661,0.9391929133858271,2.46289156626506,2.4613815789473685,0.4975,2.4613815789473685,2.4693885688967656,396.3361344537868,396.6218487395061,396.52100840336556,393.1260504201863,396.2016806722694,82976217.27731092,19313500.50420168,0,25797296.403361343,36053818.08403361,3267347189.243697,3128565691.1596637,1105173770.7563024,4817109818.084033,4079578068.9747896,0,0,0,0,0,14.638655462184873,2.1176470588235294,4.705882352941177,0.5714285714285714,16.521008403361343,0,0,0,0,0,55622.991596638654,22209.61344537815,1059220.43697479,34506.21848739496,69890.1512605042,1564.3865546218485,266.4201680672269,2807.0084033613443,1727.7983193277312,426.03361344537814,1768.016806722689,377.6974789915966,1871.6638655462184,2115.46218487395,530.3025210084033,0,0,0,0,0,0,0,0,0,0,0,0,0,0,0,0,0,0,0,0
1693106593,0.392763902686967,0.42591571879540996,0.29575298710517,0.054446460980036346,1.784651992861393,0.5253756435851615,0.2592464569650884,0.18803668804713472,0.13979031452820734,0.08266967951720854,0,0.06168111566942751,0.06745514233035087,0.5025933818503479,0.24537561343903422,3.336181087262893,9.701488613017986,50.00284877262512,0.46417183666061823,10.124964378346206,2.3648786618682416,0.3422786726581408,0.6459558280926821,1.358577080379429,0.9824300090936627,0.00005270587258422795,0.2435925855252596,1.1323050861177286,2.6874768244139764,1.0887450943752364,2.541413487974513,8.593475973342686,49.272447651721265,0.3085299455535389,7.47570890343049,1.6286644951140188,0.36726581403387476,0.3133944800785583,1.0584123814278603,0.8266967951720926,0,0.10280185944904585,0.719521518190404,1.2665353222628781,0.8493771234428089,50000,100000,50000,50000,50000,50000,10000,50000,50000,20000,50000,0,7569408,2162688,220594176,0,0,2838528,0,0,2973696,0,0,0,0,6082560,77.7672527320195,6.614220574234604,0,2.395644283121597,249.970255800119,317.2743511610802,0,1.3789357123456534,199.02146779830252,3.637465898757199,0,0,81.62072221972387,9.287925696594428,9.966024915062288,0,0,2162688,0,0,0,0,0,0,0,0,0,0,0,0,225292288,81596416,18128896,439984128,112103424,349663232,40820736,10997760,310304768,95162368,4952064,3993600,305532928,17076224,134160384,209780736,71098368,14462976,200048640,105160704,330485760,35819520,9732096,292233216,85020672,4055040,2568192,295477248,15814656,38658048,0,0,0,0,0,0,0,0,0,0,0,0,0,0,0,211783680,81338368,17756160,425578496,109002752,333328384,40579072,10862592,296390656,94773248,4796416,2912256,297779200,16683008,46723072,192995328,73768960,17756160,212283392,109002752,333328384,37740544,10862592,296390656,91799552,4796416,2912256,297779200,16683008,40640512,1073741824,1073741824,314572800,0,1073741824,1073741824,1073741824,314572800,1073741824,0,0,0,1073741824,314572800,2147483648,11.524778273287568,0,4.96889042516419,0,0,14.514911287278219,47320.940021045244,0,20795.022468026273,0,0,46580.596451491125,11.524778273287568,0,4.96889042516419,0,0,14.514911287278219,47320.940021045244,0,20795.022468026273,0,0,46580.596451491125,104.73901798260799,43.0176406926407,492.0122365737593,21.02808782573026,34.32597776666905,38.9143075016681,17.13164678239843,61.98387443140778,46.48015244065322,74.63605991752925,0,0,0,0,0,0,0,0,0,0,120013.31894181618,102875.7911050661,1589917.6459162862,99186.55411386256,334788.2358542217,551614.359927557,3124.529507037434,9257.560080432619,591528.9298879846,101286.1108011445,0,0,0,0,0,0,0,0,0,0,123.61770156609576,35.13534281034281,480.04273089249295,27.893521017293118,47.89449879787664,54.90420360308836,15.192645482126972,75.68865548679305,60.74475094830197,101.49872086173525,0,0,0,0,0,0,0,0,0,0,24889.8437977313,5752.560111735112,147223.2931921919,5868.628424620566,12650.812921040728,6671.742445906015,2878.527271482994,10711.789625754058,13142.61036810144,19349.885748548346,0,0,0,0,0,0,0,0,0,0,46,30,64,10,12,2,10,82,0,0,0,0,0.01019775390625,0.003947368421052632,0.031136191198786044,0.015826446280991734,0.0014800000000000006,0.0030168067226890756,0.0030032414910858996,0.003219759036144578,0.02249658203125,0.03977272727272728,0.07215992647058826,0.023462809917355373,0.004305142857142857,0.004630252100840336,0.004605834683954619,0.004995566265060242,0.024033935546874996,0.046136363636363656,0.08635569852941177,0.024417355371900824,0.004658285714285715,0.004831932773109243,0.004806158833063209,0.007582379862700229,0.036544871794871675,0.07454545454545479,0.09771231617647064,0.03716666666666662,0.0049407999999999995,0.0049932773109243695,0.00496641815235008,0.009690389016018307,0.4583333333333333,0.3729166666666667,0.38619929453262786,0.45980926430517705,0.8795180722891567,0.375,0.45934959349593496,0.4915750915750915,2.1813259109311742,2.1633266533066133,0.4951587301587302,2.1289156626506025,2.1277108433734937,0.475,2.1277108433734937,2.193885688967656,2.3406629554655867,2.3316633266533064,0.695964566929134,2.3144578313253015,2.313855421686747,0.4875,2.313855421686747,2.3469428444838276,2.4681325910931173,2.466332665330661,0.9391929133858271,2.46289156626506,2.4627710843373487,0.4975,2.4627710843373487,2.4693885688967656,396.40336134454583,396.4201680672294,396.5210084033489,393.1596638655412,396.3025210083885,82976217.27731092,19313500.50420168,0,25797296.403361343,36053818.08403361,3267385877.5126047,3128523560.8739495,1105174803.3613446,5002449549.983193,4079635894.8571424,0,0,0,0,0,14.672268907563025,1.0084033613445378,5.19327731092437,0.5714285714285714,16.504201680672267,0,0,0,0,0,55726.252100840335,16702.386554621848,1061561.0084033613,34506.21848739496,69829.91596638656,1574.6050420168067,268.5882352941176,2808.1512605042017,1733.1092436974789,426.2352941176471,1777.4789915966385,379.8655462184874,1872.0504201680674,2120.924369747899,530.5042016806723,0,0,0,0,0,0,0,0,0,0,0,0,0,0,0,0,0,0,0,0
1693106594,0.392763902686967,0.42591571879540996,0.302206104563312,0.054446460980036346,1.784651992861393,0.46082949308755666,0.2592464569650884,0.18803668804713472,0.13979031452820734,0.08266967951720854,0,0.06852952766023067,0.06745514233035087,0.5025933818503479,0.24537561343903422,3.336181087262893,9.701488613017986,49.9990249104175,0.46417183666061823,10.124964378346206,2.3738340452814946,0.3422786726581408,0.6459558280926821,1.358577080379429,0.9824300090936627,0.00005270587258422795,0.30430156589970697,1.1323050861177286,2.6874768244139764,1.0887450943752364,2.541413487974513,8.593475973342686,49.25959504381988,0.3085299455535389,7.47570890343049,1.703065517932295,0.36726581403387476,0.3133944800785583,1.0584123814278603,0.8266967951720926,0,0.15419143723551904,0.719521518190404,1.2665353222628781,0.8493771234428089,50000,100000,50000,50000,50000,50000,10000,50000,50000,20000,50000,0,7569408,2162688,220594176,0,0,2838528,0,0,2973696,0,0,0,0,6082560,77.7672527320195,6.614220574234604,0,2.395644283121597,249.970255800119,312.08174714486074,0,1.3789357123456534,199.02146779830252,3.637465898757199,0,0,81.62072221972387,9.287925696594428,9.966024915062288,0,0,2162688,0,0,0,0,0,0,0,0,0,0,0,0,225292288,81596416,18149376,439984128,112103424,349663232,40820736,10997760,310304768,95162368,4952064,3993600,305532928,17076224,134160384,209780736,71098368,14462976,200048640,105160704,330620928,35819520,9732096,292233216,85020672,4055040,2568192,295477248,15814656,38658048,0,0,0,0,0,0,0,0,0,0,0,0,0,0,0,211783680,81338368,17760256,425578496,109002752,333176832,40579072,10862592,296390656,94773248,4796416,2920448,297779200,16683008,46723072,192995328,73768960,17760256,212283392,109002752,333176832,37740544,10862592,296390656,91799552,4796416,2920448,297779200,16683008,40640512,1073741824,1073741824,314572800,0,1073741824,1073741824,1073741824,314572800,1073741824,0,0,0,1073741824,314572800,2147483648,11.524778273287568,0,4.96889042516419,0,0,14.514911287278219,47320.940021045244,0,20795.022468026273,0,0,46580.596451491125,11.524778273287568,0,4.96889042516419,0,0,14.514911287278219,47320.940021045244,0,20795.022468026273,0,0,46580.596451491125,104.73901798260799,30.175,493.1570491105131,21.02808782573026,34.32597776666905,38.973862175605944,17.13164678239843,61.98387443140778,46.48015244065322,96.51822833386633,0,0,0,0,0,0,0,0,0,0,120013.31894181618,71286.875,1595264.6973421862,99186.55411386256,334788.2358542217,554442.2564599364,3124.529507037434,9257.560080432619,591528.9298879846,124667.41285577232,0,0,0,0,0,0,0,0,0,0,123.61770156609576,24.950000000000003,481.71664182427065,27.893521017293118,47.89449879787664,54.846582335078345,15.192645482126972,75.68865548679305,60.74475094830197,129.5570834665814,0,0,0,0,0,0,0,0,0,0,24889.8437977313,4129.55,148344.52854294507,5868.628424620566,12650.812921040728,6661.288820165062,2878.527271482994,10711.789625754058,13142.61036810144,24627.218580108733,0,0,0,0,0,0,0,0,0,0,29.58,15.005,50,6.773,11.53,2,12.108,52.429,0,0,0,0,0.01019775390625,0.003947257255274097,0.031136191198786044,0.015826446280991734,0.0014800000000000006,0.0030168067226890756,0.0030032414910858996,0.0032198225282085717,0.02249658203125,0.03977091450527634,0.07215992647058826,0.023462809917355373,0.004305142857142857,0.004630252100840336,0.004605834683954619,0.004995680550775429,0.024033935546874996,0.04613594525801584,0.08635569852941177,0.024417355371900824,0.004658285714285715,0.004831932773109243,0.004806158833063209,0.007583035458904376,0.036544871794871675,0.07454981285159493,0.09771231617647064,0.03716666666666662,0.0049407999999999995,0.0049932773109243695,0.00496641815235008,0.009690471440836316,0.4583333333333333,0.37229392507002784,0.38619929453262786,0.45980926430517705,0.8795180722891567,0.375,0.45934959349593496,0.4914200348651444,2.1813259109311742,2.163146944308785,0.4951587301587302,2.1289156626506025,2.1277108433734937,0.475,2.1277108433734937,2.193768671509366,2.3406629554655867,2.331573472154392,0.695964566929134,2.3144578313253015,2.313855421686747,0.4875,2.313855421686747,2.346884335754683,2.4681325910931173,2.4663146944308783,0.9391929133858271,2.46289156626506,2.4627710843373487,0.4975,2.4627710843373487,2.4693768671509364,396.3697478991711,396.4201680672045,396.5210084033622,393.1260504201707,396.2321227501181,82976079.59663865,19313500.50420168,0,25797296.403361343,36052000.33611751,3196512961.6134453,3014786727.7983193,1106105800.067227,5002476535.394958,4079536011.562443,0,0,0,0,0,15.042016806722689,1.0084033613445378,5.243697478991597,0.5714285714285714,16.99073996269096,0,0,0,0,0,59822.252100840335,16702.386554621848,1061974.050420168,34506.21848739496,74550.32519368772,1582.4033613445379,268.84033613445376,2807.781512605042,1738.7731092436975,427.13812748937033,1785.1260504201682,380.1344537815126,1871.109243697479,2126.991596638655,531.3849721862763,0,0,0,0,0,0,0,0,0,0,0,0,0,0,0,0,0,0,0,0
1693106595,0.392763902686967,0.42591571879540996,0.302206104563312,0.054446460980036346,1.784651992861393,0.46082949308755666,0.2556455048998724,0.18803668804713472,0.13979031452820734,0.05768010613139491,0,0.06852952766023067,0.06745514233035087,0.5025933818503479,0.24537561343903422,3.336181087262893,9.701488613017986,49.9990249104175,0.46417183666061823,10.124964378346206,2.3738340452814946,0.3444294230933105,0.6459558280926821,1.358577080379429,0.9897552152429289,0.00005270587258422795,0.30430156589970697,1.1323050861177286,2.6874768244139764,1.0887450943752364,2.541413487974513,8.593475973342686,49.25959504381988,0.3085299455535389,7.47570890343049,1.703065517932295,0.3749467405198129,0.3133944800785583,1.0584123814278603,0.9036549960585274,0,0.15419143723551904,0.719521518190404,1.2665353222628781,0.8493771234428089,50000,100000,50000,50000,50000,50000,10000,50000,50000,20000,50000,0,7569408,2162688,220594176,0,0,2973696,0,0,2973696,0,0,0,0,6082560,77.7672527320195,6.614220574234604,0,2.395644283121597,249.970255800119,312.08174714486074,0,1.3789357123456534,199.02146779830252,2.5379246697813924,0,0,81.62072221972387,9.287925696594428,9.966024915062288,0,0,2162688,0,0,0,0,0,0,0,0,0,0,0,0,225292288,81596416,18149376,439984128,112103424,349663232,40996864,10997760,310304768,95162368,4952064,3993600,305532928,17076224,134160384,209780736,71098368,14462976,200048640,105160704,330620928,35819520,9732096,292233216,85155840,4055040,2568192,295477248,15814656,38658048,0,0,0,0,0,0,0,0,0,0,0,0,0,0,0,211783680,81338368,17760256,425578496,109002752,333176832,40611840,10862592,296390656,94773248,4796416,2920448,297779200,16683008,46723072,192995328,73768960,17760256,212283392,109002752,333176832,37773312,10862592,296390656,91799552,4796416,2920448,297779200,16683008,40640512,1073741824,1073741824,314572800,0,1073741824,1073741824,1073741824,314572800,1073741824,0,0,0,1073741824,314572800,2147483648,11.524778273287568,0,4.857264593097572,0,0,14.514911287278219,47320.940021045244,0,19973.890072432896,0,0,46580.596451491125,11.524778273287568,0,4.857264593097572,0,0,14.514911287278219,47320.940021045244,0,19973.890072432896,0,0,46580.596451491125,108.23634735899732,42.429175896968125,493.1570491105131,21.028087825730264,34.32597776666905,38.973862175605944,17.13164678239843,61.98387443140778,46.48015244065322,96.51822833386633,0,0,0,0,0,0,0,0,0,0,121014.86123545212,99028.49105692383,1595264.6973421862,99186.55411386257,334788.2358542217,554442.2564599364,3124.529507037434,9257.560080432619,591528.9298879846,124667.41285577232,0,0,0,0,0,0,0,0,0,0,127.90211877051627,34.366249131265754,481.71664182427065,27.89352101729312,47.89449879787664,54.846582335078345,15.192645482126972,75.68865548679305,60.74475094830197,129.5570834665814,0,0,0,0,0,0,0,0,0,0,25793.912264995524,5786.553061745288,148344.52854294507,5868.628424620567,12650.812921040728,6661.288820165062,2878.527271482994,10711.789625754058,13142.61036810144,24627.218580108733,0,0,0,0,0,0,0,0,0,0,14,6,22,6,6,2,6,40,0,0,0,0,0.01019775390625,0.003947368421052632,0.031136191198786044,0.015826446280991734,0.0014800000000000006,0.0030168067226890756,0.0030032414910858996,0.0032246285570385297,0.02249658203125,0.03977272727272728,0.07215992647058826,0.023462809917355373,0.004305142857142857,0.004630252100840336,0.004605834683954619,0.00504988399071926,0.024033935546874996,0.046136363636363656,0.08635569852941177,0.024417355371900824,0.004658285714285715,0.004831932773109243,0.004806158833063209,0.007611948955916471,0.036544871794871675,0.07454545454545479,0.09771231617647064,0.03716666666666662,0.0049407999999999995,0.0049932773109243695,0.00496641815235008,0.009661600928074245,0.4583333333333333,0.3729166666666667,0.38619929453262786,0.45980926430517705,0.8795180722891567,0.375,0.45934959349593496,0.4759225092250922,2.1813259109311742,2.1633266533066133,0.4951587301587302,2.1289156626506025,2.1277108433734937,0.475,2.1277108433734937,2.1811597690086617,2.3406629554655867,2.3316633266533064,0.695964566929134,2.3144578313253015,2.313855421686747,0.4875,2.313855421686747,2.340579884504331,2.4681325910931173,2.466332665330661,0.9391929133858271,2.46289156626506,2.4627710843373487,0.4975,2.4627710843373487,2.468115976900866,396.3865546218448,396.38655462183897,396.5546218487332,392.9579831932705,396.1344537814955,66381083.96638655,19313638.18487395,0,38695841.34453782,36053818.08403361,3196597497.5462184,3014795332.840336,1106120187.697479,4909989956.840336,4001468794.6218486,0,0,0,0,0,15.126050420168067,2.0504201680672267,5.243697478991597,0.5714285714285714,17.092436974789916,0,0,0,0,0,60071.798319327725,21796.571428571428,1061974.050420168,34506.21848739496,74924.10084033613,1580.1848739495797,268.3025210084034,2805.9495798319326,1742.5882352941176,428.42016806722694,1782.8739495798318,379.6302521008403,1868.5882352941176,2130.4033613445376,532.655462184874,0,0,0,0,0,0,0,0,0,0,0,0,0,0,0,0,0,0,0,0
1693106596,0.392763902686967,0.42591571879540996,0.302206104563312,0.05444646098003633,1.784651992861393,0.46082949308755666,0.22124857492605396,0.18803668804713472,0.13979031452820734,0.05768010613139491,0,0.08724480893386852,0.06745514233035087,0.5025933818503479,0.24537561343903422,3.336181087262893,9.701488613017986,49.9990249104175,0.4641718366606182,10.124964378346206,2.3738340452814946,0.30187356295708684,0.6459558280926821,1.358577080379429,0.9897552152429289,0.00005270587258422795,0.3041421501483164,1.1323050861177286,2.6874768244139764,1.0887450943752364,2.541413487974513,8.593475973342686,49.25959504381988,0.30852994555353885,7.47570890343049,1.703065517932295,0.3218161089833512,0.3133944800785583,1.0584123814278603,0.9036549960585274,0,0.13086721340080276,0.719521518190404,1.2665353222628781,0.8493771234428089,50000,100000,50000,50000,50000,50000,10000,50000,50000,20000,50000,0,7569408,2162688,220594176,0,0,2973696,0,0,2973696,0,0,0,0,6082560,77.7672527320195,6.614220574234604,0,2.3956442831215967,249.970255800119,312.08174714486074,0,1.3789357123456534,199.02146779830252,2.5379246697813924,0,0,81.62072221972387,9.287925696594428,9.966024915062288,0,0,2162688,0,0,0,0,0,0,0,0,0,0,0,0,225292288,81596416,18149376,439984128,112103424,349663232,40996864,10997760,310304768,95162368,4952064,3993600,305532928,17076224,134160384,209780736,71098368,14462976,200048640,105160704,330620928,35819520,9732096,292233216,85155840,4055040,2568192,295477248,15814656,38658048,0,0,0,0,0,0,0,0,0,0,0,0,0,0,0,211783680,81338368,17760256,425578496,109002752,333176832,40611840,10862592,296390656,94773248,4796416,2920448,297779200,16683008,46723072,192995328,73768960,17760256,212283392,109002752,333176832,37773312,10862592,296390656,91799552,4796416,2920448,297779200,16683008,40640512,1073741824,1073741824,314572800,0,1073741824,1073741824,1073741824,314572800,1073741824,0,0,0,1073741824,314572800,2147483648,11.524778273287568,0,4.424971498521075,0,0,14.514911287278219,47320.940021045244,0,18649.887147803154,0,0,46580.596451491125,11.524778273287568,0,4.424971498521075,0,0,14.514911287278219,47320.940021045244,0,18649.887147803154,0,0,46580.596451491125,105.4628561285169,43.30347547997568,493.1570491105131,21.028087825730264,29.198534837772858,38.973862175605944,17.13164678239843,61.98387443140778,46.7189566327694,96.51822833386633,0,0,0,0,0,0,0,0,0,0,120223.19605928818,101069.08144329338,1595264.6973421862,99186.55411386257,284779.24312349735,554442.2564599364,3124.529507037434,9257.560080432619,594921.1546354144,124667.41285577232,0,0,0,0,0,0,0,0,0,0,124.50075441554984,35.074403288159154,481.71664182427065,27.89352101729312,40.74025803994382,54.846582335078345,15.192645482126972,75.68865548679305,61.49391217109764,129.5570834665814,0,0,0,0,0,0,0,0,0,0,25075.95189491435,5905.791317544089,148344.52854294507,5868.628424620567,10761.09774096027,6661.288820165062,2878.527271482994,10711.789625754058,13253.135117880434,24627.218580108733,0,0,0,0,0,0,0,0,0,0,26,18,50,2,2,2,2,22,0,0,0,0,0.01019775390625,0.003947368421052632,0.031136191198786044,0.015826446280991734,0.0014800000000000006,0.0030168067226890756,0.0030032414910858996,0.0032174645176810198,0.02249658203125,0.03977272727272728,0.07215992647058826,0.023462809917355373,0.004305142857142857,0.004630252100840336,0.004605834683954619,0.004991436131825836,0.024033935546874996,0.046136363636363656,0.08635569852941177,0.024417355371900824,0.004658285714285715,0.004831932773109243,0.004806158833063209,0.007534897025171624,0.036544871794871675,0.07454545454545479,0.09771231617647064,0.03716666666666662,0.0049407999999999995,0.0049932773109243695,0.00496641815235008,0.009644279176201375,0.4583333333333333,0.3729166666666667,0.38619929453262786,0.45980926430517705,0.8795180722891567,0.375,0.45934959349593496,0.4918498168498169,2.1813259109311742,2.1633266533066133,0.4951587301587302,2.1289156626506025,2.1277108433734937,0.475,2.1277108433734937,2.1940929203539827,2.3406629554655867,2.3316633266533064,0.695964566929134,2.3144578313253015,2.313855421686747,0.4875,2.313855421686747,2.347046460176991,2.4681325910931173,2.466332665330661,0.9391929133858271,2.46289156626506,2.4627710843373487,0.4975,2.4627710843373487,2.469409292035398,396.20168067225336,396.42016806723734,396.58823529412314,392.957983193264,396.15126050419343,66381083.96638655,28970285.176470585,0,38695841.34453782,36053818.08403361,3196595432.3361344,3014735854.789916,1041719846.722689,4910081514.487394,4158352685.1764703,0,0,0,0,0,15.210084033613445,2.0504201680672267,5.243697478991597,0.5714285714285714,17.176470588235293,0,0,0,0,0,60329.94957983193,21796.571428571428,1061974.050420168,34506.21848739496,75190.85714285714,1573.9831932773109,268.15126050420173,2806.90756302521,1744.7058823529412,429.83193277310926,1776.3025210084031,379.31092436974785,1868.2016806722686,2132.1512605042017,534.0168067226891,0,0,0,0,0,0,0,0,0,0,0,0,0,0,0,0,0,0,0,0
1693106597,0.392763902686967,0.36879568850807,0.302206104563312,0.05444646098003633,1.8054491738702272,0.46082949308755666,0.26005957728497825,0.18803668804713472,0.13979031452820734,0.05768010613139491,0,0.08724480893386852,0.050000000000000044,0.5025933818503479,0.2175016312622352,3.336181087262893,8.400411195694351,49.9990249104175,0.4641718366606182,10.065086204726997,2.3738340452814946,0.3548276466972425,0.6459558280926821,1.358577080379429,0.9897552152429289,0.00005270587258422795,0.3041421501483164,0.8235352874999968,2.6874768244139764,1.0931177094661542,2.541413487974513,7.440995362251061,49.25959504381988,0.30852994555353885,7.331217857533666,1.703065517932295,0.37826847605087743,0.3133944800785583,1.0584123814278603,0.9036549960585274,0,0.13086721340080276,0.49999999999998934,1.2665353222628781,0.8458396771309131,50000,100000,50000,50000,50000,50000,10000,50000,50000,20000,50000,0,7569408,2162688,220594176,0,0,2973696,0,0,2973696,0,0,0,0,6082560,77.7672527320195,5.7271801038900305,0,2.3956442831215967,245.54108764635083,312.08174714486074,0,1.3789357123456534,199.02146779830252,2.5379246697813924,0,0,87.44999999999999,9.287925696594428,9.570071775538317,0,0,2162688,0,0,0,0,0,0,0,0,0,0,0,0,225292288,81596416,18149376,439984128,112103424,349663232,40996864,10997760,310304768,95162368,4952064,3993600,305532928,17076224,134160384,209780736,71098368,14462976,200048640,105160704,330620928,35819520,9732096,292233216,85155840,4055040,2568192,295477248,15814656,38658048,0,0,0,0,0,0,0,0,0,0,0,0,0,0,0,211783680,81338368,17760256,425578496,109002752,333176832,40611840,10862592,296390656,94773248,4796416,2920448,297779200,16683008,46723072,192995328,73768960,17760256,212283392,109002752,333176832,37773312,10862592,296390656,91799552,4796416,2920448,297779200,16683008,40640512,1073741824,1073741824,314572800,0,1073741824,1073741824,1073741824,314572800,1073741824,0,0,0,1073741824,314572800,2147483648,9.97917745374778,0,5.20119154569956,0,0,14.88677831750405,40974.67617600063,0,21921.41472410043,0,0,48850.28637714783,9.97917745374778,0,5.20119154569956,0,0,14.88677831750405,40974.67617600063,0,21921.41472410043,0,0,48850.28637714783,105.4628561285169,44.17777506298324,493.1570491105131,21.028087825730264,28.626435208328374,38.973862175605944,17.13164678239843,61.98387443140778,46.7189566327694,96.51822833386633,0,0,0,0,0,0,0,0,0,0,120223.19605928818,103109.67182966294,1595264.6973421862,99186.55411386257,279199.4391925937,554442.2564599364,3124.529507037434,9257.560080432619,594921.1546354144,124667.41285577232,0,0,0,0,0,0,0,0,0,0,124.50075441554984,35.78255744505256,481.71664182427065,27.89352101729312,39.94201639331254,54.846582335078345,15.192645482126972,75.68865548679305,61.49391217109764,129.5570834665814,0,0,0,0,0,0,0,0,0,0,25075.95189491435,6025.02957334289,148344.52854294507,5868.628424620567,10550.250858942925,6661.288820165062,2878.527271482994,10711.789625754058,13253.135117880434,24627.218580108733,0,0,0,0,0,0,0,0,0,0,30,20,48,6,6,2,6,58,0,0,0,0,0.01037929389312977,0.00397225891677675,0.031079286798179062,0.015822981366459626,0.0015395894428152492,0.003,0.003003389830508475,0.003224042399421826,0.02251097328244275,0.040190582959641265,0.07233212341197823,0.023462732919254655,0.00430791788856305,0.0046,0.004606101694915254,0.005037694013303764,0.024027433206106865,0.04649663677130044,0.08643829401088927,0.024417701863354038,0.004653958944281525,0.0048,0.004806440677966101,0.007596452328159643,0.036059210526315666,0.07749999999999997,0.09772323049001816,0.0371875,0.004930791788856306,0.00496,0.004966711864406779,0.009643458980044343,0.4595788043478261,0.371875,0.38626402524544173,0.4594686648501362,0.8729838709677421,0.375,0.45635474860335196,0.49122807017543857,2.18215,2.163173652694611,0.4952752454417953,2.1280241935483875,2.1185344827586206,0.475,2.119527896995708,2.1936283185840706,2.341075,2.331586826347305,0.6975680933852136,2.314012096774193,2.3092672413793105,0.4875,2.309763948497854,2.3468141592920357,2.468215,2.466317365269461,0.9395136186770431,2.462802419354839,2.4618534482758623,0.4975,2.4619527896995708,2.469362831858407,396.31932773107974,396.4537815125961,396.6554621848549,392.9915966386528,396.18487394957725,66381083.96638655,28970285.176470585,0,38695841.34453782,36053818.08403361,3054756666.0840335,3071449208.470588,1107075691.5630252,4910222224.134454,4158349725.0420165,0,0,0,0,0,15.815126050420167,2.0504201680672267,5.243697478991597,1.2941176470588234,17.10924369747899,0,0,0,0,0,64038.72268907563,21796.571428571428,1061974.050420168,46759.79831932773,75035.96638655462,1571.5294117647059,267.3613445378151,2805.0084033613443,1737.6974789915967,428.0504201680672,1774.2016806722686,378.7226890756302,1868.050420168067,2125.4285714285716,532.1344537815125,0,0,0,0,0,0,0,0,0,0,0,0,0,0,0,0,0,0,0,0
1693106598,0.392763902686967,0.3616970931948132,0.302206104563312,0.047477744807121705,1.8054491738702272,0.46082949308755666,0.26005957728497825,0.18803668804713472,0.13979031452820734,0.05768010613139491,0,0.08724480893386852,0.05964580447317639,0.5025933818503479,0.2175016312622352,3.336181087262893,8.238719718810719,49.9990249104175,0.4583626706231466,10.065086204726997,2.3738340452814946,0.3548276466972425,0.6459558280926821,1.358577080379429,0.9897552152429289,0.00005270587258422795,0.3041421501483164,0.9824084946997174,2.6874768244139764,1.0931177094661542,2.541413487974513,7.29777076269535,49.25959504381988,0.3323442136498509,7.331217857533666,1.703065517932295,0.37826847605087743,0.3133944800785583,1.0584123814278603,0.9036549960585274,0,0.13086721340080276,0.5964580447317507,1.2665353222628781,0.8458396771309131,50000,100000,50000,50000,50000,50000,10000,50000,50000,20000,50000,0,7569408,2162688,220594176,0,0,2973696,0,0,2973696,0,0,0,0,6082560,77.7672527320195,5.616943094319454,0,3.13353115727003,245.54108764635083,312.08174714486074,0,1.3789357123456534,199.02146779830252,2.5379246697813924,0,0,104.32051202358541,9.287925696594428,9.570071775538317,0,0,2162688,0,0,0,0,0,0,0,0,0,0,0,0,225292288,81596416,18149376,439984128,112103424,349663232,40996864,10997760,310304768,95162368,4952064,3993600,305532928,17076224,134160384,209780736,71098368,14462976,200048640,105160704,330620928,35819520,9732096,292233216,85155840,4055040,2568192,295477248,15814656,38658048,0,0,0,0,0,0,0,0,0,0,0,0,0,0,0,211783680,81338368,17760256,425578496,109002752,333176832,40611840,10862592,296390656,94773248,4796416,2920448,297779200,16683008,46723072,192995328,73768960,17760256,212283392,109002752,333176832,37773312,10862592,296390656,91799552,4796416,2920448,297779200,16683008,40640512,1073741824,1073741824,314572800,0,1073741824,1073741824,1073741824,314572800,1073741824,0,0,0,1073741824,314572800,2147483648,9.787097815859655,0,5.20119154569956,0,0,14.88677831750405,40185.99384231654,0,21921.41472410043,0,0,48850.28637714783,9.787097815859655,0,5.20119154569956,0,0,14.88677831750405,40185.99384231654,0,21921.41472410043,0,0,48850.28637714783,105.4628561285169,45.052074645990785,493.1570491105131,21.028087825730264,34.38616502004462,38.973862175605944,17.13164678239843,61.98387443140778,46.7189566327694,96.51822833386633,0,0,0,0,0,0,0,0,0,0,120223.19605928818,105150.26221603248,1595264.6973421862,99186.55411386257,334209.3027156684,554442.2564599364,3124.529507037434,9257.560080432619,594921.1546354144,124667.41285577232,0,0,0,0,0,0,0,0,0,0,124.50075441554984,36.49071160194596,481.71664182427065,27.89352101729312,47.57032390090075,54.846582335078345,15.192645482126972,75.68865548679305,61.49391217109764,129.5570834665814,0,0,0,0,0,0,0,0,0,0,25075.95189491435,6144.2678291416905,148344.52854294507,5868.628424620567,12610.530553365652,6661.288820165062,2878.527271482994,10711.789625754058,13253.135117880434,24627.218580108733,0,0,0,0,0,0,0,0,0,0,46,26,74,10,10,2,10,112,0,0,0,0,0.01037929389312977,0.00397225891677675,0.031079286798179062,0.015822981366459626,0.0015071225071225072,0.003,0.00300326264274062,0.003224042399421826,0.02251097328244275,0.040190582959641265,0.07233212341197823,0.023462732919254655,0.004301424501424501,0.0046,0.004605872756933116,0.005037694013303764,0.024027433206106865,0.04649663677130044,0.08643829401088927,0.024417701863354038,0.004650712250712252,0.0048,0.004806199021207178,0.007596452328159643,0.036059210526315666,0.07749999999999997,0.09772323049001816,0.0371875,0.0049301424501424496,0.00496,0.004966460032626427,0.009643458980044343,0.4595788043478261,0.371875,0.38626402524544173,0.4594686648501362,0.876008064516129,0.375,0.4585597826086956,0.49122807017543857,2.18215,2.163173652694611,0.4952752454417953,2.1280241935483875,2.124693877551021,0.475,2.1256097560975613,2.1936283185840706,2.341075,2.331586826347305,0.6975680933852136,2.314012096774193,2.3123469387755105,0.4875,2.3128048780487807,2.3468141592920357,2.468215,2.466317365269461,0.9395136186770431,2.462802419354839,2.462469387755102,0.4975,2.4625609756097564,2.469362831858407,396.20168067225944,396.40336134452355,396.5546218487369,392.8067226890793,396.0504201680715,66381083.96638655,28970285.176470585,0,38695841.34453782,36053818.08403361,3196784054.857143,3071471237.378151,1042705433.8151261,4910538132.436975,4079928879.327731,0,0,0,0,0,15.966386554621849,2.0504201680672267,5.243697478991597,1.2941176470588234,17.243697478991596,0,0,0,0,0,64546.42016806723,21796.571428571428,1061974.050420168,46759.79831932773,75449.00840336134,1580.218487394958,267.81512605042013,2807.8487394957983,1749.126050420168,430.40336134453776,1782.689075630252,379.2268907563025,1870.5546218487393,2137.0252100840335,534.5042016806723,0,0,0,0,0,0,0,0,0,0,0,0,0,0,0,0,0,0,0,0
1693106599,0.392763902686967,0.35459849788155634,0.302206104563312,0.047477744807121705,1.8054491738702272,0.46082949308755666,0.26005957728497825,0.18803668804713472,0.13979031452820734,0.05768010613139491,0,0.08724480893386852,0.08752926759885246,0.5025933818503479,0.2175016312622352,3.336181087262893,8.077028241927085,49.9990249104175,0.4583626706231466,10.065086204726997,2.3738340452814946,0.3548276466972425,0.6459558280926821,1.358577080379429,0.9897552152429289,0.00005270587258422795,0.3041421501483164,1.0792644193527157,2.6874768244139764,1.0931177094661542,2.541413487974513,7.1545461631396385,49.25959504381988,0.3323442136498509,7.331217857533666,1.703065517932295,0.37826847605087743,0.3133944800785583,1.0584123814278603,0.9036549960585274,0,0.13086721340080276,0.678351823891103,1.2665353222628781,0.8458396771309131,50000,100000,50000,50000,50000,50000,10000,50000,50000,20000,50000,0,7569408,2162688,220594176,0,0,2973696,0,0,2973696,0,0,0,0,6082560,77.7672527320195,5.506706084748877,0,3.13353115727003,245.54108764635083,312.08174714486074,0,1.3789357123456534,199.02146779830252,2.5379246697813924,0,0,77.98857743057835,9.287925696594428,9.570071775538317,0,0,2162688,0,0,0,0,0,0,0,0,0,0,0,0,225292288,81596416,18149376,439984128,112103424,349663232,40996864,10997760,310304768,95162368,4952064,3993600,305532928,17076224,134160384,209780736,71098368,14462976,200048640,105160704,330620928,35819520,9732096,292233216,85155840,4055040,2568192,295477248,15814656,38658048,0,0,0,0,0,0,0,0,0,0,0,0,0,0,0,211783680,81338368,17760256,425578496,109002752,333176832,40611840,10862592,296390656,94773248,4796416,2920448,297783296,16683008,46723072,192995328,73768960,17760256,212283392,109002752,333176832,37773312,10862592,296390656,91799552,4796416,2920448,297783296,16683008,40640512,1073741824,1073741824,314572800,0,1073741824,1073741824,1073741824,314572800,1073741824,0,0,0,1073741824,314572800,2147483648,9.595018177971527,0,5.20119154569956,0,0,14.88677831750405,39397.31150863245,0,21921.41472410043,0,0,48850.28637714783,9.595018177971527,0,5.20119154569956,0,0,14.88677831750405,39397.31150863245,0,21921.41472410043,0,0,48850.28637714783,105.4628561285169,52.45797498045348,493.1570491105131,21.028087825730264,29.698603781711007,38.973862175605944,17.13164678239843,61.98387443140778,46.7189566327694,96.51822833386633,0,0,0,0,0,0,0,0,0,0,120223.19605928818,122435.42318217357,1595264.6973421862,99186.55411386257,287790.595138597,554442.2564599364,3124.529507037434,9257.560080432619,594921.1546354144,124667.41285577232,0,0,0,0,0,0,0,0,0,0,124.50075441554984,42.489249413604384,481.71664182427065,27.89352101729312,41.10270785659802,54.846582335078345,15.192645482126972,75.68865548679305,61.49391217109764,129.5570834665814,0,0,0,0,0,0,0,0,0,0,25075.95189491435,7154.2953479280695,148344.52854294507,5868.628424620567,11158.446491487519,6661.288820165062,2878.527271482994,10711.789625754058,13253.135117880434,24627.218580108733,0,0,0,0,0,0,0,0,0,0,56,24,64,6,6,2,6,86,0,0,0,0,0.01037929389312977,0.0039722619343858555,0.031079286798179062,0.015822981366459626,0.0015071225071225072,0.003,0.00300326264274062,0.003224042399421826,0.02251097328244275,0.0401906314109183,0.07233212341197823,0.023462732919254655,0.004301424501424501,0.0046,0.004605872756933116,0.005037694013303764,0.024027433206106865,0.04649664729228437,0.08643829401088927,0.024417701863354038,0.004650712250712252,0.0048,0.004806199021207178,0.007596452328159643,0.036059210526315666,0.07749991529252312,0.09772323049001816,0.0371875,0.0049301424501424496,0.00496,0.004966460032626427,0.009643458980044343,0.4595788043478261,0.3718926470588235,0.38626402524544173,0.4594686648501362,0.876008064516129,0.375,0.4585597826086956,0.49122807017543857,2.18215,2.163178724903135,0.4952752454417953,2.1280241935483875,2.124693877551021,0.475,2.1256097560975613,2.1936283185840706,2.341075,2.3315893624515676,0.6975680933852136,2.314012096774193,2.3123469387755105,0.4875,2.3128048780487807,2.3468141592920357,2.468215,2.466317872490314,0.9395136186770431,2.462802419354839,2.462469387755102,0.4975,2.4625609756097564,2.469362831858407,396.10084033613543,396.42016806724126,396.6890756302391,392.6722689075629,396.0336134453811,66381083.96638655,28970285.176470585,0,38695841.34453782,36053818.08403361,3267732832.8067226,3128308641.3445377,1042705640.3361344,5095768752.403361,4079992625.4789915,0,0,0,0,0,16.067226890756302,2.0504201680672267,5.243697478991597,1.2941176470588234,17.277310924369747,0,0,0,0,0,64882.016806722684,21796.571428571428,1061974.050420168,46759.79831932773,75543.66386554622,1586.4033613445376,267.0084033613445,2807.3949579831933,1754.5210084033615,432.436974789916,1788.8739495798316,378.4201680672268,1871.1764705882351,2142.3529411764703,536.5042016806723,0,0,0,0,0,0,0,0,0,0,0,0,0,0,0,0,0,0,0,0
1693106600,0.392763902686967,0.3474999025682995,0.302206104563312,0.047477744807121705,1.8054491738702272,0.46082949308755666,0.26005957728497825,0.18803668804713472,0.13979031452820734,0.05768010613139491,0,0.08724480893386852,0.08752926759885246,0.5025933818503479,0.2175016312622352,3.336181087262893,7.9153367650434525,49.9990249104175,0.4583626706231466,10.065086204726997,2.3738340452814946,0.3548276466972425,0.6459558280926821,1.358577080379429,0.9897552152429289,0.00005270587258422795,0.3041421501483164,1.0792644193527157,2.6874768244139764,1.0931177094661542,2.541413487974513,7.011321563583926,49.25959504381988,0.3323442136498509,7.331217857533666,1.703065517932295,0.37826847605087743,0.3133944800785583,1.0584123814278603,0.9036549960585274,0,0.13086721340080276,0.678351823891103,1.2665353222628781,0.8458396771309131,50000,100000,50000,50000,50000,50000,10000,50000,50000,20000,50000,0,7569408,2162688,220594176,0,0,2973696,0,0,2973696,0,0,0,0,6082560,77.7672527320195,5.3964690751783,0,3.13353115727003,245.54108764635083,312.08174714486074,0,1.3789357123456534,199.02146779830252,2.5379246697813924,0,0,77.98857743057835,9.287925696594428,9.570071775538317,0,0,2162688,0,0,0,0,0,0,0,0,0,0,0,0,225292288,81596416,18149376,439984128,112103424,349663232,40996864,10997760,310304768,95162368,4952064,3993600,305532928,17076224,134160384,209780736,71098368,14462976,200048640,105160704,330620928,35819520,9732096,292233216,85155840,4055040,2568192,295477248,15814656,38658048,0,0,0,0,0,0,0,0,0,0,0,0,0,0,0,211783680,81338368,17760256,425578496,109002752,333176832,40611840,10862592,296390656,94773248,4796416,2920448,297783296,16683008,46723072,192995328,73768960,17760256,212283392,109002752,333176832,37773312,10862592,296390656,91799552,4796416,2920448,297783296,16683008,40640512,1073741824,1073741824,314572800,0,1073741824,1073741824,1073741824,314572800,1073741824,0,0,0,1073741824,314572800,2147483648,9.402938540083401,0,5.20119154569956,0,0,14.88677831750405,38608.62917494836,0,21921.41472410043,0,0,48850.28637714783,9.402938540083401,0,5.20119154569956,0,0,14.88677831750405,38608.62917494836,0,21921.41472410043,0,0,48850.28637714783,105.4628561285169,52.45797498045348,493.1570491105131,21.028087825730264,34.72189791248307,33.784477890994786,17.13164678239843,63.84782793024505,46.7189566327694,96.51822833386633,0,0,0,0,0,0,0,0,0,0,120223.19605928818,122435.42318217357,1595264.6973421862,99186.55411386257,336468.19688973983,474788.437256461,3124.529507037434,9540.685678754135,594921.1546354144,124667.41285577232,0,0,0,0,0,0,0,0,0,0,124.50075441554984,42.489249413604384,481.71664182427065,27.89352101729312,48.054919908466815,47.61150261724298,15.192645482126972,77.66880529097538,61.49391217109764,129.5570834665814,0,0,0,0,0,0,0,0,0,0,25075.95189491435,7154.2953479280695,148344.52854294507,5868.628424620567,13045.813290991453,5853.820822494174,2878.527271482994,11024.702523953536,13253.135117880434,24627.218580108733,0,0,0,0,0,0,0,0,0,0,16,22,58,12,10,2,10,66,0,0,0,0,0.01037929389312977,0.00397225891677675,0.031079286798179062,0.015822981366459626,0.0015071225071225072,0.003,0.00300326264274062,0.003230554851786167,0.02251097328244275,0.040190582959641265,0.07233212341197823,0.023462732919254655,0.004301424501424501,0.0046,0.004605872756933116,0.005167420814479637,0.024027433206106865,0.04649663677130044,0.08643829401088927,0.024417701863354038,0.004650712250712252,0.0048,0.004806199021207178,0.007657239819004522,0.036059210526315666,0.07749999999999997,0.09772323049001816,0.0371875,0.0049301424501424496,0.00496,0.004966460032626427,0.009649095022624427,0.4595788043478261,0.371875,0.38626402524544173,0.4594686648501362,0.876008064516129,0.375,0.4585597826086956,0.47330633284241524,2.18215,2.163173652694611,0.4952752454417953,2.1280241935483875,2.124693877551021,0.475,2.1256097560975613,2.1788424124513623,2.341075,2.331586826347305,0.6975680933852136,2.314012096774193,2.3123469387755105,0.4875,2.3128048780487807,2.339421206225681,2.468215,2.466317365269461,0.9395136186770431,2.462802419354839,2.462469387755102,0.4975,2.4625609756097564,2.467884241245136,396.03361344537456,396.4369747899143,396.68907563024516,392.65546218488373,396.13445378151437,66381083.96638655,28970285.176470585,0,38695841.34453782,36053749.24369748,3267721680.672269,3071443632.4033613,1042700890.3529412,5003315905.613445,4080001574.7226887,0,0,0,0,0,15.91596638655462,2.0672268907563023,5.243697478991597,1.1596638655462184,16.89075630252101,0,0,0,0,0,64460.36974789916,21865.41176470588,1061974.050420168,37604.033613445376,73478.4537815126,1591.361344537815,267.02521008403363,2810.7563025210084,1758.5882352941176,432.016806722689,1793.7478991596636,378.5714285714286,1874.1848739495797,2147.9663865546217,536.0840336134453,0,0,0,0,0,0,0,0,0,0,0,0,0,0,0,0,0,0,0,0
1693106601,0.392763902686967,0.34040130725504264,0.302206104563312,0.047477744807121705,1.8054491738702272,0.46082949308755666,0.26005957728497825,0.18803668804713472,0.13979031452820734,0.05768010613139491,0,0.08724480893386852,0.08752926759885246,0.5825719016373349,0.2175016312622352,3.336181087262893,7.753645288159819,49.9990249104175,0.4583626706231466,10.065086204726997,2.3738340452814946,0.3548276466972425,0.6459558280926821,1.358577080379429,0.9897552152429289,0.00005270587258422795,0.3041421501483164,1.0792644193527157,2.810262963757894,1.0931177094661542,2.541413487974513,6.868096964028216,49.25959504381988,0.3323442136498509,7.331217857533666,1.703065517932295,0.37826847605087743,0.3133944800785583,1.0584123814278603,0.9036549960585274,0,0.13086721340080276,0.678351823891103,1.2571288403752994,0.8458396771309131,50000,100000,50000,50000,50000,50000,10000,50000,50000,20000,50000,0,7569408,2162688,220594176,0,0,2973696,0,0,2973696,0,0,0,0,6082560,77.7672527320195,5.286232065607723,0,3.13353115727003,245.54108764635083,312.08174714486074,0,1.3789357123456534,199.02146779830252,2.5379246697813924,0,0,77.98857743057835,12.142024897283376,9.570071775538317,0,0,2162688,0,0,0,0,0,0,0,0,0,0,0,0,225292288,81596416,18149376,439984128,112103424,349663232,40996864,10997760,310304768,95162368,4952064,3993600,305532928,17076224,134160384,209780736,71098368,14462976,200048640,105160704,330620928,35819520,9732096,292233216,85155840,4055040,2568192,295477248,15814656,38658048,0,0,0,0,0,0,0,0,0,0,0,0,0,0,0,211783680,81338368,17760256,425578496,109002752,333176832,40611840,10862592,296390656,94773248,4796416,2920448,297783296,16683008,46723072,192995328,73768960,17760256,212283392,109002752,333176832,37773312,10862592,296390656,91799552,4796416,2920448,297783296,16683008,40640512,1073741824,1073741824,314572800,0,1073741824,1073741824,1073741824,314572800,1073741824,0,0,0,1073741824,314572800,2147483648,9.210858902195275,0,5.20119154569956,0,0,14.88677831750405,37819.946841264275,0,21921.41472410043,0,0,48850.28637714783,9.210858902195275,0,5.20119154569956,0,0,14.88677831750405,37819.946841264275,0,21921.41472410043,0,0,48850.28637714783,105.4628561285169,52.45797498045348,493.1570491105131,21.04082161042548,34.72189791248307,39.1506131867562,17.13164678239843,63.84782793024505,46.7189566327694,96.51822833386633,0,0,0,0,0,0,0,0,0,0,120223.19605928818,122435.42318217357,1595264.6973421862,99126.60740485026,336468.19688973983,550201.1459980813,3124.529507037434,9540.685678754135,594921.1546354144,124667.41285577232,0,0,0,0,0,0,0,0,0,0,124.50075441554984,42.489249413604384,481.71664182427065,27.807025114352292,48.054919908466815,55.173844279084236,15.192645482126972,77.66880529097538,61.49391217109764,129.5570834665814,0,0,0,0,0,0,0,0,0,0,25075.95189491435,7154.2953479280695,148344.52854294507,5839.475274013981,13045.813290991453,6783.608597578365,2878.527271482994,11024.702523953536,13253.135117880434,24627.218580108733,0,0,0,0,0,0,0,0,0,0,32,10,44,6,8,2,6,52,0,0,0,0,0.01037929389312977,0.00397225891677675,0.031079286798179062,0.015822981366459626,0.0015071225071225072,0.003,0.00300326264274062,0.0032213648420544973,0.02251097328244275,0.040190582959641265,0.07233212341197823,0.023462732919254655,0.004301424501424501,0.0046,0.004605872756933116,0.0049984567156980955,0.024027433206106865,0.04649663677130044,0.08643829401088927,0.024417701863354038,0.004650712250712252,0.0048,0.004806199021207178,0.007563901345291473,0.036059210526315666,0.07749999999999997,0.09772323049001816,0.0371875,0.0049301424501424496,0.00496,0.004966460032626427,0.009629372197309407,0.4595788043478261,0.371875,0.38626402524544173,0.4594686648501362,0.876008064516129,0.375,0.4585597826086956,0.49031432748538006,2.18215,2.163173652694611,0.4952752454417953,2.1280241935483875,2.124693877551021,0.475,2.1256097560975613,2.1929333333333334,2.341075,2.331586826347305,0.6975680933852136,2.314012096774193,2.3123469387755105,0.4875,2.3128048780487807,2.3464666666666663,2.468215,2.466317365269461,0.9395136186770431,2.462802419354839,2.462469387755102,0.4975,2.4625609756097564,2.469293333333333,396.1176470588203,396.4873949579735,396.67226890755114,392.78991596638866,396.08403361344415,66381083.96638655,28970285.176470585,0,38695841.34453782,36053749.24369748,3338739780.840336,3128254877.0420165,1108120756.7058823,5095920751.865546,4236924704.2689075,0,0,0,0,0,15.848739495798318,2.0672268907563023,5.243697478991597,1.1596638655462184,16.823529411764707,0,0,0,0,0,64236.63865546218,21865.41176470588,1061974.050420168,37604.033613445376,73280.53781512605,1581.546218487395,264.5378151260504,2811.2268907563025,1756.0168067226891,431.88235294117646,1784.1680672268908,376.1512605042016,1875.0084033613443,2145.2941176470586,535.9495798319327,0,0,0,0,0,0,0,0,0,0,0,0,0,0,0,0,0,0,0,0
1693106602,0.392763902686967,0.40312421264802256,0.302206104563312,0.047477744807121705,1.8054491738702272,0.46082949308755666,0.26005957728497825,0.18803668804713472,0.06201165819174009,0.05768010613139491,0,0.08724480893386852,0.08752926759885246,0.5825719016373349,0.2175016312622352,3.336181087262893,9.835825620223398,49.999024910417496,0.4583626706231466,10.065086204726997,2.3738340452814946,0.3548276466972425,0.6459558280926821,0.8982389960312639,0.9897552152429289,0,0.3041421501483164,1.0792644193527157,2.810262963757894,1.0931177094661542,2.541413487974513,8.583186360964138,49.25959504381987,0.3323442136498509,7.331217857533666,1.703065517932295,0.37826847605087743,0.3133944800785583,0.7441398983008867,0.9036549960585274,0,0.13086721340080276,0.678351823891103,1.2571288403752994,0.8458396771309131,50000,100000,50000,50000,50000,50000,10000,50000,50000,20000,50000,0,7704576,2162688,220594176,0,0,2973696,0,0,2973696,0,0,0,0,6082560,77.7672527320195,4.434366339128244,0,3.13353115727003,245.54108764635083,312.08174714486074,0,1.3789357123456534,14.324693042291951,2.5379246697813924,0,0,77.98857743057835,12.142024897283376,9.570071775538317,0,0,2162688,0,0,0,0,0,0,0,0,0,0,0,0,225292288,82034688,18149376,439984128,112103424,349663232,40996864,10997760,310304768,95162368,4952064,3993600,305532928,17076224,134160384,209780736,71233536,14462976,200048640,105160704,330620928,35819520,9732096,292233216,85155840,4055040,2568192,295477248,15814656,38658048,0,0,0,0,0,0,0,0,0,0,0,0,0,0,0,211783680,81674240,17760256,425578496,109002752,333176832,40611840,10862592,296390656,94773248,4796416,2920448,297783296,16683008,46723072,192995328,73969664,17760256,212283392,109002752,333176832,37773312,10862592,296390656,91799552,4796416,2920448,297783296,16683008,40640512,1073741824,1073741824,314572800,0,1073741824,1073741824,1073741824,314572800,1073741824,0,0,0,1073741824,314572800,2147483648,11.186696900982616,0,5.20119154569956,0,0,14.88677831750405,44238.31359704376,0,21921.41472410043,0,0,48850.28637714783,11.186696900982616,0,5.20119154569956,0,0,14.88677831750405,44238.31359704376,0,21921.41472410043,0,0,48850.28637714783,105.4628561285169,52.45797498045348,421.3862020863658,21.04082161042548,34.72189791248307,39.1506131867562,17.13164678239843,63.84782793024505,46.7189566327694,96.51822833386633,0,0,0,0,0,0,0,0,0,0,120223.19605928818,122435.42318217357,1341904.7013762922,99126.60740485026,336468.19688973983,550201.1459980813,3124.529507037434,9540.685678754135,594921.1546354144,124667.41285577232,0,0,0,0,0,0,0,0,0,0,124.50075441554984,42.489249413604384,413.2767448587317,27.807025114352292,48.054919908466815,55.173844279084236,15.192645482126972,77.66880529097538,61.49391217109764,129.5570834665814,0,0,0,0,0,0,0,0,0,0,25075.95189491435,7154.2953479280695,129095.13127122755,5839.475274013981,13045.813290991453,6783.608597578365,2878.527271482994,11024.702523953536,13253.135117880434,24627.218580108733,0,0,0,0,0,0,0,0,0,0,38,14,44,14,14,2,14,98,0,0,0,0,0.010457317073170729,0.004013157894736843,0.031147234678624812,0.015852510460251046,0.0016058823529411766,0.003,0.0030034722222222225,0.0032146458583433373,0.022519230769230767,0.0402659574468085,0.0724420677361854,0.023547071129707112,0.0043211764705882345,0.0046,0.004606249999999999,0.0049863625450180075,0.024026969981238266,0.04635638297872339,0.08648841354723706,0.02450889121338912,0.004660588235294117,0.0048,0.004806597222222222,0.007493087557603676,0.035901315789473504,0.07510869565217368,0.09772549019607843,0.042057692307692185,0.004932117647058823,0.00496,0.004966875,0.009618433179723496,0.45993150684931494,0.371875,0.3861908053923263,0.45878746594005454,0.8628048780487806,0.375,0.4525983146067416,0.489766081871345,2.182675222112537,2.1638943248532287,0.49514344970618734,2.1262195121951217,2.108371040723982,0.475,2.108371040723982,2.1925333333333334,2.3413376110562685,2.3319471624266144,0.6957528957528951,2.313109756097561,2.3041855203619908,0.4875,2.3041855203619908,2.3462666666666663,2.4682675222112533,2.4663894324853226,0.9391505791505789,2.462621951219512,2.460837104072398,0.4975,2.460837104072398,2.469253333333333,396.084033613438,396.38655462183954,396.5378151260459,392.8403361344479,396.15126050419775,66381083.96638655,28970285.176470585,0,38695841.34453782,36053749.24369748,3338780809.680672,3128213779.3613443,1108117383.5294118,5188661282.420168,4236935030.3193274,0,0,0,0,0,15.932773109243696,2.0672268907563023,4.6386554621848735,1.1596638655462184,16.92436974789916,0,0,0,0,0,64529.21008403361,21865.41176470588,920644.8403361344,37604.033613445376,73968.94117647059,1584.436974789916,264.8739495798319,2809.075630252101,1759.478991596639,433.0420168067227,1787.1428571428569,376.57142857142856,1873.6302521008402,2148.638655462185,537.126050420168,0,0,0,0,0,0,0,0,0,0,0,0,0,0,0,0,0,0,0,0
1693106603,0.392763902686967,0.40677046846398995,0.302206104563312,0.047477744807121705,1.8054491738702272,0.46082949308755666,0.26005957728497825,0.18803668804713472,0.06201165819174009,0.07483290211297926,0,0.08724480893386852,0.08752926759885246,0.5825719016373349,0.2175016312622352,3.336181087262893,10.095963801947986,49.999024910417496,0.4583626706231466,10.065086204726997,2.3738340452814946,0.3548276466972425,0.6459558280926821,0.8982389960312639,0.8435220476687161,0,0.3041421501483164,1.0792644193527157,2.810262963757894,1.0931177094661542,2.541413487974513,8.722966712616664,49.25959504381987,0.3323442136498509,7.331217857533666,1.703065517932295,0.37826847605087743,0.3133944800785583,0.7441398983008867,0.8231619232427773,0,0.13086721340080276,0.678351823891103,1.2571288403752994,0.8458396771309131,50000,100000,50000,50000,50000,50000,10000,50000,50000,20000,50000,0,7704576,2162688,220594176,0,0,2973696,0,0,2973696,0,0,0,0,6082560,77.7672527320195,4.474475153103885,0,3.13353115727003,245.54108764635083,312.08174714486074,0,1.3789357123456534,14.324693042291951,1.6463238464855543,0,0,77.98857743057835,12.142024897283376,9.570071775538317,0,0,2162688,0,0,0,0,0,0,0,0,0,0,0,0,225292288,82034688,18149376,439984128,112103424,349663232,40996864,10997760,310304768,95162368,4952064,3993600,305532928,17076224,134160384,209780736,71233536,14462976,200048640,105160704,330620928,35819520,9732096,292233216,85155840,4055040,2568192,295477248,15814656,38658048,0,0,0,0,0,0,0,0,0,0,0,0,0,0,0,211783680,81674240,17760256,425578496,109002752,333176832,40611840,10862592,296390656,94773248,4796416,2920448,297783296,16683008,46723072,192995328,73969664,17760256,212283392,109002752,333176832,37773312,10862592,296390656,91799552,4796416,2920448,297783296,16683008,40640512,1073741824,1073741824,314572800,0,1073741824,1073741824,1073741824,314572800,1073741824,0,0,0,1073741824,314572800,2147483648,11.47996655442815,0,5.20119154569956,0,0,14.88677831750405,46640.12112720617,0,21921.41472410043,0,0,48850.28637714783,11.47996655442815,0,5.20119154569956,0,0,14.88677831750405,46640.12112720617,0,21921.41472410043,0,0,48850.28637714783,105.4628561285169,52.45797498045348,429.74986050460944,21.362302071950463,34.72189791248307,39.1506131867562,17.13164678239843,63.84782793024505,46.7189566327694,96.51822833386633,0,0,0,0,0,0,0,0,0,0,120223.19605928818,122435.42318217357,1368538.7783740156,99547.81341732554,336468.19688973983,550201.1459980813,3124.529507037434,9540.685678754135,594921.1546354144,124667.41285577232,0,0,0,0,0,0,0,0,0,0,124.50075441554984,42.489249413604384,421.47944705706715,28.49735381714555,48.054919908466815,55.173844279084236,15.192645482126972,77.66880529097538,61.49391217109764,129.5570834665814,0,0,0,0,0,0,0,0,0,0,25075.95189491435,7154.2953479280695,131657.40686559922,6090.805853742153,13045.813290991453,6783.608597578365,2878.527271482994,11024.702523953536,13253.135117880434,24627.218580108733,0,0,0,0,0,0,0,0,0,0,34,16,38,12,14,2,14,82,0,0,0,0,0.010457317073170729,0.004013157894736843,0.031147234678624812,0.015852510460251046,0.0014971428571428573,0.003,0.0030032679738562092,0.0032146458583433373,0.022519230769230767,0.0402659574468085,0.0724420677361854,0.023547071129707112,0.004299428571428571,0.0046,0.004605882352941176,0.0049863625450180075,0.024026969981238266,0.04635638297872339,0.08648841354723706,0.02450889121338912,0.004649714285714286,0.0048,0.0048062091503267975,0.007493087557603676,0.035901315789473504,0.07510869565217368,0.09772549019607843,0.042057692307692185,0.004929942857142856,0.00496,0.004966470588235294,0.009618433179723496,0.45993150684931494,0.371875,0.3861908053923263,0.45878746594005454,0.8790650406504065,0.375,0.4593579234972678,0.489766081871345,2.182675222112537,2.1638943248532287,0.49514344970618734,2.1262195121951217,2.1277327935222674,0.475,2.1277327935222674,2.1925333333333334,2.3413376110562685,2.3319471624266144,0.6957528957528951,2.313109756097561,2.3138663967611337,0.4875,2.3138663967611337,2.3462666666666663,2.4682675222112533,2.4663894324853226,0.9391505791505789,2.462621951219512,2.4627732793522266,0.4975,2.4627732793522266,2.469253333333333,395.96638655461413,396.35294117646976,396.487394957957,392.8403361344567,396.06722689075815,66381083.96638655,28970285.176470585,0,38695841.34453782,36053955.76470588,3338801530.6218486,3128155609.277311,1173576695.394958,5188687717.109243,4236981635.2268906,0,0,0,0,0,16.050420168067227,2,4.6386554621848735,1.1596638655462184,16.95798319327731,0,0,0,0,0,64873.41176470588,16702.386554621848,920644.8403361344,37604.033613445376,74054.99159663865,1585.4453781512605,267.781512605042,2811.0084033613443,1759.0420168067226,433.52941176470586,1787.647058823529,379.2773109243698,1875.2773109243694,2147.142857142857,537.6638655462184,0,0,0,0,0,0,0,0,0,0,0,0,0,0,0,0,0,0,0,0
1693106604,0.392763902686967,0.40677046846398995,0.302206104563312,0.047477744807121705,1.8054491738702272,0.483546687705188,0.26005957728497825,0.18803668804713472,0.06201165819174009,0.07637297480441028,0,0.08724480893386852,0.08752926759885246,0.5825719016373349,0.21315144410103395,3.336181087262893,10.095963801947986,49.999024910417496,0.4583626706231466,10.065086204726997,2.5623265950678027,0.3548276466972425,0.6459558280926821,0.8982389960312639,0.8608818617819423,0,0.3041421501483164,1.0792644193527157,2.810262963757894,1.0768233169917212,2.541413487974513,8.722966712616664,49.25959504381987,0.3323442136498509,7.331217857533666,1.8323874481460136,0.37826847605087743,0.3133944800785583,0.7441398983008867,0.8401027228485187,0,0.13086721340080276,0.678351823891103,1.2571288403752994,0.746030054353618,50000,100000,50000,50000,50000,50000,10000,50000,50000,20000,50000,0,7704576,2162688,220594176,0,0,2973696,0,0,2973696,0,0,0,0,6217728,77.7672527320195,4.474475153103885,0,3.13353115727003,245.54108764635083,339.2970758150307,0,1.3789357123456534,14.324693042291951,1.6802054456970372,0,0,77.98857743057835,12.142024897283376,9.378663540445485,0,0,2162688,0,0,0,0,0,0,0,0,0,0,0,0,225292288,82034688,18149376,439984128,112103424,349663232,40996864,10997760,310304768,95162368,4952064,3993600,305532928,17076224,134160384,209780736,71233536,14462976,200048640,105160704,330620928,35819520,9732096,292233216,85155840,4055040,2568192,295477248,15814656,38793216,0,0,0,0,0,0,0,0,0,0,0,0,0,0,0,211783680,81674240,17760256,425578496,109002752,333176832,40611840,10862592,296390656,94773248,4796416,2920448,297783296,16683008,46895104,192995328,73969664,17760256,212283392,109002752,333176832,37773312,10862592,296390656,91799552,4796416,2920448,297783296,16683008,40677376,1073741824,1073741824,314572800,0,1073741824,1073741824,1073741824,314572800,1073741824,0,0,0,1073741824,314572800,2147483648,11.47996655442815,0,5.20119154569956,0,0,14.760737503996587,46640.12112720617,0,21921.41472410043,0,0,47200.255781732914,11.47996655442815,0,5.20119154569956,0,0,14.760737503996587,46640.12112720617,0,21921.41472410043,0,0,47200.255781732914,105.4628561285169,52.45797498045348,431.8917064403422,21.362302071950463,34.72189791248307,39.1506131867562,17.13164678239843,63.84782793024505,46.66332162568992,83.24076876250109,0,0,0,0,0,0,0,0,0,0,120223.19605928818,122435.42318217357,1380403.595297772,99547.81341732554,336468.19688973983,550201.1459980813,3124.529507037434,9540.685678754135,595035.1587699808,103952.19217105836,0,0,0,0,0,0,0,0,0,0,124.50075441554984,42.489249413604384,422.29495423079436,28.49735381714555,48.054919908466815,55.173844279084236,15.192645482126972,77.66880529097538,61.26800946168734,111.29736716236194,0,0,0,0,0,0,0,0,0,0,25075.95189491435,7154.2953479280695,131429.2250752389,6090.805853742153,13045.813290991453,6783.608597578365,2878.527271482994,11024.702523953536,13129.238047451798,21097.606426645794,0,0,0,0,0,0,0,0,0,0,40,22,54,10,10,2,10,62,0,0,0,0,0.010457317073170729,0.004013157894736843,0.031147234678624812,0.015852510460251046,0.0014971428571428573,0.003,0.0030032679738562092,0.0032146458583433373,0.022519230769230767,0.0402659574468085,0.0724420677361854,0.023547071129707112,0.004299428571428571,0.0046,0.004605882352941176,0.0049863625450180075,0.024026969981238266,0.04635638297872339,0.08648841354723706,0.02450889121338912,0.004649714285714286,0.0048,0.0048062091503267975,0.007493087557603676,0.035901315789473504,0.07510869565217368,0.09772549019607843,0.042057692307692185,0.004929942857142856,0.00496,0.004966470588235294,0.009618433179723496,0.45993150684931494,0.371875,0.3861908053923263,0.45878746594005454,0.8790650406504065,0.375,0.4593579234972678,0.489766081871345,2.182675222112537,2.1638943248532287,0.49514344970618734,2.1262195121951217,2.1277327935222674,0.475,2.1277327935222674,2.1925333333333334,2.3413376110562685,2.3319471624266144,0.6957528957528951,2.313109756097561,2.3138663967611337,0.4875,2.3138663967611337,2.3462666666666663,2.4682675222112533,2.4663894324853226,0.9391505791505789,2.462621951219512,2.4627732793522266,0.4975,2.4627732793522266,2.469253333333333,395.7983193277357,396.35294117645554,396.47058823530494,392.85714285715017,396.03361344536734,66380877.44537815,28970285.176470585,0,38695841.34453782,36053955.76470588,3267841600.537815,3128169996.9075627,1173564786.0168066,5188697217.07563,4315444886.588235,0,0,0,0,0,16.134453781512605,2,4.655462184873949,1.1596638655462184,16.92436974789916,0,0,0,0,0,65079.93277310924,16702.386554621848,920920.2016806722,37604.033613445376,73900.10084033613,1582.7226890756303,267.327731092437,2812.453781512605,1755.3277310924373,433.8991596638656,1784.8067226890755,378.84033613445376,1876.3529411764705,2142.8067226890757,538.0504201680671,0,0,0,0,0,0,0,0,0,0,0,0,0,0,0,0,0,0,0,0
1693106605,0.335870960371919,0.40677046846398995,0.302206104563312,0.047477744807121705,1.8054491738702272,0.483546687705188,0.26005957728497825,0.1846443079195624,0.06201165819174009,0.09240436148586152,0,0.08724480893386852,0.08752926759885246,0.5825719016373349,0.21315144410103395,2.8529259896031762,10.095963801947986,49.999024910417496,0.4583626706231466,10.065086204726997,2.5623265950678027,0.3548276466972425,0.6361341239466889,0.8982389960312639,1.04158884679357,0,0.3041421501483164,1.0792644193527157,2.810262963757894,1.0768233169917212,2.1732826847594935,8.722966712616664,49.25959504381987,0.3323442136498509,7.331217857533666,1.8323874481460136,0.37826847605087743,0.3525027696646196,0.7441398983008867,1.0164479763444836,0,0.13086721340080276,0.678351823891103,1.2571288403752994,0.746030054353618,50000,100000,50000,50000,50000,50000,10000,50000,50000,20000,50000,0,7704576,2162688,220594176,0,0,2973696,0,0,2973696,0,0,0,0,6217728,66.50245015363998,4.474475153103885,0,3.13353115727003,245.54108764635083,339.2970758150307,0,1.1078658475173735,14.324693042291951,2.0328959526889667,0,0,77.98857743057835,12.142024897283376,9.378663540445485,0,0,2162688,0,0,0,0,0,0,0,0,0,0,0,0,225292288,82034688,18149376,439984128,112103424,349663232,40996864,10997760,310304768,95162368,4952064,3993600,305532928,17076224,134160384,209780736,71233536,14462976,200048640,105160704,330620928,35819520,9732096,292233216,85155840,4055040,2568192,295477248,15814656,38793216,0,0,0,0,0,0,0,0,0,0,0,0,0,0,0,211783680,81674240,17760256,425578496,109002752,333176832,40611840,10604544,296390656,94773248,4796416,2920448,297783296,16683008,46895104,192995328,73969664,17760256,212283392,109002752,333176832,37773312,10604544,296390656,91799552,4796416,2920448,297783296,16683008,40677376,1073741824,1073741824,314572800,0,1073741824,1073741824,1073741824,314572800,1073741824,0,0,0,1073741824,314572800,2147483648,11.47996655442815,0,5.20119154569956,0,0,14.760737503996587,46640.12112720617,0,21921.41472410043,0,0,47200.255781732914,11.47996655442815,0,5.20119154569956,0,0,14.760737503996587,46640.12112720617,0,21921.41472410043,0,0,47200.255781732914,105.4628561285169,52.45797498045348,496.7020049197814,21.362302071950463,34.72189791248307,39.1506131867562,18.781758538624818,63.84782793024505,46.66332162568992,84.94526480563526,0,0,0,0,0,0,0,0,0,0,120223.19605928818,122435.42318217357,1587548.9692404815,99547.81341732554,336468.19688973983,550201.1459980813,3386.95568276838,9540.685678754135,595035.1587699808,106080.78976650142,0,0,0,0,0,0,0,0,0,0,124.50075441554984,42.489249413604384,485.66515009687174,28.49735381714555,48.054919908466815,55.173844279084236,16.33755708496816,77.66880529097538,61.26800946168734,113.57636968432035,0,0,0,0,0,0,0,0,0,0,25075.95189491435,7154.2953479280695,151151.68600474563,6090.805853742153,13045.813290991453,6783.608597578365,3115.3920370489486,11024.702523953536,13129.238047451798,21529.61573180276,0,0,0,0,0,0,0,0,0,0,24,20,40,10,10,2,10,76,0,0,0,0,0.010457317073170729,0.004013157894736843,0.031147234678624812,0.015852510460251046,0.0014971428571428573,0.003,0.0030032679738562092,0.0032211610957527015,0.022519230769230767,0.0402659574468085,0.0724420677361854,0.023547071129707112,0.004299428571428571,0.0046,0.004605882352941176,0.004998089972354863,0.024026969981238266,0.04635638297872339,0.08648841354723706,0.02450889121338912,0.004649714285714286,0.0048,0.0048062091503267975,0.007558995327102802,0.035901315789473504,0.07510869565217368,0.09772549019607843,0.042057692307692185,0.004929942857142856,0.00496,0.004966470588235294,0.009623948598130842,0.45993150684931494,0.371875,0.3861908053923263,0.45878746594005454,0.8790650406504065,0.375,0.4593579234972678,0.4737665684830633,2.182675222112537,2.1638943248532287,0.49514344970618734,2.1262195121951217,2.1277327935222674,0.475,2.1277327935222674,2.179317851959362,2.3413376110562685,2.3319471624266144,0.6957528957528951,2.313109756097561,2.3138663967611337,0.4875,2.3138663967611337,2.3396589259796805,2.4682675222112533,2.4663894324853226,0.9391505791505789,2.462621951219512,2.4627732793522266,0.4975,2.4627732793522266,2.467931785195936,395.78151260505246,396.3697478991691,396.6050420168087,392.9579831932892,396.1008403361544,66381083.96638655,28970285.176470585,0,51594386.28571428,36053955.76470588,3338847309.445378,3071255491.7647057,1173572771.4957983,5281419229.579832,4393879775.731092,0,0,0,0,0,15.932773109243696,2,4.655462184873949,1.1596638655462184,16.974789915966387,0,0,0,0,0,63642.89075630252,16702.386554621848,920920.2016806722,37604.033613445376,74089.41176470587,1583.4621848739494,267.47899159663865,2811.6134453781515,1757.9327731092437,434.20168067226894,1785.361344537815,379.0420168067226,1875.8655462184872,2145.63025210084,538.4033613445378,0,0,0,0,0,0,0,0,0,0,0,0,0,0,0,0,0,0,0,0
1693106606,0.4544077552256876,0.40677046846398995,0.3068164385429627,0.03643982873280498,1.7774426370785312,0.483546687705188,0.26005957728497825,0.1776041204155938,0.06201165819174009,0.09240436148586152,0,0.08724480893386852,0.08752926759885246,0.5825719016373349,0.21315144410103395,3.441382996061822,10.095963801947986,49.96874318270918,0.4581307697913822,10.022444520449572,2.5623265950678027,0.3548276466972425,0.6424250088802064,0.8982389960312639,1.04158884679357,0,0.3041421501483164,1.0792644193527157,2.810262963757894,1.0768233169917212,2.6961526810057577,8.722966712616664,49.20994767075182,0.30973854422884195,7.468849868936067,1.8323874481460136,0.37826847605087743,0.3552082408311876,0.7441398983008867,1.0164479763444836,0,0.13086721340080276,0.678351823891103,1.2571288403752994,0.746030054353618,50000,100000,50000,50000,50000,50000,10000,50000,50000,20000,50000,0,7704576,2162688,220594176,0,0,2973696,0,0,2973696,0,0,0,0,6217728,101.96910027264465,4.474475153103885,0,6.012571740912817,213.29311644942368,339.2970758150307,0,0,14.324693042291951,2.0328959526889667,0,0,77.98857743057835,12.142024897283376,9.378663540445485,0,0,2162688,0,0,0,0,0,0,0,0,0,0,0,0,225292288,82034688,18149376,439984128,112103424,349663232,40996864,10997760,310304768,95162368,4952064,3993600,305532928,17076224,134160384,209780736,71233536,14462976,200048640,104890368,330620928,35819520,9732096,292233216,85155840,4055040,2568192,295477248,15814656,38793216,0,0,0,0,0,0,0,0,0,0,0,0,0,0,0,211783680,81674240,17760256,425578496,108847104,333176832,40611840,10604544,296390656,94773248,4796416,2920448,297783296,16683008,46895104,192995328,73969664,17760256,212283392,108847104,333176832,37773312,10604544,296390656,91799552,4796416,2920448,297783296,16683008,40677376,1073741824,1073741824,314572800,0,1073741824,1073741824,1073741824,314572800,1073741824,0,0,0,1073741824,314572800,2147483648,11.47996655442815,0,5.20119154569956,0,0,14.760737503996587,46640.12112720617,0,21921.41472410043,0,0,47200.255781732914,11.47996655442815,0,5.20119154569956,0,0,14.760737503996587,46640.12112720617,0,21921.41472410043,0,0,47200.255781732914,105.4628561285169,52.45797498045348,496.7020049197814,21.362302071950463,34.72189791248307,39.03353057199211,15.647552582491798,63.84782793024505,46.66332162568992,102.26976258805114,0,0,0,0,0,0,0,0,0,0,120223.19605928818,122435.42318217357,1587548.9692404815,99547.81341732554,336468.19688973983,549010.7889546352,2821.757453206406,9540.685678754135,595035.1587699808,127715.85572658492,0,0,0,0,0,0,0,0,0,0,124.50075441554984,42.489249413604384,485.66515009687174,28.49735381714555,48.054919908466815,54.95069033530572,13.611227246414098,77.66880529097538,61.26800946168734,136.74015131750588,0,0,0,0,0,0,0,0,0,0,25075.95189491435,7154.2953479280695,151151.68600474563,6090.805853742153,13045.813290991453,6742.307692307692,2595.510990866405,11024.702523953536,13129.238047451798,25920.55830941821,0,0,0,0,0,0,0,0,0,0,34,22,42,4,2,2,2,62,0,0,0,0,0.010457317073170729,0.004013157894736843,0.031147234678624812,0.015852510460251046,0.0014971428571428573,0.003,0.0030032679738562092,0.003213975903614458,0.022519230769230767,0.0402659574468085,0.0724420677361854,0.023547071129707112,0.004299428571428571,0.0046,0.004605882352941176,0.004985156626506025,0.024026969981238266,0.04635638297872339,0.08648841354723706,0.02450889121338912,0.004649714285714286,0.0048,0.0048062091503267975,0.007480324074074076,0.035901315789473504,0.07510869565217368,0.09772549019607843,0.042057692307692185,0.004929942857142856,0.00496,0.004966470588235294,0.009607175925925924,0.45993150684931494,0.371875,0.3861908053923263,0.45878746594005454,0.8790650406504065,0.375,0.4593579234972678,0.4881213450292397,2.182675222112537,2.1638943248532287,0.49514344970618734,2.1262195121951217,2.1277327935222674,0.475,2.1277327935222674,2.191263440860215,2.3413376110562685,2.3319471624266144,0.6957528957528951,2.313109756097561,2.3138663967611337,0.4875,2.3138663967611337,2.3456317204301076,2.4682675222112533,2.4663894324853226,0.9391505791505789,2.462621951219512,2.4627732793522266,0.4975,2.4627732793522266,2.469126344086021,395.74789915968125,396.3529411764728,396.6722689075788,393.0924369747975,396.1176470588159,66381083.96638655,28970285.176470585,0,51594386.28571428,36053955.76470588,3338840769.6134453,3071241999.0588236,1173558934.5882351,5374026141.042017,4315457209.008403,0,0,0,0,0,16.03361344537815,2,4.655462184873949,1.1596638655462184,16.95798319327731,0,0,0,0,0,63969.882352941175,16702.386554621848,920920.2016806722,37604.033613445376,74029.17647058824,1586.5042016806724,268.01680672268907,2810.7394957983192,1763.546218487395,435.9327731092437,1788.453781512605,379.61344537815125,1875.9663865546217,2150.924369747899,540.1848739495798,0,0,0,0,0,0,0,0,0,0,0,0,0,0,0,0,0,0,0,0
1693106607,0.43718453161638987,0.40677046846398995,0.2801389287956665,0.03643982873280498,1.7774426370785312,0.483546687705188,0.26005957728497825,0.1776041204155938,0.08604000860400095,0.09240436148586152,0,0.08724480893386852,0.08752926759885246,0.5825719016373349,0.21315144410103395,3.4408060410953576,10.095963801947986,41.75032748490191,0.4581307697913822,10.022444520449572,2.5623265950678027,0.3548276466972425,0.6424250088802064,0.938359051408914,1.04158884679357,0,0.3041421501483164,1.0792644193527157,2.810262963757894,1.0768233169917212,2.7224673105202304,8.722966712616664,41.06036299205053,0.30973854422884195,7.468849868936067,1.8323874481460136,0.37826847605087743,0.3552082408311876,0.7098300709830034,1.0164479763444836,0,0.13086721340080276,0.678351823891103,1.2571288403752994,0.746030054353618,50000,100000,50000,50000,50000,50000,10000,50000,50000,20000,50000,0,7704576,2162688,220594176,0,0,2973696,0,0,2973696,0,0,0,0,6217728,85.25098366519613,4.474475153103885,0,6.012571740912817,213.29311644942368,339.2970758150307,0,0,9.9376209937621,2.0328959526889667,0,0,77.98857743057835,12.142024897283376,9.378663540445485,0,0,2162688,0,0,0,0,0,0,0,0,0,0,0,0,225292288,82034688,18149376,439984128,112103424,349663232,40996864,10997760,310304768,95162368,4952064,3993600,305532928,17076224,134160384,210051072,71233536,14462976,200048640,104890368,330620928,35819520,9732096,292233216,85155840,4055040,2568192,295477248,15814656,38793216,0,0,0,0,0,0,0,0,0,0,0,0,0,0,0,211738624,81674240,17760256,425578496,108847104,333176832,40611840,10604544,296411136,94773248,4796416,2920448,297783296,16683008,46895104,192950272,73969664,17760256,212283392,108847104,333176832,37773312,10604544,296411136,91799552,4796416,2920448,297783296,16683008,40677376,1073741824,1073741824,314572800,0,1073741824,1073741824,1073741824,314572800,1073741824,0,0,0,1073741824,314572800,2147483648,11.47996655442815,0,5.20119154569956,0,0,14.760737503996587,46640.12112720617,0,21921.41472410043,0,0,47200.255781732914,11.47996655442815,0,5.20119154569956,0,0,14.760737503996587,46640.12112720617,0,21921.41472410043,0,0,47200.255781732914,105.4628561285169,52.45797498045348,496.7020049197814,21.362302071950463,34.72189791248307,39.03353057199211,18.05983460353494,63.84782793024505,46.66332162568992,102.26976258805114,0,0,0,0,0,0,0,0,0,0,120223.19605928818,122435.42318217357,1587548.9692404815,99547.81341732554,336468.19688973983,549010.7889546352,3269.316523431166,9540.685678754135,595035.1587699808,127715.85572658492,0,0,0,0,0,0,0,0,0,0,124.50075441554984,42.489249413604384,485.66515009687174,28.49735381714555,48.054919908466815,54.95069033530572,15.870763742500404,77.66880529097538,61.26800946168734,136.74015131750588,0,0,0,0,0,0,0,0,0,0,25075.95189491435,7154.2953479280695,151151.68600474563,6090.805853742153,13045.813290991453,6742.307692307692,3015.951840441057,11024.702523953536,13129.238047451798,25920.55830941821,0,0,0,0,0,0,0,0,0,0,54,12,54,14,12,2,14,120,0,0,0,0,0.010638736263736265,0.004019973368841545,0.03106146304675717,0.015876288659793816,0.0015697674418604648,0.003,0.0030068027210884353,0.003215311004784689,0.02260027472527473,0.040543933054393314,0.07247747747747749,0.02354639175257732,0.0043139534883720925,0.0046,0.004612244897959183,0.00498755980861244,0.024095467032967038,0.04647489539748955,0.0865990990990991,0.02450515463917526,0.004656976744186046,0.0048,0.004812925170068027,0.007505733944954126,0.03734302325581399,0.07534782608695656,0.0978963963963964,0.041923076923077125,0.00493139534883721,0.00496,0.004973469387755103,0.009629587155963302,0.46172086720867206,0.375,0.38639923424991296,0.4588948787061995,0.8714859437751004,0.375,0.4554317548746518,0.4850396539293439,2.183575581395349,2.164497041420118,0.4955186216498434,2.126506024096386,2.1168831168831166,0.475,2.1168831168831166,2.1888440860215055,2.3417877906976745,2.332248520710059,0.7008587786259547,2.3132530120481927,2.3084415584415585,0.4875,2.3084415584415585,2.3444220430107525,2.4683575581395347,2.4664497041420117,0.940171755725191,2.462650602409639,2.4616883116883117,0.4975,2.4616883116883117,2.4688844086021504,395.73109243697223,396.3529411764618,396.65546218486793,392.92436974789433,396.0504201680655,66381083.96638655,28970285.176470585,0,51594386.28571428,36053955.76470588,3409790511.327731,3071215702.05042,1173545923.764706,5373984699.159663,4237028515.495798,0,0,0,0,0,16.084033613445378,2,4.6386554621848735,1.1596638655462184,17.126050420168067,0,0,0,0,0,64098.95798319327,16702.386554621848,920851.3613445378,37604.033613445376,74786.42016806723,1589.6470588235295,268.2689075630252,2812.1344537815125,1769.2941176470586,437.51260504201673,1791.7983193277307,379.78151260504194,1878.3361344537816,2156.3697478991594,541.781512605042,0,0,0,0,0,0,0,0,0,0,0,0,0,0,0,0,0,0,0,0
1693106608,0.43718453161638987,0.40677046846398995,0.2857258776830655,0.03643982873280498,1.7774426370785312,0.483546687705188,0.26005957728497825,0.1776041204155938,0.08604000860400095,0.06718323106552561,0,0.08724480893386852,0.08752926759885246,0.6166945173868076,0.16895047472414693,3.4408060410953576,10.095963801947986,42.58297486701729,0.4581307697913822,10.022444520449572,2.5623265950678027,0.3548276466972425,0.6424250088802064,0.938359051408914,1.0045209007031832,0,0.3041421501483164,1.0792644193527157,2.786032949391265,0.9405817945881464,2.7224673105202304,8.722966712616664,41.87925007183216,0.30973854422884195,7.468849868936067,1.8323874481460136,0.37826847605087743,0.3552082408311876,0.7098300709830034,0.9405652349173645,0,0.13086721340080276,0.678351823891103,1.193602291716399,0.5913266615345124,50000,100000,50000,50000,50000,50000,10000,50000,50000,20000,50000,0,7704576,2162688,220594176,0,0,2973696,0,0,2973696,0,0,0,0,6217728,85.25098366519613,4.474475153103885,0,6.012571740912817,213.29311644942368,339.2970758150307,0,0,9.9376209937621,1.478031083441573,0,0,77.98857743057835,21.00740033420864,6.969207082371055,0,0,2162688,0,0,0,0,0,0,0,0,0,0,0,0,225292288,82034688,18149376,439984128,112103424,349663232,40996864,10997760,310304768,95162368,4952064,3993600,305532928,18423808,134160384,210051072,71233536,14462976,200048640,104890368,330620928,35819520,9732096,292233216,85155840,4055040,2568192,295477248,17301504,38793216,0,0,0,0,0,0,0,0,0,0,0,0,0,0,0,211738624,81674240,17760256,425578496,108847104,333176832,40611840,10604544,296411136,94773248,4796416,2920448,297783296,18055168,46895104,192950272,73969664,17760256,212283392,108847104,333176832,37773312,10604544,296411136,91799552,4796416,2920448,297783296,18055168,40677376,1073741824,1073741824,314572800,0,1073741824,1073741824,1073741824,314572800,1073741824,0,0,0,1073741824,314572800,2147483648,11.47996655442815,0,5.20119154569956,0,0,13.009186553759303,46640.12112720617,0,21921.41472410043,0,0,42753.93133179369,11.47996655442815,0,5.20119154569956,0,0,13.009186553759303,46640.12112720617,0,21921.41472410043,0,0,42753.93133179369,105.4628561285169,52.45797498045348,496.7020049197814,21.362302071950463,34.72189791248307,39.03353057199211,18.05983460353494,63.84782793024505,46.88229082246617,102.26976258805114,0,0,0,0,0,0,0,0,0,0,120223.19605928818,122435.42318217357,1587548.9692404815,99547.81341732554,336468.19688973983,549010.7889546352,3269.316523431166,9540.685678754135,590280.0166998206,127715.85572658492,0,0,0,0,0,0,0,0,0,0,124.50075441554984,42.489249413604384,485.66515009687174,28.49735381714555,48.054919908466815,54.95069033530572,15.870763742500404,77.66880529097538,61.12625555637417,136.74015131750588,0,0,0,0,0,0,0,0,0,0,25075.95189491435,7154.2953479280695,151151.68600474563,6090.805853742153,13045.813290991453,6742.307692307692,3015.951840441057,11024.702523953536,13309.585205923524,25920.55830941821,0,0,0,0,0,0,0,0,0,0,36,18,54,8,10,2,10,60,0,0,0,0,0.010638736263736265,0.004019973368841545,0.03106146304675717,0.015876288659793816,0.0014915254237288136,0.003,0.003006462035541195,0.003215311004784689,0.02260027472527473,0.040543933054393314,0.07247747747747749,0.02354639175257732,0.004298305084745763,0.0046,0.004611631663974151,0.00498755980861244,0.024095467032967038,0.04647489539748955,0.0865990990990991,0.02450515463917526,0.004649152542372882,0.0048,0.004812277867528272,0.007505733944954126,0.03734302325581399,0.07534782608695656,0.0978963963963964,0.041923076923077125,0.004929830508474576,0.00496,0.0049727948303715675,0.009629587155963302,0.46172086720867206,0.375,0.38639923424991296,0.4588948787061995,0.8825301204819277,0.375,0.4603658536585366,0.4850396539293439,2.183575581395349,2.164497041420118,0.4955186216498434,2.126506024096386,2.130357142857143,0.475,2.130357142857143,2.1888440860215055,2.3417877906976745,2.332248520710059,0.7008587786259547,2.3132530120481927,2.3151785714285715,0.4875,2.3151785714285715,2.3444220430107525,2.4683575581395347,2.4664497041420117,0.940171755725191,2.462650602409639,2.463035714285714,0.4975,2.463035714285714,2.4688844086021504,395.57983193277107,396.4033613445209,396.6722689075753,392.87394957982985,395.9663865546069,66381083.96638655,38626863.32773109,0,51594386.28571428,36053749.24369748,3409770822.9915967,3071202691.2268906,1173558728.067227,5466350807.12605,4158579376.4033613,0,0,0,0,0,16.201680672268907,2,4.6386554621848735,1.1596638655462184,17.159663865546218,0,0,0,0,0,64443.15966386555,16702.386554621848,920851.3613445378,37604.033613445376,74932.70588235294,1590.252100840336,268.55462184873943,2812.8403361344535,1768.436974789916,437.4621848739496,1792.1344537815123,379.9831932773109,1879.3277310924368,2155.4117647058824,541.6806722689075,0,0,0,0,0,0,0,0,0,0,0,0,0,0,0,0,0,0,0,0
1693106609,0.43718453161638987,0.40677046846398995,0.3352169332439419,0.03643982873280498,1.7774426370785312,0.4142128086144821,0.26005957728497825,0.1776041204155938,0.08604000860400095,0.06718323106552561,0,0.10039152695512507,0.08752926759885246,0.6166945173868076,0.19655053805709813,3.4408060410953576,10.095963801947986,49.95884292692268,0.4581307697913822,10.022444520449572,2.1949245492044556,0.3548276466972425,0.6424250088802064,0.938359051408914,1.0045209007031832,0,0.3068201720041496,1.0792644193527157,2.786032949391265,1.0942369834406191,2.7224673105202304,8.722966712616664,49.13322478689777,0.30973854422884195,7.468849868936067,1.569648537907544,0.37826847605087743,0.3552082408311876,0.7098300709830034,0.9405652349173645,0,0.16731921159187513,0.678351823891103,1.193602291716399,0.6879268831998412,50000,100000,50000,50000,50000,50000,10000,50000,50000,20000,50000,0,7704576,2162688,220594176,0,0,2973696,0,0,2973696,0,0,0,0,6217728,85.25098366519613,4.474475153103885,0,6.012571740912817,213.29311644942368,290.6465876025416,0,0,9.9376209937621,1.478031083441573,0,0,77.98857743057835,21.00740033420864,8.10770969485529,0,0,2162688,0,0,0,0,0,0,0,0,0,0,0,0,225292288,82034688,18149376,439984128,112103424,349663232,40996864,10997760,310304768,95162368,4952064,3993600,305532928,18423808,134160384,210051072,71233536,14462976,200048640,104890368,330620928,35819520,9732096,292233216,85155840,4055040,2568192,295477248,17301504,38793216,0,0,0,0,0,0,0,0,0,0,0,0,0,0,0,211738624,81674240,17760256,425578496,108847104,333176832,40611840,10604544,296411136,94773248,4796416,2920448,297783296,18055168,46895104,192950272,73969664,17760256,212283392,108847104,333176832,37773312,10604544,296411136,91799552,4796416,2920448,297783296,18055168,40677376,1073741824,1073741824,314572800,0,1073741824,1073741824,1073741824,314572800,1073741824,0,0,0,1073741824,314572800,2147483648,11.47996655442815,0,5.20119154569956,0,0,15.13439143039654,46640.12112720617,0,21921.41472410043,0,0,49738.292958576974,11.47996655442815,0,5.20119154569956,0,0,15.13439143039654,46640.12112720617,0,21921.41472410043,0,0,49738.292958576974,105.4628561285169,52.45797498045348,496.7020049197814,21.362302071950463,34.72189791248307,39.03353057199211,18.05983460353494,62.90757083139804,46.88229082246617,99.30455900209736,0,0,0,0,0,0,0,0,0,0,120223.19605928818,122435.42318217357,1587548.9692404815,99547.81341732554,336468.19688973983,549010.7889546352,3269.316523431166,9400.613098002787,590280.0166998206,126093.93972844684,0,0,0,0,0,0,0,0,0,0,124.50075441554984,42.489249413604384,485.66515009687174,28.49735381714555,48.054919908466815,54.95069033530572,15.870763742500404,76.45146307477937,61.12625555637417,133.32597416933436,0,0,0,0,0,0,0,0,0,0,25075.95189491435,7154.2953479280695,151151.68600474563,6090.805853742153,13045.813290991453,6742.307692307692,3015.951840441057,10887.227124941941,13309.585205923524,25302.77072524561,0,0,0,0,0,0,0,0,0,0,34,18,42,6,6,2,6,36,0,0,0,0,0.010638736263736265,0.004019973368841545,0.03106146304675717,0.015876288659793816,0.0014915254237288136,0.003,0.003006462035541195,0.003215311004784689,0.02260027472527473,0.040543933054393314,0.07247747747747749,0.02354639175257732,0.004298305084745763,0.0046,0.004611631663974151,0.00498755980861244,0.024095467032967038,0.04647489539748955,0.0865990990990991,0.02450515463917526,0.004649152542372882,0.0048,0.004812277867528272,0.007505733944954126,0.03734302325581399,0.07534782608695656,0.0978963963963964,0.041923076923077125,0.004929830508474576,0.00496,0.0049727948303715675,0.009629587155963302,0.46172086720867206,0.375,0.38639923424991296,0.4588948787061995,0.8825301204819277,0.375,0.4603658536585366,0.4850396539293439,2.183575581395349,2.164497041420118,0.4955186216498434,2.126506024096386,2.130357142857143,0.475,2.130357142857143,2.1888440860215055,2.3417877906976745,2.332248520710059,0.7008587786259547,2.3132530120481927,2.3151785714285715,0.4875,2.3151785714285715,2.3444220430107525,2.4683575581395347,2.4664497041420117,0.940171755725191,2.462650602409639,2.463035714285714,0.4975,2.463035714285714,2.4688844086021504,395.7647058823518,396.3361344537734,396.67226890754216,392.9243697479068,395.983193277299,66381083.96638655,38626932.168067224,0,51594386.28571428,36053749.24369748,3409734337.6134453,3128043812.5714283,1173557488.9411764,5558672031.193277,4158610698.7563024,0,0,0,0,0,16.218487394957982,2,5.277310924369748,1.1596638655462184,17.058823529411764,0,0,0,0,0,64468.97478991596,16702.386554621848,1062249.4117647058,37604.033613445376,74631.5294117647,1579.6470588235293,267.7310924369748,2815.4789915966385,1755.2100840336134,434.9579831932773,1781.7647058823527,379.0252100840336,1880.4705882352937,2142.067226890756,539.2436974789915,0,0,0,0,0,0,0,0,0,0,0,0,0,0,0,0,0,0,0,0
1693106610,0.43718453161638987,0.40677046846398995,0.3352169332439419,0.03643982873280499,1.7774426370785312,0.40615369715272903,0.22257487877020732,0.1776041204155938,0.08604000860400095,0.06718323106552561,0,0.10039152695512507,0.08752926759885246,0.6166945173868076,0.19655053805709813,3.4408060410953576,10.095963801947986,49.95884292692268,0.4581307697913823,10.022444520449572,2.1522191059533258,0.30368318395524274,0.6424250088802064,0.938359051408914,1.0045209007031832,0,0.3068201720041496,1.0792644193527157,2.786032949391265,1.0942369834406191,2.7224673105202304,8.722966712616664,49.13322478689777,0.309738544228842,7.468849868936067,1.5391087471051106,0.3237452782112107,0.3552082408311876,0.7098300709830034,0.9405652349173645,0,0.16731921159187513,0.678351823891103,1.193602291716399,0.6879268831998412,50000,100000,50000,50000,50000,50000,10000,50000,50000,20000,50000,0,7704576,2162688,220594176,0,0,2973696,0,0,2973696,0,0,0,0,6217728,85.25098366519613,4.474475153103885,0,6.012571740912818,213.29311644942368,284.9916363389578,0,0,9.9376209937621,1.478031083441573,0,0,77.98857743057835,21.00740033420864,8.10770969485529,0,0,2162688,0,0,0,0,0,0,0,0,0,0,0,0,225292288,82034688,18149376,439984128,112103424,349663232,40996864,10997760,310304768,95162368,4952064,3993600,305532928,18423808,134160384,210051072,71233536,14462976,200048640,104890368,330620928,35819520,9732096,292233216,85155840,4055040,2568192,295477248,17301504,38793216,0,0,0,0,0,0,0,0,0,0,0,0,0,0,0,211738624,81674240,17760256,425578496,108847104,333176832,40611840,10604544,296411136,94773248,4796416,2920448,297783296,18055168,46895104,192950272,73969664,17760256,212283392,108847104,333176832,37773312,10604544,296411136,91799552,4796416,2920448,297783296,18055168,40677376,1073741824,1073741824,314572800,0,1073741824,1073741824,1073741824,314572800,1073741824,0,0,0,1073741824,314572800,2147483648,11.47996655442815,0,4.451497575404143,0,0,15.13439143039654,46640.12112720617,0,18761.686362896067,0,0,49738.292958576974,11.47996655442815,0,4.451497575404143,0,0,15.13439143039654,46640.12112720617,0,18761.686362896067,0,0,49738.292958576974,105.4628561285169,44.625416449483104,496.7020049197814,21.362302071950463,34.72189791248307,39.0335305719921,18.05983460353494,62.90757083139804,46.88229082246617,99.30455900209736,0,0,0,0,0,0,0,0,0,0,120223.19605928818,104154.45410748415,1587548.9692404815,99547.81341732554,336468.19688973983,549010.788954635,3269.316523431166,9400.613098002787,590280.0166998206,126093.93972844684,0,0,0,0,0,0,0,0,0,0,124.50075441554984,36.14513237338198,485.66515009687174,28.49735381714555,48.054919908466815,54.95069033530571,15.870763742500404,76.45146307477937,61.12625555637417,133.32597416933436,0,0,0,0,0,0,0,0,0,0,25075.95189491435,6086.079560311876,151151.68600474563,6090.805853742153,13045.813290991453,6742.3076923076915,3015.951840441057,10887.227124941941,13309.585205923524,25302.77072524561,0,0,0,0,0,0,0,0,0,0,44,12,46,22,24,2,22,114,0,0,0,0,0.010638736263736265,0.004019973368841545,0.03106146304675717,0.015876288659793816,0.0014915254237288136,0.003,0.003006462035541195,0.0032201834862385322,0.02260027472527473,0.040543933054393314,0.07247747747747749,0.02354639175257732,0.004298305084745763,0.0046,0.004611631663974151,0.004996330275229358,0.024095467032967038,0.04647489539748955,0.0865990990990991,0.02450515463917526,0.004649152542372882,0.0048,0.004812277867528272,0.007559883720930234,0.03734302325581399,0.07534782608695656,0.0978963963963964,0.041923076923077125,0.004929830508474576,0.00496,0.0049727948303715675,0.00964220930232558,0.46172086720867206,0.375,0.38639923424991296,0.4588948787061995,0.8825301204819277,0.375,0.4603658536585366,0.47285766158315173,2.183575581395349,2.164497041420118,0.4955186216498434,2.126506024096386,2.130357142857143,0.475,2.130357142857143,2.178530397319291,2.3417877906976745,2.332248520710059,0.7008587786259547,2.3132530120481927,2.3151785714285715,0.4875,2.3151785714285715,2.3392651986596458,2.4683575581395347,2.4664497041420117,0.940171755725191,2.462650602409639,2.463035714285714,0.4975,2.463035714285714,2.467853039731929,395.66386554623244,396.386554621857,396.65546218487333,392.9579831932712,395.89915966387053,66381083.96638655,38626932.168067224,0,64492862.38655462,36053749.24369748,3409751410.0168066,3128021301.7815123,1108933279.1932774,5466126181.109243,4158641608.067227,0,0,0,0,0,16.26890756302521,2,5.277310924369748,1.1092436974789917,17.058823529411764,0,0,0,0,0,64623.86554621848,16702.386554621848,1062249.4117647058,32303.327731092435,74605.71428571428,1581.2436974789914,268.2689075630252,2815.6470588235293,1756.8403361344538,435.0588235294117,1783.344537815126,379.5798319327731,1879.798319327731,2142.084033613445,539.2941176470588,0,0,0,0,0,0,0,0,0,0,0,0,0,0,0,0,0,0,0,0
1693106611,0.43718453161638987,0.40677046846398995,0.3352169332439419,0,1.7706829387888539,0.3980945856909759,0.21824055248212437,0.1776041204155938,0.08604000860400095,0.06718323106552561,0,0.08438702606833325,0.08752926759885246,0.6166945173868076,0.19655053805709813,3.4408060410953576,10.095963801947986,49.95884292692268,0.48123705756125074,9.97174313111225,2.109513662702195,0.29776938984362206,0.6424250088802064,0.938359051408914,1.0045209007031832,0,0.25790664449977146,1.0792644193527157,2.786032949391265,1.0942369834406191,2.7224673105202304,8.722966712616664,49.13322478689777,0.33013417596151506,7.57307472282002,1.5085689563026767,0.31744080361036275,0.3552082408311876,0.7098300709830034,0.9405652349173645,0,0.1406450434472221,0.678351823891103,1.193602291716399,0.6879268831998412,50000,100000,50000,50000,50000,50000,10000,50000,50000,20000,50000,0,7704576,2162688,220594176,0,0,2973696,0,0,2973696,0,0,0,0,6217728,85.25098366519613,4.474475153103885,0,6.225387318131442,219.3467542019668,279.3366850753739,0,0,9.9376209937621,1.478031083441573,0,0,77.98857743057835,21.00740033420864,8.10770969485529,0,0,2162688,0,0,0,0,0,0,0,0,0,0,0,0,225292288,82034688,18149376,439984128,112103424,349663232,40996864,10997760,310304768,95162368,4952064,3993600,305532928,18423808,134160384,210051072,71233536,14462976,200048640,104890368,330620928,35819520,9732096,292233216,85155840,4055040,2568192,295477248,17301504,38793216,0,0,0,0,0,0,0,0,0,0,0,0,0,0,0,211738624,81674240,17760256,425578496,108847104,333176832,40611840,10604544,296411136,94773248,4796416,2920448,297783296,18055168,46895104,192950272,73969664,17760256,212283392,108847104,333176832,37773312,10604544,296411136,91799552,4796416,2920448,297783296,18055168,40677376,1073741824,1073741824,314572800,0,1073741824,1073741824,1073741824,314572800,1073741824,0,0,0,1073741824,314572800,2147483648,11.47996655442815,0,4.364811049642484,0,0,15.13439143039654,46640.12112720617,0,18396.329450827725,0,0,49738.292958576974,11.47996655442815,0,4.364811049642484,0,0,15.13439143039654,46640.12112720617,0,18396.329450827725,0,0,49738.292958576974,103.39109796143967,52.19561224136138,496.7020049197814,21.20289702949512,34.72189791248307,39.0335305719921,18.05983460353494,62.90757083139804,46.88229082246617,99.30455900209736,0,0,0,0,0,0,0,0,0,0,119116.65637090744,122403.0083526843,1587548.9692404815,99609.23340680872,336468.19688973983,549010.788954635,3269.316523431166,9400.613098002787,590280.0166998206,126093.93972844684,0,0,0,0,0,0,0,0,0,0,121.98849042494392,42.213981215124946,485.66515009687174,28.183058675343762,48.054919908466815,54.95069033530571,15.870763742500404,76.45146307477937,61.12625555637417,133.32597416933436,0,0,0,0,0,0,0,0,0,0,24553.369964560912,7043.652306519252,151151.68600474563,6010.059130191386,13045.813290991453,6742.3076923076915,3015.951840441057,10887.227124941941,13309.585205923524,25302.77072524561,0,0,0,0,0,0,0,0,0,0,36,32,68,4,2,2,2,64,0,0,0,0,0.010638736263736265,0.004019973368841545,0.03106146304675717,0.015876288659793816,0.0014915254237288136,0.003,0.003006462035541195,0.003212786034442085,0.02260027472527473,0.040543933054393314,0.07247747747747749,0.02354639175257732,0.004298305084745763,0.0046,0.004611631663974151,0.0049830148619957534,0.024095467032967038,0.04647489539748955,0.0865990990990991,0.02450515463917526,0.004649152542372882,0.0048,0.004812277867528272,0.007494239631336403,0.03734302325581399,0.07534782608695656,0.0978963963963964,0.041923076923077125,0.004929830508474576,0.00496,0.0049727948303715675,0.009655529953917049,0.46172086720867206,0.375,0.38639923424991296,0.4588948787061995,0.8825301204819277,0.375,0.4603658536585366,0.4904470079307858,2.183575581395349,2.164497041420118,0.4955186216498434,2.126506024096386,2.130357142857143,0.475,2.130357142857143,2.193062827225131,2.3417877906976745,2.332248520710059,0.7008587786259547,2.3132530120481927,2.3151785714285715,0.4875,2.3151785714285715,2.3465314136125652,2.4683575581395347,2.4664497041420117,0.940171755725191,2.462650602409639,2.463035714285714,0.4975,2.463035714285714,2.469306282722513,395.68067226891117,396.4537815125766,396.6890756302599,392.9915966386593,396.03361344537655,66381083.96638655,38626932.168067224,0,64492931.22689075,36053749.24369748,3480775292.773109,3184846589.848739,1108923090.8235295,5373524019.630252,4315527494.991596,0,0,0,0,0,16.235294117647058,1.9663865546218486,5.277310924369748,0.9915966386554621,17.142857142857142,0,0,0,0,0,64520.6050420168,16280.739495798318,1062249.4117647058,31167.462184873948,74958.52100840336,1583.8991596638652,265.3613445378151,2812,1764.18487394958,436.9411764705882,1785.9831932773109,376.89075630252097,1876.6554621848736,2149.495798319327,541.1428571428572,0,0,0,0,0,0,0,0,0,0,0,0,0,0,0,0,0,0,0,0
1693106612,0.43718453161638987,0.40677046846398995,0.3352169332439419,0,1.7706829387888539,0.39003547422922275,0.2139062261940414,0.1776041204155938,0.08604000860400095,0.06718323106552561,0,0.10557655355898571,0.08752926759885246,0.6166945173868076,0.19655053805709813,3.4408060410953576,10.095963801947986,49.95884292692268,0.48123705756125074,9.97174313111225,2.0668082194510653,0.2918555957320013,0.6424250088802064,0.938359051408914,1.0045209007031832,0,0.30803808990899334,1.0792644193527157,2.786032949391265,1.0942369834406191,2.7224673105202304,8.722966712616664,49.13322478689777,0.33013417596151506,7.57307472282002,1.478029165500243,0.31113632900951477,0.3552082408311876,0.7098300709830034,0.9405652349173645,0,0.12669186427078286,0.678351823891103,1.193602291716399,0.6879268831998412,50000,100000,50000,50000,50000,50000,10000,50000,50000,20000,50000,0,7704576,2162688,220594176,0,0,2973696,0,0,2973696,0,0,0,0,6217728,85.25098366519613,4.474475153103885,0,6.225387318131442,219.3467542019668,273.6817338117901,0,0,9.9376209937621,1.478031083441573,0,0,77.98857743057835,21.00740033420864,8.10770969485529,0,0,2162688,0,0,0,0,0,0,0,0,0,0,0,0,225292288,82034688,18149376,439984128,112103424,349663232,40996864,10997760,310304768,95162368,4952064,3993600,305532928,18423808,134160384,210051072,71233536,14462976,200048640,104890368,330620928,35819520,9732096,292233216,85155840,4055040,2568192,295477248,17301504,38793216,0,0,0,0,0,0,0,0,0,0,0,0,0,0,0,211738624,81674240,17760256,425578496,108847104,333176832,40611840,10604544,296411136,94773248,4796416,2916352,297783296,18055168,46895104,192950272,73969664,17760256,212283392,108847104,333176832,37773312,10604544,296411136,91799552,4796416,2916352,297783296,18055168,40677376,1073741824,1073741824,314572800,0,1073741824,1073741824,1073741824,314572800,1073741824,0,0,0,1073741824,314572800,2147483648,11.47996655442815,0,4.278124523880824,0,0,15.13439143039654,46640.12112720617,0,18030.972538759383,0,0,49738.292958576974,11.47996655442815,0,4.278124523880824,0,0,15.13439143039654,46640.12112720617,0,18030.972538759383,0,0,49738.292958576974,103.39109796143967,52.19561224136138,496.7020049197815,21.20289702949512,34.72189791248307,39.0335305719921,18.05983460353494,62.90757083139804,46.88229082246617,99.30455900209736,0,0,0,0,0,0,0,0,0,0,119116.65637090744,122403.0083526843,1587548.9692404817,99609.23340680872,336468.19688973983,549010.788954635,3269.316523431166,9400.613098002787,590280.0166998206,126093.93972844684,0,0,0,0,0,0,0,0,0,0,121.98849042494392,42.213981215124946,485.66515009687186,28.183058675343762,48.054919908466815,54.95069033530571,15.870763742500404,76.45146307477937,61.12625555637417,133.32597416933436,0,0,0,0,0,0,0,0,0,0,24553.369964560912,7043.652306519252,151151.68600474563,6010.059130191386,13045.813290991453,6742.3076923076915,3015.951840441057,10887.227124941941,13309.585205923524,25302.77072524561,0,0,0,0,0,0,0,0,0,0,40,32,62,6,6,2,6,60,0,0,0,0,0.01073038773669973,0.004036437246963564,0.03112167300380228,0.015945674044265595,0.0015272206303724926,0.003,0.0030066225165562913,0.0032167095717294644,0.022611361587015332,0.04026595744680852,0.07264388489208633,0.023599597585513082,0.004305444126074498,0.0046,0.004611920529801325,0.004990077229113036,0.024096483318304784,0.04625,0.08663669064748197,0.024556338028169016,0.004652722063037249,0.0048,0.004812582781456953,0.007553047404063208,0.037232558139535056,0.07321428571428573,0.09783093525179853,0.04276666666666675,0.00493054441260745,0.00496,0.004973112582781458,0.009691196388261847,0.45965608465608465,0.3739583333333334,0.38697183098591553,0.4607712765957447,0.874031007751938,0.375,0.45584239130434784,0.4866291344123857,2.1823529411764704,2.1638446215139444,0.4965492957746479,2.1313953488372093,2.1180672268907563,0.475,2.1180672268907563,2.190052356020942,2.341176470588235,2.3319223107569713,0.7139705882352935,2.315697674418605,2.3090336134453784,0.4875,2.3090336134453784,2.345026178010471,2.468235294117647,2.4663844621513946,0.9427941176470586,2.4631395348837213,2.461806722689076,0.4975,2.461806722689076,2.4690052356020944,395.68067226891156,396.4201680672221,396.7226890756214,392.9579831932901,395.9831932773059,82976079.59663865,38626932.168067224,0,64492931.22689075,36053611.56302521,3480738325.5126047,3184806249.4117646,1044260123.9663866,5373445266.285714,4237079595.02521,0,0,0,0,0,16.369747899159663,1.9663865546218486,3.3277310924369745,0.9915966386554621,17.310924369747898,0,0,0,0,0,64976.67226890756,16280.739495798318,605631.4621848739,31167.462184873948,75517.84873949579,1590.7899159663862,264.90756302521004,2811.142857142857,1776.2016806722688,440.2016806722689,1793.0756302521006,376.38655462184875,1875.7142857142853,2161.731092436975,544.4369747899159,0,0,0,0,0,0,0,0,0,0,0,0,0,0,0,0,0,0,0,0
1693106613,0.43718453161638987,0.40677046846398995,0.3352169332439419,0,1.7706829387888534,0.3819763627674696,0.22272471942314104,0.1776041204155938,0.08604000860400095,0.06718323106552561,0,0.10557655355898571,0.08752926759885246,0.6166945173868076,0.19655053805709813,3.4408060410953576,10.095963801947986,49.95884292692268,0.48123705756125074,9.971743131112248,2.0241027761999355,0.2978288228087632,0.6424250088802064,0.938359051408914,1.0045209007031832,0,0.30803808990899334,1.0792644193527157,2.786032949391265,1.0942369834406191,2.7224673105202304,8.722966712616664,49.13322478689777,0.33013417596151506,7.573074722820018,1.4474893746978097,0.3062464892068183,0.3552082408311876,0.7098300709830034,0.9405652349173645,0,0.12669186427078286,0.678351823891103,1.193602291716399,0.6879268831998412,50000,100000,50000,50000,50000,50000,10000,50000,50000,20000,50000,0,7704576,2162688,220594176,0,0,2973696,0,0,2973696,0,0,0,0,6217728,85.25098366519613,4.474475153103885,0,6.225387318131442,219.34675420196677,268.0267825482062,0,0,9.9376209937621,1.478031083441573,0,0,77.98857743057835,21.00740033420864,8.10770969485529,0,0,2162688,0,0,0,0,0,0,0,0,0,0,0,0,225292288,82034688,18149376,439984128,112103424,349663232,40996864,10997760,310304768,95162368,4952064,3993600,305532928,18423808,134160384,210051072,71233536,14462976,200048640,104890368,330620928,35819520,9732096,292233216,85155840,4055040,2568192,295477248,17301504,38793216,0,0,0,0,0,0,0,0,0,0,0,0,0,0,0,211738624,81674240,17760256,425578496,108847104,333176832,40611840,10604544,296411136,94773248,4796416,2916352,297783296,18055168,46895104,192950272,73969664,17760256,212283392,108847104,333176832,37773312,10604544,296411136,91799552,4796416,2916352,297783296,18055168,40677376,1073741824,1073741824,314572800,0,1073741824,1073741824,1073741824,314572800,1073741824,0,0,0,1073741824,314572800,2147483648,11.47996655442815,0,4.538016158246495,0,0,15.13439143039654,46640.12112720617,0,19913.371714184177,0,0,49738.292958576974,11.47996655442815,0,4.538016158246495,0,0,15.13439143039654,46640.12112720617,0,19913.371714184177,0,0,49738.292958576974,86.55084208472869,52.19561224136138,496.7020049197815,21.20289702949512,34.63180918654307,39.0335305719921,18.05983460353494,62.90757083139804,46.88229082246617,99.30455900209736,0,0,0,0,0,0,0,0,0,0,99715.03464509435,122403.0083526843,1587548.9692404817,99609.23340680872,337254.6436135125,549010.788954635,3269.316523431166,9400.613098002787,590280.0166998206,126093.93972844684,0,0,0,0,0,0,0,0,0,0,102.11910676160441,42.213981215124946,485.66515009687186,28.183058675343762,47.85959795854599,54.95069033530571,15.870763742500404,76.45146307477937,61.12625555637417,133.32597416933436,0,0,0,0,0,0,0,0,0,0,20554.13752587487,7043.652306519252,151151.68600474563,6010.059130191386,12897.71898760546,6742.3076923076915,3015.951840441057,10887.227124941941,13309.585205923524,25302.77072524561,0,0,0,0,0,0,0,0,0,0,36,24,72,2,2,2,2,38,0,0,0,0,0.01073038773669973,0.004036437246963564,0.03112167300380228,0.015945674044265595,0.001477777777777778,0.003,0.0030063291139240506,0.0032167095717294644,0.022611361587015332,0.04026595744680852,0.07264388489208633,0.023599597585513082,0.004295555555555556,0.0046,0.004611392405063292,0.004990077229113036,0.024096483318304784,0.04625,0.08663669064748197,0.024556338028169016,0.004647777777777778,0.0048,0.004812025316455696,0.007553047404063208,0.037232558139535056,0.07321428571428573,0.09783093525179853,0.04276666666666675,0.004929555555555556,0.00496,0.004972531645569621,0.009691196388261847,0.45965608465608465,0.3739583333333334,0.38697183098591553,0.4607712765957447,0.8817829457364341,0.375,0.45965608465608465,0.4866291344123857,2.1823529411764704,2.1638446215139444,0.4965492957746479,2.1313953488372093,2.128515625,0.475,2.128515625,2.190052356020942,2.341176470588235,2.3319223107569713,0.7139705882352935,2.315697674418605,2.3142578125,0.4875,2.3142578125,2.345026178010471,2.468235294117647,2.4663844621513946,0.9427941176470586,2.4631395348837213,2.4628515625,0.4975,2.4628515625,2.4690052356020944,395.6302521008511,396.3529411764839,396.8235294117612,393.0420168067116,395.91596638656506,82976079.59663865,38626932.168067224,0,64492931.22689075,36053611.56302521,3480759803.697479,3071031278.789916,1109851333.9159663,5373317223.260504,4237046620.5042014,0,0,0,0,0,16.319327731092436,1.3277310924369747,3.3277310924369745,1.1092436974789917,17.243697478991596,0,0,0,0,0,64838.991596638654,12167.529411764704,605631.4621848739,32062.386554621848,75285.51260504201,1593.6302521008402,266.9579831932773,2813.9663865546217,1776.5546218487393,440.47058823529403,1795.4621848739494,378.2857142857142,1877.1932773109243,2162.151260504201,544.7394957983194,0,0,0,0,0,0,0,0,0,0,0,0,0,0,0,0,0,0,0,0
1693106614,0.43718453161638987,0.40677046846398995,0.3352169332439419,0,1.7706829387888534,0.4395084267288737,0.2673741798811211,0.1776041204155938,0.08604000860400095,0.06718323106552561,0,0.10557655355898571,0.1030325926434722,0.6166945173868076,0.19655053805709813,3.4408060410953576,10.095963801947986,49.95884292692268,0.48123705756125074,9.971743131112248,2.8887492164916893,0.3543713025236013,0.6424250088802064,0.938359051408914,1.0045209007031832,0,0.30803808990899334,1.2190961946629026,2.786032949391265,1.0942369834406191,2.7224673105202304,8.722966712616664,49.13322478689777,0.33013417596151506,7.573074722820018,2.163733793126766,0.34964315830608156,0.3552082408311876,0.7098300709830034,0.9405652349173645,0,0.12669186427078286,0.8242607411477655,1.193602291716399,0.6879268831998412,50000,100000,50000,50000,50000,50000,10000,50000,50000,20000,50000,0,7704576,2162688,220594176,0,0,3108864,0,0,2973696,0,0,0,0,6217728,85.25098366519613,4.474475153103885,0,6.225387318131442,219.34675420196677,467.46792433693395,0,0,9.9376209937621,1.478031083441573,0,0,115.60256894597657,21.00740033420864,8.10770969485529,0,0,2162688,0,0,0,0,0,0,0,0,0,0,0,0,225292288,82034688,18149376,439984128,112103424,349663232,41037824,10997760,310304768,95162368,4952064,3993600,305532928,18423808,134160384,210051072,71233536,14462976,200048640,104890368,331026432,35819520,9732096,292233216,85155840,4055040,2568192,295477248,17301504,38793216,0,0,0,0,0,0,0,0,0,0,0,0,0,0,0,211738624,81674240,17760256,425578496,108847104,333918208,40665088,10604544,296411136,94773248,4796416,2916352,297783296,18055168,46895104,192950272,73969664,17760256,212283392,108847104,333918208,37691392,10604544,296411136,91799552,4796416,2916352,297783296,18055168,40677376,1073741824,1073741824,314572800,0,1073741824,1073741824,1073741824,314572800,1073741824,0,0,0,1073741824,314572800,2147483648,11.47996655442815,0,5.080109417741305,0,0,15.13439143039654,46640.12112720617,0,21187.223627650605,0,0,49738.292958576974,11.47996655442815,0,5.080109417741305,0,0,15.13439143039654,46640.12112720617,0,21187.223627650605,0,0,49738.292958576974,84.82765711870468,52.47533397363137,496.7020049197815,16.935849516252524,34.63180918654307,39.0335305719921,18.05983460353494,62.90757083139804,46.88229082246617,99.30455900209736,0,0,0,0,0,0,0,0,0,0,97729.75703891255,122739.41325416924,1587548.9692404817,79090.91719217652,337254.6436135125,549010.788954635,3269.316523431166,9400.613098002787,590280.0166998206,126093.93972844684,0,0,0,0,0,0,0,0,0,0,100.085965254522,42.1286999039553,485.66515009687186,22.393650959374494,47.85959795854599,54.95069033530571,15.870763742500404,76.45146307477937,61.12625555637417,133.32597416933436,0,0,0,0,0,0,0,0,0,0,20144.914693132185,7022.526848860562,151151.68600474563,4900.980708104221,12897.71898760546,6742.3076923076915,3015.951840441057,10887.227124941941,13309.585205923524,25302.77072524561,0,0,0,0,0,0,0,0,0,0,70,22,68,10,10,2,10,106,0,0,0,0,0.01073038773669973,0.004036437246963564,0.03112167300380228,0.015945674044265595,0.001477777777777778,0.003,0.0030063291139240506,0.0032167095717294644,0.022611361587015332,0.04026595744680852,0.07264388489208633,0.023599597585513082,0.004295555555555556,0.0046,0.004611392405063292,0.004990077229113036,0.024096483318304784,0.04625,0.08663669064748197,0.024556338028169016,0.004647777777777778,0.0048,0.004812025316455696,0.007553047404063208,0.037232558139535056,0.07321428571428573,0.09783093525179853,0.04276666666666675,0.004929555555555556,0.00496,0.004972531645569621,0.009691196388261847,0.45965608465608465,0.3739583333333334,0.38697183098591553,0.4607712765957447,0.8817829457364341,0.375,0.45965608465608465,0.4866291344123857,2.1823529411764704,2.1638446215139444,0.4965492957746479,2.1313953488372093,2.128515625,0.475,2.128515625,2.190052356020942,2.341176470588235,2.3319223107569713,0.7139705882352935,2.315697674418605,2.3142578125,0.4875,2.3142578125,2.345026178010471,2.468235294117647,2.4663844621513946,0.9427941176470586,2.4631395348837213,2.4628515625,0.4975,2.4628515625,2.4690052356020944,395.57983193276027,396.3361344537887,396.7226890756379,393.0420168067246,395.8655462185035,82976079.59663865,38626932.168067224,0,64492793.546218485,18027081.14285714,3480756017.4789915,3127897871.0588236,1175447982.2521007,5280663293.84874,4237063348.705882,0,0,0,0,0,16.33613445378151,1.3277310924369747,5.277310924369748,1.1092436974789917,17.294117647058822,0,0,0,0,0,64907.83193277311,12167.529411764704,1062593.6134453781,32062.386554621848,75405.98319327731,1594.7899159663864,268.5210084033613,2811.781512605042,1779.4117647058824,441.99999999999994,1796.2352941176468,379.9327731092437,1874.521008403361,2164.252100840336,546.3529411764706,0,0,0,0,0,0,0,0,0,0,0,0,0,0,0,0,0,0,0,0
1693106615,0.43718453161638987,0.4257130693912308,0.3352169332439419,0,1.7706829387888534,0.39889665889665926,0.2673741798811211,0.1776041204155938,0.08604000860400095,0.06718323106552561,0,0.10557655355898571,0.0878580382594355,0.6166945173868076,0.19655053805709813,3.4408060410953576,10.494603620334901,49.95884292692268,0.48123705756125074,9.971743131112248,2.6383174186830427,0.3543713025236013,0.6424250088802064,0.938359051408914,1.0045209007031832,0,0.30803808990899334,1.039548723026446,2.786032949391265,1.0942369834406191,2.7224673105202304,9.2947353483752,49.13322478689777,0.33013417596151506,7.573074722820018,2.0543177933177956,0.34964315830608156,0.3552082408311876,0.7098300709830034,0.9405652349173645,0,0.12669186427078286,0.7028643060754736,1.193602291716399,0.6879268831998412,50000,100000,50000,50000,50000,50000,10000,50000,50000,20000,50000,0,7704576,2162688,220594176,0,0,3108864,0,0,2973696,0,0,0,0,6217728,85.25098366519613,3.5121328224776507,0,6.225387318131442,219.34675420196677,446.2456923076923,0,0,9.9376209937621,1.478031083441573,0,0,98.57671892708727,21.00740033420864,8.10770969485529,0,0,2162688,0,0,0,0,0,0,0,0,0,0,0,0,225292288,82055168,18149376,439984128,112103424,349663232,41037824,10997760,310304768,95162368,4952064,3993600,305532928,18423808,134160384,210051072,71233536,14462976,200048640,104890368,331026432,35819520,9732096,292233216,85155840,4055040,2568192,295477248,17301504,38793216,0,0,0,0,0,0,0,0,0,0,0,0,0,0,0,211738624,81801216,17760256,425578496,108847104,333918208,40665088,10604544,296411136,94773248,4796416,2916352,297783296,18055168,46895104,192950272,74096640,17760256,212283392,108847104,333918208,37691392,10604544,296411136,91799552,4796416,2916352,297783296,18055168,40677376,1073741824,1073741824,314572800,0,1073741824,1073741824,1073741824,314572800,1073741824,0,0,0,1073741824,314572800,2147483648,11.511990918121189,0,5.080109417741305,0,0,15.13439143039654,45536.54037178942,0,21187.223627650605,0,0,49738.292958576974,11.511990918121189,0,5.080109417741305,0,0,15.13439143039654,45536.54037178942,0,21187.223627650605,0,0,49738.292958576974,107.71610518491734,52.47533397363137,496.7020049197815,17.289524604997567,34.51422688131786,32.604842519685036,18.05983460353494,61.20002230524731,46.88229082246617,99.30455900209736,0,0,0,0,0,0,0,0,0,0,120302.33632656341,122739.41325416924,1587548.9692404817,80742.5902972089,337052.5786222388,458923.84976377944,3269.316523431166,9141.861372887972,590280.0166998206,126093.93972844684,0,0,0,0,0,0,0,0,0,0,126.63974768476668,42.1286999039553,485.66515009687186,22.86130252198325,47.38393859977536,45.95086614173228,15.870763742500404,74.61105225004182,61.12625555637417,133.32597416933436,0,0,0,0,0,0,0,0,0,0,25662.006066815324,7022.526848860562,151151.68600474563,5003.328971485581,12905.302321228004,5648.939803149605,3015.951840441057,10596.386549935873,13309.585205923524,25302.77072524561,0,0,0,0,0,0,0,0,0,0,26,16,46,12,10,2,10,78,0,0,0,0,0.01073038773669973,0.004036437246963564,0.03112167300380228,0.015945674044265595,0.001477777777777778,0.003,0.0030063291139240506,0.0032221144519883607,0.022611361587015332,0.04026595744680852,0.07264388489208633,0.023599597585513082,0.004295555555555556,0.0046,0.004611392405063292,0.00499980601357905,0.024096483318304784,0.04625,0.08663669064748197,0.024556338028169016,0.004647777777777778,0.0048,0.004812025316455696,0.007613013698630134,0.037232558139535056,0.07321428571428573,0.09783093525179853,0.04276666666666675,0.004929555555555556,0.00496,0.004972531645569621,0.009705251141552513,0.45965608465608465,0.3739583333333334,0.38697183098591553,0.4607712765957447,0.8817829457364341,0.375,0.45965608465608465,0.4746633593196315,2.1823529411764704,2.1638446215139444,0.4965492957746479,2.1313953488372093,2.128515625,0.475,2.128515625,2.180027932960894,2.341176470588235,2.3319223107569713,0.7139705882352935,2.315697674418605,2.3142578125,0.4875,2.3142578125,2.3400139664804467,2.468235294117647,2.4663844621513946,0.9427941176470586,2.4631395348837213,2.4628515625,0.4975,2.4628515625,2.4680027932960895,395.6302521008409,396.33613445378876,396.84033613444535,392.95798319326707,395.8655462184856,99571144.06722689,48283510.31932773,0,51594179.76470588,18027081.14285714,3480779354.352941,3127869371.1596637,1241059706.6218486,5188023339.025209,4158632108.10084,0,0,0,0,0,16.319327731092436,1.3781512605042017,5.277310924369748,1.1092436974789917,17.361344537815125,0,0,0,0,0,64064.537815126045,16710.991596638654,1062593.6134453781,32062.386554621848,75560.87394957982,1602.8403361344535,267.71428571428567,2810.90756302521,1786.9915966386557,442.35294117647055,1804.8067226890753,379.1428571428571,1873.3445378151257,2173.159663865546,546.7226890756303,0,0,0,0,0,0,0,0,0,0,0,0,0,0,0,0,0,0,0,0
1693106616,0.43718453161638987,0.4257130693912308,0.3352169332439419,0,1.7706829387888534,0.46620046620046657,0.2673741798811211,0.1776041204155938,0.08604000860400095,0.06718323106552561,0,0.10557655355898571,0.08697732066363703,0.6166945173868076,0.19655053805709813,3.4408060410953576,10.494603620334901,49.95884292692268,0.48123705756125074,9.971743131112248,3.083467317016295,0.3543713025236013,0.6424250088802064,0.938359051408914,1.0045209007031832,0,0.30803808990899334,1.3778035682445824,2.786032949391265,1.0942369834406191,2.7224673105202304,9.2947353483752,49.13322478689777,0.33013417596151506,7.573074722820018,2.4009324009324033,0.34964315830608156,0.3552082408311876,0.7098300709830034,0.9405652349173645,0,0.12669186427078286,1.0002391876318268,1.193602291716399,0.6879268831998412,50000,100000,50000,50000,50000,50000,10000,50000,50000,20000,50000,0,7704576,2162688,220594176,0,0,3108864,0,0,2973696,0,0,0,0,6217728,85.25098366519613,3.5121328224776507,0,6.225387318131442,219.34675420196677,521.5384615384615,0,0,9.9376209937621,1.478031083441573,0,0,186.5663528235013,21.00740033420864,8.10770969485529,0,0,2162688,0,0,0,0,0,0,0,0,0,0,0,0,225292288,82055168,18149376,439984128,112103424,349663232,41037824,10997760,310304768,95162368,4952064,3993600,305532928,18423808,134160384,210051072,71233536,14462976,200048640,104890368,331026432,35819520,9732096,292233216,85155840,4055040,2568192,295342080,17301504,38793216,0,0,0,0,0,0,0,0,0,0,0,0,0,0,0,211738624,81801216,17760256,425578496,108847104,333918208,40665088,10604544,296411136,94773248,4796416,2916352,297820160,18055168,46895104,192950272,74096640,17760256,212283392,108847104,333918208,37691392,10604544,296411136,91799552,4796416,2916352,297820160,18055168,40677376,1073741824,1073741824,314572800,0,1073741824,1073741824,1073741824,314572800,1073741824,0,0,0,1073741824,314572800,2147483648,11.511990918121189,0,5.080109417741305,0,0,15.13439143039654,45536.54037178942,0,21187.223627650605,0,0,49738.292958576974,11.511990918121189,0,5.080109417741305,0,0,15.13439143039654,45536.54037178942,0,21187.223627650605,0,0,49738.292958576974,107.71610518491734,52.47533397363137,496.7020049197815,17.643199693742606,34.51422688131786,33.26149654904247,18.05983460353494,61.20002230524731,46.88229082246617,99.30455900209736,0,0,0,0,0,0,0,0,0,0,120302.33632656341,122739.41325416924,1587548.9692404817,82394.26340224125,337052.5786222388,468166.47054729256,3269.316523431166,9141.861372887972,590280.0166998206,126093.93972844684,0,0,0,0,0,0,0,0,0,0,126.63974768476668,42.1286999039553,485.66515009687186,23.328954084592006,47.38393859977536,46.87630601730338,15.870763742500404,74.61105225004182,61.12625555637417,133.32597416933436,0,0,0,0,0,0,0,0,0,0,25662.006066815324,7022.526848860562,151151.68600474563,5105.677234866941,12905.302321228004,5762.708151550499,3015.951840441057,10596.386549935873,13309.585205923524,25302.77072524561,0,0,0,0,0,0,0,0,0,0,12,4,20,6,6,2,6,26,0,0,0,0,0.01073038773669973,0.004036437246963564,0.03112167300380228,0.015945674044265595,0.001477777777777778,0.003,0.0030063291139240506,0.00321501390176089,0.022611361587015332,0.04026595744680852,0.07264388489208633,0.023599597585513082,0.004295555555555556,0.0046,0.004611392405063292,0.004987025023169602,0.024096483318304784,0.04625,0.08663669064748197,0.024556338028169016,0.004647777777777778,0.0048,0.004812025316455696,0.007539503386004507,0.037232558139535056,0.07321428571428573,0.09783093525179853,0.04276666666666675,0.004929555555555556,0.00496,0.004972531645569621,0.009697516930022566,0.45965608465608465,0.3739583333333334,0.38697183098591553,0.4607712765957447,0.8817829457364341,0.375,0.45965608465608465,0.49049964813511615,2.1823529411764704,2.1638446215139444,0.4965492957746479,2.1313953488372093,2.128515625,0.475,2.128515625,2.1930650684931505,2.341176470588235,2.3319223107569713,0.7139705882352935,2.315697674418605,2.3142578125,0.4875,2.3142578125,2.346532534246575,2.468235294117647,2.4663844621513946,0.9427941176470586,2.4631395348837213,2.4628515625,0.4975,2.4628515625,2.469306506849315,395.5126050420164,396.3361344537883,396.7899159663954,393.02521008404534,395.932773109257,99571144.06722689,48283579.15966386,0,51594179.76470588,18027081.14285714,3409839319.1260505,3070987840.537815,1176354884.840336,5280429925.109243,4080260139.02521,0,0,0,0,0,16.168067226890756,1.3781512605042017,5.277310924369748,1.1092436974789917,17.34453781512605,0,0,0,0,0,63634.28571428571,16710.991596638654,1062593.6134453781,32062.386554621848,75492.03361344537,1597.764705882353,268.1512605042017,2812.8571428571427,1781.344537815126,441.0756302521008,1799.4117647058824,379.563025210084,1873.8487394957983,2167.294117647059,545.4789915966387,0,0,0,0,0,0,0,0,0,0,0,0,0,0,0,0,0,0,0,0
1693106617,0.3440835806763899,0.4257130693912308,0.3352169332439419,0,1.7706829387888534,0.46620046620046657,0.2673741798811211,0.1776041204155938,0.08738050715646398,0.06718323106552561,0,0.10557655355898574,0.08697732066363703,0.6166945173868076,0.19655053805709813,2.8183967508671883,10.494603620334901,49.95884292692268,0.48123705756125074,9.971743131112248,3.083467317016295,0.3543713025236013,0.6424250088802064,0.9204826322504014,1.0045209007031832,0,0.3080380899089934,1.3778035682445824,2.786032949391265,1.0942369834406191,2.196841322780025,9.2947353483752,49.13322478689777,0.33013417596151506,7.573074722820018,2.4009324009324033,0.34964315830608156,0.3552082408311876,0.6291396515265364,0.9405652349173645,0,0.12669186427078288,1.0002391876318268,1.193602291716399,0.6879268831998412,50000,100000,50000,50000,50000,50000,10000,50000,50000,20000,50000,0,7704576,2162688,220594176,0,0,3108864,0,0,2973696,0,0,0,0,6217728,94.33183704081958,3.5121328224776507,0,6.225387318131442,219.34675420196677,521.5384615384615,0,0,8.073958861257228,1.478031083441573,0,0,186.5663528235013,21.00740033420864,8.10770969485529,0,0,2162688,0,0,0,0,0,0,0,0,0,0,0,0,225292288,82055168,18149376,439984128,112103424,349663232,41037824,10997760,310304768,95162368,4952064,3993600,305532928,18423808,134160384,210051072,71233536,14462976,200048640,104890368,331026432,35819520,9732096,292233216,85155840,4055040,2568192,295342080,17301504,38793216,0,0,0,0,0,0,0,0,0,0,0,0,0,0,0,211738624,81801216,17760256,425578496,108847104,333918208,40665088,10604544,296439808,94773248,4796416,2916352,297820160,18055168,46895104,192950272,74096640,17760256,212283392,108847104,333918208,37691392,10604544,296439808,91799552,4796416,2916352,297820160,18055168,40677376,1073741824,1073741824,314572800,0,1073741824,1073741824,1073741824,314572800,1073741824,0,0,0,1073741824,314572800,2147483648,11.511990918121189,0,5.080109417741305,0,0,15.13439143039654,45536.54037178942,0,21187.223627650605,0,0,49738.292958576974,11.511990918121189,0,5.080109417741305,0,0,15.13439143039654,45536.54037178942,0,21187.223627650605,0,0,49738.292958576974,107.71610518491734,52.47533397363137,432.54569741348655,17.996874782487644,34.51422688131786,33.918150578399924,18.05983460353494,61.20002230524731,46.88229082246617,99.30455900209736,0,0,0,0,0,0,0,0,0,0,120302.33632656341,122739.41325416924,1382493.8681072718,84045.93650727361,337052.5786222388,477409.09133080585,3269.316523431166,9141.861372887972,590280.0166998206,126093.93972844684,0,0,0,0,0,0,0,0,0,0,126.63974768476668,42.1286999039553,422.93441334508856,23.79660564720076,47.38393859977536,47.8017458928745,15.870763742500404,74.61105225004182,61.12625555637417,133.32597416933436,0,0,0,0,0,0,0,0,0,0,25662.006066815324,7022.526848860562,131628.24146181182,5208.0254982483,12905.302321228004,5876.4764999513945,3015.951840441057,10596.386549935873,13309.585205923524,25302.77072524561,0,0,0,0,0,0,0,0,0,0,36,20,56,2,2,2,2,56,0,0,0,0,0.010727960819234194,0.0040026041666666665,0.03111423220973783,0.015933062880324544,0.0015287356321839081,0.003,0.003009983361064892,0.003210404624277457,0.022573018699910952,0.040298353909465005,0.07255338078291815,0.023600405679513187,0.004305747126436782,0.0046,0.004617970049916805,0.004978728323699423,0.024053650934995546,0.04622942386831273,0.08658807829181495,0.02455882352941177,0.00465287356321839,0.0048,0.004818968386023295,0.0074942263279445705,0.03614374999999991,0.07254761904761889,0.09781583629893238,0.04283333333333338,0.004930574712643679,0.00496,0.004979767054908485,0.009702078521939949,0.4596666666666665,0.3760416666666666,0.3860852311939269,0.46,0.8764705882352941,0.375,0.45684931506849313,0.4904323175053154,2.182681297709924,2.1654738878143136,0.49495341614906835,2.1294117647058823,2.12092050209205,0.475,2.12092050209205,2.1930650684931505,2.3413406488549615,2.332736943907156,0.6930933852140083,2.3147058823529414,2.3104602510460253,0.4875,2.3104602510460253,2.346532534246575,2.4682681297709923,2.4665473887814313,0.9386186770428017,2.462941176470588,2.4620920502092054,0.4975,2.4620920502092054,2.469306506849315,395.46218487394486,396.3193277310855,396.94117647060045,393.0588235294239,395.9495798319331,99571144.06722689,48283579.15966386,0,51594179.76470588,18027081.14285714,3409838148.840336,3070972833.3445377,1241967366.4537814,5372922836.97479,4158639680.537815,0,0,0,0,0,16.168067226890756,1.3781512605042017,5.277310924369748,1.1092436974789917,17.294117647058822,0,0,0,0,0,63677.31092436975,16710.991596638654,1062593.6134453781,32062.386554621848,75302.72268907563,1596.8235294117646,267.81512605042013,2810.8571428571427,1782.5378151260506,441.04201680672264,1798.0840336134452,379.17647058823525,1872.0336134453783,2168.638655462185,545.4453781512605,0,0,0,0,0,0,0,0,0,0,0,0,0,0,0,0,0,0,0,0
1693106618,0.41489803083011484,0.46224961479198856,0.3352169332439419,0,1.7706829387888534,0.46620046620046657,0.2673741798811211,0.1776041204155938,0.087380507156464,0.06718323106552561,0,0.10557655355898574,0.08697732066363703,0.561880822120362,0.22056796250344662,3.398439587655185,10.40109226942549,49.95884292692268,0.48123705756125074,9.971743131112248,3.083467317016295,0.3543713025236013,0.6424250088802064,0.9204826322504016,1.0045209007031832,0,0.3080380899089934,1.3778035682445824,2.817519627384296,1.0775017167539773,2.648964350684576,9.156944750165097,49.13322478689777,0.33013417596151506,7.573074722820018,2.4009324009324033,0.34964315830608156,0.3552082408311876,0.6291396515265365,0.9405652349173645,0,0.12669186427078288,1.0002391876318268,1.2420523436344817,0.6617038875103383,50000,100000,50000,50000,50000,50000,10000,50000,50000,20000,50000,0,7704576,2162688,220594176,0,0,3108864,0,0,2973696,0,0,0,0,6352896,113.74589091373312,1.452784503631961,0,6.225387318131442,219.34675420196677,521.5384615384615,0,0,8.07395886125723,1.478031083441573,0,0,186.5663528235013,21.469761939967473,9.704990350151643,0,0,2162688,0,0,0,0,0,0,0,0,0,0,0,0,225292288,82055168,18149376,439984128,112103424,349663232,41037824,10997760,310304768,95162368,4952064,3993600,305532928,18423808,134160384,210051072,71233536,14462976,200048640,104890368,331026432,35819520,9732096,292233216,85155840,4055040,2568192,295342080,17301504,38928384,0,0,0,0,0,0,0,0,0,0,0,0,0,0,0,211738624,81801216,17760256,425578496,108847104,333918208,40665088,10604544,296439808,94773248,4796416,2916352,297820160,18055168,47255552,192950272,74096640,17760256,212283392,108847104,333918208,37691392,10604544,296439808,91799552,4796416,2916352,297820160,18055168,40902656,1073741824,1073741824,314572800,0,1073741824,1073741824,1073741824,314572800,1073741824,0,0,0,1073741824,314572800,2147483648,10.675764913053047,0,5.080109417741305,0,0,14.851576141898727,38554.96368038741,0,21187.223627650605,0,0,47760.31614741293,10.675764913053047,0,5.080109417741305,0,0,14.851576141898727,38554.96368038741,0,21187.223627650605,0,0,47760.31614741293,107.71610518491734,52.47533397363137,417.58869064051913,18.350549871232687,34.51422688131786,30.02222222222222,18.367993243956505,61.20002230524731,46.88229082246617,99.30455900209736,0,0,0,0,0,0,0,0,0,0,120302.33632656341,122739.41325416924,1361865.4735979026,85697.60961230598,337052.5786222388,422572.62222222215,3309.8015412224213,9141.861372887972,590280.0166998206,126093.93972844684,0,0,0,0,0,0,0,0,0,0,126.63974768476668,42.1286999039553,408.30188181255653,24.264257209809518,47.38393859977536,42.3111111111111,16.124775678243427,74.61105225004182,61.12625555637417,133.32597416933436,0,0,0,0,0,0,0,0,0,0,25662.006066815324,7022.526848860562,126655.893814873,5310.37376162966,12905.302321228004,5201.488888888888,3059.009817375699,10596.386549935873,13309.585205923524,25302.77072524561,0,0,0,0,0,0,0,0,0,0,40,16,48,16,14,2,18,98,0,0,0,0,0.010727960819234194,0.0040026041666666665,0.03111423220973783,0.015933062880324544,0.0014972067039106145,0.003,0.0030096153846153845,0.003210404624277457,0.022573018699910952,0.040298353909465005,0.07255338078291815,0.023600405679513187,0.004299441340782122,0.0046,0.004617307692307692,0.004978728323699423,0.024053650934995546,0.04622942386831273,0.08658807829181495,0.02455882352941177,0.004649720670391062,0.0048,0.00481826923076923,0.0074942263279445705,0.03614374999999991,0.07254761904761889,0.09781583629893238,0.04283333333333338,0.004929944134078212,0.00496,0.004979038461538462,0.009702078521939949,0.4596666666666665,0.3760416666666666,0.3860852311939269,0.46,0.8794117647058823,0.375,0.459,0.4904323175053154,2.182681297709924,2.1654738878143136,0.49495341614906835,2.1294117647058823,2.126785714285714,0.475,2.126785714285714,2.1930650684931505,2.3413406488549615,2.332736943907156,0.6930933852140083,2.3147058823529414,2.313392857142857,0.4875,2.313392857142857,2.346532534246575,2.4682681297709923,2.4665473887814313,0.9386186770428017,2.462941176470588,2.4626785714285715,0.4975,2.4626785714285715,2.469306506849315,395.37815126049463,396.31932773110196,396.9579831932895,393.0252100840408,395.8487394958018,99571144.06722689,48283579.15966386,0,51594179.76470588,18027081.14285714,3338849718.857143,3070936692.168067,1241973562.0840335,5280184715.831932,4080223929.0084033,0,0,0,0,0,16.084033613445378,1.3781512605042017,5.277310924369748,1.1092436974789917,17.210084033613445,0,0,0,0,0,63436.36974789916,16710.991596638654,1062593.6134453781,32062.386554621848,74924.10084033613,1599.8823529411764,268.016806722689,2812.268907563025,1782.9915966386557,440.016806722689,1800.941176470588,379.36134453781506,1872.3193277310925,2170.201680672269,544.4033613445378,0,0,0,0,0,0,0,0,0,0,0,0,0,0,0,0,0,0,0,0
1693106619,0.41489803083011484,0.46224961479198856,0.3352169332439419,0,1.7706829387888534,0.46620046620046657,0.2673741798811211,0.1776041204155938,0.087380507156464,0.06718323106552561,0,0.10557655355898574,0.08697732066363703,0.561880822120362,0.22056796250344662,3.398439587655185,10.40109226942549,49.95884292692268,0.48123705756125074,9.971743131112248,3.083467317016295,0.3543713025236013,0.6424250088802064,0.9204826322504016,1.0045209007031832,0,0.3080380899089934,1.3778035682445824,2.817519627384296,1.0775017167539773,2.648964350684576,9.156944750165097,49.13322478689777,0.33013417596151506,7.573074722820018,2.4009324009324033,0.34964315830608156,0.3552082408311876,0.6291396515265365,0.9405652349173645,0,0.12669186427078288,1.0002391876318268,1.2420523436344817,0.6617038875103383,50000,100000,50000,50000,50000,50000,10000,50000,50000,20000,50000,0,7704576,2162688,220594176,0,0,3108864,0,0,2973696,0,0,0,0,6352896,113.74589091373312,1.452784503631961,0,6.225387318131442,219.34675420196677,521.5384615384615,0,0,8.07395886125723,1.478031083441573,0,0,186.5663528235013,21.469761939967473,9.704990350151643,0,0,2162688,0,0,0,0,0,0,0,0,0,0,0,0,225292288,82055168,18149376,439984128,112103424,349663232,41037824,10997760,310304768,95162368,4952064,3993600,305532928,18423808,134160384,210051072,71233536,14462976,200048640,104890368,331026432,35819520,9732096,292233216,85155840,4055040,2568192,295342080,17301504,38928384,0,0,0,0,0,0,0,0,0,0,0,0,0,0,0,211738624,81801216,17760256,425578496,108847104,333918208,40665088,10604544,296439808,94773248,4796416,2916352,297820160,18055168,47255552,192950272,74096640,17760256,212283392,108847104,333918208,37691392,10604544,296439808,91799552,4796416,2916352,297820160,18055168,40902656,1073741824,1073741824,314572800,0,1073741824,1073741824,1073741824,314572800,1073741824,0,0,0,1073741824,314572800,2147483648,10.675764913053047,0,5.080109417741305,0,0,14.851576141898727,38554.96368038741,0,21187.223627650605,0,0,47760.31614741293,10.675764913053047,0,5.080109417741305,0,0,14.851576141898727,38554.96368038741,0,21187.223627650605,0,0,47760.31614741293,107.71610518491734,52.47533397363137,490.3492647058824,21.220505324702444,34.51422688131786,34.190005346553896,18.367993243956505,61.20002230524731,40.1316316297879,98.49906191369607,0,0,0,0,0,0,0,0,0,0,120302.33632656341,122739.41325416924,1585946.6911764706,99100.38630194195,337052.5786222388,481235.5363351802,3309.8015412224213,9141.861372887972,505284.61329518567,125361.07302641074,0,0,0,0,0,0,0,0,0,0,126.63974768476668,42.1286999039553,480.11908567774935,28.05909375652537,47.38393859977536,48.184878001360936,16.124775678243427,74.61105225004182,52.324584141719264,132.08976764323856,0,0,0,0,0,0,0,0,0,0,25662.006066815324,7022.526848860562,148518.72202685423,6140.895802881603,12905.302321228004,5923.576596189364,3059.009817375699,10596.386549935873,11393.115849480586,25109.774137682205,0,0,0,0,0,0,0,0,0,0,34,10,48,22,22,2,20,128,0,0,0,0,0.010727960819234194,0.0040026041666666665,0.03111423220973783,0.015933062880324544,0.0014972067039106145,0.003,0.0030096153846153845,0.003210404624277457,0.022573018699910952,0.040298353909465005,0.07255338078291815,0.023600405679513187,0.004299441340782122,0.0046,0.004617307692307692,0.004978728323699423,0.024053650934995546,0.04622942386831273,0.08658807829181495,0.02455882352941177,0.004649720670391062,0.0048,0.00481826923076923,0.0074942263279445705,0.03614374999999991,0.07254761904761889,0.09781583629893238,0.04283333333333338,0.004929944134078212,0.00496,0.004979038461538462,0.009702078521939949,0.4596666666666665,0.3760416666666666,0.3860852311939269,0.46,0.8794117647058823,0.375,0.459,0.4904323175053154,2.182681297709924,2.1654738878143136,0.49495341614906835,2.1294117647058823,2.126785714285714,0.475,2.126785714285714,2.1930650684931505,2.3413406488549615,2.332736943907156,0.6930933852140083,2.3147058823529414,2.313392857142857,0.4875,2.313392857142857,2.346532534246575,2.4682681297709923,2.4665473887814313,0.9386186770428017,2.462941176470588,2.4626785714285715,0.4975,2.4626785714285715,2.469306506849315,395.14285714286996,396.3529411764675,396.95798319326553,393.07563025210766,395.74789915964976,99571144.06722689,48283579.15966386,0,51594179.76470588,18027081.14285714,3480959578.352941,3070915489.3445377,1241972322.9579833,5465176322.15126,4080222758.7226887,0,0,0,0,0,16.03361344537815,1.3781512605042017,5.277310924369748,1.1092436974789917,17.176470588235293,0,0,0,0,0,63315.899159663866,16710.991596638654,1062593.6134453781,32062.386554621848,74915.49579831933,1602.8739495798318,267.12605042016804,2812.9915966386557,1780.8067226890757,439.8823529411764,1804.3865546218487,378.58823529411757,1873.126050420168,2167.932773109244,544.1848739495798,0,0,0,0,0,0,0,0,0,0,0,0,0,0,0,0,0,0,0,0
1693106620,0.41489803083011484,0.46224961479198856,0.3352169332439419,0,1.7706829387888534,0.46620046620046657,0.2673741798811211,0.12500000000000014,0.11609278135085621,0.06718323106552561,0,0.10557655355898574,0.08697732066363703,0.561880822120362,0.22056796250344662,3.398439587655185,10.40109226942549,49.95884292692268,0.47683685428459455,9.971743131112248,3.083467317016295,0.3543713025236013,0.4149816450000011,0.9776410643386237,1.0045209007031832,0,0.3080380899089934,1.3778035682445824,2.817519627384296,1.0775017167539773,2.648964350684576,9.156944750165097,49.13322478689777,0.32041012495994825,7.573074722820018,2.4009324009324033,0.34964315830608156,0.2500000000000003,0.6501195755647939,0.9405652349173645,0,0.12669186427078288,1.0002391876318268,1.2420523436344817,0.6617038875103383,50000,100000,50000,50000,50000,50000,10000,50000,50000,20000,50000,0,7704576,2162688,220594176,0,0,3108864,0,0,2973696,0,0,0,0,6352896,113.74589091373312,1.452784503631961,0,5.874185624265728,219.34675420196677,521.5384615384615,0,0,10.726972996819057,1.478031083441573,0,0,186.5663528235013,21.469761939967473,9.704990350151643,0,0,2162688,0,0,0,0,0,0,0,0,0,0,0,0,225292288,82055168,18149376,439984128,112103424,349663232,41037824,10997760,310304768,95162368,4952064,3993600,305532928,18423808,134160384,210051072,71233536,14462976,200048640,104890368,331026432,35819520,9732096,292233216,85155840,4055040,2568192,295342080,17301504,38928384,0,0,0,0,0,0,0,0,0,0,0,0,0,0,0,211738624,81801216,17760256,425578496,108847104,333918208,40665088,10604544,296439808,94773248,4796416,2916352,297820160,18055168,47255552,192950272,74096640,17760256,212283392,108847104,333918208,37691392,10604544,296439808,91799552,4796416,2916352,297820160,18055168,40902656,1073741824,1073741824,314572800,0,1073741824,1073741824,1073741824,314572800,1073741824,0,0,0,1073741824,314572800,2147483648,10.675764913053047,0,5.080109417741305,0,0,14.851576141898727,38554.96368038741,0,21187.223627650605,0,0,47760.31614741293,10.675764913053047,0,5.080109417741305,0,0,14.851576141898727,38554.96368038741,0,21187.223627650605,0,0,47760.31614741293,107.71610518491734,52.47533397363137,490.3492647058824,21.220505324702444,34.51422688131786,33.533351317196455,18.367993243956505,61.20002230524731,39.35026011608013,98.49906191369607,0,0,0,0,0,0,0,0,0,0,120302.33632656341,122739.41325416924,1585946.6911764706,99100.38630194195,337052.5786222388,471992.9155516671,3309.8015412224213,9141.861372887972,495446.6130168554,125361.07302641074,0,0,0,0,0,0,0,0,0,0,126.63974768476668,42.1286999039553,480.11908567774935,28.05909375652537,47.38393859977536,47.25943812578983,16.124775678243427,74.61105225004182,51.30581321577969,132.08976764323856,0,0,0,0,0,0,0,0,0,0,25662.006066815324,7022.526848860562,148518.72202685423,6140.895802881603,12905.302321228004,5809.80824778847,3059.009817375699,10596.386549935873,11171.28942938186,25109.774137682205,0,0,0,0,0,0,0,0,0,0,22,22,48,10,12,2,10,68,0,0,0,0,0.010727960819234194,0.0040026041666666665,0.03111423220973783,0.015933062880324544,0.0014972067039106145,0.003,0.0030096153846153845,0.003215953307392996,0.022573018699910952,0.040298353909465005,0.07255338078291815,0.023600405679513187,0.004299441340782122,0.0046,0.004617307692307692,0.004988715953307393,0.024053650934995546,0.04622942386831273,0.08658807829181495,0.02455882352941177,0.004649720670391062,0.0048,0.00481826923076923,0.007555555555555553,0.03614374999999991,0.07254761904761889,0.09781583629893238,0.04283333333333338,0.004929944134078212,0.00496,0.004979038461538462,0.009709692671394805,0.4596666666666665,0.3760416666666666,0.3860852311939269,0.46,0.8794117647058823,0.375,0.459,0.47216274089935756,2.182681297709924,2.1654738878143136,0.49495341614906835,2.1294117647058823,2.126785714285714,0.475,2.126785714285714,2.1779453345900093,2.3413406488549615,2.332736943907156,0.6930933852140083,2.3147058823529414,2.313392857142857,0.4875,2.313392857142857,2.3389726672950046,2.4682681297709923,2.4665473887814313,0.9386186770428017,2.462941176470588,2.4626785714285715,0.4975,2.4626785714285715,2.4677945334590015,395.15966386556283,396.42016806720994,397.00840336134866,393.1932773109372,395.79831932771845,99571144.06722689,48283579.15966386,0,51594179.76470588,18027081.14285714,3551962395.9663863,3014070994.8235292,1241986917.1092436,5465201793.07563,4080192331.2941175,0,0,0,0,0,15.848739495798318,1.3781512605042017,5.277310924369748,1.1092436974789917,17.277310924369747,0,0,0,0,0,60932.3025210084,16710.991596638654,1062593.6134453781,32062.386554621848,75259.6974789916,1606.1344537815125,268.1512605042017,2810.285714285714,1788.218487394958,439.2773109243697,1807.6302521008402,379.61344537815125,1871.4117647058824,2176.9075630252105,543.579831932773,0,0,0,0,0,0,0,0,0,0,0,0,0,0,0,0,0,0,0,0
1693106621,0.41489803083011484,0.46224961479198856,0.28797183113579994,0,1.7706829387888534,0.46620046620046657,0.2673741798811211,0.12500000000000014,0.11609278135085621,0.06718323106552561,0,0.10557655355898574,0.08697732066363703,0.561880822120362,0.22056796250344662,3.398439587655185,10.40109226942549,42.91769911462767,0.47683685428459455,9.971743131112248,3.083467317016295,0.3543713025236013,0.4149816450000011,0.9776410643386237,1.0045209007031832,0,0.3080380899089934,1.3778035682445824,2.817519627384296,1.0775017167539773,2.648964350684576,9.156944750165097,42.20844267790438,0.32041012495994825,7.573074722820018,2.4009324009324033,0.34964315830608156,0.2500000000000003,0.6501195755647939,0.9405652349173645,0,0.12669186427078288,1.0002391876318268,1.2420523436344817,0.6617038875103383,50000,100000,50000,50000,50000,50000,10000,50000,50000,20000,50000,0,7704576,2162688,220594176,0,0,3108864,0,0,2973696,0,0,0,0,6352896,113.74589091373312,1.452784503631961,0,5.874185624265728,219.34675420196677,521.5384615384615,0,0,10.726972996819057,1.478031083441573,0,0,186.5663528235013,21.469761939967473,9.704990350151643,0,0,2162688,0,0,0,0,0,0,0,0,0,0,0,0,225292288,82055168,18149376,439984128,112103424,349663232,41037824,10997760,310304768,95162368,4952064,3993600,305532928,18423808,134160384,210051072,71233536,14462976,200048640,104890368,331026432,35819520,9732096,292233216,85155840,4055040,2568192,295342080,17301504,38928384,0,0,0,0,0,0,0,0,0,0,0,0,0,0,0,211738624,81801216,17760256,425578496,108847104,333918208,40665088,10604544,296439808,94773248,4796416,2916352,297820160,18055168,47255552,192950272,74096640,17760256,212283392,108847104,333918208,37691392,10604544,296439808,91799552,4796416,2916352,297820160,18055168,40902656,1073741824,1073741824,314572800,0,1073741824,1073741824,1073741824,314572800,1073741824,0,0,0,1073741824,314572800,2147483648,10.675764913053047,0,5.080109417741305,0,0,14.851576141898727,38554.96368038741,0,21187.223627650605,0,0,47760.31614741293,10.675764913053047,0,5.080109417741305,0,0,14.851576141898727,38554.96368038741,0,21187.223627650605,0,0,47760.31614741293,107.71610518491734,52.47533397363137,490.3492647058824,21.220505324702444,34.51422688131786,32.876697287839015,18.367993243956505,62.34565317483572,38.56888860237236,98.49906191369607,0,0,0,0,0,0,0,0,0,0,120302.33632656341,122739.41325416924,1585946.6911764706,99100.38630194195,337052.5786222388,462750.2947681539,3309.8015412224213,9315.307019379683,485608.61273852503,125361.07302641074,0,0,0,0,0,0,0,0,0,0,126.63974768476668,42.1286999039553,480.11908567774935,28.05909375652537,47.38393859977536,46.33399825021872,16.124775678243427,75.59331966012307,50.28704228984013,132.08976764323856,0,0,0,0,0,0,0,0,0,0,25662.006066815324,7022.526848860562,148518.72202685423,6140.895802881603,12905.302321228004,5696.039899387576,3059.009817375699,10711.627809635429,10949.463009283136,25109.774137682205,0,0,0,0,0,0,0,0,0,0,30,26,60,4,2,2,2,54,0,0,0,0,0.010727960819234194,0.0040026041666666665,0.03111423220973783,0.015933062880324544,0.0014972067039106145,0.003,0.0030096153846153845,0.0032141357592722184,0.022573018699910952,0.040298353909465005,0.07255338078291815,0.023600405679513187,0.004299441340782122,0.0046,0.004617307692307692,0.004985444366689993,0.024053650934995546,0.04622942386831273,0.08658807829181495,0.02455882352941177,0.004649720670391062,0.0048,0.00481826923076923,0.007536613272311208,0.03614374999999991,0.07254761904761889,0.09781583629893238,0.04283333333333338,0.004929944134078212,0.00496,0.004979038461538462,0.009708695652173903,0.4596666666666665,0.3760416666666666,0.3860852311939269,0.46,0.8794117647058823,0.375,0.459,0.4874202693125443,2.182681297709924,2.1654738878143136,0.49495341614906835,2.1294117647058823,2.126785714285714,0.475,2.126785714285714,2.1907471763683755,2.3413406488549615,2.332736943907156,0.6930933852140083,2.3147058823529414,2.313392857142857,0.4875,2.313392857142857,2.3453735881841875,2.4682681297709923,2.4665473887814313,0.9386186770428017,2.462941176470588,2.4626785714285715,0.4975,2.4626785714285715,2.4690747176368375,395.1764705882572,396.420168067218,397.21008403362544,393.1092436974751,395.7478991596673,99571075.22689076,48283579.15966386,0,51594179.76470588,18027081.14285714,3551970106.0840335,3070923681.3445377,1241996898.9579833,5465088206.5210085,4080190128.4033613,0,0,0,0,0,15.949579831932773,1.3781512605042017,5.277310924369748,1.1092436974789917,17.277310924369747,0,0,0,0,0,61147.428571428565,16710.991596638654,1062593.6134453781,32062.386554621848,75070.38655462184,1605.6302521008402,265.2605042016807,2812.285714285714,1786.7731092436975,439.44537815126046,1807.2100840336136,376.78991596638656,1872.4201680672268,2175.008403361345,543.6806722689075,0,0,0,0,0,0,0,0,0,0,0,0,0,0,0,0,0,0,0,0
1693106622,0.41489803083011484,0.46224961479198856,0.33045202358383907,0,1.7706829387888534,0.46620046620046657,0.2673741798811211,0.12500000000000014,0.11609278135085621,0.06718323106552561,0,0.10557655355898574,0.08697732066363703,0.561880822120362,0.22056796250344662,3.398439587655185,10.40109226942549,49.99839656155973,0.47683685428459455,9.971743131112248,3.083467317016295,0.3543713025236013,0.4149816450000011,0.9776410643386237,1.0045209007031832,0,0.3080380899089934,1.3778035682445824,2.817519627384296,1.0775017167539773,2.648964350684576,9.156944750165097,49.237351513992046,0.32041012495994825,7.573074722820018,2.4009324009324033,0.34964315830608156,0.2500000000000003,0.6501195755647939,0.9405652349173645,0,0.12669186427078288,1.0002391876318268,1.2420523436344817,0.6617038875103383,50000,100000,50000,50000,50000,50000,10000,50000,50000,20000,50000,0,7704576,2162688,220594176,0,0,3108864,0,0,2973696,0,0,0,0,6352896,113.74589091373312,1.452784503631961,0,5.874185624265728,219.34675420196677,521.5384615384615,0,0,10.726972996819057,1.478031083441573,0,0,186.5663528235013,21.469761939967473,9.704990350151643,0,0,2162688,0,0,0,0,0,0,0,0,0,0,0,0,225292288,82055168,18149376,439984128,112103424,349663232,41037824,10997760,310304768,95162368,4952064,3993600,305532928,18423808,134160384,210051072,71233536,14462976,200048640,104890368,331026432,35819520,9732096,292233216,85155840,4055040,2568192,295342080,17301504,38928384,0,0,0,0,0,0,0,0,0,0,0,0,0,0,0,211738624,81801216,17764352,425578496,108847104,333918208,40665088,10604544,296439808,94773248,4796416,2916352,297820160,18055168,47255552,192950272,74096640,17764352,212283392,108847104,333918208,37691392,10604544,296439808,91799552,4796416,2916352,297820160,18055168,40902656,1073741824,1073741824,314572800,0,1073741824,1073741824,1073741824,314572800,1073741824,0,0,0,1073741824,314572800,2147483648,10.675764913053047,0,5.080109417741305,0,0,14.851576141898727,38554.96368038741,0,21187.223627650605,0,0,47760.31614741293,10.675764913053047,0,5.080109417741305,0,0,14.851576141898727,38554.96368038741,0,21187.223627650605,0,0,47760.31614741293,107.71610518491734,52.383911923998944,490.3492647058824,21.205540075397476,34.51422688131786,32.220043258481574,18.367993243956505,62.34565317483572,37.787517088664586,98.49906191369607,0,0,0,0,0,0,0,0,0,0,120302.33632656341,122462.48779188495,1585946.6911764706,99272.25045074579,337052.5786222388,453507.67398464074,3309.8015412224213,9315.307019379683,475770.6124601946,125361.07302641074,0,0,0,0,0,0,0,0,0,0,126.63974768476668,41.907129539199154,480.11908567774935,27.761842320930995,47.38393859977536,45.408558374647605,16.124775678243427,75.59331966012307,49.26827136390055,132.08976764323856,0,0,0,0,0,0,0,0,0,0,25662.006066815324,6989.629761164877,148518.72202685423,5988.608424848386,12905.302321228004,5582.271550986681,3059.009817375699,10711.627809635429,10727.636589184409,25109.774137682205,0,0,0,0,0,0,0,0,0,0,36,14,58,10,10,2,10,74,0,0,0,0,0.01075136612021858,0.003991037131882202,0.031130865102639297,0.01596875,0.0016069364161849712,0.003,0.0030137221269296737,0.003217984934086629,0.022696721311475408,0.03973251028806584,0.07198028673835127,0.02374375,0.004321387283236994,0.0046,0.0046246998284734135,0.004992372881355932,0.02418989071038251,0.045740740740740735,0.08625896057347672,0.024715625,0.0046606936416184975,0.0048,0.00482607204116638,0.007584659090909085,0.03906999999999994,0.06564705882352953,0.09768189964157707,0.049656250000000096,0.004932138728323699,0.00496,0.004987169811320754,0.009726022727272727,0.460135135135135,0.3729166666666667,0.38517984390906007,0.459005376344086,0.867,0.375,0.4538194444444444,0.490321997105644,2.182882011605416,2.1650095602294455,0.4933237190363082,2.1268000000000002,2.112114537444934,0.475,2.112114537444934,2.193027801911381,2.3414410058027073,2.332504780114723,0.6680208333333334,2.3134,2.3060572687224665,0.4875,2.3060572687224665,2.346513900955691,2.4682882011605414,2.4665009560229447,0.933604166666667,2.4626799999999998,2.461211453744493,0.4975,2.461211453744493,2.4693027801911382,395.07563025210453,396.4537815125972,397.32773109242737,393.142857142867,395.81512605042354,82976079.59663865,48283579.15966386,0,51594179.76470588,18027081.14285714,3693996393.4117646,3014038089.142857,1177180693.512605,5557440408.739495,4001767561.680672,0,0,0,0,0,15.865546218487394,1.3781512605042017,5.243697478991597,1.1092436974789917,17.26050420168067,0,0,0,0,0,60932.3025210084,16710.991596638654,1062223.5966386555,32062.386554621848,75061.78151260504,1601.613445378151,264.8739495798319,2812.90756302521,1787.4621848739496,439.17647058823525,1803.2941176470583,376.3361344537815,1872.252100840336,2177.2100840336134,543.3613445378152,0,0,0,0,0,0,0,0,0,0,0,0,0,0,0,0,0,0,0,0
1693106623,0.4446797247220751,0.46224961479198856,0.33045202358383907,0,1.7706829387888534,0.46620046620046657,0.2673741798811211,0.12500000000000014,0.11609278135085621,0,0,0.10557655355898574,0.08697732066363703,0.561880822120362,0.22056796250344662,3.4717353774483937,10.40109226942549,49.99839656155973,0.47683685428459455,9.971743131112248,3.083467317016295,0.3543713025236013,0.4149816450000011,0.9776410643386237,0.6716602174999986,0,0.3080380899089934,1.3778035682445824,2.817519627384296,1.0775017167539773,2.668078348332462,9.156944750165097,49.237351513992046,0.32041012495994825,7.573074722820018,2.4009324009324033,0.34964315830608156,0.2500000000000003,0.6501195755647939,0.6499999999999996,0,0.12669186427078288,1.0002391876318268,1.2420523436344817,0.6617038875103383,50000,100000,50000,50000,50000,50000,10000,50000,50000,20000,50000,0,7704576,2162688,220594176,0,0,3108864,0,0,2973696,0,0,0,0,6352896,124.38327157226045,1.452784503631961,0,5.874185624265728,219.34675420196677,521.5384615384615,0,0,10.726972996819057,0,0,0,186.5663528235013,21.469761939967473,9.704990350151643,0,0,2162688,0,0,0,0,0,0,0,0,0,0,0,0,225292288,82055168,18149376,439984128,112103424,349663232,41037824,10997760,310304768,95162368,4952064,3993600,305532928,18423808,134160384,210186240,71233536,14462976,200048640,104890368,331026432,35819520,9732096,292233216,85155840,4055040,2568192,295342080,17301504,38928384,0,0,0,0,0,0,0,0,0,0,0,0,0,0,0,211857408,81801216,17764352,425578496,108847104,333918208,40665088,10604544,296439808,94773248,4796416,2916352,297820160,18055168,47255552,193069056,74096640,17764352,212283392,108847104,333918208,37691392,10604544,296439808,91799552,4796416,2916352,297820160,18055168,40902656,1073741824,1073741824,314572800,0,1073741824,1073741824,1073741824,314572800,1073741824,0,0,0,1073741824,314572800,2147483648,10.675764913053047,0,5.080109417741305,0,0,14.851576141898727,38554.96368038741,0,21187.223627650605,0,0,47760.31614741293,10.675764913053047,0,5.080109417741305,0,0,14.851576141898727,38554.96368038741,0,21187.223627650605,0,0,47760.31614741293,107.71610518491734,52.383911923998944,490.3492647058824,21.205540075397476,34.51422688131786,39.05805768514342,18.367993243956505,62.34565317483572,37.993256584809494,100.18092410465762,0,0,0,0,0,0,0,0,0,0,120302.33632656341,122462.48779188495,1585946.6911764706,99272.25045074579,337052.5786222388,551158.3302288189,3309.8015412224213,9315.307019379683,470237.6462491535,125815.75895342363,0,0,0,0,0,0,0,0,0,0,126.63974768476668,41.907129539199154,480.11908567774935,27.761842320930995,47.38393859977536,55.253818552577386,16.124775678243427,75.59331966012307,49.018085504508676,133.5359064761551,0,0,0,0,0,0,0,0,0,0,25662.006066815324,6989.629761164877,148518.72202685423,5988.608424848386,12905.302321228004,6727.122997588281,3059.009817375699,10711.627809635429,11016.74404515807,25386.73687140471,0,0,0,0,0,0,0,0,0,0,42,10,46,26,24,2,26,140,0,0,0,0,0.01075136612021858,0.003991037131882202,0.031130865102639297,0.01596875,0.0015,0.003,0.003016233766233766,0.003217984934086629,0.022696721311475408,0.03973251028806584,0.07198028673835127,0.02374375,0.004300000000000001,0.0046,0.004629220779220779,0.004992372881355932,0.02418989071038251,0.045740740740740735,0.08625896057347672,0.024715625,0.0046500000000000005,0.0048,0.004830844155844156,0.007584659090909085,0.03906999999999994,0.06564705882352953,0.09768189964157707,0.049656250000000096,0.0049299999999999995,0.00496,0.004992142857142857,0.009726022727272727,0.460135135135135,0.3729166666666667,0.38517984390906007,0.459005376344086,0.883,0.375,0.4597972972972973,0.490321997105644,2.182882011605416,2.1650095602294455,0.4933237190363082,2.1268000000000002,2.130632411067194,0.475,2.1288844621513943,2.193027801911381,2.3414410058027073,2.332504780114723,0.6680208333333334,2.3134,2.315316205533597,0.4875,2.3144422310756974,2.346513900955691,2.4682882011605414,2.4665009560229447,0.933604166666667,2.4626799999999998,2.463063241106719,0.4975,2.462888446215139,2.4693027801911382,395.0756302521164,396.5378151260659,397.26050420165393,393.2941176470636,395.8151260503995,82976079.59663865,48283579.15966386,0,51594179.76470588,18027081.14285714,3622980909.1764703,2957171359.1932774,1177213668.0336134,5649942820.571428,4080203965.310924,0,0,0,0,0,15.596638655462185,1.3781512605042017,5.226890756302521,1.1092436974789917,16.941176470588236,0,0,0,0,0,57378.42016806723,16710.991596638654,1062206.3865546219,32062.386554621848,72153.27731092437,1604.6554621848738,268.7226890756302,2811.6974789915967,1783.09243697479,437.6638655462184,1805.5294117647056,380.03361344537814,1871.596638655462,2171.8991596638657,541.8151260504202,0,0,0,0,0,0,0,0,0,0,0,0,0,0,0,0,0,0,0,0
1693106624,0.4446797247220751,0.46224961479198856,0.26710549368724174,0,1.7911219440135882,0.46620046620046657,0.2673741798811211,0.15675385166606964,0.11609278135085621,0,0,0.10557655355898574,0.08697732066363703,0.561880822120362,0.21785964997216206,3.4717353774483937,10.40109226942549,41.69098889843153,0.47046233253327474,10.02589910259251,3.083467317016295,0.3543713025236013,0.6422727584199223,0.9776410643386237,0.8047007609997893,0,0.3080380899089934,1.3778035682445824,2.817519627384296,1.0767754375347975,2.668078348332462,9.156944750165097,41.093152874960296,0.32729653065677583,7.718443016470921,2.4009324009324033,0.34964315830608156,0.35829451809387247,0.6501195755647939,0.7787501492893819,0,0.12669186427078288,1.0002391876318268,1.2420523436344817,0.6293723221418019,50000,100000,50000,50000,50000,50000,10000,50000,50000,20000,50000,0,7704576,2162688,220594176,0,0,3108864,0,0,2973696,0,0,0,0,6352896,124.38327157226045,1.452784503631961,0,5.760418939559241,192.55484156880124,521.5384615384615,0,0,10.726972996819057,0,0,0,186.5663528235013,21.469761939967473,11.183462031904336,0,0,2162688,0,0,0,0,0,0,0,0,0,0,0,0,225292288,82055168,18149376,439984128,112103424,349663232,41037824,11001856,310304768,95162368,4952064,3993600,305532928,18423808,134160384,210186240,71233536,14462976,200048640,104349696,331026432,35819520,9732096,292233216,85155840,4055040,2568192,295342080,17301504,38928384,0,0,0,0,0,0,0,0,0,0,0,0,0,0,0,211857408,81801216,17764352,425578496,107954176,333918208,40665088,10608640,296439808,94773248,4796416,2916352,297820160,18055168,47255552,193069056,74096640,17764352,212283392,107954176,333918208,37691392,10608640,296439808,91799552,4796416,2916352,297820160,18055168,40902656,1073741824,1073741824,314572800,0,1073741824,1073741824,1073741824,314572800,1073741824,0,0,0,1073741824,314572800,2147483648,10.675764913053047,0,5.080109417741305,0,0,13.82198445934497,38554.96368038741,0,21187.223627650605,0,0,41060.63760257559,10.675764913053047,0,5.080109417741305,0,0,13.82198445934497,38554.96368038741,0,21187.223627650605,0,0,41060.63760257559,107.71610518491734,52.383911923998944,490.3492647058824,21.205540075397476,34.51422688131786,39.05805768514342,18.367993243956505,62.34565317483572,47.65102079355422,100.18092410465762,0,0,0,0,0,0,0,0,0,0,120302.33632656341,122462.48779188495,1585946.6911764706,99272.25045074579,337052.5786222388,551158.3302288189,3309.8015412224213,9315.307019379683,592003.7138840513,125815.75895342363,0,0,0,0,0,0,0,0,0,0,126.63974768476668,41.907129539199154,480.11908567774935,27.761842320930995,47.38393859977536,55.253818552577386,16.124775678243427,75.59331966012307,61.41547241864077,133.5359064761551,0,0,0,0,0,0,0,0,0,0,25662.006066815324,6989.629761164877,148518.72202685423,5988.608424848386,12905.302321228004,6727.122997588281,3059.009817375699,10711.627809635429,13703.854466102941,25386.73687140471,0,0,0,0,0,0,0,0,0,0,28,16,40,14,12,2,14,74,0,0,0,0,0.01075136612021858,0.003991037131882202,0.031130865102639297,0.01596875,0.0015,0.003,0.003016233766233766,0.003217984934086629,0.022696721311475408,0.03973251028806584,0.07198028673835127,0.02374375,0.004300000000000001,0.0046,0.004629220779220779,0.004992372881355932,0.02418989071038251,0.045740740740740735,0.08625896057347672,0.024715625,0.0046500000000000005,0.0048,0.004830844155844156,0.007584659090909085,0.03906999999999994,0.06564705882352953,0.09768189964157707,0.049656250000000096,0.0049299999999999995,0.00496,0.004992142857142857,0.009726022727272727,0.460135135135135,0.3729166666666667,0.38517984390906007,0.459005376344086,0.883,0.375,0.4597972972972973,0.490321997105644,2.182882011605416,2.1650095602294455,0.4933237190363082,2.1268000000000002,2.130632411067194,0.475,2.1288844621513943,2.193027801911381,2.3414410058027073,2.332504780114723,0.6680208333333334,2.3134,2.315316205533597,0.4875,2.3144422310756974,2.346513900955691,2.4682882011605414,2.4665009560229447,0.933604166666667,2.4626799999999998,2.463063241106719,0.4975,2.462888446215139,2.4693027801911382,395.210084033612,396.6386554621635,397.327731092427,393.31092436974535,395.8991596638681,82976079.59663865,48283579.15966386,17221924.57142857,51594179.76470588,18027287.663865544,3623054499.495798,2900319292.235294,1177207059.3613446,5557249307.966386,4080140081.4789915,0,0,0,0,0,15.478991596638656,1.3781512605042017,5.361344537815126,1.1092436974789917,16.789915966386555,0,0,0,0,0,56999.798319327725,16710.991596638654,1062955.025210084,32062.386554621848,71628.36974789915,1593.9999999999998,268.5546218487395,2809.81512605042,1772.4033613445379,435.04201680672264,1794.9075630252096,379.8487394957983,1870.0672268907563,2162.0504201680674,539.1260504201681,0,0,0,0,0,0,0,0,0,0,0,0,0,0,0,0,0,0,0,0
1693106625,0.4446797247220751,0.46224961479198856,0.2724436888845086,0,1.7911219440135882,0.46620046620046657,0.2707459049681872,0.15675385166606964,0.11609278135085621,0,0,0.08088869715271792,0.08697732066363703,0.561880822120362,0.21785964997216206,3.4717353774483937,10.40109226942549,42.524197656644134,0.47046233253327474,10.02589910259251,3.083467317016295,0.35536523284147803,0.6422727584199223,0.9776410643386237,0.7886572827363233,0,0.30559136917601437,1.3778035682445824,2.817519627384296,1.0767754375347975,2.668078348332462,9.156944750165097,41.914413674539816,0.32729653065677583,7.718443016470921,2.4009324009324033,0.3215107621497224,0.35829451809387247,0.6501195755647939,0.763224053505314,0,0.13481449525452988,1.0002391876318268,1.2420523436344817,0.6293723221418019,50000,100000,50000,50000,50000,50000,10000,50000,50000,20000,50000,0,7704576,2162688,220594176,0,0,3108864,0,0,2973696,0,0,0,0,6352896,124.38327157226045,1.452784503631961,0,5.760418939559241,192.55484156880124,521.5384615384615,0,0,10.726972996819057,0,0,0,186.5663528235013,21.469761939967473,11.183462031904336,0,0,2162688,0,0,0,0,0,0,0,0,0,0,0,0,225292288,82055168,18149376,439984128,112103424,349663232,41037824,11001856,310304768,95162368,4952064,3993600,305532928,18423808,134160384,210186240,71233536,14462976,200048640,104349696,331026432,35819520,9732096,292233216,85155840,4055040,2568192,295342080,17301504,38928384,0,0,0,0,0,0,0,0,0,0,0,0,0,0,0,211857408,81801216,17764352,425578496,107954176,333918208,40693760,10608640,296439808,94773248,4796416,2916352,297820160,18055168,47255552,193069056,74096640,17764352,212283392,107954176,333918208,37720064,10608640,296439808,91799552,4796416,2916352,297820160,18055168,40902656,1073741824,1073741824,314572800,0,1073741824,1073741824,1073741824,314572800,1073741824,0,0,0,1073741824,314572800,2147483648,10.675764913053047,0,5.093407337214025,0,0,13.82198445934497,38554.96368038741,0,20888.58806010559,0,0,41060.63760257559,10.675764913053047,0,5.093407337214025,0,0,13.82198445934497,38554.96368038741,0,20888.58806010559,0,0,41060.63760257559,87.73916503161108,52.383911923998944,490.3492647058824,21.205540075397476,34.51422688131786,39.05805768514342,18.367993243956505,62.34565317483572,47.65102079355422,100.18092410465762,0,0,0,0,0,0,0,0,0,0,97814.58118051014,122462.48779188495,1585946.6911764706,99272.25045074579,337052.5786222388,551158.3302288189,3309.8015412224213,9315.307019379683,592003.7138840513,125815.75895342363,0,0,0,0,0,0,0,0,0,0,102.83093797689122,41.907129539199154,480.11908567774935,27.761842320930995,47.38393859977536,55.253818552577386,16.124775678243427,75.59331966012307,61.41547241864077,133.5359064761551,0,0,0,0,0,0,0,0,0,0,20900.64674623937,6989.629761164877,148518.72202685423,5988.608424848386,12905.302321228004,6727.122997588281,3059.009817375699,10711.627809635429,13703.854466102941,25386.73687140471,0,0,0,0,0,0,0,0,0,0,18,18,54,10,6,2,6,66,0,0,0,0,0.01075136612021858,0.003991037131882202,0.031130865102639297,0.01596875,0.0015,0.003,0.003016233766233766,0.0032234184885321718,0.022696721311475408,0.03973251028806584,0.07198028673835127,0.02374375,0.004300000000000001,0.0046,0.004629220779220779,0.005025268807134323,0.02418989071038251,0.045740740740740735,0.08625896057347672,0.024715625,0.0046500000000000005,0.0048,0.004830844155844156,0.0076344580309679845,0.03906999999999994,0.06564705882352953,0.09768189964157707,0.049656250000000096,0.0049299999999999995,0.00496,0.004992142857142857,0.009721809410034922,0.460135135135135,0.3729166666666667,0.38517984390906007,0.459005376344086,0.883,0.375,0.4597972972972973,0.47272144418674195,2.182882011605416,2.1650095602294455,0.4933237190363082,2.1268000000000002,2.130632411067194,0.475,2.1288844621513943,2.1786087786687602,2.3414410058027073,2.332504780114723,0.6680208333333334,2.3134,2.315316205533597,0.4875,2.3144422310756974,2.33930438933438,2.4682882011605414,2.4665009560229447,0.933604166666667,2.4626799999999998,2.463063241106719,0.4975,2.462888446215139,2.467860877866876,395.22689075632775,396.5378151260276,397.22259269137544,393.27731092437074,395.9831932773081,99571075.22689076,48283579.15966386,17082963.99039744,64492793.546218485,18027287.663865544,3623183850.487395,2957240887.932773,1232986477.4606562,5557130145.344538,4237006555.428571,0,0,0,0,0,15.596638655462185,1.4285714285714286,5.318084822619365,1.1092436974789917,17.126050420168067,0,0,0,0,0,59882.48739495798,16917.512605042015,1054378.2341957856,32062.386554621848,75801.81512605042,1598.1008403361345,268.3193277310924,2811.933182181915,1760.3529411764707,431.36134453781506,1798.6050420168067,379.6470588235294,1871.265670845559,2150.252100840336,535.4621848739496,0,0,0,0,0,0,0,0,0,0,0,0,0,0,0,0,0,0,0,0
1693106626,0.4446797247220751,0.46224961479198856,0.3202917118360104,0,1.7911219440135886,0.46620046620046657,0.22114768874425506,0.15675385166606964,0.11609278135085621,0,0,0.08088869715271792,0.08697732066363703,0.561880822120362,0.217859649972162,3.4717353774483937,10.40109226942549,49.99252549275648,0.47046233253327474,10.02589910259251,3.083467317016295,0.2949108429131353,0.6422727584199223,0.9776410643386237,0.7726138044728575,0,0.30559136917601437,1.3778035682445824,2.817519627384296,1.0767754375347973,2.668078348332462,9.156944750165097,49.27564797477086,0.32729653065677583,7.718443016470923,2.4009324009324033,0.26135635942502966,0.35829451809387247,0.6501195755647939,0.7476979577212461,0,0.13481449525452988,1.0002391876318268,1.2420523436344817,0.6293723221418018,50000,100000,50000,50000,50000,50000,10000,50000,50000,20000,50000,0,7704576,2162688,220594176,0,0,3108864,0,0,2973696,0,0,0,0,6352896,124.38327157226045,1.452784503631961,0,5.760418939559241,192.55484156880127,521.5384615384615,0,0,10.726972996819057,0,0,0,186.5663528235013,21.469761939967473,11.183462031904334,0,0,2162688,0,0,0,0,0,0,0,0,0,0,0,0,225292288,82055168,18149376,439984128,112103424,349663232,41037824,11001856,310304768,95162368,4952064,3993600,305532928,18423808,134160384,210186240,71233536,14462976,200048640,104349696,331026432,35819520,9732096,292233216,85155840,4055040,2568192,295342080,17301504,38928384,0,0,0,0,0,0,0,0,0,0,0,0,0,0,0,211857408,81801216,17764352,425578496,107954176,333918208,40693760,10608640,296439808,94773248,4796416,2916352,297820160,18055168,47255552,193069056,74096640,17764352,212283392,107954176,333918208,37720064,10608640,296439808,91799552,4796416,2916352,297820160,18055168,40902656,1073741824,1073741824,314572800,0,1073741824,1073741824,1073741824,314572800,1073741824,0,0,0,1073741824,314572800,2147483648,10.675764913053047,0,3.880136720694661,0,0,13.821984459344968,38554.96368038741,0,14647.536224957686,0,0,41060.63760257558,10.675764913053047,0,3.880136720694661,0,0,13.821984459344968,38554.96368038741,0,14647.536224957686,0,0,41060.63760257558,89.54208633093525,52.133226893737806,490.3492647058824,21.205540075397476,34.51422688131786,39.05805768514342,17.766630088310606,62.34565317483572,47.65102079355422,100.18092410465762,0,0,0,0,0,0,0,0,0,0,99824.53866906474,121639.39152031223,1585946.6911764706,99272.25045074579,337052.5786222388,551158.3302288189,3219.1217710891647,9315.307019379683,592003.7138840513,125815.75895342363,0,0,0,0,0,0,0,0,0,0,104.94397482014388,41.42274259357815,480.11908567774935,27.761842320930995,47.38393859977536,55.253818552577386,15.659020048422779,75.59331966012307,61.41547241864077,133.5359064761551,0,0,0,0,0,0,0,0,0,0,21330.126798561152,6944.828809650524,148518.72202685423,5988.608424848386,12905.302321228004,6727.122997588281,2968.298758077721,10711.627809635429,13703.854466102941,25386.73687140471,0,0,0,0,0,0,0,0,0,0,14,4,28,6,6,2,6,36,0,0,0,0,0.01075136612021858,0.003991037131882202,0.031130865102639297,0.01596875,0.0015,0.003,0.003016233766233766,0.0032150588235294116,0.022696721311475408,0.03973251028806584,0.07198028673835127,0.02374375,0.004300000000000001,0.0046,0.004629220779220779,0.00498710588235294,0.02418989071038251,0.045740740740740735,0.08625896057347672,0.024715625,0.0046500000000000005,0.0048,0.004830844155844156,0.007541857798165136,0.03906999999999994,0.06564705882352953,0.09768189964157707,0.049656250000000096,0.0049299999999999995,0.00496,0.004992142857142857,0.009701032110091745,0.460135135135135,0.3729166666666667,0.38517984390906007,0.459005376344086,0.883,0.375,0.4597972972972973,0.48996020260492035,2.182882011605416,2.1650095602294455,0.4933237190363082,2.1268000000000002,2.130632411067194,0.475,2.1288844621513943,2.1927545691906007,2.3414410058027073,2.332504780114723,0.6680208333333334,2.3134,2.315316205533597,0.4875,2.3144422310756974,2.3463772845952997,2.4682882011605414,2.4665009560229447,0.933604166666667,2.4626799999999998,2.463063241106719,0.4975,2.462888446215139,2.46927545691906,395.17647058822877,396.6218487395187,397.24369747899004,392.991596638654,396.06722689076565,99571075.22689076,48283579.15966386,17221924.57142857,64492793.546218485,18027218.82352941,3694156102.9915967,2957236206.789916,1178114994.5546217,5649450956.369748,4315389125.915966,0,0,0,0,0,15.495798319327731,1.4285714285714286,5.361344537815126,1.1092436974789917,16.705882352941178,0,0,0,0,0,59555.49579831932,16917.512605042015,1062955.025210084,32062.386554621848,71662.78991596638,1589.81512605042,268.6386554621849,2812.924369747899,1754.5546218487395,429.7310924369748,1790.5882352941176,379.99999999999994,1871.378151260504,2145.0252100840335,533.8487394957983,0,0,0,0,0,0,0,0,0,0,0,0,0,0,0,0,0,0,0,0
1693106627,0.4446797247220751,0.46224961479198856,0.3202917118360104,0,1.7911219440135886,0.46620046620046657,0.25939725510540934,0.15675385166606964,0.11609278135085621,0,0,0.08088869715271792,0.08697732066363703,0.4611988023066696,0.217859649972162,3.4717353774483937,10.40109226942549,49.99252549275648,0.47046233253327474,10.02589910259251,3.083467317016295,0.3459184384285235,0.6422727584199223,0.9776410643386237,0.7565703262093918,0,0.30559136917601437,1.3778035682445824,2.3126553291523724,1.0767754375347973,2.668078348332462,9.156944750165097,49.27564797477086,0.32729653065677583,7.718443016470923,2.4009324009324033,0.3065603923973031,0.35829451809387247,0.6501195755647939,0.7321718619371785,0,0.13481449525452988,1.0002391876318268,1.019492089309478,0.6293723221418018,50000,100000,50000,50000,50000,50000,10000,50000,50000,20000,50000,0,7704576,2162688,220594176,0,0,3108864,0,0,2973696,0,0,0,0,6352896,124.38327157226045,1.452784503631961,0,5.760418939559241,192.55484156880127,521.5384615384615,0,0,10.726972996819057,0,0,0,186.5663528235013,17.622648972349552,11.183462031904334,0,0,2162688,0,0,0,0,0,0,0,0,0,0,0,0,225292288,82055168,18149376,439984128,112103424,349663232,41037824,11001856,310304768,95162368,4952064,3993600,305532928,18423808,134160384,210186240,71233536,14462976,200048640,104349696,331026432,35819520,9732096,292233216,85155840,4055040,2568192,295342080,17301504,38928384,0,0,0,0,0,0,0,0,0,0,0,0,0,0,0,211857408,81801216,17764352,425578496,107954176,333918208,40693760,10608640,296439808,94773248,4796416,2916352,297820160,18055168,47255552,193069056,74096640,17764352,212283392,107954176,333918208,37720064,10608640,296439808,91799552,4796416,2916352,297820160,18055168,40902656,1073741824,1073741824,314572800,0,1073741824,1073741824,1073741824,314572800,1073741824,0,0,0,1073741824,314572800,2147483648,10.675764913053047,0,4.551242748667642,0,0,13.821984459344968,38554.96368038741,0,17180.964957788994,0,0,41060.63760257558,10.675764913053047,0,4.551242748667642,0,0,13.821984459344968,38554.96368038741,0,17180.964957788994,0,0,41060.63760257558,85.49341764500514,52.133226893737806,490.3492647058824,21.205540075397476,34.51422688131786,39.05805768514342,17.766630088310606,62.34565317483572,47.65102079355422,100.18092410465762,0,0,0,0,0,0,0,0,0,0,99619.59848090482,121639.39152031223,1585946.6911764706,99272.25045074579,337052.5786222388,551158.3302288189,3219.1217710891647,9315.307019379683,592003.7138840513,125815.75895342363,0,0,0,0,0,0,0,0,0,0,100.85245509543687,41.42274259357815,480.11908567774935,27.761842320930995,47.38393859977536,55.253818552577386,15.659020048422779,75.59331966012307,61.41547241864077,133.5359064761551,0,0,0,0,0,0,0,0,0,0,20293.813902697664,6944.828809650524,148518.72202685423,5988.608424848386,12905.302321228004,6727.122997588281,2968.298758077721,10711.627809635429,13703.854466102941,25386.73687140471,0,0,0,0,0,0,0,0,0,0,20,4,12,8,12,2,10,52,0,0,0,0,0.010622020972354622,0.0039800796812749,0.03112818590704648,0.015993975903614458,0.0015625,0.003,0.0030167224080267555,0.003216674517192652,0.022684938036224976,0.0394468085106383,0.07175600739371539,0.023680722891566267,0.0043125,0.0046,0.00463010033444816,0.0049900141309467735,0.024192802669208768,0.04541489361702129,0.08610905730129391,0.02464156626506024,0.00465625,0.0048,0.004831772575250836,0.007547619047619053,0.039239795918367355,0.056846153846154386,0.09759149722735679,0.04932142857142846,0.004931250000000001,0.00496,0.004993110367892976,0.009681859410430843,0.4600923482849604,0.375,0.3854675505931612,0.4604221635883905,0.8716216216216217,0.375,0.4542682926829268,0.49006502890173415,2.181740442655936,2.1640718562874253,0.49384159106769016,2.1305019305019304,2.1154661016949152,0.475,2.113461538461538,2.1928198433420367,2.3408702213279677,2.3320359281437124,0.6764583333333332,2.315250965250965,2.307733050847458,0.4875,2.3067307692307697,2.346409921671018,2.4681740442655937,2.466407185628743,0.9352916666666666,2.4630501930501927,2.461546610169492,0.4975,2.4613461538461534,2.469281984334204,395.04201680671554,396.7899159663849,397.2773109243697,393.04201680672946,395.8991596638613,99571075.22689076,48283579.15966386,17221924.57142857,64492793.546218485,18027149.98319328,3765093178.0840335,2957225192.3361344,1178100744.605042,5556637799.260504,4236943015.7983193,0,0,0,0,0,15.394957983193276,1.4285714285714286,5.361344537815126,1.1764705882352942,16.92436974789916,0,0,0,0,0,59271.529411764706,16917.512605042015,1062955.025210084,40942.78991596639,74485.24369747899,1580.9747899159663,268.5546218487395,2813.478991596639,1745.613445378151,427.78151260504194,1781.9327731092437,379.8823529411764,1871.5294117647059,2135.781512605042,531.8823529411766,0,0,0,0,0,0,0,0,0,0,0,0,0,0,0,0,0,0,0,0
1693106628,0.4446797247220751,0.46224961479198856,0.3202917118360104,0,1.7911219440135886,0.46620046620046657,0.25939725510540934,0.15675385166606964,0.11609278135085621,0.10458719434392509,0,0.08088869715271792,0.08697732066363703,0.5641961145694241,0.217859649972162,3.4717353774483937,10.40109226942549,49.99252549275648,0.47046233253327474,10.02589910259251,3.083467317016295,0.3459184384285235,0.6422727584199223,0.9776410643386237,0.9775096868659399,0,0.30559136917601437,1.3778035682445824,2.783681257405072,1.0767754375347973,2.668078348332462,9.156944750165097,49.27564797477086,0.32729653065677583,7.718443016470923,2.4009324009324033,0.3065603923973031,0.35829451809387247,0.6501195755647939,0.7948626770138243,0,0.13481449525452988,1.0002391876318268,1.2788445263573616,0.6293723221418018,50000,100000,50000,50000,50000,50000,10000,50000,50000,20000,50000,0,7704576,2162688,220594176,0,0,3108864,0,0,2973696,0,0,0,0,6352896,124.38327157226045,1.452784503631961,0,5.760418939559241,192.55484156880127,521.5384615384615,0,0,10.726972996819057,0,0,0,186.5663528235013,13.653545972580073,11.183462031904334,0,0,2162688,0,0,0,0,0,0,0,0,0,0,0,0,225292288,82055168,18149376,439984128,112103424,349663232,41037824,11001856,310304768,95162368,4952064,3993600,305532928,18448384,134160384,210186240,71233536,14462976,200048640,104349696,331026432,35819520,9732096,292233216,85155840,4055040,2568192,295342080,17301504,38928384,0,0,0,0,0,0,0,0,0,0,0,0,0,0,0,211857408,81801216,17764352,425578496,107954176,333918208,40693760,10608640,296439808,94818304,4796416,2916352,297820160,18055168,47255552,193069056,74096640,17764352,212283392,107954176,333918208,37720064,10608640,296439808,91844608,4796416,2916352,297820160,18055168,40902656,1073741824,1073741824,314572800,0,1073741824,1073741824,1073741824,314572800,1073741824,0,0,0,1073741824,314572800,2147483648,10.675764913053047,0,4.551242748667642,0,0,13.821984459344968,38554.96368038741,0,17180.964957788994,0,0,41060.63760257558,10.675764913053047,0,4.551242748667642,0,0,13.821984459344968,38554.96368038741,0,17180.964957788994,0,0,41060.63760257558,87.19893125315909,52.133226893737806,490.3492647058824,21.205540075397476,34.51422688131786,39.05805768514342,17.766630088310606,62.34565317483572,47.65102079355422,100.18092410465762,0,0,0,0,0,0,0,0,0,0,101606.91616603355,121639.39152031223,1585946.6911764706,99272.25045074579,337052.5786222388,551158.3302288189,3219.1217710891647,9315.307019379683,592003.7138840513,125815.75895342363,0,0,0,0,0,0,0,0,0,0,102.86436711532149,41.42274259357815,480.11908567774935,27.761842320930995,47.38393859977536,55.253818552577386,15.659020048422779,75.59331966012307,61.41547241864077,133.5359064761551,0,0,0,0,0,0,0,0,0,0,20698.656482697348,6944.828809650524,148518.72202685423,5988.608424848386,12905.302321228004,6727.122997588281,2968.298758077721,10711.627809635429,13703.854466102941,25386.73687140471,0,0,0,0,0,0,0,0,0,0,18,14,40,16,10,2,14,102,0,0,0,0,0.010622020972354622,0.0039800796812749,0.03112818590704648,0.015993975903614458,0.0014640883977900553,0.003,0.0030157728706624604,0.003216674517192652,0.022684938036224976,0.0394468085106383,0.07175600739371539,0.023680722891566267,0.004292817679558011,0.0046,0.004628391167192429,0.0049900141309467735,0.024192802669208768,0.04541489361702129,0.08610905730129391,0.02464156626506024,0.004646408839779005,0.0048,0.004829968454258675,0.007547619047619053,0.039239795918367355,0.056846153846154386,0.09759149722735679,0.04932142857142846,0.004929281767955802,0.00496,0.004991230283911673,0.009681859410430843,0.4600923482849604,0.375,0.3854675505931612,0.4604221635883905,0.8861003861003861,0.375,0.4607519788918205,0.49006502890173415,2.181740442655936,2.1640718562874253,0.49384159106769016,2.1305019305019304,2.1321839080459766,0.475,2.131346153846154,2.1928198433420367,2.3408702213279677,2.3320359281437124,0.6764583333333332,2.315250965250965,2.3160919540229883,0.4875,2.315673076923077,2.346409921671018,2.4681740442655937,2.466407185628743,0.9352916666666666,2.4630501930501927,2.4632183908045975,0.4975,2.463134615384616,2.469281984334204,395.0420168067392,396.77310924369243,397.37815126050106,393.10924369747966,396.13445378151806,99571075.22689076,48283579.15966386,17221924.57142857,64492793.546218485,18027149.98319328,3836036999.529412,2900267042.420168,1243952239.8655462,5463851352.20168,4158486097.747899,0,0,0,0,0,15.394957983193276,1.4285714285714286,5.394957983193277,1.1764705882352942,16.907563025210084,0,0,0,0,0,62007.93277310924,16917.512605042015,1063075.4957983193,40942.78991596639,74390.58823529411,1584.1344537815125,269.07563025210084,2810.789915966386,1744.2857142857142,427.3109243697479,1785.142857142857,380.3361344537815,1868.4033613445376,2133.075630252101,531.2941176470588,0,0,0,0,0,0,0,0,0,0,0,0,0,0,0,0,0,0,0,0
1693106629,0.4446797247220751,0.40950040950041056,0.3202917118360104,0,1.776490201973267,0.46620046620046657,0.25939725510540934,0.15675385166606964,0.11609278135085621,0.10458719434392509,0,0.08088869715271792,0.08697732066363703,0.5641961145694241,0.217859649972162,3.4717353774483937,10.812005962955961,49.99252549275648,0.47046233253327474,10.035822154199364,3.083467317016295,0.3459184384285235,0.6422727584199223,0.9776410643386237,0.9775096868659399,0,0.30559136917601437,1.3778035682445824,2.783681257405072,1.0767754375347973,2.668078348332462,9.639009639009647,49.27564797477086,0.32729653065677583,7.8712181256661715,2.4009324009324033,0.3065603923973031,0.35829451809387247,0.6501195755647939,0.7948626770138243,0,0.13481449525452988,1.0002391876318268,1.2788445263573616,0.6293723221418018,50000,100000,50000,50000,50000,50000,10000,50000,50000,20000,50000,0,7704576,2162688,220594176,0,0,3108864,0,0,2973696,0,0,0,0,6352896,124.38327157226045,0,0,5.760418939559241,144.30566563721337,521.5384615384615,0,0,10.726972996819057,0,0,0,186.5663528235013,13.653545972580073,11.183462031904334,0,0,2162688,0,0,0,0,0,0,0,0,0,0,0,0,225292288,82055168,18149376,439984128,112103424,349663232,41037824,11001856,310304768,95162368,4952064,3993600,305532928,18448384,134160384,210186240,71233536,14462976,200048640,104349696,331026432,35819520,9732096,292233216,85155840,4055040,2568192,295342080,17301504,38928384,0,0,0,0,0,0,0,0,0,0,0,0,0,0,0,211857408,81801216,17764352,425578496,107954176,333918208,40693760,10608640,296439808,94818304,4796416,2916352,297820160,18055168,47255552,193069056,74096640,17764352,212283392,107954176,333918208,37720064,10608640,296439808,91844608,4796416,2916352,297820160,18055168,40902656,1073741824,1073741824,314572800,0,1073741824,1073741824,1073741824,314572800,1073741824,0,0,0,1073741824,314572800,2147483648,10.93051093051093,0,4.551242748667642,0,0,13.821984459344968,39320.10332010332,0,17180.964957788994,0,0,41060.63760257558,10.93051093051093,0,4.551242748667642,0,0,13.821984459344968,39320.10332010332,0,17180.964957788994,0,0,41060.63760257558,102.330816489237,52.133226893737806,427.0243250957372,21.205540075397476,29.076318690461335,39.05805768514342,16.710362543364848,62.34565317483572,47.65102079355422,100.18092410465762,0,0,0,0,0,0,0,0,0,0,119239.06110772408,121639.39152031223,1372200.1608621634,99272.25045074579,283948.07234597945,551158.3302288189,3055.5070045814464,9315.307019379683,592003.7138840513,125815.75895342363,0,0,0,0,0,0,0,0,0,0,120.7147211930779,41.42274259357815,417.48894853991095,27.761842320930995,39.918335829277424,55.253818552577386,14.909562776409523,75.59331966012307,61.41547241864077,133.5359064761551,0,0,0,0,0,0,0,0,0,0,24290.554799981244,6944.828809650524,128956.11631677103,5988.608424848386,10872.000244394525,6727.122997588281,2818.4105293821667,10711.627809635429,13703.854466102941,25386.73687140471,0,0,0,0,0,0,0,0,0,0,10,14,46,12,6,2,6,64,0,0,0,0,0.010622020972354622,0.0039800796812749,0.03112818590704648,0.015993975903614458,0.0014640883977900553,0.003,0.0030157728706624604,0.003216674517192652,0.022684938036224976,0.0394468085106383,0.07175600739371539,0.023680722891566267,0.004292817679558011,0.0046,0.004628391167192429,0.0049900141309467735,0.024192802669208768,0.04541489361702129,0.08610905730129391,0.02464156626506024,0.004646408839779005,0.0048,0.004829968454258675,0.007547619047619053,0.039239795918367355,0.056846153846154386,0.09759149722735679,0.04932142857142846,0.004929281767955802,0.00496,0.004991230283911673,0.009681859410430843,0.4600923482849604,0.375,0.3854675505931612,0.4604221635883905,0.8861003861003861,0.375,0.4607519788918205,0.49006502890173415,2.181740442655936,2.1640718562874253,0.49384159106769016,2.1305019305019304,2.1321839080459766,0.475,2.131346153846154,2.1928198433420367,2.3408702213279677,2.3320359281437124,0.6764583333333332,2.315250965250965,2.3160919540229883,0.4875,2.315673076923077,2.346409921671018,2.4681740442655937,2.466407185628743,0.9352916666666666,2.4630501930501927,2.4632183908045975,0.4975,2.463134615384616,2.469281984334204,395.2100840336165,396.78991596639645,397.37815126050265,393.2100840336106,396.05042016807084,99571075.22689076,38626932.168067224,17221924.57142857,64492793.546218485,18027149.98319328,3765010018.957983,2900265940.9747896,1243968141.9831932,5463731845.378151,4236907287.6638656,0,0,0,0,0,15.092436974789916,1.4117647058823528,5.394957983193277,1.1764705882352942,16.73949579831933,0,0,0,0,0,61147.428571428565,16848.67226890756,1063075.4957983193,40942.78991596639,73771.02521008403,1578.5714285714287,267.5462184873949,2809.983193277311,1735.4453781512602,425.66386554621846,1779.3277310924368,378.85714285714283,1866.5210084033613,2123.361344537815,529.6638655462184,0,0,0,0,0,0,0,0,0,0,0,0,0,0,0,0,0,0,0,0
1693106630,0.4446797247220751,0.40950040950041056,0.3202917118360104,0,1.776490201973267,0.4789435872874693,0.25939725510540934,0.15675385166606964,0.11609278135085621,0.10458719434392509,0,0.09148628620569785,0.08716369341623512,0.564196114569424,0.217859649972162,3.4717353774483937,10.812005962955961,49.99252549275648,0.47046233253327474,10.035822154199364,3.249687497861866,0.3459184384285235,0.6422727584199223,0.9776410643386237,0.9775096868659399,0,0.2962387975042541,1.2855853797431647,2.7836812574050707,1.0767754375347973,2.668078348332462,9.639009639009647,49.27564797477086,0.32729653065677583,7.8712181256661715,2.4631384489070025,0.3065603923973031,0.35829451809387247,0.6501195755647939,0.7948626770138243,0,0.12808080068797698,0.9588006275786083,1.2788445263573611,0.6293723221418018,50000,100000,50000,50000,50000,50000,10000,50000,50000,20000,50000,0,7704576,2162688,220594176,0,0,3108864,0,0,2973696,0,0,0,0,6352896,124.38327157226045,0,0,5.760418939559241,144.30566563721337,575.7586124320071,0,0,10.726972996819057,0,0,0,153.4081004125748,13.653545972580067,11.183462031904334,0,0,2162688,0,0,0,0,0,0,0,0,0,0,0,0,225292288,82055168,18149376,439984128,112103424,349663232,41037824,11001856,310304768,95162368,4952064,3993600,305532928,18448384,134160384,210186240,71233536,14462976,200048640,104349696,330620928,35819520,9732096,292233216,85155840,4055040,2568192,295342080,17301504,38928384,0,0,0,0,0,0,0,0,0,0,0,0,0,0,0,211857408,81801216,17764352,425578496,107954176,333324288,40693760,10608640,296439808,94818304,4796416,3047424,297820160,18055168,47255552,193069056,74096640,17764352,212283392,107954176,333324288,37720064,10608640,296439808,91844608,4796416,3047424,297820160,18055168,40902656,1073741824,1073741824,314572800,0,1073741824,1073741824,1073741824,314572800,1073741824,0,0,0,1073741824,314572800,2147483648,10.93051093051093,0,4.551242748667642,0,0,13.821984459344968,39320.10332010332,0,17180.964957788994,0,0,41060.63760257558,10.93051093051093,0,4.551242748667642,0,0,13.821984459344968,39320.10332010332,0,17180.964957788994,0,0,41060.63760257558,102.330816489237,52.133226893737806,491.5026457989193,21.205540075397476,34.457206372730646,39.05805768514342,16.710362543364848,62.34565317483572,47.65102079355422,100.18092410465762,0,0,0,0,0,0,0,0,0,0,119239.06110772408,121639.39152031223,1579394.8259932245,99272.25045074579,335888.01407928864,551158.3302288189,3055.5070045814464,9315.307019379683,592003.7138840513,125815.75895342363,0,0,0,0,0,0,0,0,0,0,120.7147211930779,41.42274259357815,480.5274799115267,27.761842320930995,47.023588983574165,55.253818552577386,14.909562776409523,75.59331966012307,61.41547241864077,133.5359064761551,0,0,0,0,0,0,0,0,0,0,24290.554799981244,6944.828809650524,148427.77948875885,5988.608424848386,12493.5161170804,6727.122997588281,2818.4105293821667,10711.627809635429,13703.854466102941,25386.73687140471,0,0,0,0,0,0,0,0,0,0,38,14,50,6,10,2,6,38,0,0,0,0,0.010622020972354622,0.0039800796812749,0.03112818590704648,0.015993975903614458,0.0014640883977900553,0.003,0.0030157728706624604,0.0032250123092072867,0.022684938036224976,0.0394468085106383,0.07175600739371539,0.023680722891566267,0.004292817679558011,0.0046,0.004628391167192429,0.005058219178082194,0.024192802669208768,0.04541489361702129,0.08610905730129391,0.02464156626506024,0.004646408839779005,0.0048,0.004829968454258675,0.0076375570776255584,0.039239795918367355,0.056846153846154386,0.09759149722735679,0.04932142857142846,0.004929281767955802,0.00496,0.004991230283911673,0.009701027397260264,0.4600923482849604,0.375,0.3854675505931612,0.4604221635883905,0.8861003861003861,0.375,0.4607519788918205,0.47479985443959244,2.181740442655936,2.1640718562874253,0.49384159106769016,2.1305019305019304,2.1321839080459766,0.475,2.131346153846154,2.1804101838755305,2.3408702213279677,2.3320359281437124,0.6764583333333332,2.315250965250965,2.3160919540229883,0.4875,2.315673076923077,2.3402050919377646,2.4681740442655937,2.466407185628743,0.9352916666666666,2.4630501930501927,2.4632183908045975,0.4975,2.463134615384616,2.4680410183875527,395.12605042018464,396.87394957983526,397.32773109243266,393.34453781511814,396.11764705881825,99570868.70588236,38626932.168067224,17221924.57142857,64492793.546218485,18027218.82352941,3693991230.3865542,2957101142.05042,1309858876.235294,5463620599.394958,4158426482.0168066,0,0,0,0,0,15.07563025210084,1.4117647058823528,5.394957983193277,1.1764705882352942,16.63865546218487,0,0,0,0,0,61766.991596638654,16848.67226890756,1063075.4957983193,40942.78991596639,73426.82352941176,1583.4453781512605,267.6470588235294,2808.3193277310925,1734.268907563025,424.2016806722688,1783.9159663865544,379.0252100840336,1864.4033613445376,2123.109243697479,528.1176470588235,0,0,0,0,0,0,0,0,0,0,0,0,0,0,0,0,0,0,0,0
1693106631,0.4446797247220751,0.40950040950041056,0.3202917118360104,0,1.776490201973267,0.3808073115003821,0.25939725510540934,0.15675385166606964,0.11609278135085621,0.10458719434392509,0,0.09148628620569785,0.08716369341623512,0.564196114569424,0.20155748969308268,3.4717353774483937,10.812005962955961,49.99252549275648,0.47046233253327474,10.035822154199364,3.3080007066091266,0.3459184384285235,0.6422727584199223,0.9776410643386237,0.9775096868659399,0,0.2962387975042541,1.2855853797431647,2.7836812574050707,1.1162191442968383,2.668078348332462,9.639009639009647,49.27564797477086,0.32729653065677583,7.8712181256661715,2.5387154100025446,0.3065603923973031,0.35829451809387247,0.6501195755647939,0.7948626770138243,0,0.12808080068797698,0.9588006275786083,1.2788445263573611,0.714612918002748,50000,100000,50000,50000,50000,50000,10000,50000,50000,20000,50000,0,7704576,2162688,220594176,0,0,3108864,0,0,2973696,0,0,0,0,6488064,124.38327157226045,0,0,5.760418939559241,144.30566563721337,615.7654226961158,0,0,10.726972996819057,0,0,0,153.4081004125748,13.653545972580067,9.67475950526798,0,0,2162688,0,0,0,0,0,0,0,0,0,0,0,0,225292288,82055168,18149376,439984128,112103424,349663232,41037824,11001856,310304768,95162368,4952064,3993600,305532928,18448384,134160384,210186240,71233536,14462976,200048640,104349696,330620928,35819520,9732096,292233216,85155840,4055040,2568192,295342080,17301504,38928384,0,0,0,0,0,0,0,0,0,0,0,0,0,0,0,211857408,81801216,17764352,425578496,107954176,333324288,40693760,10608640,296439808,94818304,4796416,3047424,297820160,18055168,47370240,193069056,74096640,17764352,212283392,107954176,333324288,37720064,10608640,296439808,91844608,4796416,3047424,297820160,18055168,40882176,1073741824,1073741824,314572800,0,1073741824,1073741824,1073741824,314572800,1073741824,0,0,0,1073741824,314572800,2147483648,10.93051093051093,0,4.551242748667642,0,0,13.980760421438388,39320.10332010332,0,17180.964957788994,0,0,45885.33211177279,10.93051093051093,0,4.551242748667642,0,0,13.980760421438388,39320.10332010332,0,17180.964957788994,0,0,45885.33211177279,102.330816489237,52.133226893737806,491.5026457989193,21.205540075397476,28.43925527973324,39.05805768514342,16.710362543364848,62.34565317483572,47.65102079355422,100.18092410465762,0,0,0,0,0,0,0,0,0,0,119239.06110772408,121639.39152031223,1579394.8259932245,99272.25045074579,277225.1724203409,551158.3302288189,3055.5070045814464,9315.307019379683,592003.7138840513,125815.75895342363,0,0,0,0,0,0,0,0,0,0,120.7147211930779,41.42274259357815,480.5274799115267,27.761842320930995,38.81091916759294,55.253818552577386,14.909562776409523,75.59331966012307,61.41547241864077,133.5359064761551,0,0,0,0,0,0,0,0,0,0,24290.554799981244,6944.828809650524,148427.77948875885,5988.608424848386,10311.52352723231,6727.122997588281,2818.4105293821667,10711.627809635429,13703.854466102941,25386.73687140471,0,0,0,0,0,0,0,0,0,0,42,20,46,10,16,2,14,60,0,0,0,0,0.010622020972354622,0.0039800796812749,0.03112818590704648,0.015993975903614458,0.0014640883977900553,0.003,0.0030157728706624604,0.003219236209335219,0.022684938036224976,0.0394468085106383,0.07175600739371539,0.023680722891566267,0.004292817679558011,0.0046,0.004628391167192429,0.004994625176803394,0.024192802669208768,0.04541489361702129,0.08610905730129391,0.02464156626506024,0.004646408839779005,0.0048,0.004829968454258675,0.007586148648648647,0.039239795918367355,0.056846153846154386,0.09759149722735679,0.04932142857142846,0.004929281767955802,0.00496,0.004991230283911673,0.009706418918918911,0.4600923482849604,0.375,0.3854675505931612,0.4604221635883905,0.8861003861003861,0.375,0.4607519788918205,0.49015534682080925,2.181740442655936,2.1640718562874253,0.49384159106769016,2.1305019305019304,2.1321839080459766,0.475,2.131346153846154,2.192888212266203,2.3408702213279677,2.3320359281437124,0.6764583333333332,2.315250965250965,2.3160919540229883,0.4875,2.315673076923077,2.3464441061331014,2.4681740442655937,2.466407185628743,0.9352916666666666,2.4630501930501927,2.4632183908045975,0.4975,2.463134615384616,2.4692888212266197,395.1428571428607,396.7899159663788,397.37815126051703,393.2941176470639,396.1008403361309,99570868.70588236,38626932.168067224,17221924.57142857,64492793.546218485,36054299.96638656,3694011400.605042,2900226495.462185,1244887022.7899158,5463638635.5630245,4158406931.3613443,0,0,0,0,0,15.193277310924369,1.4117647058823528,5.394957983193277,1.1764705882352942,16.789915966386555,0,0,0,0,0,62076.773109243695,16848.67226890756,1063075.4957983193,40942.78991596639,73874.28571428571,1585.5294117647056,265.0252100840336,2808.268907563025,1748.9243697478992,428.0672268907563,1786.2184873949577,376.6554621848739,1863.6974789915964,2136.840336134454,531.9327731092436,0,0,0,0,0,0,0,0,0,0,0,0,0,0,0,0,0,0,0,0
1693106632,0.4446797247220751,0.34113772863772956,0.3202917118360104,0,1.776490201973267,0.3808073115003821,0.25939725510540934,0.15675385166606964,0.10363410252867218,0.10458719434392509,0,0.09148628620569785,0.08716369341623512,0.564196114569424,0.20155748969308268,3.4717353774483937,9.007031667490157,49.99252549275648,0.47046233253327474,10.035822154199364,3.3080007066091266,0.3459184384285235,0.6422727584199223,1.1605900183086972,0.9775096868659399,0,0.2962387975042541,1.2855853797431647,2.7836812574050707,1.1162191442968383,2.668078348332462,8.02985730485731,49.27564797477086,0.32729653065677583,7.8712181256661715,2.5387154100025446,0.3065603923973031,0.35829451809387247,0.8636175210722675,0.7948626770138243,0,0.12808080068797698,0.9588006275786083,1.2788445263573611,0.714612918002748,50000,100000,50000,50000,50000,50000,10000,50000,50000,20000,50000,0,7704576,2162688,220594176,0,0,3108864,0,0,2973696,0,0,0,0,6488064,124.38327157226045,0,0,5.760418939559241,144.30566563721337,615.7654226961158,0,0,68.39850766892359,0,0,0,153.4081004125748,13.653545972580067,9.67475950526798,0,0,2162688,0,0,0,0,0,0,0,0,0,0,0,0,225292288,82055168,18149376,439984128,112103424,349663232,41037824,11001856,310304768,95162368,4952064,3993600,305532928,18448384,134160384,210186240,71233536,14462976,200048640,104349696,330620928,35819520,9732096,292368384,85155840,4055040,2568192,295342080,17301504,38928384,0,0,0,0,0,0,0,0,0,0,0,0,0,0,0,211857408,81801216,17764352,425578496,107954176,333324288,40693760,10608640,296783872,94818304,4796416,3047424,297820160,18055168,47370240,193069056,74096640,17764352,212283392,107954176,333324288,37720064,10608640,296783872,91844608,4796416,3047424,297820160,18055168,40882176,1073741824,1073741824,314572800,0,1073741824,1073741824,1073741824,314572800,1073741824,0,0,0,1073741824,314572800,2147483648,9.10575321825322,0,4.551242748667642,0,0,13.980760421438388,32755.939738339745,0,17180.964957788994,0,0,45885.33211177279,9.10575321825322,0,4.551242748667642,0,0,13.980760421438388,32755.939738339745,0,17180.964957788994,0,0,45885.33211177279,102.330816489237,52.133226893737806,482.6764699841859,21.205540075397476,27.864968506854392,38.688201208235725,16.710362543364848,62.34565317483572,47.65102079355422,101.94694052203681,0,0,0,0,0,0,0,0,0,0,119239.06110772408,121639.39152031223,1580723.3164239796,99272.25045074579,271627.03885235277,550384.638145728,3055.5070045814464,9315.307019379683,592003.7138840513,126786.40707459707,0,0,0,0,0,0,0,0,0,0,120.7147211930779,41.42274259357815,472.0790289786613,27.761842320930995,38.02719268453337,54.54321292072494,14.909562776409523,75.59331966012307,61.41547241864077,135.18043075167594,0,0,0,0,0,0,0,0,0,0,24290.554799981244,6944.828809650524,146345.69016861432,5988.608424848386,10103.298258614303,6578.868203674023,2818.4105293821667,10711.627809635429,13703.854466102941,25577.00399372415,0,0,0,0,0,0,0,0,0,0,12,18,40,4,2,2,2,40,0,0,0,0,0.010656161806208842,0.003915254237288136,0.03132982719759579,0.0161046511627907,0.0015348189415041776,0.003,0.0030195121951219514,0.003223205964585275,0.02263922859830668,0.038710407239819014,0.07222627737226278,0.02377906976744186,0.004306963788300836,0.0046,0.004635121951219512,0.0050208333333333355,0.024137111947318907,0.04503393665158373,0.08634124087591241,0.024738372093023257,0.004653481894150418,0.0048,0.004837073170731707,0.00763651315789474,0.03820555555555541,0.05341666666666767,0.0976332116788321,0.04916666666666667,0.004930696378830083,0.00496,0.004998634146341463,0.009729057017543867,0.46121794871794874,0.375,0.3858447488584475,0.46153846153846156,0.8722222222222221,0.375,0.45427631578947375,0.4847711267605634,2.181868131868132,2.163927855711423,0.4945205479452055,2.1333333333333333,2.114462809917355,0.475,2.1134854771784233,2.1887124836885605,2.340934065934066,2.3319639278557114,0.6868421052631577,2.316666666666667,2.3072314049586775,0.4875,2.3067427385892114,2.3443562418442796,2.468186813186813,2.4663927855711427,0.9373684210526312,2.4633333333333334,2.4614462809917352,0.4975,2.4613485477178423,2.4688712483688557,395.1260504201594,396.85714285713397,397.2773109243643,393.0756302521003,396.18487394958055,99570868.70588236,38626932.168067224,17221924.57142857,51594248.60504202,36054299.96638656,3694025099.8319325,2900205154.957983,1310798959.8655462,5463496136.067226,4158388206.7899156,0,0,0,0,0,15.176470588235293,1.4117647058823528,5.34453781512605,1.1764705882352942,16.840336134453782,0,0,0,0,0,62085.3781512605,16848.67226890756,1062800.1344537814,41424.67226890756,74098.01680672269,1584.6050420168067,265.1596638655462,2807.361344537815,1750.1176470588234,428.5210084033613,1785.4789915966385,376.89075630252097,1861.6806722689075,2137.697478991596,532.3361344537815,0,0,0,0,0,0,0,0,0,0,0,0,0,0,0,0,0,0,0,0
1693106633,0.4446797247220751,0.3343127218127227,0.3202917118360104,0,1.776490201973267,0.3808073115003821,0.25939725510540934,0.15675385166606964,0.10363410252867218,0.10458719434392509,0,0.09148628620569785,0.08716369341623512,0.564196114569424,0.20155748969308268,3.4717353774483937,8.826831568107558,49.99252549275648,0.47046233253327474,10.035822154199364,3.3080007066091266,0.3459184384285235,0.6422727584199223,1.1605900183086972,0.9775096868659399,0,0.2962387975042541,1.2855853797431647,2.7836812574050707,1.1162191442968383,2.668078348332462,7.8692071442071505,49.27564797477086,0.32729653065677583,7.8712181256661715,2.5387154100025446,0.3065603923973031,0.35829451809387247,0.8636175210722675,0.7948626770138243,0,0.12808080068797698,0.9588006275786083,1.2788445263573611,0.714612918002748,50000,100000,50000,50000,50000,50000,10000,50000,50000,20000,50000,0,7704576,2162688,220594176,0,0,3108864,0,0,2973696,0,0,0,0,6488064,124.38327157226045,0,0,5.760418939559241,144.30566563721337,615.7654226961158,0,0,68.39850766892359,0,0,0,153.4081004125748,13.653545972580067,9.67475950526798,0,0,2162688,0,0,0,0,0,0,0,0,0,0,0,0,225292288,82055168,18149376,439984128,112103424,349663232,41037824,11001856,310304768,95162368,4952064,3993600,305532928,18448384,134160384,210186240,71233536,14462976,200048640,104349696,330620928,35819520,9732096,292368384,85155840,4055040,2568192,295342080,17301504,38928384,0,0,0,0,0,0,0,0,0,0,0,0,0,0,0,211857408,81801216,17764352,425578496,107954176,333324288,40693760,10608640,296783872,94818304,4796416,3047424,297820160,18055168,47370240,193069056,74096640,17764352,212283392,107954176,333324288,37720064,10608640,296783872,91844608,4796416,3047424,297820160,18055168,40882176,1073741824,1073741824,314572800,0,1073741824,1073741824,1073741824,314572800,1073741824,0,0,0,1073741824,314572800,2147483648,8.923578036078037,0,4.551242748667642,0,0,13.980760421438388,32100.604683004683,0,17180.964957788994,0,0,45885.33211177279,8.923578036078037,0,4.551242748667642,0,0,13.980760421438388,32100.604683004683,0,17180.964957788994,0,0,45885.33211177279,102.330816489237,52.133226893737806,482.6764699841859,17.337394479717272,34.69129166026724,38.688201208235725,16.710362543364848,52.79798418972332,47.65102079355422,101.94694052203681,0,0,0,0,0,0,0,0,0,0,119239.06110772408,121639.39152031223,1580723.3164239796,82494.75482343139,334478.939487022,550384.638145728,3055.5070045814464,7892.096798418973,592003.7138840513,126786.40707459707,0,0,0,0,0,0,0,0,0,0,120.7147211930779,41.42274259357815,472.0790289786613,22.370831586731963,47.30456151128859,54.54321292072494,14.909562776409523,63.62833992094862,61.41547241864077,135.18043075167594,0,0,0,0,0,0,0,0,0,0,24290.554799981244,6944.828809650524,146345.69016861432,4646.675934559533,12857.587160190447,6578.868203674023,2818.4105293821667,9054.205019762847,13703.854466102941,25577.00399372415,0,0,0,0,0,0,0,0,0,0,36,20,54,10,12,2,10,48,0,0,0,0,0.010656161806208842,0.003915254237288136,0.03132982719759579,0.0161046511627907,0.001428184281842818,0.003,0.003021472392638037,0.003223205964585275,0.02263922859830668,0.038710407239819014,0.07222627737226278,0.02377906976744186,0.0042856368563685635,0.0046,0.004638650306748467,0.0050208333333333355,0.024137111947318907,0.04503393665158373,0.08634124087591241,0.024738372093023257,0.004642818428184282,0.0048,0.00484079754601227,0.00763651315789474,0.03820555555555541,0.05341666666666767,0.0976332116788321,0.04916666666666667,0.004928563685636856,0.00496,0.0054100000000000216,0.009729057017543867,0.46121794871794874,0.375,0.3858447488584475,0.46153846153846156,0.887962962962963,0.375,0.46121794871794874,0.4847711267605634,2.181868131868132,2.163927855711423,0.4945205479452055,2.1333333333333333,2.1325278810408927,0.475,2.1325278810408927,2.1887124836885605,2.340934065934066,2.3319639278557114,0.6868421052631577,2.316666666666667,2.316263940520446,0.4875,2.316263940520446,2.3443562418442796,2.468186813186813,2.4663927855711427,0.9373684210526312,2.4633333333333334,2.4632527881040898,0.4975,2.4632527881040898,2.4688712483688557,395.05882352940927,396.8235294117516,397.32773109244073,392.941176470588,396.2857142856946,99570868.70588236,38626932.168067224,17221924.57142857,51594248.60504202,36054299.96638656,3694052222.92437,2957016674.957983,1310873720.4705882,5463506530.957983,4001422396.235294,0,0,0,0,0,15.07563025210084,1.4117647058823528,5.34453781512605,1.1764705882352942,16.655462184873947,0,0,0,0,0,61810.016806722684,16848.67226890756,1062800.1344537814,41424.67226890756,73409.61344537814,1586.7058823529412,268.3193277310924,2805.579831932773,1738.689075630252,425.3613445378151,1787.3949579831933,379.781512605042,1859.4117647058824,2125.882352941176,529.2268907563024,0,0,0,0,0,0,0,0,0,0,0,0,0,0,0,0,0,0,0,0
1693106634,0.4446797247220751,0.39364654476745364,0.3202917118360104,0.038950618788090495,1.776490201973267,0.3808073115003821,0.25939725510540934,0.15675385166606964,0.08157882980980785,0.10458719434392509,0,0.09148628620569785,0.08716369341623512,0.6214200799740612,0.20155748969308268,3.4717353774483937,10.099812321136845,49.99252549275648,0.3516775708799692,10.035822154199364,3.3080007066091266,0.3459184384285235,0.6422727584199223,0.9950257426381358,0.9775096868659399,0,0.2962387975042541,1.2855853797431647,2.7325366178536714,1.1162191442968383,2.668078348332462,9.152282165843287,49.27564797477086,0.19475309394045334,7.8712181256661715,2.5387154100025446,0.3065603923973031,0.35829451809387247,0.6934200533833587,0.7948626770138243,0,0.12808080068797698,0.9588006275786083,1.2158218956014246,0.714612918002748,50000,100000,50000,50000,50000,50000,10000,50000,50000,20000,50000,0,7974912,2162688,220594176,0,0,3108864,0,0,2973696,0,0,0,0,6488064,124.38327157226045,1.299033597732596,0,5.14148168002794,144.30566563721337,615.7654226961158,0,0,71.34068666867691,0,0,0,153.4081004125748,17.832054468820925,9.67475950526798,0,0,2162688,0,0,0,0,0,0,0,0,0,0,0,0,225292288,82366464,18149376,439984128,112103424,349663232,41037824,11001856,310304768,95162368,4952064,3993600,305532928,18448384,134160384,210186240,71368704,14462976,200048640,104349696,330620928,35819520,9732096,292368384,85155840,4055040,2568192,295342080,17301504,38928384,0,0,0,0,0,0,0,0,0,0,0,0,0,0,0,211857408,82247680,17764352,425578496,107954176,333324288,40693760,10608640,296783872,94818304,4796416,3047424,297820160,18055168,47370240,193069056,74272768,17764352,212283392,107954176,333324288,37720064,10608640,296783872,91844608,4796416,3047424,297820160,18055168,40882176,1073741824,1073741824,314572800,0,1073741824,1073741824,1073741824,314572800,1073741824,0,0,0,1073741824,314572800,2147483648,10.766232999389848,0,4.551242748667642,0,0,13.980760421438388,43735.70570984313,0,17180.964957788994,0,0,45885.33211177279,10.766232999389848,0,4.551242748667642,0,0,13.980760421438388,43735.70570984313,0,17180.964957788994,0,0,45885.33211177279,102.330816489237,52.133226893737806,482.6764699841859,15.155555555555553,34.69129166026724,38.688201208235725,16.710362543364848,62.944664031620555,47.65102079355422,101.94694052203681,0,0,0,0,0,0,0,0,0,0,119239.06110772408,121639.39152031223,1580723.3164239796,72113.13333333333,334478.939487022,550384.638145728,3055.5070045814464,9408.794466403162,592003.7138840513,126786.40707459707,0,0,0,0,0,0,0,0,0,0,120.7147211930779,41.42274259357815,472.0790289786613,19.555555555555554,47.30456151128859,54.54321292072494,14.909562776409523,75.85638998682478,61.41547241864077,135.18043075167594,0,0,0,0,0,0,0,0,0,0,24290.554799981244,6944.828809650524,146345.69016861432,4061.9111111111106,12857.587160190447,6578.868203674023,2818.4105293821667,10794.235836627142,13703.854466102941,25577.00399372415,0,0,0,0,0,0,0,0,0,0,38,18,50,10,10,2,10,80,0,0,0,0,0.010656161806208842,0.003915254237288136,0.03132982719759579,0.0161046511627907,0.001428184281842818,0.003,0.003021472392638037,0.003223205964585275,0.02263922859830668,0.038710407239819014,0.07222627737226278,0.02377906976744186,0.0042856368563685635,0.0046,0.004638650306748467,0.0050208333333333355,0.024137111947318907,0.04503393665158373,0.08634124087591241,0.024738372093023257,0.004642818428184282,0.0048,0.00484079754601227,0.00763651315789474,0.03820555555555541,0.05341666666666767,0.0976332116788321,0.04916666666666667,0.004928563685636856,0.00496,0.0054100000000000216,0.009729057017543867,0.46121794871794874,0.375,0.3858447488584475,0.46153846153846156,0.887962962962963,0.375,0.46121794871794874,0.4847711267605634,2.181868131868132,2.163927855711423,0.4945205479452055,2.1333333333333333,2.1325278810408927,0.475,2.1325278810408927,2.1887124836885605,2.340934065934066,2.3319639278557114,0.6868421052631577,2.316666666666667,2.316263940520446,0.4875,2.316263940520446,2.3443562418442796,2.468186813186813,2.4663927855711427,0.9373684210526312,2.4633333333333334,2.4632527881040898,0.4975,2.4632527881040898,2.4688712483688557,395.0252100840487,396.8067226890751,397.24369747898277,392.70588235294565,396.20168067226655,99570868.70588236,38626932.168067224,17221924.57142857,51594248.60504202,36054299.96638656,3694089809.747899,2957031131.428571,1310807358.3865545,5370889981.84874,3922962518.05042,0,0,0,0,0,15.025210084033613,1.4117647058823528,5.34453781512605,1.1764705882352942,16.789915966386555,0,0,0,0,0,61620.70588235294,16848.67226890756,1062800.1344537814,41424.67226890756,73917.31092436974,1580.4873949579833,268.03361344537814,2805.378151260504,1747.1260504201682,427.52941176470586,1781.361344537815,379.5798319327731,1858.470588235294,2133.81512605042,531.4285714285714,0,0,0,0,0,0,0,0,0,0,0,0,0,0,0,0,0,0,0,0
1693106635,0.4446797247220751,0.39364654476745364,0.3339455668725992,0.039762854303900655,1.776490201973267,0.3808073115003821,0.25939725510540934,0.15675385166606964,0.08325404004869284,0.10458719434392509,0,0.1141519933791845,0.07170739148120123,0.6214200799740612,0.20155748969308268,3.4717353774483937,10.099812321136845,49.99675522717577,0.35901108757547023,10.035822154199364,3.3080007066091266,0.3459184384285235,0.6422727584199223,1.015458461713755,0.9775096868659399,0,0.2932631774207354,1.0576189522802082,2.7325366178536714,1.1162191442968383,2.668078348332462,9.152282165843287,49.23841858221552,0.19881427151950418,7.8712181256661715,2.5387154100025446,0.3065603923973031,0.35829451809387247,0.7076593404138809,0.7948626770138243,0,0.08561399503438837,0.7887813062932316,1.2158218956014246,0.714612918002748,50000,100000,50000,50000,50000,50000,10000,50000,50000,20000,50000,0,7974912,2162688,220594176,0,0,3108864,0,0,2973696,0,0,0,0,6488064,124.38327157226045,1.299033597732596,0,5.248696768114882,144.30566563721337,615.7654226961158,0,0,72.80565802258182,0,0,0,126.20500900691499,17.832054468820925,9.67475950526798,0,0,2162688,0,0,0,0,0,0,0,0,0,0,0,0,225292288,82366464,18149376,439984128,112103424,349663232,41037824,11001856,310304768,95162368,4952064,3993600,305532928,18448384,134160384,210186240,71368704,14462976,200048640,104349696,330620928,35819520,9732096,292368384,85155840,4055040,2568192,295342080,17301504,38928384,0,0,0,0,0,0,0,0,0,0,0,0,0,0,0,211857408,82247680,17768448,425578496,107954176,333324288,40693760,10608640,296783872,94818304,4796416,3047424,297820160,18055168,47370240,193069056,74272768,17768448,212283392,107954176,333324288,37720064,10608640,296783872,91844608,4796416,3047424,297820160,18055168,40882176,1073741824,1073741824,314572800,0,1073741824,1073741824,1073741824,314572800,1073741824,0,0,0,1073741824,314572800,2147483648,10.766232999389848,0,4.551242748667642,0,0,13.980760421438388,43735.70570984313,0,17180.964957788994,0,0,45885.33211177279,10.766232999389848,0,4.551242748667642,0,0,13.980760421438388,43735.70570984313,0,17180.964957788994,0,0,45885.33211177279,102.330816489237,52.133226893737806,482.6764699841859,15.155555555555553,34.69129166026724,38.688201208235725,16.710362543364848,62.944664031620555,47.8152352297593,101.94694052203681,0,0,0,0,0,0,0,0,0,0,119239.06110772408,121639.39152031223,1580723.3164239796,72113.13333333333,334478.939487022,550384.638145728,3055.5070045814464,9408.794466403162,593963.3992067834,126786.40707459707,0,0,0,0,0,0,0,0,0,0,120.7147211930779,41.42274259357815,472.0790289786613,19.555555555555554,47.30456151128859,54.54321292072494,14.909562776409523,75.85638998682478,61.54266958424508,135.18043075167594,0,0,0,0,0,0,0,0,0,0,24290.554799981244,6944.828809650524,146345.69016861432,4061.9111111111106,12857.587160190447,6578.868203674023,2818.4105293821667,10794.235836627142,13764.684764770242,25577.00399372415,0,0,0,0,0,0,0,0,0,0,36,14,40,16,18,2,18,96,0,0,0,0,0.010656161806208842,0.003915254237288136,0.03132982719759579,0.0161046511627907,0.001428184281842818,0.003,0.003021472392638037,0.0032282529682578147,0.02263922859830668,0.038710407239819014,0.07222627737226278,0.02377906976744186,0.0042856368563685635,0.0046,0.004638650306748467,0.005125000000000009,0.024137111947318907,0.04503393665158373,0.08634124087591241,0.024738372093023257,0.004642818428184282,0.0048,0.00484079754601227,0.007690848214285711,0.03820555555555541,0.05341666666666767,0.0976332116788321,0.04916666666666667,0.004928563685636856,0.00496,0.0054100000000000216,0.009743526785714279,0.46121794871794874,0.375,0.3858447488584475,0.46153846153846156,0.887962962962963,0.375,0.46121794871794874,0.4710992907801418,2.181868131868132,2.163927855711423,0.4945205479452055,2.1333333333333333,2.1325278810408927,0.475,2.1325278810408927,2.177106741573034,2.340934065934066,2.3319639278557114,0.6868421052631577,2.316666666666667,2.316263940520446,0.4875,2.316263940520446,2.338553370786517,2.468186813186813,2.4663927855711427,0.9373684210526312,2.4633333333333334,2.4632527881040898,0.4975,2.4632527881040898,2.4677106741573036,394.9579831932703,396.8571428571469,397.210084033621,392.7394957983188,396.235294117629,99570868.70588236,38627001.00840336,17221924.57142857,51594248.60504202,36054299.96638656,3694118585.0084033,2900187462.9915967,1245726117.6470587,5463290303.462185,4001372762.352941,0,0,0,0,0,15.025210084033613,1.4117647058823528,5.34453781512605,1.1764705882352942,16.722689075630253,0,0,0,0,0,61646.52100840336,16848.67226890756,1062800.1344537814,41424.67226890756,73684.97478991597,1581.0924369747897,268.2689075630252,2806.033613445378,1741.7310924369747,426.57142857142856,1782.067226890756,379.78151260504205,1858.470588235294,2128.285714285714,530.5378151260503,0,0,0,0,0,0,0,0,0,0,0,0,0,0,0,0,0,0,0,0
1693106636,0.45175280086736647,0.39364654476745364,0.3339455668725992,0.04057508981971082,1.7346584763576212,0.3808073115003821,0.2634153684052079,0.15675385166606964,0.08492925028757783,0.10458719434392509,0,0.1141519933791845,0.11049113308656908,0.6214200799740612,0.20155748969308268,3.524201436573915,10.099812321136845,49.99675522717577,0.36634460427097126,9.756044872553622,3.3080007066091266,0.35682039023105294,0.6422727584199223,1.035891180789374,0.9775096868659399,0,0.2932631774207354,1.3904994420197758,2.7325366178536714,1.1162191442968383,2.7406336585953395,9.152282165843287,49.23841858221552,0.202875449098555,7.754943776657614,2.5387154100025446,0.35749228569278313,0.35829451809387247,0.721898627444403,0.7948626770138243,0,0.08561399503438837,1.0312505754746557,1.2158218956014246,0.714612918002748,50000,100000,50000,50000,50000,50000,10000,50000,50000,20000,50000,0,7974912,2162688,220594176,0,0,3108864,0,0,2973696,0,0,0,0,6488064,97.39790386700398,1.299033597732596,0,5.355911856201824,179.139201240791,615.7654226961158,0,0,74.27062937648674,0,0,0,103.30920943594276,17.832054468820925,9.67475950526798,0,0,2162688,0,0,0,0,0,0,0,0,0,0,0,0,225292288,82366464,18149376,439984128,112103424,349663232,41037824,11001856,310304768,95162368,4952064,3993600,305532928,18448384,134160384,210186240,71368704,14462976,200048640,106242048,330620928,35819520,9732096,292368384,85155840,4055040,2568192,295477248,17301504,38928384,0,0,0,0,0,0,0,0,0,0,0,0,0,0,0,211857408,82247680,17768448,425578496,110112768,333324288,40890368,10608640,296783872,94818304,4796416,3047424,297558016,18055168,47370240,193069056,74272768,17768448,212283392,110112768,333324288,37781504,10608640,296783872,91844608,4796416,3047424,297558016,18055168,40882176,1073741824,1073741824,314572800,0,1073741824,1073741824,1073741824,314572800,1073741824,0,0,0,1073741824,314572800,2147483648,10.766232999389848,0,5.004891999698954,0,0,13.980760421438388,43735.70570984313,0,20731.241062692858,0,0,45885.33211177279,10.766232999389848,0,5.004891999698954,0,0,13.980760421438388,43735.70570984313,0,20731.241062692858,0,0,45885.33211177279,102.330816489237,52.133226893737806,482.6764699841859,15.155555555555553,34.69129166026724,38.688201208235725,16.710362543364848,62.944664031620555,40.613354829407676,80.22025134237671,0,0,0,0,0,0,0,0,0,0,119239.06110772408,121639.39152031223,1580723.3164239796,72113.13333333333,334478.939487022,550384.638145728,3055.5070045814464,9408.794466403162,510159.92385841423,101697.70994801234,0,0,0,0,0,0,0,0,0,0,120.7147211930779,41.42274259357815,472.0790289786613,19.555555555555554,47.30456151128859,54.54321292072494,14.909562776409523,75.85638998682478,52.344303933519456,106.74486305402478,0,0,0,0,0,0,0,0,0,0,24290.554799981244,6944.828809650524,146345.69016861432,4061.9111111111106,12857.587160190447,6578.868203674023,2818.4105293821667,10794.235836627142,11465.445364646821,20192.900318225707,0,0,0,0,0,0,0,0,0,0,28.907,7.965,21.611,1.992,3.697,2,2,31.823,0,0,0,0,0.010656126929627995,0.003915265540896068,0.0313298271975958,0.01610454718139759,0.0014287919199744,0.003,0.0030214721704526484,0.003222991280812886,0.022639232037131373,0.0387106853736435,0.07222627737226281,0.02377904610819563,0.00428575838399488,0.0046,0.004638649906814768,0.005016331219862252,0.024137120175569293,0.04503404324232501,0.08634124087591244,0.024738358474045385,0.00464287919199744,0.0048,0.0048407971238600325,0.007638885296549173,0.038205759630251766,0.05341570139136938,0.09763321167883217,0.049166563189716565,0.004928575838399489,0.00496,0.0054099337147312755,0.009736928557898714,0.46113676243924046,0.37507861205868,0.3858447488584475,0.4615455094279132,0.8878725957276872,0.375,0.46121995506187397,0.48866648299091686,2.1818255237038082,2.163950541355611,0.4945205479452055,2.1333509777232575,2.132429199530827,0.475,2.1325329416311525,2.1917580303711817,2.340912761851904,2.3319752706778054,0.6868421052631579,2.3166754888616286,2.3162145997654133,0.4875,2.316266470815576,2.345879015185591,2.468182552370381,2.4663950541355613,0.9373684210526319,2.4633350977723256,2.4632429199530823,0.4975,2.463253294163115,2.4691758030371185,395.0561345214682,396.82352941178686,397.27118644068133,392.7563025209987,396.15126050420895,99422153.21619762,48283648,17367873.08474576,51594248.60504202,36054299.96638656,3617649764.8894935,2900200267.2941175,1256230009.4915254,5555854396.235294,3922824011.2941175,0,0,0,0,0,14.918860863582205,2.436974789915966,5.389830508474576,1.1764705882352942,16.705882352941178,0,0,0,0,0,61227.944754904434,22011.697478991595,1071806.9152542374,41424.67226890756,73581.71428571428,1570.7764855929788,267.8487394957983,2805,1733.798319327731,425.4285714285714,1771.3839802648142,379.14285714285717,1857.3898305084747,2119.4285714285716,529.4621848739495,0,0,0,0,0,0,0,0,0,0,0,0,0,0,0,0,0,0,0,0
1693106637,0.45175280086736647,0.39364654476745364,0.3339455668725992,0.04138732533552099,1.7346584763576212,0.3808073115003821,0.2634153684052079,0.15675385166606964,0.08660446052646281,0.10458719434392509,0,0.1141519933791845,0.11049113308656908,0.6214200799740612,0.2148689299527285,3.524201436573915,10.099812321136845,49.99675522717577,0.37367812096647235,9.756044872553622,3.3080007066091266,0.35682039023105294,0.6422727584199223,1.0563238998649929,0.9775096868659399,0,0.2932631774207354,1.3904994420197758,2.7325366178536714,1.0960635606169102,2.7406336585953395,9.152282165843287,49.23841858221552,0.20693662667760587,7.754943776657614,2.5387154100025446,0.35749228569278313,0.35829451809387247,0.7361379144749252,0.7948626770138243,0,0.08561399503438837,1.0312505754746557,1.2158218956014246,0.6684811154084882,50000,100000,50000,50000,50000,50000,10000,50000,50000,20000,50000,0,7974912,2162688,220594176,0,0,3108864,0,0,2973696,0,0,0,0,6488064,97.39790386700398,1.299033597732596,0,5.463126944288766,179.139201240791,615.7654226961158,0,0,75.73560073039165,0,0,0,103.30920943594276,17.832054468820925,9.454232917920068,0,0,2162688,0,0,0,0,0,0,0,0,0,0,0,0,225292288,82366464,18149376,439984128,112103424,349663232,41037824,11001856,310304768,95162368,4952064,3993600,305532928,18448384,134160384,210186240,71368704,14462976,200048640,106242048,330620928,35819520,9732096,292368384,85155840,4055040,2568192,295477248,17301504,38928384,0,0,0,0,0,0,0,0,0,0,0,0,0,0,0,211857408,82247680,17768448,425578496,110112768,333324288,40890368,10608640,296783872,94818304,4796416,3047424,297558016,18055168,47370240,193069056,74272768,17768448,212283392,110112768,333324288,37781504,10608640,296783872,91844608,4796416,3047424,297558016,18055168,40882176,1073741824,1073741824,314572800,0,1073741824,1073741824,1073741824,314572800,1073741824,0,0,0,1073741824,314572800,2147483648,10.766232999389848,0,5.004891999698954,0,0,14.300721004631619,43735.70570984313,0,20731.241062692858,0,0,48173.4231007974,10.766232999389848,0,5.004891999698954,0,0,14.300721004631619,43735.70570984313,0,20731.241062692858,0,0,48173.4231007974,102.330816489237,35.275000000000006,482.6764699841859,17.341926782470598,34.69129166026724,33.415106850778784,16.710362543364848,62.944664031620555,47.37525067830601,81.86422124487777,0,0,0,0,0,0,0,0,0,0,119239.06110772408,83147.20000000001,1580723.3164239796,82516.3204170884,334478.939487022,475368.74081268243,3055.5070045814464,9408.794466403162,595098.6905744957,103781.82177152512,0,0,0,0,0,0,0,0,0,0,120.7147211930779,28.175000000000004,472.0790289786613,22.376679719316897,47.30456151128859,47.10912450855491,14.909562776409523,75.85638998682478,61.05933702960954,108.9324072111535,0,0,0,0,0,0,0,0,0,0,24290.554799981244,4638.875000000001,146345.69016861432,4647.890658153476,12857.587160190447,5682.186742147153,2818.4105293821667,10794.235836627142,13374.377727969802,20606.71752537563,0,0,0,0,0,0,0,0,0,0,24.121,17.62,42.51,4,6,2.016,6,42.788,0,0,0,0,0.010709847036328872,0.003921228304405875,0.03117771781033153,0.016103960396039604,0.001526610644257703,0.003,0.0030261437908496733,0.003221342031686859,0.022635277246653922,0.038778801843317966,0.07231977818853973,0.02383861386138614,0.00430532212885154,0.0046,0.004647058823529411,0.004998415657036346,0.024125956022944546,0.04508064516129032,0.08639094269870608,0.02480544554455446,0.00465266106442577,0.0048,0.004849673202614379,0.007629444444444433,0.03791279069767431,0.054416666666666315,0.09764787430683916,0.04936250000000011,0.0049305322128851544,0.00496,0.0065,0.009748111111111108,0.46081606217616583,0.375,0.3856951871657754,0.46136363636363636,0.8759398496240601,0.375,0.45611702127659576,0.49274193548387096,2.1814606741573033,2.163039014373717,0.49425133689839573,2.1328947368421054,2.1188524590163933,0.475,2.1188524590163933,2.194814340588988,2.3407303370786514,2.3315195071868584,0.6828124999999996,2.3164473684210525,2.3094262295081966,0.4875,2.3094262295081966,2.347407170294494,2.4681460674157303,2.4663039014373718,0.9365624999999995,2.463289473684211,2.4618852459016396,0.4975,2.4618852459016396,2.469481434058899,394.8907563025164,396.78991596638883,397.2773109243766,392.857142857128,396.2689075630148,99570868.70588236,48283648,17221924.57142857,51594248.60504202,36054299.96638656,3623109709.445378,2957091504.4033613,1180643362.420168,5648274819.226891,3844349332.4369745,0,0,0,0,0,15.042016806722689,2.436974789915966,5.966386554621849,1.3781512605042017,16.53781512605042,0,0,0,0,0,61586.28571428571,22011.697478991595,1203991.6638655462,73641.94957983193,73022.38655462184,1556.9747899159663,266.6890756302521,2806.016806722689,1718.705882352941,422.8235294117647,1757.3445378151257,378.1848739495798,1857.5630252100839,2104.588235294118,526.8571428571428,0,0,0,0,0,0,0,0,0,0,0,0,0,0,0,0,0,0,0,0
